# Temperatura_=_20.0
# Concentracion g/m^3_=_6200.0
# C_Vs_to_Am_M_A/Vsm_=_65563218390.804596
# pendiente_HvsI_1/m_=_3716.3
# ordenada_HvsI_A/m_=_1297.0
# frecuencia_Hz_=_301444.2742578192

Tiempo_(s)	Campo_(V.s)	Magnetizacion_(V.s)	Campo_(kA/m)	Magnetizacion_(A/m)
0.000000e+00	-3.221982e-06	-3.093151e-09	-2.354671e+01	-2.012170e+02
1.000000e-08	-3.220798e-06	-3.096619e-09	-2.353806e+01	-2.014309e+02
2.000000e-08	-3.218318e-06	-3.101548e-09	-2.351993e+01	-2.016017e+02
3.000000e-08	-3.214722e-06	-3.103736e-09	-2.349365e+01	-2.017287e+02
4.000000e-08	-3.210187e-06	-3.101583e-09	-2.346052e+01	-2.018122e+02
5.000000e-08	-3.204684e-06	-3.100150e-09	-2.342030e+01	-2.018531e+02
6.000000e-08	-3.198118e-06	-3.104851e-09	-2.337231e+01	-2.018537e+02
7.000000e-08	-3.190541e-06	-3.116447e-09	-2.331694e+01	-2.018169e+02
8.000000e-08	-3.181849e-06	-3.099816e-09	-2.325342e+01	-2.017464e+02
9.000000e-08	-3.171552e-06	-3.049990e-09	-2.317817e+01	-2.016464e+02
1.000000e-07	-3.159545e-06	-3.046130e-09	-2.309041e+01	-2.015215e+02
1.100000e-07	-3.146344e-06	-3.118022e-09	-2.299394e+01	-2.013759e+02
1.200000e-07	-3.132283e-06	-3.201614e-09	-2.289118e+01	-2.012134e+02
1.300000e-07	-3.117051e-06	-3.064913e-09	-2.277986e+01	-2.010370e+02
1.400000e-07	-3.100436e-06	-2.957712e-09	-2.265844e+01	-2.008487e+02
1.500000e-07	-3.082954e-06	-3.163891e-09	-2.253068e+01	-2.006489e+02
1.600000e-07	-3.064701e-06	-3.105175e-09	-2.239728e+01	-2.004371e+02
1.700000e-07	-3.045321e-06	-2.962720e-09	-2.225565e+01	-2.002109e+02
1.800000e-07	-3.024991e-06	-3.117878e-09	-2.210707e+01	-1.999670e+02
1.900000e-07	-3.003842e-06	-3.111975e-09	-2.195251e+01	-1.997007e+02
2.000000e-07	-2.981573e-06	-2.949364e-09	-2.178977e+01	-1.994066e+02
2.100000e-07	-2.958184e-06	-3.073102e-09	-2.161884e+01	-1.990792e+02
2.200000e-07	-2.933912e-06	-3.115658e-09	-2.144146e+01	-1.987124e+02
2.300000e-07	-2.908465e-06	-2.946286e-09	-2.125549e+01	-1.983009e+02
2.400000e-07	-2.881652e-06	-3.020927e-09	-2.105953e+01	-1.978398e+02
2.500000e-07	-2.853790e-06	-3.042917e-09	-2.085591e+01	-1.973256e+02
2.600000e-07	-2.825018e-06	-2.962729e-09	-2.064564e+01	-1.967556e+02
2.700000e-07	-2.795259e-06	-3.029312e-09	-2.042816e+01	-1.961286e+02
2.800000e-07	-2.764501e-06	-2.993607e-09	-2.020338e+01	-1.954451e+02
2.900000e-07	-2.732942e-06	-2.922778e-09	-1.997274e+01	-1.947063e+02
3.000000e-07	-2.700565e-06	-3.001930e-09	-1.973612e+01	-1.939149e+02
3.100000e-07	-2.667016e-06	-2.922994e-09	-1.949094e+01	-1.930744e+02
3.200000e-07	-2.632199e-06	-2.894564e-09	-1.923649e+01	-1.921886e+02
3.300000e-07	-2.596411e-06	-2.999108e-09	-1.897495e+01	-1.912616e+02
3.400000e-07	-2.559839e-06	-2.909022e-09	-1.870767e+01	-1.902972e+02
3.500000e-07	-2.522371e-06	-2.828419e-09	-1.843385e+01	-1.892990e+02
3.600000e-07	-2.483922e-06	-2.907294e-09	-1.815286e+01	-1.882695e+02
3.700000e-07	-2.444609e-06	-2.899387e-09	-1.786556e+01	-1.872104e+02
3.800000e-07	-2.404711e-06	-2.823693e-09	-1.757398e+01	-1.861226e+02
3.900000e-07	-2.364102e-06	-2.834074e-09	-1.727720e+01	-1.850056e+02
4.000000e-07	-2.322376e-06	-2.823748e-09	-1.697226e+01	-1.838584e+02
4.100000e-07	-2.279502e-06	-2.807903e-09	-1.665894e+01	-1.826787e+02
4.200000e-07	-2.235807e-06	-2.766281e-09	-1.633960e+01	-1.814641e+02
4.300000e-07	-2.191433e-06	-2.729728e-09	-1.601531e+01	-1.802115e+02
4.400000e-07	-2.146296e-06	-2.754228e-09	-1.568545e+01	-1.789179e+02
4.500000e-07	-2.100438e-06	-2.740836e-09	-1.535030e+01	-1.775802e+02
4.600000e-07	-2.053822e-06	-2.664961e-09	-1.500963e+01	-1.761958e+02
4.700000e-07	-2.006479e-06	-2.652535e-09	-1.466364e+01	-1.747626e+02
4.800000e-07	-1.958562e-06	-2.688919e-09	-1.431345e+01	-1.732789e+02
4.900000e-07	-1.909928e-06	-2.623763e-09	-1.395803e+01	-1.717435e+02
5.000000e-07	-1.860200e-06	-2.563891e-09	-1.359461e+01	-1.701561e+02
5.100000e-07	-1.809362e-06	-2.579069e-09	-1.322308e+01	-1.685166e+02
5.200000e-07	-1.757727e-06	-2.572504e-09	-1.284572e+01	-1.668252e+02
5.300000e-07	-1.705456e-06	-2.509640e-09	-1.246372e+01	-1.650825e+02
5.400000e-07	-1.652552e-06	-2.476008e-09	-1.207709e+01	-1.632889e+02
5.500000e-07	-1.599028e-06	-2.472937e-09	-1.168593e+01	-1.614448e+02
5.600000e-07	-1.544952e-06	-2.439927e-09	-1.129074e+01	-1.595503e+02
5.700000e-07	-1.490349e-06	-2.394634e-09	-1.089169e+01	-1.576054e+02
5.800000e-07	-1.435249e-06	-2.372864e-09	-1.048901e+01	-1.556094e+02
5.900000e-07	-1.379734e-06	-2.359767e-09	-1.008329e+01	-1.535613e+02
6.000000e-07	-1.323903e-06	-2.307825e-09	-9.675279e+00	-1.514600e+02
6.100000e-07	-1.267699e-06	-2.265324e-09	-9.264530e+00	-1.493037e+02
6.200000e-07	-1.210990e-06	-2.246303e-09	-8.850090e+00	-1.470907e+02
6.300000e-07	-1.153598e-06	-2.210126e-09	-8.430663e+00	-1.448189e+02
6.400000e-07	-1.095434e-06	-2.158778e-09	-8.005587e+00	-1.424864e+02
6.500000e-07	-1.036683e-06	-2.127750e-09	-7.576233e+00	-1.400910e+02
6.600000e-07	-9.774907e-07	-2.101725e-09	-7.143644e+00	-1.376309e+02
6.700000e-07	-9.179753e-07	-2.052776e-09	-6.708697e+00	-1.351040e+02
6.800000e-07	-8.582801e-07	-2.011622e-09	-6.272436e+00	-1.325085e+02
6.900000e-07	-7.984769e-07	-1.978385e-09	-5.835385e+00	-1.298424e+02
7.000000e-07	-7.385320e-07	-1.933445e-09	-5.397299e+00	-1.271039e+02
7.100000e-07	-6.783247e-07	-1.883769e-09	-4.957296e+00	-1.242908e+02
7.200000e-07	-6.179049e-07	-1.847407e-09	-4.515739e+00	-1.214009e+02
7.300000e-07	-5.573714e-07	-1.805543e-09	-4.073351e+00	-1.184315e+02
7.400000e-07	-4.966575e-07	-1.748612e-09	-3.629645e+00	-1.153799e+02
7.500000e-07	-4.356799e-07	-1.698522e-09	-3.184012e+00	-1.122426e+02
7.600000e-07	-3.745057e-07	-1.656704e-09	-2.736942e+00	-1.090161e+02
7.700000e-07	-3.132398e-07	-1.606808e-09	-2.289202e+00	-1.056966e+02
7.800000e-07	-2.518800e-07	-1.546375e-09	-1.840775e+00	-1.022799e+02
7.900000e-07	-1.904607e-07	-1.494524e-09	-1.391915e+00	-9.876176e+01
8.000000e-07	-1.290132e-07	-1.442437e-09	-9.428473e-01	-9.513785e+01
8.100000e-07	-6.750320e-08	-1.381655e-09	-4.933232e-01	-9.140398e+01
8.200000e-07	-5.937921e-09	-1.320135e-09	-4.339519e-02	-8.755610e+01
8.300000e-07	5.565193e-08	-1.263273e-09	4.067124e-01	-8.359047e+01
8.400000e-07	1.172604e-07	-1.201897e-09	8.569559e-01	-7.950370e+01
8.500000e-07	1.788310e-07	-1.133980e-09	1.306923e+00	-7.529281e+01
8.600000e-07	2.403445e-07	-1.070273e-09	1.756473e+00	-7.095529e+01
8.700000e-07	3.017538e-07	-1.004573e-09	2.205261e+00	-6.648909e+01
8.800000e-07	3.629907e-07	-9.343112e-10	2.652789e+00	-6.189263e+01
8.900000e-07	4.241417e-07	-8.600175e-10	3.099689e+00	-5.716478e+01
9.000000e-07	4.851663e-07	-7.873158e-10	3.545666e+00	-5.230492e+01
9.100000e-07	5.459466e-07	-7.128483e-10	3.989857e+00	-4.731290e+01
9.200000e-07	6.064898e-07	-6.344999e-10	4.432316e+00	-4.218914e+01
9.300000e-07	6.668762e-07	-5.540873e-10	4.873629e+00	-3.693466e+01
9.400000e-07	7.270860e-07	-4.726446e-10	5.313650e+00	-3.155123e+01
9.500000e-07	7.870751e-07	-3.908636e-10	5.752059e+00	-2.604152e+01
9.600000e-07	8.469089e-07	-3.044332e-10	6.189333e+00	-2.040922e+01
9.700000e-07	9.065578e-07	-2.157017e-10	6.625256e+00	-1.465928e+01
9.800000e-07	9.659457e-07	-1.270546e-10	7.059272e+00	-8.798029e+00
9.900000e-07	1.024973e-06	-3.837144e-11	7.490652e+00	-2.833394e+00
1.000000e-06	1.083471e-06	5.615514e-11	7.918162e+00	3.225017e+00
1.010000e-06	1.141293e-06	1.518157e-10	8.340734e+00	9.365829e+00
1.020000e-06	1.198454e-06	2.441591e-10	8.758473e+00	1.557590e+01
1.030000e-06	1.255042e-06	3.391225e-10	9.172027e+00	2.184039e+01
1.040000e-06	1.311122e-06	4.375269e-10	9.581868e+00	2.814293e+01
1.050000e-06	1.366814e-06	5.337189e-10	9.988878e+00	3.446584e+01
1.060000e-06	1.422148e-06	6.269196e-10	1.039326e+01	4.079046e+01
1.070000e-06	1.477041e-06	7.250020e-10	1.079443e+01	4.709751e+01
1.080000e-06	1.531444e-06	8.230523e-10	1.119202e+01	5.336749e+01
1.090000e-06	1.585383e-06	9.163007e-10	1.158621e+01	5.958113e+01
1.100000e-06	1.638824e-06	1.008503e-09	1.197677e+01	6.571977e+01
1.110000e-06	1.691675e-06	1.102490e-09	1.236301e+01	7.176579e+01
1.120000e-06	1.743904e-06	1.194309e-09	1.274470e+01	7.770295e+01
1.130000e-06	1.795440e-06	1.281561e-09	1.312133e+01	8.351661e+01
1.140000e-06	1.846132e-06	1.369917e-09	1.349180e+01	8.919399e+01
1.150000e-06	1.895829e-06	1.455867e-09	1.385499e+01	9.472422e+01
1.160000e-06	1.944593e-06	1.536082e-09	1.421137e+01	1.000984e+02
1.170000e-06	1.992620e-06	1.613177e-09	1.456236e+01	1.053094e+02
1.180000e-06	2.039986e-06	1.689993e-09	1.490851e+01	1.103519e+02
1.190000e-06	2.086713e-06	1.762996e-09	1.525000e+01	1.152223e+02
1.200000e-06	2.132771e-06	1.832040e-09	1.558660e+01	1.199182e+02
1.210000e-06	2.178036e-06	1.899500e-09	1.591740e+01	1.244384e+02
1.220000e-06	2.222538e-06	1.963795e-09	1.624263e+01	1.287826e+02
1.230000e-06	2.266418e-06	2.024382e-09	1.656331e+01	1.329514e+02
1.240000e-06	2.309632e-06	2.085104e-09	1.687912e+01	1.369458e+02
1.250000e-06	2.351986e-06	2.144589e-09	1.718866e+01	1.407676e+02
1.260000e-06	2.393277e-06	2.197002e-09	1.749042e+01	1.444189e+02
1.270000e-06	2.433556e-06	2.244168e-09	1.778478e+01	1.479023e+02
1.280000e-06	2.472972e-06	2.292279e-09	1.807284e+01	1.512209e+02
1.290000e-06	2.511521e-06	2.340414e-09	1.835456e+01	1.543782e+02
1.300000e-06	2.549235e-06	2.383127e-09	1.863018e+01	1.573783e+02
1.310000e-06	2.586106e-06	2.423338e-09	1.889964e+01	1.602259e+02
1.320000e-06	2.622188e-06	2.463314e-09	1.916333e+01	1.629261e+02
1.330000e-06	2.657446e-06	2.500062e-09	1.942100e+01	1.654846e+02
1.340000e-06	2.691632e-06	2.533157e-09	1.967084e+01	1.679074e+02
1.350000e-06	2.724688e-06	2.566850e-09	1.991242e+01	1.702010e+02
1.360000e-06	2.756726e-06	2.599727e-09	2.014656e+01	1.723719e+02
1.370000e-06	2.787802e-06	2.628165e-09	2.037366e+01	1.744267e+02
1.380000e-06	2.817985e-06	2.655085e-09	2.059424e+01	1.763719e+02
1.390000e-06	2.847292e-06	2.682562e-09	2.080842e+01	1.782134e+02
1.400000e-06	2.875706e-06	2.708558e-09	2.101607e+01	1.799569e+02
1.410000e-06	2.903193e-06	2.732007e-09	2.121696e+01	1.816076e+02
1.420000e-06	2.929562e-06	2.754222e-09	2.140966e+01	1.831698e+02
1.430000e-06	2.954737e-06	2.776072e-09	2.159365e+01	1.846474e+02
1.440000e-06	2.978776e-06	2.796601e-09	2.176933e+01	1.860436e+02
1.450000e-06	3.001736e-06	2.816645e-09	2.193713e+01	1.873611e+02
1.460000e-06	3.023658e-06	2.835510e-09	2.209734e+01	1.886024e+02
1.470000e-06	3.044585e-06	2.853048e-09	2.225027e+01	1.897696e+02
1.480000e-06	3.064629e-06	2.869257e-09	2.239675e+01	1.908650e+02
1.490000e-06	3.083747e-06	2.884580e-09	2.253647e+01	1.918909e+02
1.500000e-06	3.101731e-06	2.898884e-09	2.266790e+01	1.928497e+02
1.510000e-06	3.118545e-06	2.912734e-09	2.279078e+01	1.937444e+02
1.520000e-06	3.134217e-06	2.927109e-09	2.290531e+01	1.945781e+02
1.530000e-06	3.148677e-06	2.938958e-09	2.301099e+01	1.953545e+02
1.540000e-06	3.161945e-06	2.947915e-09	2.310795e+01	1.960772e+02
1.550000e-06	3.174076e-06	2.957318e-09	2.319661e+01	1.967501e+02
1.560000e-06	3.184949e-06	2.969121e-09	2.327607e+01	1.973770e+02
1.570000e-06	3.194371e-06	2.981147e-09	2.334493e+01	1.979612e+02
1.580000e-06	3.202471e-06	2.990242e-09	2.340412e+01	1.985059e+02
1.590000e-06	3.209485e-06	2.996486e-09	2.345538e+01	1.990133e+02
1.600000e-06	3.215409e-06	3.002522e-09	2.349868e+01	1.994851e+02
1.610000e-06	3.220296e-06	3.009615e-09	2.353439e+01	1.999220e+02
1.620000e-06	3.224213e-06	3.016729e-09	2.356302e+01	2.003241e+02
1.630000e-06	3.226956e-06	3.022456e-09	2.358306e+01	2.006905e+02
1.640000e-06	3.228350e-06	3.027366e-09	2.359325e+01	2.010199e+02
1.650000e-06	3.228562e-06	3.031651e-09	2.359480e+01	2.013107e+02
1.660000e-06	3.227739e-06	3.037102e-09	2.358878e+01	2.015610e+02
1.670000e-06	3.225868e-06	3.042489e-09	2.357511e+01	2.017693e+02
1.680000e-06	3.222986e-06	3.045102e-09	2.355405e+01	2.019343e+02
1.690000e-06	3.219234e-06	3.047639e-09	2.352663e+01	2.020555e+02
1.700000e-06	3.214600e-06	3.048263e-09	2.349276e+01	2.021332e+02
1.710000e-06	3.208761e-06	3.045462e-09	2.345009e+01	2.021687e+02
1.720000e-06	3.201625e-06	3.030349e-09	2.339794e+01	2.021641e+02
1.730000e-06	3.193462e-06	3.016923e-09	2.333829e+01	2.021227e+02
1.740000e-06	3.184294e-06	3.076050e-09	2.327129e+01	2.020481e+02
1.750000e-06	3.173597e-06	3.100759e-09	2.319311e+01	2.019448e+02
1.760000e-06	3.160992e-06	3.052425e-09	2.310099e+01	2.018171e+02
1.770000e-06	3.146983e-06	2.933219e-09	2.299861e+01	2.016693e+02
1.780000e-06	3.132441e-06	3.029027e-09	2.289233e+01	2.015051e+02
1.790000e-06	3.117293e-06	3.175712e-09	2.278163e+01	2.013273e+02
1.800000e-06	3.100814e-06	2.981557e-09	2.266120e+01	2.011377e+02
1.810000e-06	3.083142e-06	2.966464e-09	2.253205e+01	2.009368e+02
1.820000e-06	3.064753e-06	3.171754e-09	2.239766e+01	2.007235e+02
1.830000e-06	3.045414e-06	3.040447e-09	2.225633e+01	2.004955e+02
1.840000e-06	3.025002e-06	2.871647e-09	2.210716e+01	2.002491e+02
1.850000e-06	3.003656e-06	3.093832e-09	2.195116e+01	1.999796e+02
1.860000e-06	2.981072e-06	3.091239e-09	2.178611e+01	1.996816e+02
1.870000e-06	2.957189e-06	2.917600e-09	2.161156e+01	1.993492e+02
1.880000e-06	2.932278e-06	3.096975e-09	2.142951e+01	1.989768e+02
1.890000e-06	2.906215e-06	3.109528e-09	2.123904e+01	1.985589e+02
1.900000e-06	2.879000e-06	2.966135e-09	2.104015e+01	1.980909e+02
1.910000e-06	2.850930e-06	3.064683e-09	2.083501e+01	1.975693e+02
1.920000e-06	2.821810e-06	2.998163e-09	2.062220e+01	1.969916e+02
1.930000e-06	2.791466e-06	2.980113e-09	2.040044e+01	1.963570e+02
1.940000e-06	2.760000e-06	3.078116e-09	2.017048e+01	1.956658e+02
1.950000e-06	2.727480e-06	2.926811e-09	1.993282e+01	1.949198e+02
1.960000e-06	2.694079e-06	2.964284e-09	1.968872e+01	1.941216e+02
1.970000e-06	2.659823e-06	3.065247e-09	1.943837e+01	1.932748e+02
1.980000e-06	2.624693e-06	2.850467e-09	1.918164e+01	1.923833e+02
1.990000e-06	2.588833e-06	2.886408e-09	1.891957e+01	1.914511e+02
2.000000e-06	2.552118e-06	3.029592e-09	1.865125e+01	1.904822e+02
2.010000e-06	2.514162e-06	2.859399e-09	1.837386e+01	1.894797e+02
2.020000e-06	2.475005e-06	2.856182e-09	1.808769e+01	1.884464e+02
2.030000e-06	2.434957e-06	2.921138e-09	1.779502e+01	1.873836e+02
2.040000e-06	2.394158e-06	2.862031e-09	1.749686e+01	1.862921e+02
2.050000e-06	2.352662e-06	2.837626e-09	1.719360e+01	1.851714e+02
2.060000e-06	2.310438e-06	2.780540e-09	1.688502e+01	1.840200e+02
2.070000e-06	2.267402e-06	2.831759e-09	1.657051e+01	1.828360e+02
2.080000e-06	2.223689e-06	2.856334e-09	1.625104e+01	1.816166e+02
2.090000e-06	2.179427e-06	2.722654e-09	1.592757e+01	1.803587e+02
2.100000e-06	2.134371e-06	2.716898e-09	1.559829e+01	1.790594e+02
2.110000e-06	2.088404e-06	2.778809e-09	1.526236e+01	1.777156e+02
2.120000e-06	2.041765e-06	2.730829e-09	1.492152e+01	1.763248e+02
2.130000e-06	1.994461e-06	2.648257e-09	1.457581e+01	1.748849e+02
2.140000e-06	1.946340e-06	2.653607e-09	1.422414e+01	1.733943e+02
2.150000e-06	1.897397e-06	2.696899e-09	1.386645e+01	1.718520e+02
2.160000e-06	1.847748e-06	2.610238e-09	1.350361e+01	1.702576e+02
2.170000e-06	1.797463e-06	2.545592e-09	1.313612e+01	1.686110e+02
2.180000e-06	1.746520e-06	2.597459e-09	1.276382e+01	1.669127e+02
2.190000e-06	1.694922e-06	2.571332e-09	1.238674e+01	1.651631e+02
2.200000e-06	1.642766e-06	2.506860e-09	1.200558e+01	1.633627e+02
2.210000e-06	1.589914e-06	2.476379e-09	1.161932e+01	1.615118e+02
2.220000e-06	1.536031e-06	2.480268e-09	1.122554e+01	1.596106e+02
2.230000e-06	1.481133e-06	2.450171e-09	1.082433e+01	1.576588e+02
2.240000e-06	1.425563e-06	2.370398e-09	1.041822e+01	1.556559e+02
2.250000e-06	1.369665e-06	2.365411e-09	1.000971e+01	1.536008e+02
2.260000e-06	1.313462e-06	2.360936e-09	9.598972e+00	1.514921e+02
2.270000e-06	1.256806e-06	2.299790e-09	9.184921e+00	1.493283e+02
2.280000e-06	1.199665e-06	2.262643e-09	8.767323e+00	1.471074e+02
2.290000e-06	1.142090e-06	2.246350e-09	8.346557e+00	1.448275e+02
2.300000e-06	1.084187e-06	2.210699e-09	7.923394e+00	1.424866e+02
2.310000e-06	1.025965e-06	2.157320e-09	7.497902e+00	1.400825e+02
2.320000e-06	9.673994e-07	2.126533e-09	7.069895e+00	1.376134e+02
2.330000e-06	9.084409e-07	2.104558e-09	6.639019e+00	1.350772e+02
2.340000e-06	8.491129e-07	2.050987e-09	6.205441e+00	1.324722e+02
2.350000e-06	7.895133e-07	2.008084e-09	5.769878e+00	1.297963e+02
2.360000e-06	7.297117e-07	1.977645e-09	5.332839e+00	1.270477e+02
2.370000e-06	6.698095e-07	1.927077e-09	4.895065e+00	1.242242e+02
2.380000e-06	6.098377e-07	1.876898e-09	4.456783e+00	1.213236e+02
2.390000e-06	5.497758e-07	1.837591e-09	4.017841e+00	1.183431e+02
2.400000e-06	4.895577e-07	1.797598e-09	3.577759e+00	1.152798e+02
2.410000e-06	4.291579e-07	1.741298e-09	3.136348e+00	1.121304e+02
2.420000e-06	3.686561e-07	1.690656e-09	2.694192e+00	1.088914e+02
2.430000e-06	3.081164e-07	1.652229e-09	2.251759e+00	1.055586e+02
2.440000e-06	2.475053e-07	1.596229e-09	1.808805e+00	1.021281e+02
2.450000e-06	1.867414e-07	1.534572e-09	1.364733e+00	9.859557e+01
2.460000e-06	1.258101e-07	1.483918e-09	9.194385e-01	9.495664e+01
2.470000e-06	6.479060e-08	1.433480e-09	4.734991e-01	9.120715e+01
2.480000e-06	3.732014e-09	1.369741e-09	2.727410e-02	8.734311e+01
2.490000e-06	-5.742699e-08	1.305819e-09	-4.196848e-01	8.336080e+01
2.500000e-06	-1.185872e-07	1.248706e-09	-8.666525e-01	7.925690e+01
2.510000e-06	-1.795712e-07	1.183242e-09	-1.312332e+00	7.502850e+01
2.520000e-06	-2.404476e-07	1.110674e-09	-1.757226e+00	7.067314e+01
2.530000e-06	-3.012713e-07	1.041596e-09	-2.201734e+00	6.618885e+01
2.540000e-06	-3.619946e-07	9.751288e-10	-2.645509e+00	6.157411e+01
2.550000e-06	-4.225890e-07	9.022172e-10	-3.088342e+00	5.682786e+01
2.560000e-06	-4.830830e-07	8.247843e-10	-3.530441e+00	5.194955e+01
2.570000e-06	-5.434350e-07	7.484685e-10	-3.971502e+00	4.693910e+01
2.580000e-06	-6.035981e-07	6.722088e-10	-4.411183e+00	4.179701e+01
2.590000e-06	-6.636550e-07	5.905580e-10	-4.850087e+00	3.652441e+01
2.600000e-06	-7.235949e-07	5.054567e-10	-5.288137e+00	3.112319e+01
2.610000e-06	-7.833545e-07	4.212672e-10	-5.724869e+00	2.559615e+01
2.620000e-06	-8.428954e-07	3.359991e-10	-6.160002e+00	1.994714e+01
2.630000e-06	-9.021729e-07	2.456236e-10	-6.593210e+00	1.418130e+01
2.640000e-06	-9.611028e-07	1.531006e-10	-7.023879e+00	8.305193e+00
2.650000e-06	-1.019637e-06	6.437388e-11	-7.451656e+00	2.326963e+00
2.660000e-06	-1.077846e-06	-2.528718e-11	-7.877052e+00	-3.743527e+00
2.670000e-06	-1.135722e-06	-1.184435e-10	-8.300021e+00	-9.894647e+00
2.680000e-06	-1.193117e-06	-2.124314e-10	-8.719471e+00	-1.611301e+01
2.690000e-06	-1.249986e-06	-3.058757e-10	-9.135083e+00	-2.238354e+01
2.700000e-06	-1.306406e-06	-4.030268e-10	-9.547403e+00	-2.868966e+01
2.710000e-06	-1.362482e-06	-5.027975e-10	-9.957216e+00	-3.501355e+01
2.720000e-06	-1.418262e-06	-5.993169e-10	-1.036487e+01	-4.133642e+01
2.730000e-06	-1.473571e-06	-6.946902e-10	-1.076907e+01	-4.763894e+01
2.740000e-06	-1.528155e-06	-7.898759e-10	-1.116798e+01	-5.390161e+01
2.750000e-06	-1.581862e-06	-8.825853e-10	-1.156048e+01	-6.010522e+01
2.760000e-06	-1.634784e-06	-9.737353e-10	-1.194724e+01	-6.623125e+01
2.770000e-06	-1.687068e-06	-1.066943e-09	-1.232934e+01	-7.226225e+01
2.780000e-06	-1.738684e-06	-1.159136e-09	-1.270655e+01	-7.818219e+01
2.790000e-06	-1.789617e-06	-1.246190e-09	-1.307878e+01	-8.397669e+01
2.800000e-06	-1.839965e-06	-1.331042e-09	-1.344673e+01	-8.963324e+01
2.810000e-06	-1.889653e-06	-1.417993e-09	-1.380986e+01	-9.514124e+01
2.820000e-06	-1.938411e-06	-1.503067e-09	-1.416619e+01	-1.004920e+02
2.830000e-06	-1.986112e-06	-1.581350e-09	-1.451480e+01	-1.056788e+02
2.840000e-06	-2.033027e-06	-1.657712e-09	-1.485766e+01	-1.106966e+02
2.850000e-06	-2.079394e-06	-1.734172e-09	-1.519651e+01	-1.155417e+02
2.860000e-06	-2.125107e-06	-1.806049e-09	-1.553059e+01	-1.202121e+02
2.870000e-06	-2.170084e-06	-1.874795e-09	-1.585929e+01	-1.247067e+02
2.880000e-06	-2.214417e-06	-1.945129e-09	-1.618328e+01	-1.290254e+02
2.890000e-06	-2.258177e-06	-2.012104e-09	-1.650309e+01	-1.331687e+02
2.900000e-06	-2.301202e-06	-2.072157e-09	-1.681752e+01	-1.371379e+02
2.910000e-06	-2.343385e-06	-2.132146e-09	-1.712580e+01	-1.409348e+02
2.920000e-06	-2.384775e-06	-2.193255e-09	-1.742829e+01	-1.445615e+02
2.930000e-06	-2.425403e-06	-2.249175e-09	-1.772520e+01	-1.480207e+02
2.940000e-06	-2.465333e-06	-2.300156e-09	-1.801701e+01	-1.513156e+02
2.950000e-06	-2.504404e-06	-2.350350e-09	-1.830255e+01	-1.544498e+02
2.960000e-06	-2.542269e-06	-2.399618e-09	-1.857928e+01	-1.574274e+02
2.970000e-06	-2.578990e-06	-2.445070e-09	-1.884763e+01	-1.602532e+02
2.980000e-06	-2.614857e-06	-2.487410e-09	-1.910975e+01	-1.629324e+02
2.990000e-06	-2.649924e-06	-2.528545e-09	-1.936603e+01	-1.654706e+02
3.000000e-06	-2.684141e-06	-2.567665e-09	-1.961609e+01	-1.678742e+02
3.010000e-06	-2.717395e-06	-2.604508e-09	-1.985911e+01	-1.701494e+02
3.020000e-06	-2.749732e-06	-2.640291e-09	-2.009544e+01	-1.723029e+02
3.030000e-06	-2.781248e-06	-2.674082e-09	-2.032577e+01	-1.743412e+02
3.040000e-06	-2.811636e-06	-2.705544e-09	-2.054785e+01	-1.762708e+02
3.050000e-06	-2.840760e-06	-2.735516e-09	-2.076069e+01	-1.780975e+02
3.060000e-06	-2.868874e-06	-2.764335e-09	-2.096615e+01	-1.798271e+02
3.070000e-06	-2.896070e-06	-2.791830e-09	-2.116490e+01	-1.814645e+02
3.080000e-06	-2.922243e-06	-2.816572e-09	-2.135618e+01	-1.830139e+02
3.090000e-06	-2.947383e-06	-2.839867e-09	-2.153990e+01	-1.844793e+02
3.100000e-06	-2.971646e-06	-2.861675e-09	-2.171722e+01	-1.858636e+02
3.110000e-06	-2.994996e-06	-2.879873e-09	-2.188787e+01	-1.871697e+02
3.120000e-06	-3.017117e-06	-2.898304e-09	-2.204953e+01	-1.883998e+02
3.130000e-06	-3.037992e-06	-2.916122e-09	-2.220209e+01	-1.895562e+02
3.140000e-06	-3.057828e-06	-2.933259e-09	-2.234705e+01	-1.906411e+02
3.150000e-06	-3.076670e-06	-2.949003e-09	-2.248475e+01	-1.916568e+02
3.160000e-06	-3.094497e-06	-2.962399e-09	-2.261504e+01	-1.926058e+02
3.170000e-06	-3.111359e-06	-2.974739e-09	-2.273827e+01	-1.934911e+02
3.180000e-06	-3.127224e-06	-2.988459e-09	-2.285421e+01	-1.943161e+02
3.190000e-06	-3.141821e-06	-3.002486e-09	-2.296089e+01	-1.950841e+02
3.200000e-06	-3.154964e-06	-3.015143e-09	-2.305694e+01	-1.957990e+02
3.210000e-06	-3.166746e-06	-3.025743e-09	-2.314304e+01	-1.964647e+02
3.220000e-06	-3.177318e-06	-3.034964e-09	-2.322030e+01	-1.970849e+02
3.230000e-06	-3.186745e-06	-3.043305e-09	-2.328920e+01	-1.976629e+02
3.240000e-06	-3.195192e-06	-3.049263e-09	-2.335093e+01	-1.982016e+02
3.250000e-06	-3.202634e-06	-3.055627e-09	-2.340531e+01	-1.987035e+02
3.260000e-06	-3.208729e-06	-3.063178e-09	-2.344986e+01	-1.991698e+02
3.270000e-06	-3.213495e-06	-3.071230e-09	-2.348469e+01	-1.996013e+02
3.280000e-06	-3.217186e-06	-3.076015e-09	-2.351166e+01	-1.999979e+02
3.290000e-06	-3.219888e-06	-3.079826e-09	-2.353141e+01	-2.003587e+02
3.300000e-06	-3.221545e-06	-3.084869e-09	-2.354352e+01	-2.006823e+02
3.310000e-06	-3.222166e-06	-3.089541e-09	-2.354806e+01	-2.009670e+02
