# Temperatura_=_20.0
# Concentracion g/m^3_=_6200.0
# C_Vs_to_Am_M_A/Vsm_=_65563218390.804596
# pendiente_HvsI_1/m_=_3716.3
# ordenada_HvsI_A/m_=_1297.0
# frecuencia_Hz_=_301556.84032725124

Tiempo_(s)	Campo_(V.s)	Magnetizacion_(V.s)	Campo_(kA/m)	Magnetizacion_(A/m)
0.000000e+00	-4.649918e-06	-4.194144e-09	-3.465796e+01	-2.754158e+02
1.000000e-08	-4.648505e-06	-4.202018e-09	-3.464743e+01	-2.754959e+02
2.000000e-08	-4.645363e-06	-4.202751e-09	-3.462401e+01	-2.755118e+02
3.000000e-08	-4.640771e-06	-4.201620e-09	-3.458978e+01	-2.754640e+02
4.000000e-08	-4.634791e-06	-4.202706e-09	-3.454521e+01	-2.753670e+02
5.000000e-08	-4.627386e-06	-4.201944e-09	-3.449002e+01	-2.752492e+02
6.000000e-08	-4.618544e-06	-4.196913e-09	-3.442412e+01	-2.751449e+02
7.000000e-08	-4.608000e-06	-4.181693e-09	-3.434552e+01	-2.750803e+02
8.000000e-08	-4.595641e-06	-4.166737e-09	-3.425341e+01	-2.750602e+02
9.000000e-08	-4.581381e-06	-4.235876e-09	-3.414712e+01	-2.750615e+02
1.000000e-07	-4.564879e-06	-4.267249e-09	-3.402412e+01	-2.750403e+02
1.100000e-07	-4.546382e-06	-4.225279e-09	-3.388626e+01	-2.749498e+02
1.200000e-07	-4.526479e-06	-4.204913e-09	-3.373791e+01	-2.747623e+02
1.300000e-07	-4.505415e-06	-4.079705e-09	-3.358091e+01	-2.744842e+02
1.400000e-07	-4.483200e-06	-4.161556e-09	-3.341533e+01	-2.741568e+02
1.500000e-07	-4.459700e-06	-4.314466e-09	-3.324017e+01	-2.738384e+02
1.600000e-07	-4.434857e-06	-4.085219e-09	-3.305501e+01	-2.735785e+02
1.700000e-07	-4.408510e-06	-4.144695e-09	-3.285864e+01	-2.733932e+02
1.800000e-07	-4.380380e-06	-4.271932e-09	-3.264897e+01	-2.732551e+02
1.900000e-07	-4.350670e-06	-4.042099e-09	-3.242753e+01	-2.731049e+02
2.000000e-07	-4.319719e-06	-4.153257e-09	-3.219683e+01	-2.728769e+02
2.100000e-07	-4.287304e-06	-4.248702e-09	-3.195523e+01	-2.725295e+02
2.200000e-07	-4.253045e-06	-4.059250e-09	-3.169988e+01	-2.720639e+02
2.300000e-07	-4.217227e-06	-4.152698e-09	-3.143291e+01	-2.715228e+02
2.400000e-07	-4.180018e-06	-4.170918e-09	-3.115558e+01	-2.709689e+02
2.500000e-07	-4.141214e-06	-4.057228e-09	-3.086636e+01	-2.704542e+02
2.600000e-07	-4.100973e-06	-4.142062e-09	-3.056642e+01	-2.699961e+02
2.700000e-07	-4.059089e-06	-4.102824e-09	-3.025424e+01	-2.695707e+02
2.800000e-07	-4.015594e-06	-4.070215e-09	-2.993005e+01	-2.691280e+02
2.900000e-07	-3.970721e-06	-4.102682e-09	-2.959559e+01	-2.686201e+02
3.000000e-07	-3.924304e-06	-4.051839e-09	-2.924963e+01	-2.680279e+02
3.100000e-07	-3.876429e-06	-4.065044e-09	-2.889279e+01	-2.673719e+02
3.200000e-07	-3.826746e-06	-4.097129e-09	-2.852248e+01	-2.667011e+02
3.300000e-07	-3.775166e-06	-4.056493e-09	-2.813804e+01	-2.660670e+02
3.400000e-07	-3.722170e-06	-4.009358e-09	-2.774303e+01	-2.654939e+02
3.500000e-07	-3.667856e-06	-4.035176e-09	-2.733820e+01	-2.649644e+02
3.600000e-07	-3.612397e-06	-4.045837e-09	-2.692484e+01	-2.644255e+02
3.700000e-07	-3.555886e-06	-3.992188e-09	-2.650364e+01	-2.638140e+02
3.800000e-07	-3.497839e-06	-3.998341e-09	-2.607099e+01	-2.630886e+02
3.900000e-07	-3.438286e-06	-4.000091e-09	-2.562711e+01	-2.622506e+02
4.000000e-07	-3.377622e-06	-3.973087e-09	-2.517496e+01	-2.613440e+02
4.100000e-07	-3.315834e-06	-3.969211e-09	-2.471442e+01	-2.604330e+02
4.200000e-07	-3.252943e-06	-3.945793e-09	-2.424566e+01	-2.595700e+02
4.300000e-07	-3.189173e-06	-3.949713e-09	-2.377036e+01	-2.587693e+02
4.400000e-07	-3.124281e-06	-3.943759e-09	-2.328669e+01	-2.580006e+02
4.500000e-07	-3.057750e-06	-3.900477e-09	-2.279080e+01	-2.572059e+02
4.600000e-07	-2.990009e-06	-3.894325e-09	-2.228590e+01	-2.563304e+02
4.700000e-07	-2.921570e-06	-3.901777e-09	-2.177579e+01	-2.553507e+02
4.800000e-07	-2.852313e-06	-3.884054e-09	-2.125959e+01	-2.542866e+02
4.900000e-07	-2.781952e-06	-3.844068e-09	-2.073516e+01	-2.531882e+02
5.000000e-07	-2.710553e-06	-3.837250e-09	-2.020299e+01	-2.521071e+02
5.100000e-07	-2.638442e-06	-3.837849e-09	-1.966551e+01	-2.510668e+02
5.200000e-07	-2.565302e-06	-3.805713e-09	-1.912037e+01	-2.500473e+02
5.300000e-07	-2.490752e-06	-3.785213e-09	-1.856471e+01	-2.489944e+02
5.400000e-07	-2.415058e-06	-3.778921e-09	-1.800053e+01	-2.478483e+02
5.500000e-07	-2.338508e-06	-3.765618e-09	-1.742996e+01	-2.465751e+02
5.600000e-07	-2.261101e-06	-3.729224e-09	-1.685302e+01	-2.451866e+02
5.700000e-07	-2.182688e-06	-3.703982e-09	-1.626857e+01	-2.437343e+02
5.800000e-07	-2.103165e-06	-3.696575e-09	-1.567584e+01	-2.422820e+02
5.900000e-07	-2.022681e-06	-3.672671e-09	-1.507596e+01	-2.408706e+02
6.000000e-07	-1.941497e-06	-3.642940e-09	-1.447086e+01	-2.394939e+02
6.100000e-07	-1.859669e-06	-3.626907e-09	-1.386096e+01	-2.380992e+02
6.200000e-07	-1.777193e-06	-3.611175e-09	-1.324623e+01	-2.366130e+02
6.300000e-07	-1.694096e-06	-3.577962e-09	-1.262687e+01	-2.349789e+02
6.400000e-07	-1.610469e-06	-3.547393e-09	-1.200356e+01	-2.331870e+02
6.500000e-07	-1.526466e-06	-3.526139e-09	-1.137744e+01	-2.312783e+02
6.600000e-07	-1.442130e-06	-3.496178e-09	-1.074885e+01	-2.293212e+02
6.700000e-07	-1.357383e-06	-3.462072e-09	-1.011719e+01	-2.273703e+02
6.800000e-07	-1.272085e-06	-3.437279e-09	-9.481431e+00	-2.254315e+02
6.900000e-07	-1.186360e-06	-3.410572e-09	-8.842479e+00	-2.234507e+02
7.000000e-07	-1.100393e-06	-3.373431e-09	-8.201729e+00	-2.213352e+02
7.100000e-07	-1.014074e-06	-3.334436e-09	-7.558356e+00	-2.189977e+02
7.200000e-07	-9.273458e-07	-3.297989e-09	-6.911931e+00	-2.164001e+02
7.300000e-07	-8.403389e-07	-3.258699e-09	-6.263429e+00	-2.135737e+02
7.400000e-07	-7.531522e-07	-3.214481e-09	-5.613587e+00	-2.106031e+02
7.500000e-07	-6.657536e-07	-3.169692e-09	-4.962165e+00	-2.075807e+02
7.600000e-07	-5.780972e-07	-3.121290e-09	-4.308822e+00	-2.045536e+02
7.700000e-07	-4.902888e-07	-3.070814e-09	-3.654346e+00	-2.014913e+02
7.800000e-07	-4.023890e-07	-3.019503e-09	-2.999189e+00	-1.982916e+02
7.900000e-07	-3.144374e-07	-2.968204e-09	-2.343645e+00	-1.948238e+02
8.000000e-07	-2.264613e-07	-2.912546e-09	-1.687919e+00	-1.909866e+02
8.100000e-07	-1.384299e-07	-2.850731e-09	-1.031781e+00	-1.867514e+02
8.200000e-07	-5.033737e-08	-2.786674e-09	-3.751874e-01	-1.821649e+02
8.300000e-07	3.785286e-08	-2.716791e-09	2.821346e-01	-1.773084e+02
8.400000e-07	1.260661e-07	-2.637721e-09	9.396284e-01	-1.722327e+02
8.500000e-07	2.142127e-07	-2.550505e-09	1.596625e+00	-1.669028e+02
8.600000e-07	3.023233e-07	-2.458480e-09	2.253353e+00	-1.611825e+02
8.700000e-07	3.903907e-07	-2.359113e-09	2.909760e+00	-1.548704e+02
8.800000e-07	4.783760e-07	-2.250875e-09	3.565554e+00	-1.477698e+02
8.900000e-07	5.662437e-07	-2.133086e-09	4.220472e+00	-1.397536e+02
9.000000e-07	6.539660e-07	-2.002265e-09	4.874307e+00	-1.307841e+02
9.100000e-07	7.414952e-07	-1.853058e-09	5.526702e+00	-1.208680e+02
9.200000e-07	8.287535e-07	-1.684055e-09	6.177078e+00	-1.099600e+02
9.300000e-07	9.157307e-07	-1.493708e-09	6.825359e+00	-9.786226e+01
9.400000e-07	1.002392e-06	-1.276412e-09	7.471285e+00	-8.417942e+01
9.500000e-07	1.088747e-06	-1.028462e-09	8.114926e+00	-6.837352e+01
9.600000e-07	1.174781e-06	-7.466071e-10	8.756175e+00	-4.992333e+01
9.700000e-07	1.260372e-06	-4.258145e-10	9.394129e+00	-2.854475e+01
9.800000e-07	1.345423e-06	-6.216724e-11	1.002805e+01	-4.392844e+00
9.900000e-07	1.430033e-06	3.389924e-10	1.065869e+01	2.183833e+01
1.000000e-06	1.514323e-06	7.609960e-10	1.128694e+01	4.897184e+01
1.010000e-06	1.598200e-06	1.175691e-09	1.191212e+01	7.555849e+01
1.020000e-06	1.681541e-06	1.553249e-09	1.253329e+01	1.001824e+02
1.030000e-06	1.764191e-06	1.873865e-09	1.314932e+01	1.217648e+02
1.040000e-06	1.846133e-06	2.135436e-09	1.376007e+01	1.397698e+02
1.050000e-06	1.927409e-06	2.348748e-09	1.436586e+01	1.542500e+02
1.060000e-06	2.008001e-06	2.522848e-09	1.496655e+01	1.657304e+02
1.070000e-06	2.087810e-06	2.668393e-09	1.556140e+01	1.749837e+02
1.080000e-06	2.166777e-06	2.791100e-09	1.614998e+01	1.827820e+02
1.090000e-06	2.245010e-06	2.896716e-09	1.673308e+01	1.897097e+02
1.100000e-06	2.322440e-06	2.991957e-09	1.731021e+01	1.960859e+02
1.110000e-06	2.399074e-06	3.076595e-09	1.788139e+01	2.019976e+02
1.120000e-06	2.474944e-06	3.152215e-09	1.844689e+01	2.074041e+02
1.130000e-06	2.549728e-06	3.221464e-09	1.900428e+01	2.122529e+02
1.140000e-06	2.623286e-06	3.287594e-09	1.955255e+01	2.165550e+02
1.150000e-06	2.695815e-06	3.349060e-09	2.009314e+01	2.203986e+02
1.160000e-06	2.767396e-06	3.405709e-09	2.062667e+01	2.239116e+02
1.170000e-06	2.838036e-06	3.458046e-09	2.115318e+01	2.272037e+02
1.180000e-06	2.907723e-06	3.503946e-09	2.167258e+01	2.303261e+02
1.190000e-06	2.976448e-06	3.542393e-09	2.218482e+01	2.332673e+02
1.200000e-06	3.044280e-06	3.578799e-09	2.269041e+01	2.359842e+02
1.210000e-06	3.110972e-06	3.616835e-09	2.318749e+01	2.384453e+02
1.220000e-06	3.176293e-06	3.652749e-09	2.367436e+01	2.406632e+02
1.230000e-06	3.240420e-06	3.685099e-09	2.415233e+01	2.426967e+02
1.240000e-06	3.303492e-06	3.716733e-09	2.462243e+01	2.446251e+02
1.250000e-06	3.365495e-06	3.747991e-09	2.508457e+01	2.465100e+02
1.260000e-06	3.426406e-06	3.777517e-09	2.553857e+01	2.483674e+02
1.270000e-06	3.486239e-06	3.804041e-09	2.598453e+01	2.501640e+02
1.280000e-06	3.544741e-06	3.827412e-09	2.642057e+01	2.518407e+02
1.290000e-06	3.601792e-06	3.848548e-09	2.684580e+01	2.533491e+02
1.300000e-06	3.657516e-06	3.867824e-09	2.726113e+01	2.546811e+02
1.310000e-06	3.711971e-06	3.888477e-09	2.766702e+01	2.558760e+02
1.320000e-06	3.765090e-06	3.909702e-09	2.806293e+01	2.570027e+02
1.330000e-06	3.816614e-06	3.929652e-09	2.844696e+01	2.581265e+02
1.340000e-06	3.866397e-06	3.948710e-09	2.881802e+01	2.592778e+02
1.350000e-06	3.914578e-06	3.967320e-09	2.917714e+01	2.604406e+02
1.360000e-06	3.961310e-06	3.985542e-09	2.952545e+01	2.615641e+02
1.370000e-06	4.006662e-06	4.001130e-09	2.986348e+01	2.625927e+02
1.380000e-06	4.050866e-06	4.013516e-09	3.019295e+01	2.634963e+02
1.390000e-06	4.093687e-06	4.024844e-09	3.051211e+01	2.642869e+02
1.400000e-06	4.134844e-06	4.036496e-09	3.081887e+01	2.650126e+02
1.410000e-06	4.174508e-06	4.048977e-09	3.111451e+01	2.657329e+02
1.420000e-06	4.212754e-06	4.061767e-09	3.139958e+01	2.664892e+02
1.430000e-06	4.249667e-06	4.074116e-09	3.167471e+01	2.672848e+02
1.440000e-06	4.285185e-06	4.085813e-09	3.193943e+01	2.680849e+02
1.450000e-06	4.319062e-06	4.097888e-09	3.219194e+01	2.688358e+02
1.460000e-06	4.351331e-06	4.110125e-09	3.243245e+01	2.694925e+02
1.470000e-06	4.382162e-06	4.120249e-09	3.266225e+01	2.700406e+02
1.480000e-06	4.411564e-06	4.126964e-09	3.288140e+01	2.705028e+02
1.490000e-06	4.439567e-06	4.132339e-09	3.309011e+01	2.709263e+02
1.500000e-06	4.465892e-06	4.136860e-09	3.328633e+01	2.713600e+02
1.510000e-06	4.490351e-06	4.141643e-09	3.346863e+01	2.718313e+02
1.520000e-06	4.513221e-06	4.149189e-09	3.363910e+01	2.723358e+02
1.530000e-06	4.534628e-06	4.158473e-09	3.379865e+01	2.728418e+02
1.540000e-06	4.554629e-06	4.168214e-09	3.394773e+01	2.733074e+02
1.550000e-06	4.573053e-06	4.176625e-09	3.408505e+01	2.737002e+02
1.560000e-06	4.589690e-06	4.182065e-09	3.420905e+01	2.740102e+02
1.570000e-06	4.604555e-06	4.185128e-09	3.431985e+01	2.742515e+02
1.580000e-06	4.617762e-06	4.186935e-09	3.441829e+01	2.744527e+02
1.590000e-06	4.629194e-06	4.188349e-09	3.450349e+01	2.746437e+02
1.600000e-06	4.638654e-06	4.190571e-09	3.457400e+01	2.748441e+02
1.610000e-06	4.646390e-06	4.194073e-09	3.463166e+01	2.750597e+02
1.620000e-06	4.652535e-06	4.197935e-09	3.467747e+01	2.752839e+02
1.630000e-06	4.657156e-06	4.201683e-09	3.471191e+01	2.755043e+02
1.640000e-06	4.660199e-06	4.206005e-09	3.473459e+01	2.757069e+02
1.650000e-06	4.661422e-06	4.211922e-09	3.474370e+01	2.758782e+02
1.660000e-06	4.660969e-06	4.215164e-09	3.474033e+01	2.760048e+02
1.670000e-06	4.659056e-06	4.211288e-09	3.472607e+01	2.760741e+02
1.680000e-06	4.655783e-06	4.209277e-09	3.470167e+01	2.760786e+02
1.690000e-06	4.651052e-06	4.207420e-09	3.466641e+01	2.760207e+02
1.700000e-06	4.644622e-06	4.205300e-09	3.461848e+01	2.759179e+02
1.710000e-06	4.636657e-06	4.204701e-09	3.455912e+01	2.758003e+02
1.720000e-06	4.627357e-06	4.211010e-09	3.448980e+01	2.757019e+02
1.730000e-06	4.616650e-06	4.246320e-09	3.441000e+01	2.756460e+02
1.740000e-06	4.604454e-06	4.189073e-09	3.431909e+01	2.756324e+02
1.750000e-06	4.590185e-06	4.123246e-09	3.421274e+01	2.756336e+02
1.760000e-06	4.573393e-06	4.157967e-09	3.408758e+01	2.756035e+02
1.770000e-06	4.554519e-06	4.175332e-09	3.394691e+01	2.754971e+02
1.780000e-06	4.534383e-06	4.313999e-09	3.379683e+01	2.752921e+02
1.790000e-06	4.513637e-06	4.208819e-09	3.364219e+01	2.750017e+02
1.800000e-06	4.491770e-06	4.031146e-09	3.347921e+01	2.746717e+02
1.810000e-06	4.467825e-06	4.300624e-09	3.330074e+01	2.743611e+02
1.820000e-06	4.442190e-06	4.200219e-09	3.310967e+01	2.741149e+02
1.830000e-06	4.415423e-06	4.035579e-09	3.291016e+01	2.739414e+02
1.840000e-06	4.386939e-06	4.332711e-09	3.269785e+01	2.738064e+02
1.850000e-06	4.356476e-06	4.192519e-09	3.247080e+01	2.736471e+02
1.860000e-06	4.324544e-06	4.052148e-09	3.223280e+01	2.734000e+02
1.870000e-06	4.291198e-06	4.291961e-09	3.198426e+01	2.730303e+02
1.880000e-06	4.256461e-06	4.103560e-09	3.172535e+01	2.725475e+02
1.890000e-06	4.220300e-06	4.108093e-09	3.145582e+01	2.719997e+02
1.900000e-06	4.182247e-06	4.251598e-09	3.117220e+01	2.714499e+02
1.910000e-06	4.142540e-06	4.045500e-09	3.087624e+01	2.709457e+02
1.920000e-06	4.101401e-06	4.181462e-09	3.056962e+01	2.704965e+02
1.930000e-06	4.058834e-06	4.162307e-09	3.025234e+01	2.700722e+02
1.940000e-06	4.015143e-06	4.042934e-09	2.992669e+01	2.696211e+02
1.950000e-06	3.970052e-06	4.208354e-09	2.959060e+01	2.690987e+02
1.960000e-06	3.923369e-06	4.086901e-09	2.924266e+01	2.684928e+02
1.970000e-06	3.875202e-06	4.044132e-09	2.888364e+01	2.678304e+02
1.980000e-06	3.825573e-06	4.099049e-09	2.851374e+01	2.671631e+02
1.990000e-06	3.774610e-06	4.061675e-09	2.813389e+01	2.665395e+02
2.000000e-06	3.722126e-06	4.104976e-09	2.774270e+01	2.659770e+02
2.010000e-06	3.667931e-06	4.020540e-09	2.733876e+01	2.654507e+02
2.020000e-06	3.612281e-06	4.076853e-09	2.692398e+01	2.649035e+02
2.030000e-06	3.555350e-06	4.068956e-09	2.649965e+01	2.642739e+02
2.040000e-06	3.497120e-06	3.965991e-09	2.606563e+01	2.635272e+02
2.050000e-06	3.437794e-06	4.037873e-09	2.562345e+01	2.626731e+02
2.060000e-06	3.377547e-06	3.998036e-09	2.517440e+01	2.617611e+02
2.070000e-06	3.315973e-06	4.015945e-09	2.471546e+01	2.608559e+02
2.080000e-06	3.252893e-06	3.959057e-09	2.424529e+01	2.600047e+02
2.090000e-06	3.188742e-06	3.913212e-09	2.376714e+01	2.592133e+02
2.100000e-06	3.123520e-06	4.003892e-09	2.328102e+01	2.584449e+02
2.110000e-06	3.057148e-06	3.927174e-09	2.278632e+01	2.576394e+02
2.120000e-06	2.989831e-06	3.900368e-09	2.228457e+01	2.567460e+02
2.130000e-06	2.921690e-06	3.896952e-09	2.177669e+01	2.557490e+02
2.140000e-06	2.852342e-06	3.904614e-09	2.125981e+01	2.546748e+02
2.150000e-06	2.781524e-06	3.886385e-09	2.073196e+01	2.535765e+02
2.160000e-06	2.709664e-06	3.822501e-09	2.019636e+01	2.525025e+02
2.170000e-06	2.636929e-06	3.864333e-09	1.965423e+01	2.514688e+02
2.180000e-06	2.563336e-06	3.839808e-09	1.910571e+01	2.504482e+02
2.190000e-06	2.488825e-06	3.791775e-09	1.855035e+01	2.493830e+02
2.200000e-06	2.413365e-06	3.769770e-09	1.798791e+01	2.482157e+02
2.210000e-06	2.336981e-06	3.775656e-09	1.741859e+01	2.469200e+02
2.220000e-06	2.259336e-06	3.772220e-09	1.683986e+01	2.455158e+02
2.230000e-06	2.180487e-06	3.711501e-09	1.625216e+01	2.440593e+02
2.240000e-06	2.100839e-06	3.704915e-09	1.565851e+01	2.426127e+02
2.250000e-06	2.020623e-06	3.698460e-09	1.506062e+01	2.412098e+02
2.260000e-06	1.939789e-06	3.662796e-09	1.445813e+01	2.398351e+02
2.270000e-06	1.858253e-06	3.627234e-09	1.385041e+01	2.384297e+02
2.280000e-06	1.776050e-06	3.614873e-09	1.323771e+01	2.369205e+02
2.290000e-06	1.693182e-06	3.602506e-09	1.262006e+01	2.352576e+02
2.300000e-06	1.609808e-06	3.555316e-09	1.199863e+01	2.334409e+02
2.310000e-06	1.526100e-06	3.530375e-09	1.137472e+01	2.315187e+02
2.320000e-06	1.442083e-06	3.514824e-09	1.074850e+01	2.295599e+02
2.330000e-06	1.357578e-06	3.481797e-09	1.011865e+01	2.276128e+02
2.340000e-06	1.272408e-06	3.440444e-09	9.483839e+00	2.256723e+02
2.350000e-06	1.186594e-06	3.407769e-09	8.844225e+00	2.236750e+02
2.360000e-06	1.100170e-06	3.381100e-09	8.200067e+00	2.215256e+02
2.370000e-06	1.013271e-06	3.340580e-09	7.552374e+00	2.191428e+02
2.380000e-06	9.260088e-07	3.300050e-09	6.901966e+00	2.165004e+02
2.390000e-06	8.384240e-07	3.260205e-09	6.249156e+00	2.136414e+02
2.400000e-06	7.506325e-07	3.212743e-09	5.594806e+00	2.106557e+02
2.410000e-06	6.626614e-07	3.166251e-09	4.939118e+00	2.076313e+02
2.420000e-06	5.745834e-07	3.125696e-09	4.282632e+00	2.046028e+02
2.430000e-06	4.863916e-07	3.078871e-09	3.625298e+00	2.015253e+02
2.440000e-06	3.980534e-07	3.022476e-09	2.966873e+00	1.982875e+02
2.450000e-06	3.096252e-07	2.966466e-09	2.307778e+00	1.947597e+02
2.460000e-06	2.210581e-07	2.907030e-09	1.647647e+00	1.908514e+02
2.470000e-06	1.323204e-07	2.839871e-09	9.862445e-01	1.865486e+02
2.480000e-06	4.361259e-08	2.769140e-09	3.250645e-01	1.819082e+02
2.490000e-06	-4.506553e-08	2.697425e-09	-3.358939e-01	1.770110e+02
2.500000e-06	-1.338257e-07	2.620132e-09	-9.974640e-01	1.718958e+02
2.510000e-06	-2.224820e-07	2.534536e-09	-1.658260e+00	1.665090e+02
2.520000e-06	-3.110158e-07	2.444742e-09	-2.318142e+00	1.606989e+02
2.530000e-06	-3.994933e-07	2.347189e-09	-2.977606e+00	1.542594e+02
2.540000e-06	-4.879007e-07	2.235819e-09	-3.636546e+00	1.470023e+02
2.550000e-06	-5.761786e-07	2.113066e-09	-4.294522e+00	1.388166e+02
2.560000e-06	-6.642859e-07	1.979875e-09	-4.951226e+00	1.296780e+02
2.570000e-06	-7.521941e-07	1.830080e-09	-5.606445e+00	1.195916e+02
2.580000e-06	-8.398603e-07	1.658278e-09	-6.259862e+00	1.084915e+02
2.590000e-06	-9.272537e-07	1.465001e-09	-6.911244e+00	9.614542e+01
2.600000e-06	-1.014254e-06	1.248386e-09	-7.559694e+00	8.212533e+01
2.610000e-06	-1.100748e-06	1.003735e-09	-8.204378e+00	6.588193e+01
2.620000e-06	-1.186712e-06	7.225371e-10	-8.845104e+00	4.691955e+01
2.630000e-06	-1.272143e-06	3.984854e-10	-9.481864e+00	2.501961e+01
2.640000e-06	-1.357010e-06	3.166113e-11	-1.011442e+01	4.301661e-01
2.650000e-06	-1.441343e-06	-3.716994e-10	-1.074299e+01	-2.605955e+01
2.660000e-06	-1.525189e-06	-7.941462e-10	-1.136793e+01	-5.320475e+01
2.670000e-06	-1.608520e-06	-1.207851e-09	-1.198903e+01	-7.953842e+01
2.680000e-06	-1.691303e-06	-1.581045e-09	-1.260606e+01	-1.036843e+02
2.690000e-06	-1.773501e-06	-1.896184e-09	-1.321871e+01	-1.246495e+02
2.700000e-06	-1.855079e-06	-2.156125e-09	-1.382675e+01	-1.420050e+02
2.710000e-06	-1.936038e-06	-2.367660e-09	-1.443017e+01	-1.559003e+02
2.720000e-06	-2.016440e-06	-2.538655e-09	-1.502944e+01	-1.669230e+02
2.730000e-06	-2.096261e-06	-2.680894e-09	-1.562439e+01	-1.758630e+02
2.740000e-06	-2.175298e-06	-2.803121e-09	-1.621349e+01	-1.834700e+02
2.750000e-06	-2.253315e-06	-2.911620e-09	-1.679498e+01	-1.902833e+02
2.760000e-06	-2.330267e-06	-3.008108e-09	-1.736854e+01	-1.965751e+02
2.770000e-06	-2.406204e-06	-3.094693e-09	-1.793454e+01	-2.024011e+02
2.780000e-06	-2.481199e-06	-3.173448e-09	-1.849351e+01	-2.077104e+02
2.790000e-06	-2.555313e-06	-3.245080e-09	-1.904591e+01	-2.124581e+02
2.800000e-06	-2.628514e-06	-3.312772e-09	-1.959151e+01	-2.166697e+02
2.810000e-06	-2.700915e-06	-3.375706e-09	-2.013115e+01	-2.204444e+02
2.820000e-06	-2.772517e-06	-3.430886e-09	-2.066483e+01	-2.239110e+02
2.830000e-06	-2.843102e-06	-3.480423e-09	-2.119094e+01	-2.271707e+02
2.840000e-06	-2.912513e-06	-3.528339e-09	-2.170828e+01	-2.302628e+02
2.850000e-06	-2.980810e-06	-3.572545e-09	-2.221734e+01	-2.331671e+02
2.860000e-06	-3.048050e-06	-3.611561e-09	-2.271851e+01	-2.358393e+02
2.870000e-06	-3.114248e-06	-3.648799e-09	-2.321191e+01	-2.382543e+02
2.880000e-06	-3.179408e-06	-3.683268e-09	-2.369758e+01	-2.404336e+02
2.890000e-06	-3.243514e-06	-3.713389e-09	-2.417539e+01	-2.424422e+02
2.900000e-06	-3.306476e-06	-3.742108e-09	-2.464467e+01	-2.443591e+02
2.910000e-06	-3.368102e-06	-3.772278e-09	-2.510400e+01	-2.462393e+02
2.920000e-06	-3.428429e-06	-3.800165e-09	-2.555365e+01	-2.480891e+02
2.930000e-06	-3.487564e-06	-3.824340e-09	-2.599440e+01	-2.498685e+02
2.940000e-06	-3.545485e-06	-3.847826e-09	-2.642611e+01	-2.515176e+02
2.950000e-06	-3.602215e-06	-3.871029e-09	-2.684895e+01	-2.529934e+02
2.960000e-06	-3.657679e-06	-3.891366e-09	-2.726235e+01	-2.542965e+02
2.970000e-06	-3.711624e-06	-3.909090e-09	-2.766443e+01	-2.554736e+02
2.980000e-06	-3.764012e-06	-3.926660e-09	-2.805490e+01	-2.565954e+02
2.990000e-06	-3.814893e-06	-3.942173e-09	-2.843414e+01	-2.577229e+02
3.000000e-06	-3.864115e-06	-3.956292e-09	-2.880101e+01	-2.588785e+02
3.010000e-06	-3.911692e-06	-3.972003e-09	-2.915563e+01	-2.600382e+02
3.020000e-06	-3.957806e-06	-3.987382e-09	-2.949933e+01	-2.611482e+02
3.030000e-06	-4.002630e-06	-4.000927e-09	-2.983343e+01	-2.621553e+02
3.040000e-06	-4.046275e-06	-4.013389e-09	-3.015873e+01	-2.630363e+02
3.050000e-06	-4.088682e-06	-4.027775e-09	-3.047481e+01	-2.638108e+02
3.060000e-06	-4.129785e-06	-4.041885e-09	-3.078117e+01	-2.645310e+02
3.070000e-06	-4.169565e-06	-4.054551e-09	-3.107767e+01	-2.652554e+02
3.080000e-06	-4.207848e-06	-4.065058e-09	-3.136301e+01	-2.660194e+02
3.090000e-06	-4.244491e-06	-4.074100e-09	-3.163612e+01	-2.668190e+02
3.100000e-06	-4.279638e-06	-4.082020e-09	-3.189809e+01	-2.676141e+02
3.110000e-06	-4.313374e-06	-4.090109e-09	-3.214954e+01	-2.683505e+02
3.120000e-06	-4.345690e-06	-4.100231e-09	-3.239041e+01	-2.689875e+02
3.130000e-06	-4.376416e-06	-4.110370e-09	-3.261943e+01	-2.695173e+02
3.140000e-06	-4.405393e-06	-4.120403e-09	-3.283541e+01	-2.699685e+02
3.150000e-06	-4.432818e-06	-4.127833e-09	-3.303981e+01	-2.703904e+02
3.160000e-06	-4.458739e-06	-4.135123e-09	-3.323301e+01	-2.708293e+02
3.170000e-06	-4.483127e-06	-4.141252e-09	-3.341479e+01	-2.713075e+02
3.180000e-06	-4.505925e-06	-4.147104e-09	-3.358471e+01	-2.718149e+02
3.190000e-06	-4.526928e-06	-4.154664e-09	-3.374126e+01	-2.723165e+02
3.200000e-06	-4.546305e-06	-4.162204e-09	-3.388568e+01	-2.727707e+02
3.210000e-06	-4.564247e-06	-4.166781e-09	-3.401942e+01	-2.731484e+02
3.220000e-06	-4.580697e-06	-4.169117e-09	-3.414203e+01	-2.734442e+02
3.230000e-06	-4.595382e-06	-4.171598e-09	-3.425148e+01	-2.736758e+02
3.240000e-06	-4.608028e-06	-4.175278e-09	-3.434573e+01	-2.738728e+02
3.250000e-06	-4.618847e-06	-4.180300e-09	-3.442637e+01	-2.740642e+02
3.260000e-06	-4.628099e-06	-4.185536e-09	-3.449533e+01	-2.742671e+02
3.270000e-06	-4.635820e-06	-4.189181e-09	-3.455288e+01	-2.744846e+02
3.280000e-06	-4.641811e-06	-4.192408e-09	-3.459753e+01	-2.747088e+02
3.290000e-06	-4.646028e-06	-4.194752e-09	-3.462897e+01	-2.749268e+02
3.300000e-06	-4.648717e-06	-4.193415e-09	-3.464901e+01	-2.751246e+02
3.310000e-06	-4.649925e-06	-4.191917e-09	-3.465801e+01	-2.752886e+02
