# Temperatura_=_20.0
# Concentracion g/m^3_=_4600.0
# C_Vs_to_Am_M_A/Vsm_=_65563218390.804596
# pendiente_HvsI_1/m_=_3716.3
# ordenada_HvsI_A/m_=_1297.0
# frecuencia_Hz_=_301646.3059610348

Tiempo_(s)	Campo_(V.s)	Magnetizacion_(V.s)	Campo_(kA/m)	Magnetizacion_(A/m)
0.000000e+00	-4.568178e-06	-3.481827e-09	-3.463798e+01	-2.279243e+02
1.000000e-08	-4.566864e-06	-3.484316e-09	-3.462802e+01	-2.280553e+02
2.000000e-08	-4.563839e-06	-3.485889e-09	-3.460508e+01	-2.280703e+02
3.000000e-08	-4.559450e-06	-3.488227e-09	-3.457180e+01	-2.280111e+02
4.000000e-08	-4.553671e-06	-3.490500e-09	-3.452799e+01	-2.279530e+02
5.000000e-08	-4.546505e-06	-3.491422e-09	-3.447365e+01	-2.279637e+02
6.000000e-08	-4.537998e-06	-3.492465e-09	-3.440915e+01	-2.280641e+02
7.000000e-08	-4.527808e-06	-3.490971e-09	-3.433188e+01	-2.282145e+02
8.000000e-08	-4.515794e-06	-3.492438e-09	-3.424078e+01	-2.283323e+02
9.000000e-08	-4.501934e-06	-3.512817e-09	-3.413569e+01	-2.283349e+02
1.000000e-07	-4.485869e-06	-3.500492e-09	-3.401387e+01	-2.281841e+02
1.100000e-07	-4.467757e-06	-3.485815e-09	-3.387654e+01	-2.279083e+02
1.200000e-07	-4.448193e-06	-3.478736e-09	-3.372820e+01	-2.275920e+02
1.300000e-07	-4.427477e-06	-3.444039e-09	-3.357112e+01	-2.273348e+02
1.400000e-07	-4.405690e-06	-3.509876e-09	-3.340593e+01	-2.272024e+02
1.500000e-07	-4.382689e-06	-3.497627e-09	-3.323152e+01	-2.271942e+02
1.600000e-07	-4.358366e-06	-3.417734e-09	-3.304709e+01	-2.272428e+02
1.700000e-07	-4.332599e-06	-3.525551e-09	-3.285172e+01	-2.272476e+02
1.800000e-07	-4.305071e-06	-3.505217e-09	-3.264298e+01	-2.271227e+02
1.900000e-07	-4.275928e-06	-3.418094e-09	-3.242201e+01	-2.268374e+02
2.000000e-07	-4.245531e-06	-3.489005e-09	-3.219152e+01	-2.264269e+02
2.100000e-07	-4.213802e-06	-3.429421e-09	-3.195095e+01	-2.259707e+02
2.200000e-07	-4.180380e-06	-3.373345e-09	-3.169752e+01	-2.255501e+02
2.300000e-07	-4.145342e-06	-3.440092e-09	-3.143185e+01	-2.252079e+02
2.400000e-07	-4.108898e-06	-3.407301e-09	-3.115551e+01	-2.249299e+02
2.500000e-07	-4.070943e-06	-3.411042e-09	-3.086772e+01	-2.246571e+02
2.600000e-07	-4.031499e-06	-3.445535e-09	-3.056864e+01	-2.243194e+02
2.700000e-07	-3.990458e-06	-3.391186e-09	-3.025745e+01	-2.238732e+02
2.800000e-07	-3.947773e-06	-3.395446e-09	-2.993379e+01	-2.233208e+02
2.900000e-07	-3.903631e-06	-3.406849e-09	-2.959909e+01	-2.227043e+02
3.000000e-07	-3.858070e-06	-3.378251e-09	-2.925362e+01	-2.220784e+02
3.100000e-07	-3.811088e-06	-3.372474e-09	-2.889738e+01	-2.214786e+02
3.200000e-07	-3.762581e-06	-3.357227e-09	-2.852958e+01	-2.209030e+02
3.300000e-07	-3.712294e-06	-3.329530e-09	-2.814828e+01	-2.203186e+02
3.400000e-07	-3.660310e-06	-3.321602e-09	-2.775412e+01	-2.196852e+02
3.500000e-07	-3.606977e-06	-3.343604e-09	-2.734972e+01	-2.189845e+02
3.600000e-07	-3.552418e-06	-3.337325e-09	-2.693603e+01	-2.182346e+02
3.700000e-07	-3.496791e-06	-3.311022e-09	-2.651425e+01	-2.174819e+02
3.800000e-07	-3.440000e-06	-3.308597e-09	-2.608363e+01	-2.167736e+02
3.900000e-07	-3.381649e-06	-3.295448e-09	-2.564118e+01	-2.161278e+02
4.000000e-07	-3.321989e-06	-3.279057e-09	-2.518882e+01	-2.155185e+02
4.100000e-07	-3.261346e-06	-3.256880e-09	-2.472900e+01	-2.148860e+02
4.200000e-07	-3.199594e-06	-3.237817e-09	-2.426076e+01	-2.141682e+02
4.300000e-07	-3.136759e-06	-3.235879e-09	-2.378432e+01	-2.133364e+02
4.400000e-07	-3.072994e-06	-3.217630e-09	-2.330082e+01	-2.124145e+02
4.500000e-07	-3.008059e-06	-3.205491e-09	-2.280845e+01	-2.114703e+02
4.600000e-07	-2.941678e-06	-3.219512e-09	-2.230513e+01	-2.105808e+02
4.700000e-07	-2.874211e-06	-3.207016e-09	-2.179356e+01	-2.097894e+02
4.800000e-07	-2.806016e-06	-3.169999e-09	-2.127648e+01	-2.090796e+02
4.900000e-07	-2.736905e-06	-3.154072e-09	-2.075245e+01	-2.083787e+02
5.000000e-07	-2.666716e-06	-3.157352e-09	-2.022024e+01	-2.075927e+02
5.100000e-07	-2.595635e-06	-3.137406e-09	-1.968127e+01	-2.066551e+02
5.200000e-07	-2.523786e-06	-3.107605e-09	-1.913648e+01	-2.055625e+02
5.300000e-07	-2.450966e-06	-3.100310e-09	-1.858433e+01	-2.043781e+02
5.400000e-07	-2.376875e-06	-3.089671e-09	-1.802254e+01	-2.031999e+02
5.500000e-07	-2.301677e-06	-3.067296e-09	-1.745235e+01	-2.021082e+02
5.600000e-07	-2.225632e-06	-3.049487e-09	-1.687574e+01	-2.011214e+02
5.700000e-07	-2.148703e-06	-3.042389e-09	-1.629244e+01	-2.001839e+02
5.800000e-07	-2.070915e-06	-3.020145e-09	-1.570261e+01	-1.991929e+02
5.900000e-07	-1.992294e-06	-2.987544e-09	-1.510647e+01	-1.980524e+02
6.000000e-07	-1.912774e-06	-2.970067e-09	-1.450352e+01	-1.967246e+02
6.100000e-07	-1.832359e-06	-2.955273e-09	-1.389377e+01	-1.952506e+02
6.200000e-07	-1.751210e-06	-2.929705e-09	-1.327846e+01	-1.937291e+02
6.300000e-07	-1.669516e-06	-2.906274e-09	-1.265902e+01	-1.922621e+02
6.400000e-07	-1.587291e-06	-2.894591e-09	-1.203556e+01	-1.908970e+02
6.500000e-07	-1.504518e-06	-2.875528e-09	-1.140794e+01	-1.895968e+02
6.600000e-07	-1.421335e-06	-2.847785e-09	-1.077720e+01	-1.882554e+02
6.700000e-07	-1.337812e-06	-2.823777e-09	-1.014389e+01	-1.867530e+02
6.800000e-07	-1.253891e-06	-2.797907e-09	-9.507562e+00	-1.850194e+02
6.900000e-07	-1.169563e-06	-2.763276e-09	-8.868153e+00	-1.830735e+02
7.000000e-07	-1.084983e-06	-2.730532e-09	-8.226829e+00	-1.810124e+02
7.100000e-07	-1.000131e-06	-2.704281e-09	-7.583445e+00	-1.789558e+02
7.200000e-07	-9.149062e-07	-2.675921e-09	-6.937231e+00	-1.769734e+02
7.300000e-07	-8.294156e-07	-2.645042e-09	-6.289003e+00	-1.750355e+02
7.400000e-07	-7.436592e-07	-2.613983e-09	-5.638758e+00	-1.730171e+02
7.500000e-07	-6.576598e-07	-2.578020e-09	-4.986672e+00	-1.707560e+02
7.600000e-07	-5.714320e-07	-2.534425e-09	-4.332855e+00	-1.681369e+02
7.700000e-07	-4.850179e-07	-2.491383e-09	-3.677624e+00	-1.651539e+02
7.800000e-07	-3.985125e-07	-2.449189e-09	-3.021701e+00	-1.619149e+02
7.900000e-07	-3.118927e-07	-2.400456e-09	-2.364911e+00	-1.585775e+02
8.000000e-07	-2.251675e-07	-2.343854e-09	-1.707321e+00	-1.552478e+02
8.100000e-07	-1.383589e-07	-2.285813e-09	-1.049099e+00	-1.518942e+02
8.200000e-07	-5.145457e-08	-2.226378e-09	-3.901517e-01	-1.483284e+02
8.300000e-07	3.551393e-08	-2.160792e-09	2.692826e-01	-1.442721e+02
8.400000e-07	1.224745e-07	-2.091091e-09	9.286567e-01	-1.394799e+02
8.500000e-07	2.094198e-07	-2.015597e-09	1.587915e+00	-1.338539e+02
8.600000e-07	2.962815e-07	-1.929457e-09	2.246539e+00	-1.274774e+02
8.700000e-07	3.830200e-07	-1.827889e-09	2.904230e+00	-1.205299e+02
8.800000e-07	4.696799e-07	-1.711634e-09	3.561324e+00	-1.131025e+02
8.900000e-07	5.562040e-07	-1.578348e-09	4.217389e+00	-1.049951e+02
9.000000e-07	6.425142e-07	-1.420733e-09	4.871832e+00	-9.560272e+01
9.100000e-07	7.286252e-07	-1.234343e-09	5.524764e+00	-8.397635e+01
9.200000e-07	8.145371e-07	-1.011865e-09	6.176187e+00	-6.907766e+01
9.300000e-07	9.001735e-07	-7.425539e-10	6.825520e+00	-5.015913e+01
9.400000e-07	9.854721e-07	-4.118841e-10	7.472293e+00	-2.713406e+01
9.500000e-07	1.070427e-06	-1.403580e-11	8.116459e+00	-7.857007e-01
9.600000e-07	1.154989e-06	4.366178e-10	8.757649e+00	2.728765e+01
9.700000e-07	1.239160e-06	8.891334e-10	9.395869e+00	5.499896e+01
9.800000e-07	1.322990e-06	1.281499e-09	1.003151e+01	8.027338e+01
9.900000e-07	1.406510e-06	1.585249e-09	1.066479e+01	1.015564e+02
1.000000e-06	1.489593e-06	1.809407e-09	1.129477e+01	1.181572e+02
1.010000e-06	1.572070e-06	1.979088e-09	1.192014e+01	1.303166e+02
1.020000e-06	1.653922e-06	2.111645e-09	1.254078e+01	1.389942e+02
1.030000e-06	1.735069e-06	2.220541e-09	1.315608e+01	1.454705e+02
1.040000e-06	1.815541e-06	2.313219e-09	1.376625e+01	1.509209e+02
1.050000e-06	1.895409e-06	2.395599e-09	1.437185e+01	1.561122e+02
1.060000e-06	1.974542e-06	2.470476e-09	1.497186e+01	1.613084e+02
1.070000e-06	2.052876e-06	2.537150e-09	1.556583e+01	1.663809e+02
1.080000e-06	2.130472e-06	2.598094e-09	1.615419e+01	1.710382e+02
1.090000e-06	2.207305e-06	2.654977e-09	1.673678e+01	1.750569e+02
1.100000e-06	2.283422e-06	2.708188e-09	1.731393e+01	1.784151e+02
1.110000e-06	2.358791e-06	2.755725e-09	1.788542e+01	1.812896e+02
1.120000e-06	2.433156e-06	2.800223e-09	1.844928e+01	1.839460e+02
1.130000e-06	2.506319e-06	2.840127e-09	1.900404e+01	1.865964e+02
1.140000e-06	2.578427e-06	2.875910e-09	1.955080e+01	1.893033e+02
1.150000e-06	2.649686e-06	2.908828e-09	2.009111e+01	1.919741e+02
1.160000e-06	2.720083e-06	2.940756e-09	2.062489e+01	1.944375e+02
1.170000e-06	2.789539e-06	2.972800e-09	2.115154e+01	1.965545e+02
1.180000e-06	2.858034e-06	3.001380e-09	2.167090e+01	1.983006e+02
1.190000e-06	2.925727e-06	3.027591e-09	2.218418e+01	1.997794e+02
1.200000e-06	2.992492e-06	3.052832e-09	2.269042e+01	2.011644e+02
1.210000e-06	3.057945e-06	3.074982e-09	2.318672e+01	2.026065e+02
1.220000e-06	3.122137e-06	3.094098e-09	2.367345e+01	2.041579e+02
1.230000e-06	3.185256e-06	3.112860e-09	2.415204e+01	2.057527e+02
1.240000e-06	3.247323e-06	3.129912e-09	2.462267e+01	2.072522e+02
1.250000e-06	3.308321e-06	3.146123e-09	2.508518e+01	2.085259e+02
1.260000e-06	3.368345e-06	3.162979e-09	2.554031e+01	2.095269e+02
1.270000e-06	3.427294e-06	3.180864e-09	2.598729e+01	2.103176e+02
1.280000e-06	3.484746e-06	3.196495e-09	2.642291e+01	2.110383e+02
1.290000e-06	3.540728e-06	3.209650e-09	2.684739e+01	2.118337e+02
1.300000e-06	3.595455e-06	3.223241e-09	2.726236e+01	2.127791e+02
1.310000e-06	3.648917e-06	3.236072e-09	2.766773e+01	2.138456e+02
1.320000e-06	3.701013e-06	3.248481e-09	2.806275e+01	2.149194e+02
1.330000e-06	3.751458e-06	3.261343e-09	2.844525e+01	2.158655e+02
1.340000e-06	3.800192e-06	3.273206e-09	2.881476e+01	2.165992e+02
1.350000e-06	3.847511e-06	3.283336e-09	2.917356e+01	2.171301e+02
1.360000e-06	3.893520e-06	3.292928e-09	2.952242e+01	2.175547e+02
1.370000e-06	3.938225e-06	3.303093e-09	2.986140e+01	2.180046e+02
1.380000e-06	3.981743e-06	3.312951e-09	3.019137e+01	2.185785e+02
1.390000e-06	4.023743e-06	3.322710e-09	3.050983e+01	2.192930e+02
1.400000e-06	4.064108e-06	3.332656e-09	3.081590e+01	2.200786e+02
1.410000e-06	4.103147e-06	3.342072e-09	3.111191e+01	2.208193e+02
1.420000e-06	4.140828e-06	3.349215e-09	3.139762e+01	2.214153e+02
1.430000e-06	4.177185e-06	3.354412e-09	3.167329e+01	2.218338e+02
1.440000e-06	4.212139e-06	3.360879e-09	3.193834e+01	2.221234e+02
1.450000e-06	4.245372e-06	3.368955e-09	3.219032e+01	2.223854e+02
1.460000e-06	4.277026e-06	3.376431e-09	3.243034e+01	2.227191e+02
1.470000e-06	4.307324e-06	3.382966e-09	3.266007e+01	2.231705e+02
1.480000e-06	4.336237e-06	3.389638e-09	3.287930e+01	2.237119e+02
1.490000e-06	4.363781e-06	3.396546e-09	3.308815e+01	2.242603e+02
1.500000e-06	4.389633e-06	3.401864e-09	3.328418e+01	2.247244e+02
1.510000e-06	4.413723e-06	3.406144e-09	3.346684e+01	2.250537e+02
1.520000e-06	4.436267e-06	3.411440e-09	3.363777e+01	2.252628e+02
1.530000e-06	4.457284e-06	3.417469e-09	3.379713e+01	2.254209e+02
1.540000e-06	4.477007e-06	3.423228e-09	3.394669e+01	2.256120e+02
1.550000e-06	4.495202e-06	3.427966e-09	3.408464e+01	2.258892e+02
1.560000e-06	4.511555e-06	3.432428e-09	3.420864e+01	2.262481e+02
1.570000e-06	4.526205e-06	3.437569e-09	3.431972e+01	2.266328e+02
1.580000e-06	4.539218e-06	3.442052e-09	3.441840e+01	2.269691e+02
1.590000e-06	4.550490e-06	3.444643e-09	3.450386e+01	2.272074e+02
1.600000e-06	4.559820e-06	3.448763e-09	3.457461e+01	2.273495e+02
1.610000e-06	4.567399e-06	3.454019e-09	3.463208e+01	2.274460e+02
1.620000e-06	4.573430e-06	3.459024e-09	3.467780e+01	2.275660e+02
1.630000e-06	4.577968e-06	3.462306e-09	3.471221e+01	2.277564e+02
1.640000e-06	4.580954e-06	3.463893e-09	3.473486e+01	2.280144e+02
1.650000e-06	4.582121e-06	3.467506e-09	3.474370e+01	2.282877e+02
1.660000e-06	4.581620e-06	3.470713e-09	3.473991e+01	2.285034e+02
1.670000e-06	4.579735e-06	3.472332e-09	3.472561e+01	2.286093e+02
1.680000e-06	4.576489e-06	3.473624e-09	3.470100e+01	2.286038e+02
1.690000e-06	4.571921e-06	3.474591e-09	3.466636e+01	2.285387e+02
1.700000e-06	4.565693e-06	3.476084e-09	3.461914e+01	2.284913e+02
1.710000e-06	4.557784e-06	3.476241e-09	3.455917e+01	2.285221e+02
1.720000e-06	4.548546e-06	3.478036e-09	3.448912e+01	2.286391e+02
1.730000e-06	4.538003e-06	3.483569e-09	3.440918e+01	2.287908e+02
1.740000e-06	4.526024e-06	3.453265e-09	3.431835e+01	2.288905e+02
1.750000e-06	4.511993e-06	3.457698e-09	3.421196e+01	2.288619e+02
1.760000e-06	4.495475e-06	3.468046e-09	3.408671e+01	2.286802e+02
1.770000e-06	4.476760e-06	3.473482e-09	3.394481e+01	2.283879e+02
1.780000e-06	4.456782e-06	3.509405e-09	3.379332e+01	2.280769e+02
1.790000e-06	4.436409e-06	3.438466e-09	3.363885e+01	2.278434e+02
1.800000e-06	4.415114e-06	3.454587e-09	3.347738e+01	2.277409e+02
1.810000e-06	4.391652e-06	3.510626e-09	3.329948e+01	2.277529e+02
1.820000e-06	4.366356e-06	3.390883e-09	3.310768e+01	2.278014e+02
1.830000e-06	4.340010e-06	3.439121e-09	3.290791e+01	2.277848e+02
1.840000e-06	4.312138e-06	3.527577e-09	3.269657e+01	2.276264e+02
1.850000e-06	4.282489e-06	3.419529e-09	3.247176e+01	2.273099e+02
1.860000e-06	4.251221e-06	3.465260e-09	3.223467e+01	2.268827e+02
1.870000e-06	4.218364e-06	3.512611e-09	3.198553e+01	2.264286e+02
1.880000e-06	4.184176e-06	3.434060e-09	3.172630e+01	2.260236e+02
1.890000e-06	4.148644e-06	3.494161e-09	3.145688e+01	2.256989e+02
1.900000e-06	4.111458e-06	3.448166e-09	3.117493e+01	2.254286e+02
1.910000e-06	4.072645e-06	3.394561e-09	3.088063e+01	2.251479e+02
1.920000e-06	4.032186e-06	3.477996e-09	3.057385e+01	2.247898e+02
1.930000e-06	3.990327e-06	3.404475e-09	3.025645e+01	2.243196e+02
1.940000e-06	3.947376e-06	3.403581e-09	2.993078e+01	2.237495e+02
1.950000e-06	3.903060e-06	3.438440e-09	2.959475e+01	2.231272e+02
1.960000e-06	3.857190e-06	3.371048e-09	2.924695e+01	2.225057e+02
1.970000e-06	3.809793e-06	3.396890e-09	2.888757e+01	2.219131e+02
1.980000e-06	3.760925e-06	3.400189e-09	2.851703e+01	2.213397e+02
1.990000e-06	3.710772e-06	3.389400e-09	2.813674e+01	2.207483e+02
2.000000e-06	3.659302e-06	3.371997e-09	2.774647e+01	2.201015e+02
2.010000e-06	3.606367e-06	3.329744e-09	2.734510e+01	2.193881e+02
2.020000e-06	3.551852e-06	3.355454e-09	2.693174e+01	2.186338e+02
2.030000e-06	3.495827e-06	3.312276e-09	2.650693e+01	2.178878e+02
2.040000e-06	3.438541e-06	3.295536e-09	2.607257e+01	2.171933e+02
2.050000e-06	3.380065e-06	3.329196e-09	2.562917e+01	2.165596e+02
2.060000e-06	3.320598e-06	3.309516e-09	2.517826e+01	2.159516e+02
2.070000e-06	3.260220e-06	3.306209e-09	2.472046e+01	2.153060e+02
2.080000e-06	3.198479e-06	3.270198e-09	2.425231e+01	2.145651e+02
2.090000e-06	3.135253e-06	3.286224e-09	2.377290e+01	2.137107e+02
2.100000e-06	3.070966e-06	3.282467e-09	2.328545e+01	2.127779e+02
2.110000e-06	3.005743e-06	3.213938e-09	2.279090e+01	2.118401e+02
2.120000e-06	2.939446e-06	3.223824e-09	2.228820e+01	2.109703e+02
2.130000e-06	2.872170e-06	3.228656e-09	2.177808e+01	2.102006e+02
2.140000e-06	2.804070e-06	3.211827e-09	2.126172e+01	2.095009e+02
2.150000e-06	2.734880e-06	3.181498e-09	2.073709e+01	2.087900e+02
2.160000e-06	2.664360e-06	3.180728e-09	2.020238e+01	2.079759e+02
2.170000e-06	2.592728e-06	3.190516e-09	1.965923e+01	2.070035e+02
2.180000e-06	2.520318e-06	3.145805e-09	1.911018e+01	2.058845e+02
2.190000e-06	2.447093e-06	3.129717e-09	1.855496e+01	2.046936e+02
2.200000e-06	2.372971e-06	3.131496e-09	1.799294e+01	2.035294e+02
2.210000e-06	2.298020e-06	3.117127e-09	1.742462e+01	2.024618e+02
2.220000e-06	2.222091e-06	3.081198e-09	1.684889e+01	2.014931e+02
2.230000e-06	2.145149e-06	3.062130e-09	1.626549e+01	2.005540e+02
2.240000e-06	2.067113e-06	3.068546e-09	1.567378e+01	1.995383e+02
2.250000e-06	1.988043e-06	3.047404e-09	1.507424e+01	1.983588e+02
2.260000e-06	1.908244e-06	3.023258e-09	1.446916e+01	1.969942e+02
2.270000e-06	1.827865e-06	3.011203e-09	1.385970e+01	1.955012e+02
2.280000e-06	1.746952e-06	2.994652e-09	1.324618e+01	1.939844e+02
2.290000e-06	1.665414e-06	2.962627e-09	1.262792e+01	1.925386e+02
2.300000e-06	1.583286e-06	2.933345e-09	1.200519e+01	1.911940e+02
2.310000e-06	1.500667e-06	2.915419e-09	1.137873e+01	1.898960e+02
2.320000e-06	1.417576e-06	2.889348e-09	1.074870e+01	1.885300e+02
2.330000e-06	1.334068e-06	2.862598e-09	1.011550e+01	1.869818e+02
2.340000e-06	1.250220e-06	2.844029e-09	9.479727e+00	1.851986e+02
2.350000e-06	1.166144e-06	2.825060e-09	8.842229e+00	1.832185e+02
2.360000e-06	1.081791e-06	2.798333e-09	8.202628e+00	1.811495e+02
2.370000e-06	9.970691e-07	2.766220e-09	7.560227e+00	1.791064e+02
2.380000e-06	9.120230e-07	2.731074e-09	6.915369e+00	1.771403e+02
2.390000e-06	8.265551e-07	2.692561e-09	6.267313e+00	1.751988e+02
2.400000e-06	7.406254e-07	2.655645e-09	5.615755e+00	1.731423e+02
2.410000e-06	6.542691e-07	2.622446e-09	4.960963e+00	1.708117e+02
2.420000e-06	5.675259e-07	2.583335e-09	4.303237e+00	1.681113e+02
2.430000e-06	4.804538e-07	2.537597e-09	3.643017e+00	1.650619e+02
2.440000e-06	3.932218e-07	2.495040e-09	2.981584e+00	1.617893e+02
2.450000e-06	3.059724e-07	2.453642e-09	2.320020e+00	1.584490e+02
2.460000e-06	2.185528e-07	2.402566e-09	1.657166e+00	1.551230e+02
2.470000e-06	1.309859e-07	2.344385e-09	9.931944e-01	1.517449e+02
2.480000e-06	4.343152e-08	2.283194e-09	3.293174e-01	1.480990e+02
2.490000e-06	-4.416224e-08	2.213855e-09	-3.348580e-01	1.439026e+02
2.500000e-06	-1.318079e-07	2.135869e-09	-9.994265e-01	1.389341e+02
2.510000e-06	-2.193280e-07	2.051792e-09	-1.663044e+00	1.331354e+02
2.520000e-06	-3.067337e-07	1.961348e-09	-2.325793e+00	1.266219e+02
2.530000e-06	-3.940597e-07	1.860384e-09	-2.987938e+00	1.195715e+02
2.540000e-06	-4.811894e-07	1.744401e-09	-3.648594e+00	1.120289e+02
2.550000e-06	-5.681103e-07	1.609389e-09	-4.307668e+00	1.037117e+02
2.560000e-06	-6.548080e-07	1.449405e-09	-4.965049e+00	9.392913e+01
2.570000e-06	-7.411094e-07	1.255400e-09	-5.619425e+00	8.168583e+01
2.580000e-06	-8.269391e-07	1.021729e-09	-6.270225e+00	6.597173e+01
2.590000e-06	-9.123616e-07	7.391974e-10	-6.917936e+00	4.615308e+01
2.600000e-06	-9.973820e-07	3.940210e-10	-7.562599e+00	2.231995e+01
2.610000e-06	-1.082010e-06	-1.706852e-11	-8.204290e+00	-4.555261e+00
2.620000e-06	-1.166251e-06	-4.716393e-10	-8.843041e+00	-3.273398e+01
2.630000e-06	-1.250158e-06	-9.177387e-10	-9.479262e+00	-6.008657e+01
2.640000e-06	-1.333747e-06	-1.299621e-09	-1.011307e+01	-8.461012e+01
2.650000e-06	-1.416864e-06	-1.594540e-09	-1.074330e+01	-1.049146e+02
2.660000e-06	-1.499437e-06	-1.815506e-09	-1.136941e+01	-1.205134e+02
2.670000e-06	-1.581528e-06	-1.983914e-09	-1.199186e+01	-1.318277e+02
2.680000e-06	-1.663047e-06	-2.116908e-09	-1.260997e+01	-1.399227e+02
2.690000e-06	-1.743942e-06	-2.226326e-09	-1.322335e+01	-1.460902e+02
2.700000e-06	-1.824315e-06	-2.320415e-09	-1.383277e+01	-1.514372e+02
2.710000e-06	-1.904197e-06	-2.404553e-09	-1.443848e+01	-1.566229e+02
2.720000e-06	-1.983429e-06	-2.480154e-09	-1.503925e+01	-1.618123e+02
2.730000e-06	-2.061614e-06	-2.547138e-09	-1.563208e+01	-1.668206e+02
2.740000e-06	-2.138676e-06	-2.608077e-09	-1.621640e+01	-1.713535e+02
2.750000e-06	-2.214844e-06	-2.667129e-09	-1.679394e+01	-1.752242e+02
2.760000e-06	-2.290165e-06	-2.724176e-09	-1.736506e+01	-1.784581e+02
2.770000e-06	-2.364665e-06	-2.776424e-09	-1.792995e+01	-1.812628e+02
2.780000e-06	-2.438409e-06	-2.824606e-09	-1.848911e+01	-1.839036e+02
2.790000e-06	-2.511348e-06	-2.870339e-09	-1.904217e+01	-1.865661e+02
2.800000e-06	-2.583547e-06	-2.913002e-09	-1.958962e+01	-1.892768e+02
2.810000e-06	-2.654972e-06	-2.948842e-09	-2.013119e+01	-1.919175e+02
2.820000e-06	-2.725250e-06	-2.978277e-09	-2.066407e+01	-1.943148e+02
2.830000e-06	-2.794306e-06	-3.006277e-09	-2.118769e+01	-1.963490e+02
2.840000e-06	-2.862388e-06	-3.033952e-09	-2.170391e+01	-1.980249e+02
2.850000e-06	-2.929511e-06	-3.061124e-09	-2.221287e+01	-1.994678e+02
2.860000e-06	-2.995657e-06	-3.089551e-09	-2.271442e+01	-2.008542e+02
2.870000e-06	-3.060849e-06	-3.118065e-09	-2.320873e+01	-2.023190e+02
2.880000e-06	-3.125118e-06	-3.141773e-09	-2.369605e+01	-2.038881e+02
2.890000e-06	-3.188216e-06	-3.161426e-09	-2.417449e+01	-2.054747e+02
2.900000e-06	-3.249815e-06	-3.180938e-09	-2.464156e+01	-2.069343e+02
2.910000e-06	-3.310185e-06	-3.199344e-09	-2.509931e+01	-2.081492e+02
2.920000e-06	-3.369522e-06	-3.214292e-09	-2.554923e+01	-2.090957e+02
2.930000e-06	-3.427715e-06	-3.228827e-09	-2.599048e+01	-2.098577e+02
2.940000e-06	-3.484679e-06	-3.243797e-09	-2.642241e+01	-2.105830e+02
2.950000e-06	-3.540479e-06	-3.256678e-09	-2.684551e+01	-2.114070e+02
2.960000e-06	-3.594841e-06	-3.269350e-09	-2.725770e+01	-2.123838e+02
2.970000e-06	-3.647502e-06	-3.283545e-09	-2.765700e+01	-2.134627e+02
2.980000e-06	-3.698755e-06	-3.298204e-09	-2.804563e+01	-2.145192e+02
2.990000e-06	-3.748590e-06	-3.311623e-09	-2.842349e+01	-2.154235e+02
3.000000e-06	-3.796758e-06	-3.322899e-09	-2.878873e+01	-2.161089e+02
3.010000e-06	-3.843379e-06	-3.332707e-09	-2.914223e+01	-2.166061e+02
3.020000e-06	-3.888700e-06	-3.339826e-09	-2.948588e+01	-2.170246e+02
3.030000e-06	-3.932894e-06	-3.345538e-09	-2.982097e+01	-2.174945e+02
3.040000e-06	-3.975949e-06	-3.353880e-09	-3.014744e+01	-2.180997e+02
3.050000e-06	-4.017647e-06	-3.364307e-09	-3.046361e+01	-2.188372e+02
3.060000e-06	-4.058092e-06	-3.375109e-09	-3.077028e+01	-2.196228e+02
3.070000e-06	-4.097220e-06	-3.384616e-09	-3.106697e+01	-2.203386e+02
3.080000e-06	-4.134659e-06	-3.392717e-09	-3.135085e+01	-2.208959e+02
3.090000e-06	-4.170593e-06	-3.400656e-09	-3.162331e+01	-2.212796e+02
3.100000e-06	-4.205163e-06	-3.407298e-09	-3.188544e+01	-2.215534e+02
3.110000e-06	-4.238312e-06	-3.413100e-09	-3.213679e+01	-2.218230e+02
3.120000e-06	-4.270044e-06	-3.418142e-09	-3.237739e+01	-2.221799e+02
3.130000e-06	-4.300080e-06	-3.423083e-09	-3.260514e+01	-2.226548e+02
3.140000e-06	-4.328469e-06	-3.428673e-09	-3.282040e+01	-2.232051e+02
3.150000e-06	-4.355418e-06	-3.434674e-09	-3.302474e+01	-2.237418e+02
3.160000e-06	-4.380825e-06	-3.440704e-09	-3.321739e+01	-2.241787e+02
3.170000e-06	-4.404764e-06	-3.445863e-09	-3.339890e+01	-2.244781e+02
3.180000e-06	-4.427067e-06	-3.450779e-09	-3.356801e+01	-2.246687e+02
3.190000e-06	-4.447679e-06	-3.453941e-09	-3.372430e+01	-2.248266e+02
3.200000e-06	-4.466845e-06	-3.457446e-09	-3.386963e+01	-2.250329e+02
3.210000e-06	-4.484514e-06	-3.462148e-09	-3.400361e+01	-2.253294e+02
3.220000e-06	-4.500651e-06	-3.465411e-09	-3.412596e+01	-2.256993e+02
3.230000e-06	-4.514912e-06	-3.467012e-09	-3.423410e+01	-2.260790e+02
3.240000e-06	-4.527193e-06	-3.468109e-09	-3.432722e+01	-2.263964e+02
3.250000e-06	-4.537863e-06	-3.470539e-09	-3.440812e+01	-2.266115e+02
3.260000e-06	-4.547028e-06	-3.474105e-09	-3.447761e+01	-2.267377e+02
3.270000e-06	-4.554608e-06	-3.478134e-09	-3.453509e+01	-2.268330e+02
3.280000e-06	-4.560351e-06	-3.483190e-09	-3.457864e+01	-2.269650e+02
3.290000e-06	-4.564397e-06	-3.487173e-09	-3.460931e+01	-2.271715e+02
3.300000e-06	-4.567002e-06	-3.487139e-09	-3.462906e+01	-2.274378e+02
3.310000e-06	-4.568135e-06	-3.484097e-09	-3.463765e+01	-2.277042e+02
