# Temperatura_=_20.0
# Concentracion g/m^3_=_4600.0
# C_Vs_to_Am_M_A/Vsm_=_65563218390.804596
# pendiente_HvsI_1/m_=_3716.3
# ordenada_HvsI_A/m_=_1297.0
# frecuencia_Hz_=_301638.0280137961

Tiempo_(s)	Campo_(V.s)	Magnetizacion_(V.s)	Campo_(kA/m)	Magnetizacion_(A/m)
0.000000e+00	-4.568672e-06	-3.548932e-09	-3.463756e+01	-2.323293e+02
1.000000e-08	-4.567419e-06	-3.549080e-09	-3.462806e+01	-2.324113e+02
2.000000e-08	-4.564459e-06	-3.550696e-09	-3.460562e+01	-2.324122e+02
3.000000e-08	-4.560095e-06	-3.552904e-09	-3.457253e+01	-2.323557e+02
4.000000e-08	-4.554351e-06	-3.555033e-09	-3.452898e+01	-2.322908e+02
5.000000e-08	-4.547216e-06	-3.555156e-09	-3.447488e+01	-2.322627e+02
6.000000e-08	-4.538740e-06	-3.553986e-09	-3.441062e+01	-2.322858e+02
7.000000e-08	-4.528585e-06	-3.551859e-09	-3.433364e+01	-2.323339e+02
8.000000e-08	-4.516654e-06	-3.553080e-09	-3.424318e+01	-2.323548e+02
9.000000e-08	-4.502854e-06	-3.562276e-09	-3.413856e+01	-2.323006e+02
1.000000e-07	-4.486811e-06	-3.562418e-09	-3.401692e+01	-2.321563e+02
1.100000e-07	-4.468746e-06	-3.555601e-09	-3.387997e+01	-2.319512e+02
1.200000e-07	-4.449262e-06	-3.540987e-09	-3.373224e+01	-2.317434e+02
1.300000e-07	-4.428631e-06	-3.527137e-09	-3.357583e+01	-2.315872e+02
1.400000e-07	-4.406878e-06	-3.538946e-09	-3.341091e+01	-2.314992e+02
1.500000e-07	-4.383877e-06	-3.531488e-09	-3.323653e+01	-2.314432e+02
1.600000e-07	-4.359596e-06	-3.525619e-09	-3.305244e+01	-2.313431e+02
1.700000e-07	-4.333949e-06	-3.534705e-09	-3.285800e+01	-2.311187e+02
1.800000e-07	-4.306563e-06	-3.513845e-09	-3.265037e+01	-2.307273e+02
1.900000e-07	-4.277515e-06	-3.495889e-09	-3.243014e+01	-2.301880e+02
2.000000e-07	-4.247174e-06	-3.491165e-09	-3.220011e+01	-2.295774e+02
2.100000e-07	-4.215473e-06	-3.465174e-09	-3.195976e+01	-2.289960e+02
2.200000e-07	-4.182072e-06	-3.457236e-09	-3.170653e+01	-2.285235e+02
2.300000e-07	-4.147027e-06	-3.457215e-09	-3.144084e+01	-2.281839e+02
2.400000e-07	-4.110528e-06	-3.447608e-09	-3.116412e+01	-2.279392e+02
2.500000e-07	-4.072533e-06	-3.465502e-09	-3.087606e+01	-2.277119e+02
2.600000e-07	-4.033106e-06	-3.463688e-09	-3.057715e+01	-2.274255e+02
2.700000e-07	-3.992135e-06	-3.449582e-09	-3.026652e+01	-2.270409e+02
2.800000e-07	-3.949514e-06	-3.450829e-09	-2.994339e+01	-2.265700e+02
2.900000e-07	-3.905405e-06	-3.439006e-09	-2.960897e+01	-2.260607e+02
3.000000e-07	-3.859855e-06	-3.428911e-09	-2.926364e+01	-2.255636e+02
3.100000e-07	-3.812929e-06	-3.429513e-09	-2.890787e+01	-2.250997e+02
3.200000e-07	-3.764461e-06	-3.415068e-09	-2.854040e+01	-2.246481e+02
3.300000e-07	-3.714203e-06	-3.397747e-09	-2.815937e+01	-2.241594e+02
3.400000e-07	-3.662288e-06	-3.390407e-09	-2.776577e+01	-2.235882e+02
3.500000e-07	-3.608986e-06	-3.388621e-09	-2.736166e+01	-2.229245e+02
3.600000e-07	-3.554435e-06	-3.379417e-09	-2.694808e+01	-2.222055e+02
3.700000e-07	-3.498822e-06	-3.371195e-09	-2.652645e+01	-2.214986e+02
3.800000e-07	-3.442004e-06	-3.368206e-09	-2.609568e+01	-2.208653e+02
3.900000e-07	-3.383636e-06	-3.357740e-09	-2.565316e+01	-2.203249e+02
4.000000e-07	-3.323984e-06	-3.348430e-09	-2.520091e+01	-2.198381e+02
4.100000e-07	-3.263233e-06	-3.331780e-09	-2.474033e+01	-2.193239e+02
4.200000e-07	-3.201353e-06	-3.314695e-09	-2.427118e+01	-2.186996e+02
4.300000e-07	-3.138487e-06	-3.301010e-09	-2.379456e+01	-2.179255e+02
4.400000e-07	-3.074738e-06	-3.285951e-09	-2.331124e+01	-2.170282e+02
4.500000e-07	-3.009753e-06	-3.282270e-09	-2.281856e+01	-2.160898e+02
4.600000e-07	-2.943324e-06	-3.283120e-09	-2.231492e+01	-2.152058e+02
4.700000e-07	-2.875872e-06	-3.271669e-09	-2.180353e+01	-2.144338e+02
4.800000e-07	-2.807689e-06	-3.251433e-09	-2.128660e+01	-2.137596e+02
4.900000e-07	-2.738643e-06	-3.237190e-09	-2.076312e+01	-2.131010e+02
5.000000e-07	-2.668542e-06	-3.226333e-09	-2.023165e+01	-2.123478e+02
5.100000e-07	-2.597490e-06	-3.207622e-09	-1.969297e+01	-2.114187e+02
5.200000e-07	-2.525692e-06	-3.187866e-09	-1.914863e+01	-2.103058e+02
5.300000e-07	-2.452896e-06	-3.175865e-09	-1.859672e+01	-2.090805e+02
5.400000e-07	-2.378757e-06	-3.161810e-09	-1.803463e+01	-2.078588e+02
5.500000e-07	-2.303508e-06	-3.142851e-09	-1.746413e+01	-2.067402e+02
5.600000e-07	-2.227419e-06	-3.124836e-09	-1.688726e+01	-2.057540e+02
5.700000e-07	-2.150440e-06	-3.110848e-09	-1.630364e+01	-2.048408e+02
5.800000e-07	-2.072593e-06	-3.091837e-09	-1.571344e+01	-2.038807e+02
5.900000e-07	-1.993943e-06	-3.067534e-09	-1.511715e+01	-2.027537e+02
6.000000e-07	-1.914353e-06	-3.048022e-09	-1.451374e+01	-2.014027e+02
6.100000e-07	-1.833852e-06	-3.029070e-09	-1.390342e+01	-1.998637e+02
6.200000e-07	-1.752704e-06	-3.006445e-09	-1.328819e+01	-1.982469e+02
6.300000e-07	-1.671033e-06	-2.981823e-09	-1.266900e+01	-1.966784e+02
6.400000e-07	-1.588805e-06	-2.961580e-09	-1.204558e+01	-1.952308e+02
6.500000e-07	-1.506011e-06	-2.942294e-09	-1.141788e+01	-1.938823e+02
6.600000e-07	-1.422788e-06	-2.920330e-09	-1.078692e+01	-1.925253e+02
6.700000e-07	-1.339205e-06	-2.897388e-09	-1.015323e+01	-1.910216e+02
6.800000e-07	-1.255207e-06	-2.869415e-09	-9.516400e+00	-1.892758e+02
6.900000e-07	-1.170843e-06	-2.835748e-09	-8.876791e+00	-1.872862e+02
7.000000e-07	-1.086242e-06	-2.802760e-09	-8.235387e+00	-1.851443e+02
7.100000e-07	-1.001353e-06	-2.773187e-09	-7.591796e+00	-1.829818e+02
7.200000e-07	-9.160825e-07	-2.742184e-09	-6.945314e+00	-1.808920e+02
7.300000e-07	-8.305232e-07	-2.710419e-09	-6.296643e+00	-1.788686e+02
7.400000e-07	-7.447462e-07	-2.678195e-09	-5.646321e+00	-1.767982e+02
7.500000e-07	-6.587913e-07	-2.641427e-09	-4.994651e+00	-1.745130e+02
7.600000e-07	-5.726639e-07	-2.600025e-09	-4.341672e+00	-1.718784e+02
7.700000e-07	-4.863199e-07	-2.555916e-09	-3.687052e+00	-1.688668e+02
7.800000e-07	-3.997918e-07	-2.509033e-09	-3.031037e+00	-1.655746e+02
7.900000e-07	-3.131663e-07	-2.457191e-09	-2.374282e+00	-1.621658e+02
8.000000e-07	-2.263979e-07	-2.402562e-09	-1.716444e+00	-1.587685e+02
8.100000e-07	-1.394909e-07	-2.347517e-09	-1.057555e+00	-1.553766e+02
8.200000e-07	-5.256802e-08	-2.288540e-09	-3.985464e-01	-1.518160e+02
8.300000e-07	3.438267e-08	-2.221640e-09	2.606735e-01	-1.477990e+02
8.400000e-07	1.213553e-07	-2.148948e-09	9.200599e-01	-1.430485e+02
8.500000e-07	2.082861e-07	-2.071442e-09	1.579129e+00	-1.374257e+02
8.600000e-07	2.951485e-07	-1.985039e-09	2.237679e+00	-1.309854e+02
8.700000e-07	3.819206e-07	-1.884323e-09	2.895545e+00	-1.239107e+02
8.800000e-07	4.686256e-07	-1.767121e-09	3.552902e+00	-1.163347e+02
8.900000e-07	5.551887e-07	-1.632248e-09	4.209184e+00	-1.081263e+02
9.000000e-07	6.415296e-07	-1.475179e-09	4.863780e+00	-9.874708e+01
9.100000e-07	7.276557e-07	-1.290588e-09	5.516749e+00	-8.727814e+01
9.200000e-07	8.135405e-07	-1.069504e-09	6.167888e+00	-7.264934e+01
9.300000e-07	8.991455e-07	-8.014413e-10	6.816905e+00	-5.401578e+01
9.400000e-07	9.844902e-07	-4.732581e-10	7.463949e+00	-3.115099e+01
9.500000e-07	1.069500e-06	-7.728656e-11	8.108455e+00	-4.699453e+00
9.600000e-07	1.154094e-06	3.750838e-10	8.749808e+00	2.382981e+01
9.700000e-07	1.238332e-06	8.384138e-10	9.388462e+00	5.235486e+01
9.800000e-07	1.322218e-06	1.251867e-09	1.002445e+01	7.871467e+01
9.900000e-07	1.405747e-06	1.579888e-09	1.065773e+01	1.012018e+02
1.000000e-06	1.488812e-06	1.824008e-09	1.128749e+01	1.189525e+02
1.010000e-06	1.571337e-06	2.006389e-09	1.191315e+01	1.320674e+02
1.020000e-06	1.653264e-06	2.146495e-09	1.253428e+01	1.414354e+02
1.030000e-06	1.734513e-06	2.261030e-09	1.315028e+01	1.483471e+02
1.040000e-06	1.815026e-06	2.359084e-09	1.376069e+01	1.540492e+02
1.050000e-06	1.894824e-06	2.446184e-09	1.436568e+01	1.594034e+02
1.060000e-06	1.973941e-06	2.524813e-09	1.496551e+01	1.647516e+02
1.070000e-06	2.052326e-06	2.594525e-09	1.555979e+01	1.699998e+02
1.080000e-06	2.129932e-06	2.657669e-09	1.614816e+01	1.748451e+02
1.090000e-06	2.206780e-06	2.715452e-09	1.673078e+01	1.790250e+02
1.100000e-06	2.282896e-06	2.769850e-09	1.730786e+01	1.824798e+02
1.110000e-06	2.358215e-06	2.819493e-09	1.787890e+01	1.853745e+02
1.120000e-06	2.432561e-06	2.864952e-09	1.844255e+01	1.879976e+02
1.130000e-06	2.505762e-06	2.905150e-09	1.899753e+01	1.906086e+02
1.140000e-06	2.577896e-06	2.941644e-09	1.954442e+01	1.933196e+02
1.150000e-06	2.649135e-06	2.976191e-09	2.008452e+01	1.960645e+02
1.160000e-06	2.719547e-06	3.009091e-09	2.061835e+01	1.986642e+02
1.170000e-06	2.789039e-06	3.040567e-09	2.114521e+01	2.009406e+02
1.180000e-06	2.857577e-06	3.069045e-09	2.166483e+01	2.028192e+02
1.190000e-06	2.925219e-06	3.095730e-09	2.217766e+01	2.043666e+02
1.200000e-06	2.991880e-06	3.121682e-09	2.268305e+01	2.057506e+02
1.210000e-06	3.057332e-06	3.145292e-09	2.317928e+01	2.071507e+02
1.220000e-06	3.121537e-06	3.164812e-09	2.366605e+01	2.086679e+02
1.230000e-06	3.184667e-06	3.182804e-09	2.414467e+01	2.102829e+02
1.240000e-06	3.246767e-06	3.200330e-09	2.461548e+01	2.118778e+02
1.250000e-06	3.307804e-06	3.218770e-09	2.507824e+01	2.133090e+02
1.260000e-06	3.367810e-06	3.237301e-09	2.553318e+01	2.144861e+02
1.270000e-06	3.426752e-06	3.254316e-09	2.598005e+01	2.154197e+02
1.280000e-06	3.484298e-06	3.270075e-09	2.641634e+01	2.162112e+02
1.290000e-06	3.540337e-06	3.283170e-09	2.684120e+01	2.169978e+02
1.300000e-06	3.595117e-06	3.295642e-09	2.725651e+01	2.178810e+02
1.310000e-06	3.648657e-06	3.308661e-09	2.766243e+01	2.188787e+02
1.320000e-06	3.700803e-06	3.322373e-09	2.805778e+01	2.199244e+02
1.330000e-06	3.751375e-06	3.336351e-09	2.844119e+01	2.209097e+02
1.340000e-06	3.800277e-06	3.348266e-09	2.881194e+01	2.217461e+02
1.350000e-06	3.847654e-06	3.360229e-09	2.917114e+01	2.224120e+02
1.360000e-06	3.893670e-06	3.372243e-09	2.952001e+01	2.229613e+02
1.370000e-06	3.938404e-06	3.383347e-09	2.985915e+01	2.234900e+02
1.380000e-06	3.981893e-06	3.393623e-09	3.018887e+01	2.240833e+02
1.390000e-06	4.023936e-06	3.403992e-09	3.050762e+01	2.247697e+02
1.400000e-06	4.064346e-06	3.415358e-09	3.081399e+01	2.255090e+02
1.410000e-06	4.103299e-06	3.425844e-09	3.110931e+01	2.262171e+02
1.420000e-06	4.140907e-06	3.433591e-09	3.139444e+01	2.268143e+02
1.430000e-06	4.177187e-06	3.439137e-09	3.166950e+01	2.272689e+02
1.440000e-06	4.212064e-06	3.446250e-09	3.193392e+01	2.276139e+02
1.450000e-06	4.245317e-06	3.455823e-09	3.218603e+01	2.279280e+02
1.460000e-06	4.277032e-06	3.465079e-09	3.242648e+01	2.282923e+02
1.470000e-06	4.307366e-06	3.471879e-09	3.265646e+01	2.287474e+02
1.480000e-06	4.336319e-06	3.477211e-09	3.287597e+01	2.292728e+02
1.490000e-06	4.363873e-06	3.483957e-09	3.308487e+01	2.297995e+02
1.500000e-06	4.389726e-06	3.490807e-09	3.328087e+01	2.302480e+02
1.510000e-06	4.413742e-06	3.496545e-09	3.346295e+01	2.305702e+02
1.520000e-06	4.436204e-06	3.501489e-09	3.363325e+01	2.307731e+02
1.530000e-06	4.457259e-06	3.506037e-09	3.379287e+01	2.309127e+02
1.540000e-06	4.476964e-06	3.510313e-09	3.394227e+01	2.310621e+02
1.550000e-06	4.495120e-06	3.514080e-09	3.407992e+01	2.312721e+02
1.560000e-06	4.511549e-06	3.517623e-09	3.420448e+01	2.315461e+02
1.570000e-06	4.526256e-06	3.520406e-09	3.431598e+01	2.318418e+02
1.580000e-06	4.539307e-06	3.523536e-09	3.441493e+01	2.320971e+02
1.590000e-06	4.550646e-06	3.527472e-09	3.450090e+01	2.322662e+02
1.600000e-06	4.560030e-06	3.531193e-09	3.457204e+01	2.323445e+02
1.610000e-06	4.567639e-06	3.533954e-09	3.462973e+01	2.323700e+02
1.620000e-06	4.573680e-06	3.534915e-09	3.467553e+01	2.324010e+02
1.630000e-06	4.578250e-06	3.535671e-09	3.471018e+01	2.324826e+02
1.640000e-06	4.581342e-06	3.536900e-09	3.473362e+01	2.326223e+02
1.650000e-06	4.582672e-06	3.538922e-09	3.474370e+01	2.327871e+02
1.660000e-06	4.582300e-06	3.540756e-09	3.474088e+01	2.329233e+02
1.670000e-06	4.580444e-06	3.541031e-09	3.472681e+01	2.329883e+02
1.680000e-06	4.577208e-06	3.540938e-09	3.470227e+01	2.329741e+02
1.690000e-06	4.572599e-06	3.541984e-09	3.466733e+01	2.329116e+02
1.700000e-06	4.566342e-06	3.544255e-09	3.461989e+01	2.328519e+02
1.710000e-06	4.558492e-06	3.545675e-09	3.456037e+01	2.328354e+02
1.720000e-06	4.549323e-06	3.546074e-09	3.449086e+01	2.328677e+02
1.730000e-06	4.538800e-06	3.545995e-09	3.441108e+01	2.329151e+02
1.740000e-06	4.526813e-06	3.528678e-09	3.432020e+01	2.329235e+02
1.750000e-06	4.512835e-06	3.521501e-09	3.421423e+01	2.328501e+02
1.760000e-06	4.496378e-06	3.521406e-09	3.408945e+01	2.326893e+02
1.770000e-06	4.477764e-06	3.535981e-09	3.394833e+01	2.324787e+02
1.780000e-06	4.457866e-06	3.549917e-09	3.379748e+01	2.322786e+02
1.790000e-06	4.437484e-06	3.536191e-09	3.364295e+01	2.321377e+02
1.800000e-06	4.416171e-06	3.541707e-09	3.348137e+01	2.320617e+02
1.810000e-06	4.392734e-06	3.536192e-09	3.330368e+01	2.320039e+02
1.820000e-06	4.367433e-06	3.518576e-09	3.311186e+01	2.318835e+02
1.830000e-06	4.341038e-06	3.533728e-09	3.291174e+01	2.316254e+02
1.840000e-06	4.313110e-06	3.541374e-09	3.270000e+01	2.311988e+02
1.850000e-06	4.283306e-06	3.520796e-09	3.247405e+01	2.306367e+02
1.860000e-06	4.251941e-06	3.532439e-09	3.223625e+01	2.300243e+02
1.870000e-06	4.219127e-06	3.532293e-09	3.198747e+01	2.294614e+02
1.880000e-06	4.184987e-06	3.515916e-09	3.172863e+01	2.290179e+02
1.890000e-06	4.149544e-06	3.525200e-09	3.145992e+01	2.287042e+02
1.900000e-06	4.112398e-06	3.495148e-09	3.117830e+01	2.284707e+02
1.910000e-06	4.073506e-06	3.475436e-09	3.088344e+01	2.282367e+02
1.920000e-06	4.032996e-06	3.491320e-09	3.057631e+01	2.279312e+02
1.930000e-06	3.991085e-06	3.471940e-09	3.025856e+01	2.275259e+02
1.940000e-06	3.948070e-06	3.475307e-09	2.993244e+01	2.270424e+02
1.950000e-06	3.903719e-06	3.476400e-09	2.959620e+01	2.265324e+02
1.960000e-06	3.857831e-06	3.447429e-09	2.924829e+01	2.260424e+02
1.970000e-06	3.810466e-06	3.446712e-09	2.888919e+01	2.255847e+02
1.980000e-06	3.761658e-06	3.442764e-09	2.851915e+01	2.251301e+02
1.990000e-06	3.711552e-06	3.443696e-09	2.813927e+01	2.246270e+02
2.000000e-06	3.660152e-06	3.433607e-09	2.774958e+01	2.240356e+02
2.010000e-06	3.607287e-06	3.415457e-09	2.734878e+01	2.233559e+02
2.020000e-06	3.552811e-06	3.412084e-09	2.693577e+01	2.226337e+02
2.030000e-06	3.496886e-06	3.383141e-09	2.651177e+01	2.219388e+02
2.040000e-06	3.439756e-06	3.373432e-09	2.607864e+01	2.213261e+02
2.050000e-06	3.381341e-06	3.378962e-09	2.563577e+01	2.208027e+02
2.060000e-06	3.321899e-06	3.369843e-09	2.518510e+01	2.203180e+02
2.070000e-06	3.261517e-06	3.367170e-09	2.472731e+01	2.197867e+02
2.080000e-06	3.199711e-06	3.351781e-09	2.425873e+01	2.191319e+02
2.090000e-06	3.136538e-06	3.350646e-09	2.377978e+01	2.183272e+02
2.100000e-06	3.072346e-06	3.337441e-09	2.329311e+01	2.174133e+02
2.110000e-06	3.007164e-06	3.304876e-09	2.279893e+01	2.164795e+02
2.120000e-06	2.940931e-06	3.298434e-09	2.229678e+01	2.156172e+02
2.130000e-06	2.873746e-06	3.287819e-09	2.178741e+01	2.148703e+02
2.140000e-06	2.805705e-06	3.275359e-09	2.127156e+01	2.142085e+02
2.150000e-06	2.736450e-06	3.260532e-09	2.074650e+01	2.135392e+02
2.160000e-06	2.665808e-06	3.254872e-09	2.021092e+01	2.127535e+02
2.170000e-06	2.594143e-06	3.247403e-09	1.966759e+01	2.117832e+02
2.180000e-06	2.521694e-06	3.219174e-09	1.911831e+01	2.106382e+02
2.190000e-06	2.448437e-06	3.204549e-09	1.856292e+01	2.094039e+02
2.200000e-06	2.374340e-06	3.195014e-09	1.800115e+01	2.081980e+02
2.210000e-06	2.299386e-06	3.180195e-09	1.743288e+01	2.071087e+02
2.220000e-06	2.223484e-06	3.155666e-09	1.685743e+01	2.061463e+02
2.230000e-06	2.146575e-06	3.137413e-09	1.627434e+01	2.052346e+02
2.240000e-06	2.068516e-06	3.130710e-09	1.568253e+01	2.042478e+02
2.250000e-06	1.989431e-06	3.113573e-09	1.508295e+01	2.030750e+02
2.260000e-06	1.909701e-06	3.093284e-09	1.447847e+01	2.016779e+02
2.270000e-06	1.829403e-06	3.074052e-09	1.386969e+01	2.001117e+02
2.280000e-06	1.748542e-06	3.053616e-09	1.325664e+01	1.984959e+02
2.290000e-06	1.667061e-06	3.025443e-09	1.263888e+01	1.969504e+02
2.300000e-06	1.584985e-06	2.997791e-09	1.201663e+01	1.955297e+02
2.310000e-06	1.502417e-06	2.975795e-09	1.139063e+01	1.941909e+02
2.320000e-06	1.419346e-06	2.951309e-09	1.076083e+01	1.928141e+02
2.330000e-06	1.335839e-06	2.925512e-09	1.012771e+01	1.912642e+02
2.340000e-06	1.252017e-06	2.899983e-09	9.492211e+00	1.894632e+02
2.350000e-06	1.167940e-06	2.876925e-09	8.854777e+00	1.874311e+02
2.360000e-06	1.083553e-06	2.851561e-09	8.215000e+00	1.852742e+02
2.370000e-06	9.988364e-07	2.820931e-09	7.572716e+00	1.831225e+02
2.380000e-06	9.137645e-07	2.785569e-09	6.927740e+00	1.810518e+02
2.390000e-06	8.282001e-07	2.747400e-09	6.279030e+00	1.790313e+02
2.400000e-06	7.421285e-07	2.709063e-09	5.626475e+00	1.769296e+02
2.410000e-06	6.556242e-07	2.671253e-09	4.970640e+00	1.745785e+02
2.420000e-06	5.687828e-07	2.632358e-09	4.312248e+00	1.718613e+02
2.430000e-06	4.817055e-07	2.589818e-09	3.652068e+00	1.687782e+02
2.440000e-06	3.944924e-07	2.546737e-09	2.990859e+00	1.654471e+02
2.450000e-06	3.071912e-07	2.502171e-09	2.328981e+00	1.620337e+02
2.460000e-06	2.197118e-07	2.450361e-09	1.665753e+00	1.586442e+02
2.470000e-06	1.321383e-07	2.393426e-09	1.001811e+00	1.552365e+02
2.480000e-06	4.457661e-08	2.332275e-09	3.379592e-01	1.516044e+02
2.490000e-06	-4.299359e-08	2.262757e-09	-3.259575e-01	1.474510e+02
2.500000e-06	-1.305658e-07	2.185106e-09	-9.898892e-01	1.425191e+02
2.510000e-06	-2.180475e-07	2.101061e-09	-1.653136e+00	1.367106e+02
2.520000e-06	-3.054026e-07	2.010027e-09	-2.315421e+00	1.301178e+02
2.530000e-06	-3.926605e-07	1.907509e-09	-2.976970e+00	1.229307e+02
2.540000e-06	-4.798176e-07	1.789041e-09	-3.637755e+00	1.152432e+02
2.550000e-06	-5.667777e-07	1.652743e-09	-4.297047e+00	1.068444e+02
2.560000e-06	-6.534506e-07	1.494133e-09	-4.954160e+00	9.710500e+01
2.570000e-06	-7.397565e-07	1.302896e-09	-5.608492e+00	8.504806e+01
2.580000e-06	-8.256470e-07	1.071239e-09	-6.259673e+00	6.961704e+01
2.590000e-06	-9.111533e-07	7.913503e-10	-6.907943e+00	5.006891e+01
2.600000e-06	-9.962205e-07	4.488462e-10	-7.552883e+00	2.635009e+01
2.610000e-06	-1.080883e-06	3.790206e-11	-8.194758e+00	-6.990628e-01
2.620000e-06	-1.165175e-06	-4.212275e-10	-8.833821e+00	-2.941337e+01
2.630000e-06	-1.249045e-06	-8.794756e-10	-9.469680e+00	-5.764822e+01
2.640000e-06	-1.332562e-06	-1.280855e-09	-1.010287e+01	-8.329717e+01
2.650000e-06	-1.415674e-06	-1.597345e-09	-1.073298e+01	-1.048086e+02
2.660000e-06	-1.498286e-06	-1.835129e-09	-1.135931e+01	-1.215257e+02
2.670000e-06	-1.580400e-06	-2.014173e-09	-1.198186e+01	-1.337420e+02
2.680000e-06	-1.661969e-06	-2.154220e-09	-1.260028e+01	-1.424696e+02
2.690000e-06	-1.742949e-06	-2.269333e-09	-1.321423e+01	-1.490259e+02
2.700000e-06	-1.823316e-06	-2.367112e-09	-1.382354e+01	-1.545977e+02
2.710000e-06	-1.903164e-06	-2.453673e-09	-1.442891e+01	-1.599389e+02
2.720000e-06	-1.982400e-06	-2.532697e-09	-1.502964e+01	-1.652844e+02
2.730000e-06	-2.060690e-06	-2.604157e-09	-1.562320e+01	-1.704735e+02
2.740000e-06	-2.137853e-06	-2.667916e-09	-1.620822e+01	-1.751926e+02
2.750000e-06	-2.213981e-06	-2.726947e-09	-1.678538e+01	-1.792134e+02
2.760000e-06	-2.289287e-06	-2.782744e-09	-1.735631e+01	-1.825276e+02
2.770000e-06	-2.363811e-06	-2.835173e-09	-1.792132e+01	-1.853381e+02
2.780000e-06	-2.437511e-06	-2.884032e-09	-1.848008e+01	-1.879401e+02
2.790000e-06	-2.510457e-06	-2.927598e-09	-1.903312e+01	-1.905691e+02
2.800000e-06	-2.582651e-06	-2.968471e-09	-1.958047e+01	-1.932978e+02
2.810000e-06	-2.653975e-06	-3.007124e-09	-2.012121e+01	-1.960282e+02
2.820000e-06	-2.724268e-06	-3.041345e-09	-2.065414e+01	-1.985709e+02
2.830000e-06	-2.793415e-06	-3.073367e-09	-2.117838e+01	-2.007632e+02
2.840000e-06	-2.861472e-06	-3.104833e-09	-2.169436e+01	-2.025604e+02
2.850000e-06	-2.928579e-06	-3.133885e-09	-2.220313e+01	-2.040563e+02
2.860000e-06	-2.994700e-06	-3.159388e-09	-2.270443e+01	-2.054298e+02
2.870000e-06	-3.059864e-06	-3.183325e-09	-2.319847e+01	-2.068499e+02
2.880000e-06	-3.124050e-06	-3.207169e-09	-2.368510e+01	-2.083935e+02
2.890000e-06	-3.187053e-06	-3.231042e-09	-2.416276e+01	-2.100159e+02
2.900000e-06	-3.248735e-06	-3.254265e-09	-2.463040e+01	-2.115868e+02
2.910000e-06	-3.309142e-06	-3.274567e-09	-2.508838e+01	-2.129677e+02
2.920000e-06	-3.368464e-06	-3.291937e-09	-2.553814e+01	-2.140878e+02
2.930000e-06	-3.426631e-06	-3.309064e-09	-2.597913e+01	-2.149797e+02
2.940000e-06	-3.483573e-06	-3.326129e-09	-2.641084e+01	-2.157584e+02
2.950000e-06	-3.539374e-06	-3.340098e-09	-2.683389e+01	-2.165592e+02
2.960000e-06	-3.593800e-06	-3.351849e-09	-2.724653e+01	-2.174682e+02
2.970000e-06	-3.646573e-06	-3.364648e-09	-2.764663e+01	-2.184837e+02
2.980000e-06	-3.697874e-06	-3.378617e-09	-2.803557e+01	-2.195255e+02
2.990000e-06	-3.747764e-06	-3.392104e-09	-2.841382e+01	-2.204842e+02
3.000000e-06	-3.795987e-06	-3.404115e-09	-2.877942e+01	-2.212828e+02
3.010000e-06	-3.842617e-06	-3.414749e-09	-2.913294e+01	-2.219166e+02
3.020000e-06	-3.887969e-06	-3.424007e-09	-2.947678e+01	-2.224525e+02
3.030000e-06	-3.932181e-06	-3.432340e-09	-2.981198e+01	-2.229890e+02
3.040000e-06	-3.975290e-06	-3.441052e-09	-3.013881e+01	-2.236019e+02
3.050000e-06	-4.017165e-06	-3.450179e-09	-3.045629e+01	-2.243048e+02
3.060000e-06	-4.057705e-06	-3.459095e-09	-3.076364e+01	-2.250447e+02
3.070000e-06	-4.096886e-06	-3.466052e-09	-3.106069e+01	-2.257343e+02
3.080000e-06	-4.134441e-06	-3.471942e-09	-3.134542e+01	-2.263010e+02
3.090000e-06	-4.170408e-06	-3.479441e-09	-3.161810e+01	-2.267269e+02
3.100000e-06	-4.204989e-06	-3.488139e-09	-3.188028e+01	-2.270575e+02
3.110000e-06	-4.238152e-06	-3.495215e-09	-3.213171e+01	-2.273760e+02
3.120000e-06	-4.269888e-06	-3.499655e-09	-3.237232e+01	-2.277579e+02
3.130000e-06	-4.300003e-06	-3.504127e-09	-3.260063e+01	-2.282315e+02
3.140000e-06	-4.328461e-06	-3.509494e-09	-3.281639e+01	-2.287636e+02
3.150000e-06	-4.355449e-06	-3.514978e-09	-3.302100e+01	-2.292794e+02
3.160000e-06	-4.380971e-06	-3.520325e-09	-3.321449e+01	-2.297028e+02
3.170000e-06	-4.405017e-06	-3.524224e-09	-3.339680e+01	-2.299965e+02
3.180000e-06	-4.427417e-06	-3.528313e-09	-3.356663e+01	-2.301796e+02
3.190000e-06	-4.448065e-06	-3.532040e-09	-3.372317e+01	-2.303150e+02
3.200000e-06	-4.467194e-06	-3.535388e-09	-3.386820e+01	-2.304741e+02
3.210000e-06	-4.484849e-06	-3.539014e-09	-3.400205e+01	-2.306989e+02
3.220000e-06	-4.500963e-06	-3.541358e-09	-3.412422e+01	-2.309820e+02
3.230000e-06	-4.515307e-06	-3.542627e-09	-3.423297e+01	-2.312738e+02
3.240000e-06	-4.527693e-06	-3.542453e-09	-3.432687e+01	-2.315130e+02
3.250000e-06	-4.538339e-06	-3.542665e-09	-3.440759e+01	-2.316610e+02
3.260000e-06	-4.547420e-06	-3.544404e-09	-3.447643e+01	-2.317232e+02
3.270000e-06	-4.554949e-06	-3.548020e-09	-3.453352e+01	-2.317447e+02
3.280000e-06	-4.560744e-06	-3.552636e-09	-3.457745e+01	-2.317834e+02
3.290000e-06	-4.564868e-06	-3.555331e-09	-3.460872e+01	-2.318779e+02
3.300000e-06	-4.567513e-06	-3.555089e-09	-3.462877e+01	-2.320265e+02
3.310000e-06	-4.568646e-06	-3.552028e-09	-3.463736e+01	-2.321894e+02
