# Temperatura_=_20.0
# Concentracion g/m^3_=_6200.0
# C_Vs_to_Am_M_A/Vsm_=_65563218390.804596
# pendiente_HvsI_1/m_=_3716.3
# ordenada_HvsI_A/m_=_1297.0
# frecuencia_Hz_=_301437.6151115117

Tiempo_(s)	Campo_(V.s)	Magnetizacion_(V.s)	Campo_(kA/m)	Magnetizacion_(A/m)
0.000000e+00	-3.214074e-06	-6.229157e-11	-2.355161e+01	-4.806198e+00
1.000000e-08	-3.212940e-06	-6.093945e-11	-2.354330e+01	-4.805777e+00
2.000000e-08	-3.210352e-06	-5.912058e-11	-2.352434e+01	-4.812180e+00
3.000000e-08	-3.206634e-06	-5.831775e-11	-2.349710e+01	-4.825147e+00
4.000000e-08	-3.202119e-06	-5.953018e-11	-2.346401e+01	-4.843686e+00
5.000000e-08	-3.196615e-06	-6.005852e-11	-2.342369e+01	-4.866087e+00
6.000000e-08	-3.190022e-06	-5.970761e-11	-2.337537e+01	-4.890004e+00
7.000000e-08	-3.182463e-06	-5.688205e-11	-2.331998e+01	-4.912586e+00
8.000000e-08	-3.173917e-06	-4.841171e-11	-2.325736e+01	-4.930669e+00
9.000000e-08	-3.163777e-06	-6.401606e-11	-2.318306e+01	-4.940990e+00
1.000000e-07	-3.151830e-06	-6.801940e-11	-2.309552e+01	-4.940428e+00
1.100000e-07	-3.138613e-06	-7.661948e-11	-2.299867e+01	-4.926228e+00
1.200000e-07	-3.124576e-06	-2.402226e-11	-2.289581e+01	-4.896217e+00
1.300000e-07	-3.109456e-06	-2.426447e-11	-2.278502e+01	-4.848965e+00
1.400000e-07	-3.092898e-06	-1.142525e-10	-2.266368e+01	-4.783905e+00
1.500000e-07	-3.075459e-06	-4.841591e-11	-2.253589e+01	-4.701380e+00
1.600000e-07	-3.057301e-06	-9.859357e-12	-2.240284e+01	-4.602628e+00
1.700000e-07	-3.037937e-06	-6.719650e-11	-2.226095e+01	-4.489703e+00
1.800000e-07	-3.017511e-06	-5.579428e-11	-2.211127e+01	-4.365336e+00
1.900000e-07	-2.996389e-06	-1.239806e-11	-2.195650e+01	-4.232748e+00
2.000000e-07	-2.974222e-06	-1.004284e-10	-2.179406e+01	-4.095441e+00
2.100000e-07	-2.950870e-06	-1.137272e-10	-2.162295e+01	-3.956968e+00
2.200000e-07	-2.926704e-06	-3.810551e-11	-2.144587e+01	-3.820710e+00
2.300000e-07	-2.901455e-06	-8.471469e-11	-2.126085e+01	-3.689674e+00
2.400000e-07	-2.874742e-06	-6.161948e-11	-2.106511e+01	-3.566330e+00
2.500000e-07	-2.846920e-06	-1.483313e-12	-2.086124e+01	-3.452490e+00
2.600000e-07	-2.818208e-06	-7.663585e-11	-2.065085e+01	-3.349242e+00
2.700000e-07	-2.788531e-06	-9.000410e-11	-2.043339e+01	-3.256937e+00
2.800000e-07	-2.757896e-06	-3.023421e-11	-2.020890e+01	-3.175227e+00
2.900000e-07	-2.726373e-06	-5.221845e-11	-1.997791e+01	-3.103148e+00
3.000000e-07	-2.694079e-06	-3.437892e-11	-1.974128e+01	-3.039237e+00
3.100000e-07	-2.660749e-06	-3.745160e-11	-1.949705e+01	-2.981670e+00
3.200000e-07	-2.626046e-06	-7.213774e-11	-1.924275e+01	-2.928410e+00
3.300000e-07	-2.590326e-06	-5.242040e-11	-1.898101e+01	-2.877351e+00
3.400000e-07	-2.553889e-06	-3.038381e-11	-1.871401e+01	-2.826448e+00
3.500000e-07	-2.516482e-06	-5.006704e-11	-1.843990e+01	-2.773831e+00
3.600000e-07	-2.478099e-06	-4.123101e-11	-1.815865e+01	-2.717878e+00
3.700000e-07	-2.438917e-06	-3.353745e-11	-1.787154e+01	-2.657274e+00
3.800000e-07	-2.399154e-06	-4.613540e-11	-1.758017e+01	-2.591030e+00
3.900000e-07	-2.358782e-06	-2.650841e-11	-1.728433e+01	-2.518483e+00
4.000000e-07	-2.317308e-06	-4.566344e-11	-1.698043e+01	-2.439277e+00
4.100000e-07	-2.274539e-06	-5.353083e-11	-1.666703e+01	-2.353328e+00
4.200000e-07	-2.230930e-06	-4.502202e-11	-1.634748e+01	-2.260788e+00
4.300000e-07	-2.186713e-06	-4.903753e-11	-1.602347e+01	-2.162004e+00
4.400000e-07	-2.141711e-06	-4.417745e-11	-1.569371e+01	-2.057485e+00
4.500000e-07	-2.095941e-06	-1.256507e-11	-1.535832e+01	-1.947880e+00
4.600000e-07	-2.049439e-06	-1.761739e-11	-1.501758e+01	-1.833958e+00
4.700000e-07	-2.002195e-06	-5.674012e-11	-1.467139e+01	-1.716602e+00
4.800000e-07	-1.954381e-06	-4.218135e-11	-1.432103e+01	-1.596797e+00
4.900000e-07	-1.905926e-06	-1.742325e-11	-1.396596e+01	-1.475632e+00
5.000000e-07	-1.856466e-06	-2.548560e-11	-1.360354e+01	-1.354287e+00
5.100000e-07	-1.805854e-06	-3.772081e-11	-1.323267e+01	-1.234013e+00
5.200000e-07	-1.754352e-06	-1.929143e-11	-1.285528e+01	-1.116104e+00
5.300000e-07	-1.702289e-06	-1.918853e-11	-1.247378e+01	-1.001854e+00
5.400000e-07	-1.649623e-06	-3.138439e-11	-1.208787e+01	-8.924990e-01
5.500000e-07	-1.596271e-06	-2.159915e-11	-1.169692e+01	-7.891557e-01
5.600000e-07	-1.542316e-06	-2.464965e-12	-1.130156e+01	-6.927476e-01
5.700000e-07	-1.487801e-06	-1.081649e-11	-1.090209e+01	-6.039379e-01
5.800000e-07	-1.432787e-06	-3.097169e-11	-1.049896e+01	-5.230699e-01
5.900000e-07	-1.377340e-06	-1.656575e-11	-1.009267e+01	-4.501219e-01
6.000000e-07	-1.321554e-06	-8.459791e-12	-9.683891e+00	-3.846860e-01
6.100000e-07	-1.265433e-06	-1.872227e-11	-9.272655e+00	-3.259727e-01
6.200000e-07	-1.208865e-06	-1.814080e-11	-8.858142e+00	-2.728462e-01
6.300000e-07	-1.151716e-06	-2.204474e-12	-8.439373e+00	-2.238882e-01
6.400000e-07	-1.093862e-06	-4.706633e-12	-8.015437e+00	-1.774884e-01
6.500000e-07	-1.035367e-06	-1.106796e-11	-7.586810e+00	-1.319546e-01
6.600000e-07	-9.763972e-07	-2.261505e-13	-7.154699e+00	-8.563435e-02
6.700000e-07	-9.170259e-07	2.490731e-12	-6.719647e+00	-3.703855e-02
6.800000e-07	-8.573857e-07	-6.229982e-12	-6.282625e+00	1.504490e-02
6.900000e-07	-7.975994e-07	-6.057966e-12	-5.844531e+00	7.145705e-02
7.000000e-07	-7.376610e-07	3.739278e-12	-5.405323e+00	1.326029e-01
7.100000e-07	-6.775527e-07	-3.412866e-13	-4.964871e+00	1.984220e-01
7.200000e-07	-6.172925e-07	-3.519284e-12	-4.523305e+00	2.683985e-01
7.300000e-07	-5.568959e-07	3.401295e-12	-4.080739e+00	3.416108e-01
7.400000e-07	-4.963200e-07	8.193985e-12	-3.636860e+00	4.168165e-01
7.500000e-07	-4.354867e-07	7.805298e-12	-3.191095e+00	4.925666e-01
7.600000e-07	-3.744448e-07	1.279865e-11	-2.743802e+00	5.673379e-01
7.700000e-07	-3.132826e-07	1.931928e-11	-2.295626e+00	6.396732e-01
7.800000e-07	-2.519856e-07	1.275127e-11	-1.846463e+00	7.083146e-01
7.900000e-07	-1.906701e-07	8.524176e-12	-1.397164e+00	7.723197e-01
8.000000e-07	-1.293314e-07	1.098560e-11	-9.476957e-01	8.311485e-01
8.100000e-07	-6.785507e-08	1.258877e-11	-4.972184e-01	8.847130e-01
8.200000e-07	-6.318462e-09	1.160166e-11	-4.629949e-02	9.333862e-01
8.300000e-07	5.520107e-08	1.372588e-11	4.044942e-01	9.779672e-01
8.400000e-07	1.167251e-07	1.541964e-11	8.553208e-01	1.019609e+00
8.500000e-07	1.782392e-07	1.382486e-11	1.306075e+00	1.059712e+00
8.600000e-07	2.396455e-07	1.570246e-11	1.756039e+00	1.099800e+00
8.700000e-07	3.009834e-07	1.834525e-11	2.205501e+00	1.141380e+00
8.800000e-07	3.622879e-07	1.777603e-11	2.654720e+00	1.185810e+00
8.900000e-07	4.234485e-07	1.512918e-11	3.102884e+00	1.234184e+00
9.000000e-07	4.844097e-07	1.720897e-11	3.549586e+00	1.287241e+00
9.100000e-07	5.452079e-07	1.815693e-11	3.995094e+00	1.345310e+00
9.200000e-07	6.057982e-07	1.753387e-11	4.439079e+00	1.408300e+00
9.300000e-07	6.661189e-07	1.927626e-11	4.881088e+00	1.475723e+00
9.400000e-07	7.262322e-07	2.248569e-11	5.321577e+00	1.546765e+00
9.500000e-07	7.861838e-07	2.382634e-11	5.760881e+00	1.620379e+00
9.600000e-07	8.459870e-07	2.423833e-11	6.199098e+00	1.695405e+00
9.700000e-07	9.056181e-07	2.747227e-11	6.636055e+00	1.770697e+00
9.800000e-07	9.650066e-07	2.779128e-11	7.071233e+00	1.845246e+00
9.900000e-07	1.024057e-06	2.733808e-11	7.503934e+00	1.918286e+00
1.000000e-06	1.082663e-06	2.888490e-11	7.933380e+00	1.989373e+00
1.010000e-06	1.140559e-06	3.108307e-11	8.357618e+00	2.058432e+00
1.020000e-06	1.197566e-06	2.987796e-11	8.775346e+00	2.125765e+00
1.030000e-06	1.253913e-06	3.059633e-11	9.188240e+00	2.192013e+00
1.040000e-06	1.309876e-06	3.373232e-11	9.598317e+00	2.258094e+00
1.050000e-06	1.365559e-06	3.538436e-11	1.000634e+01	2.325104e+00
1.060000e-06	1.420931e-06	3.855158e-11	1.041209e+01	2.394206e+00
1.070000e-06	1.475828e-06	3.864067e-11	1.081436e+01	2.466510e+00
1.080000e-06	1.530170e-06	3.546266e-11	1.121256e+01	2.542962e+00
1.090000e-06	1.583993e-06	3.419045e-11	1.160695e+01	2.624248e+00
1.100000e-06	1.637310e-06	3.758142e-11	1.199764e+01	2.710727e+00
1.110000e-06	1.690078e-06	3.970843e-11	1.238430e+01	2.802402e+00
1.120000e-06	1.742218e-06	4.020209e-11	1.276637e+01	2.898922e+00
1.130000e-06	1.793661e-06	4.418723e-11	1.314332e+01	2.999621e+00
1.140000e-06	1.844243e-06	4.843714e-11	1.351397e+01	3.103591e+00
1.150000e-06	1.893733e-06	4.857299e-11	1.387661e+01	3.209779e+00
1.160000e-06	1.942252e-06	4.804293e-11	1.423215e+01	3.317085e+00
1.170000e-06	1.990077e-06	5.195919e-11	1.458259e+01	3.424477e+00
1.180000e-06	2.037234e-06	5.496728e-11	1.492814e+01	3.531080e+00
1.190000e-06	2.083691e-06	5.510645e-11	1.526857e+01	3.636249e+00
1.200000e-06	2.129483e-06	5.773206e-11	1.560411e+01	3.739611e+00
1.210000e-06	2.174550e-06	6.210019e-11	1.593435e+01	3.841072e+00
1.220000e-06	2.218867e-06	6.222172e-11	1.625908e+01	3.940783e+00
1.230000e-06	2.262666e-06	6.116047e-11	1.658003e+01	4.039082e+00
1.240000e-06	2.305864e-06	6.400783e-11	1.689657e+01	4.136398e+00
1.250000e-06	2.347999e-06	6.760450e-11	1.720532e+01	4.233150e+00
1.260000e-06	2.388929e-06	6.945889e-11	1.750524e+01	4.329634e+00
1.270000e-06	2.428927e-06	7.235834e-11	1.779833e+01	4.425923e+00
1.280000e-06	2.468163e-06	7.716246e-11	1.808584e+01	4.521784e+00
1.290000e-06	2.506613e-06	7.911717e-11	1.836759e+01	4.616630e+00
1.300000e-06	2.544265e-06	7.853139e-11	1.864349e+01	4.709507e+00
1.310000e-06	2.581002e-06	7.911453e-11	1.891269e+01	4.799129e+00
1.320000e-06	2.616944e-06	7.966349e-11	1.917606e+01	4.883942e+00
1.330000e-06	2.652255e-06	7.948458e-11	1.943480e+01	4.962239e+00
1.340000e-06	2.686446e-06	8.157784e-11	1.968534e+01	5.032289e+00
1.350000e-06	2.719230e-06	8.557315e-11	1.992557e+01	5.092485e+00
1.360000e-06	2.751015e-06	8.939476e-11	2.015848e+01	5.141495e+00
1.370000e-06	2.782034e-06	9.278696e-11	2.038578e+01	5.178389e+00
1.380000e-06	2.812208e-06	9.447340e-11	2.060688e+01	5.202750e+00
1.390000e-06	2.841388e-06	9.316154e-11	2.082070e+01	5.214731e+00
1.400000e-06	2.869631e-06	8.994650e-11	2.102766e+01	5.215079e+00
1.410000e-06	2.897091e-06	8.846539e-11	2.122887e+01	5.205097e+00
1.420000e-06	2.923427e-06	8.698542e-11	2.142186e+01	5.186562e+00
1.430000e-06	2.948374e-06	8.556875e-11	2.160466e+01	5.161601e+00
1.440000e-06	2.972154e-06	8.715034e-11	2.177891e+01	5.132535e+00
1.450000e-06	2.994913e-06	8.938166e-11	2.194568e+01	5.101700e+00
1.460000e-06	3.016708e-06	8.911870e-11	2.210538e+01	5.071276e+00
1.470000e-06	3.037523e-06	8.762029e-11	2.225791e+01	5.043122e+00
1.480000e-06	3.057463e-06	8.789282e-11	2.240402e+01	5.018645e+00
1.490000e-06	3.076501e-06	8.900206e-11	2.254353e+01	4.998711e+00
1.500000e-06	3.094336e-06	9.007103e-11	2.267422e+01	4.983605e+00
1.510000e-06	3.111026e-06	9.211236e-11	2.279652e+01	4.973050e+00
1.520000e-06	3.126639e-06	9.401260e-11	2.291092e+01	4.966275e+00
1.530000e-06	3.141014e-06	9.303187e-11	2.301626e+01	4.962129e+00
1.540000e-06	3.154187e-06	9.175002e-11	2.311278e+01	4.959236e+00
1.550000e-06	3.166224e-06	9.136908e-11	2.320099e+01	4.956164e+00
1.560000e-06	3.176921e-06	9.175442e-11	2.327937e+01	4.951597e+00
1.570000e-06	3.186115e-06	9.339795e-11	2.334674e+01	4.944498e+00
1.580000e-06	3.194114e-06	9.401079e-11	2.340535e+01	4.934237e+00
1.590000e-06	3.201148e-06	9.413524e-11	2.345690e+01	4.920679e+00
1.600000e-06	3.207083e-06	9.558598e-11	2.350039e+01	4.904210e+00
1.610000e-06	3.211872e-06	9.701879e-11	2.353548e+01	4.885717e+00
1.620000e-06	3.215730e-06	9.707486e-11	2.356375e+01	4.866505e+00
1.630000e-06	3.218538e-06	9.638527e-11	2.358433e+01	4.848164e+00
1.640000e-06	3.219862e-06	9.710050e-11	2.359403e+01	4.832400e+00
1.650000e-06	3.219967e-06	9.834818e-11	2.359480e+01	4.820850e+00
1.660000e-06	3.219117e-06	9.834340e-11	2.358857e+01	4.814880e+00
1.670000e-06	3.217226e-06	9.610300e-11	2.357471e+01	4.815413e+00
1.680000e-06	3.214313e-06	9.633780e-11	2.355336e+01	4.822777e+00
1.690000e-06	3.210478e-06	9.872995e-11	2.352526e+01	4.836607e+00
1.700000e-06	3.205821e-06	9.987251e-11	2.349114e+01	4.855808e+00
1.710000e-06	3.200029e-06	1.009965e-10	2.344870e+01	4.878572e+00
1.720000e-06	3.192897e-06	1.029193e-10	2.339644e+01	4.902471e+00
1.730000e-06	3.184795e-06	1.180029e-10	2.333707e+01	4.924599e+00
1.740000e-06	3.175785e-06	1.066355e-10	2.327105e+01	4.941761e+00
1.750000e-06	3.165218e-06	9.588435e-11	2.319362e+01	4.950702e+00
1.760000e-06	3.152597e-06	7.474874e-11	2.310113e+01	4.948338e+00
1.770000e-06	3.138458e-06	1.331687e-10	2.299753e+01	4.931987e+00
1.780000e-06	3.124049e-06	1.429772e-10	2.289194e+01	4.899571e+00
1.790000e-06	3.109146e-06	7.430400e-11	2.278274e+01	4.849778e+00
1.800000e-06	3.092644e-06	9.291961e-11	2.266182e+01	4.782170e+00
1.810000e-06	3.074919e-06	1.420090e-10	2.253194e+01	4.697220e+00
1.820000e-06	3.056687e-06	9.183581e-11	2.239834e+01	4.596290e+00
1.830000e-06	3.037503e-06	3.975106e-11	2.225777e+01	4.481539e+00
1.840000e-06	3.017081e-06	1.197877e-10	2.210812e+01	4.355780e+00
1.850000e-06	2.995808e-06	6.797445e-11	2.195224e+01	4.222290e+00
1.860000e-06	2.973295e-06	-9.251724e-12	2.178727e+01	4.084590e+00
1.870000e-06	2.949397e-06	7.310552e-11	2.161215e+01	3.946223e+00
1.880000e-06	2.924574e-06	4.603462e-11	2.143026e+01	3.810527e+00
1.890000e-06	2.898627e-06	1.389697e-11	2.124013e+01	3.680442e+00
1.900000e-06	2.871435e-06	1.076153e-10	2.104088e+01	3.558351e+00
1.910000e-06	2.843394e-06	3.096951e-11	2.083540e+01	3.445964e+00
1.920000e-06	2.814400e-06	-6.473921e-12	2.062294e+01	3.344264e+00
1.930000e-06	2.784115e-06	6.638298e-11	2.040103e+01	3.253499e+00
1.940000e-06	2.752731e-06	2.658678e-11	2.017106e+01	3.173226e+00
1.950000e-06	2.720249e-06	3.135895e-11	1.993304e+01	3.102403e+00
1.960000e-06	2.686791e-06	8.998299e-11	1.968787e+01	3.039507e+00
1.970000e-06	2.652638e-06	9.213228e-12	1.943761e+01	2.982672e+00
1.980000e-06	2.617576e-06	6.171420e-12	1.918068e+01	2.929845e+00
1.990000e-06	2.581716e-06	5.585798e-11	1.891791e+01	2.878919e+00
2.000000e-06	2.545136e-06	-4.654525e-12	1.864987e+01	2.827871e+00
2.010000e-06	2.507332e-06	3.537051e-11	1.837286e+01	2.774859e+00
2.020000e-06	2.468259e-06	5.128174e-11	1.808654e+01	2.718304e+00
2.030000e-06	2.428325e-06	1.565751e-11	1.779392e+01	2.656937e+00
2.040000e-06	2.387664e-06	3.716325e-11	1.749597e+01	2.589815e+00
2.050000e-06	2.346287e-06	6.318944e-12	1.719277e+01	2.516321e+00
2.060000e-06	2.304136e-06	9.527903e-12	1.688391e+01	2.436141e+00
2.070000e-06	2.261220e-06	4.178049e-11	1.656943e+01	2.349226e+00
2.080000e-06	2.217641e-06	5.830657e-12	1.625010e+01	2.255758e+00
2.090000e-06	2.173482e-06	7.412585e-12	1.592652e+01	2.156108e+00
2.100000e-06	2.128649e-06	4.360244e-11	1.559800e+01	2.050810e+00
2.110000e-06	2.082849e-06	3.610280e-11	1.526240e+01	1.940528e+00
2.120000e-06	2.036133e-06	6.052854e-12	1.492007e+01	1.826049e+00
2.130000e-06	1.988856e-06	2.325089e-13	1.457365e+01	1.708269e+00
2.140000e-06	1.940913e-06	3.082419e-11	1.422233e+01	1.588191e+00
2.150000e-06	1.892124e-06	1.048869e-11	1.386483e+01	1.466916e+00
2.160000e-06	1.842583e-06	-1.144096e-11	1.350180e+01	1.345635e+00
2.170000e-06	1.792429e-06	2.648767e-11	1.313430e+01	1.225608e+00
2.180000e-06	1.741635e-06	1.948651e-11	1.276209e+01	1.108133e+00
2.190000e-06	1.690133e-06	-1.116140e-11	1.238470e+01	9.944975e-01
2.200000e-06	1.638068e-06	-1.444672e-11	1.200319e+01	8.859266e-01
2.210000e-06	1.585270e-06	1.568755e-11	1.161631e+01	7.835124e-01
2.220000e-06	1.531507e-06	2.042444e-11	1.122235e+01	6.881454e-01
2.230000e-06	1.476831e-06	-1.375429e-11	1.082171e+01	6.004469e-01
2.240000e-06	1.421458e-06	-5.368101e-12	1.041595e+01	5.207099e-01
2.250000e-06	1.365642e-06	7.616007e-12	1.000695e+01	4.488587e-01
2.260000e-06	1.309539e-06	-1.404916e-11	9.595848e+00	3.844295e-01
2.270000e-06	1.253056e-06	-1.386913e-11	9.181958e+00	3.265808e-01
2.280000e-06	1.196145e-06	6.495204e-12	8.764933e+00	2.741316e-01
2.290000e-06	1.138748e-06	3.353464e-12	8.344348e+00	2.256303e-01
2.300000e-06	1.080955e-06	-1.333898e-11	7.920861e+00	1.794478e-01
2.310000e-06	1.022857e-06	-9.684884e-12	7.495142e+00	1.338897e-01
2.320000e-06	9.644126e-07	4.243476e-12	7.066880e+00	8.731972e-02
2.330000e-06	9.056081e-07	-7.411886e-12	6.635981e+00	3.828161e-02
2.340000e-06	8.463931e-07	-1.432269e-11	6.202074e+00	-1.438888e-02
2.350000e-06	7.868983e-07	-5.247721e-12	5.766117e+00	-7.147373e-02
2.360000e-06	7.272365e-07	-6.062776e-12	5.328936e+00	-1.333123e-01
2.370000e-06	6.674464e-07	-7.699623e-12	4.890815e+00	-1.997776e-01
2.380000e-06	6.075346e-07	-4.613568e-12	4.451802e+00	-2.702919e-01
2.390000e-06	5.475034e-07	-3.274185e-12	4.011914e+00	-3.438818e-01
2.400000e-06	4.873392e-07	-1.345005e-11	3.571052e+00	-4.192677e-01
2.410000e-06	4.270826e-07	-1.632341e-11	3.129513e+00	-4.949817e-01
2.420000e-06	3.667767e-07	-1.106563e-11	2.687612e+00	-5.695015e-01
2.430000e-06	3.063693e-07	-1.735284e-11	2.244967e+00	-6.413904e-01
2.440000e-06	2.459040e-07	-2.356175e-11	1.801899e+00	-7.094291e-01
2.450000e-06	1.853110e-07	-1.967588e-11	1.357894e+00	-7.727282e-01
2.460000e-06	1.245220e-07	-1.527382e-11	9.124541e-01	-8.308100e-01
2.470000e-06	6.366600e-08	-1.681884e-11	4.665223e-01	-8.836530e-01
2.480000e-06	2.748489e-09	-1.571006e-11	2.013997e-02	-9.316939e-01
2.490000e-06	-5.821659e-08	-1.506865e-11	-4.265909e-01	-9.757880e-01
2.500000e-06	-1.191010e-07	-2.231723e-11	-8.727305e-01	-1.017130e+00
2.510000e-06	-1.799110e-07	-2.894525e-11	-1.318325e+00	-1.057148e+00
2.520000e-06	-2.406260e-07	-2.701054e-11	-1.763224e+00	-1.097369e+00
2.530000e-06	-3.012400e-07	-2.420153e-11	-2.207382e+00	-1.139288e+00
2.540000e-06	-3.618202e-07	-2.425593e-11	-2.651293e+00	-1.184232e+00
2.550000e-06	-4.222488e-07	-2.326437e-11	-3.094092e+00	-1.233250e+00
2.560000e-06	-4.824512e-07	-2.350648e-11	-3.535235e+00	-1.287023e+00
2.570000e-06	-5.425327e-07	-2.443009e-11	-3.975491e+00	-1.345822e+00
2.580000e-06	-6.025748e-07	-2.536669e-11	-4.415459e+00	-1.409494e+00
2.590000e-06	-6.625285e-07	-2.707433e-11	-4.854778e+00	-1.477501e+00
2.600000e-06	-7.223803e-07	-2.960192e-11	-5.293351e+00	-1.548988e+00
2.610000e-06	-7.820895e-07	-3.117363e-11	-5.730880e+00	-1.622886e+00
2.620000e-06	-8.415472e-07	-3.243769e-11	-6.166565e+00	-1.698029e+00
2.630000e-06	-9.006923e-07	-3.493283e-11	-6.599960e+00	-1.773283e+00
2.640000e-06	-9.594004e-07	-3.474636e-11	-7.030152e+00	-1.847667e+00
2.650000e-06	-1.017723e-06	-3.398325e-11	-7.457523e+00	-1.920457e+00
2.660000e-06	-1.075716e-06	-3.553397e-11	-7.882474e+00	-1.991261e+00
2.670000e-06	-1.133311e-06	-3.688217e-11	-8.304509e+00	-2.060058e+00
2.680000e-06	-1.190439e-06	-3.471729e-11	-8.723122e+00	-2.127199e+00
2.690000e-06	-1.247046e-06	-3.372839e-11	-9.137916e+00	-2.193372e+00
2.700000e-06	-1.303254e-06	-3.852016e-11	-9.549792e+00	-2.259526e+00
2.710000e-06	-1.359207e-06	-4.341535e-11	-9.959800e+00	-2.326775e+00
2.720000e-06	-1.414852e-06	-4.522752e-11	-1.036755e+01	-2.396279e+00
2.730000e-06	-1.470000e-06	-4.823174e-11	-1.077165e+01	-2.469134e+00
2.740000e-06	-1.524394e-06	-5.040451e-11	-1.117023e+01	-2.546252e+00
2.750000e-06	-1.577815e-06	-4.877181e-11	-1.156168e+01	-2.628276e+00
2.760000e-06	-1.630428e-06	-4.886643e-11	-1.194721e+01	-2.715517e+00
2.770000e-06	-1.682439e-06	-5.118625e-11	-1.232833e+01	-2.807924e+00
2.780000e-06	-1.733928e-06	-5.240268e-11	-1.270562e+01	-2.905099e+00
2.790000e-06	-1.784806e-06	-5.302782e-11	-1.307844e+01	-3.006335e+00
2.800000e-06	-1.834955e-06	-5.754865e-11	-1.344591e+01	-3.110700e+00
2.810000e-06	-1.884444e-06	-6.144364e-11	-1.380855e+01	-3.217124e+00
2.820000e-06	-1.933026e-06	-6.099648e-11	-1.416454e+01	-3.324514e+00
2.830000e-06	-1.980520e-06	-6.128701e-11	-1.451256e+01	-3.431852e+00
2.840000e-06	-2.027259e-06	-6.456790e-11	-1.485505e+01	-3.538294e+00
2.850000e-06	-2.073428e-06	-6.472337e-11	-1.519336e+01	-3.643232e+00
2.860000e-06	-2.118934e-06	-6.195652e-11	-1.552681e+01	-3.746333e+00
2.870000e-06	-2.163762e-06	-6.495095e-11	-1.585530e+01	-3.847540e+00
2.880000e-06	-2.207981e-06	-6.878708e-11	-1.617931e+01	-3.947036e+00
2.890000e-06	-2.251623e-06	-6.917380e-11	-1.649911e+01	-4.045178e+00
2.900000e-06	-2.294583e-06	-7.150811e-11	-1.681391e+01	-4.142400e+00
2.910000e-06	-2.336784e-06	-7.692207e-11	-1.712314e+01	-4.239110e+00
2.920000e-06	-2.378180e-06	-7.922768e-11	-1.742648e+01	-4.335579e+00
2.930000e-06	-2.418733e-06	-7.850315e-11	-1.772363e+01	-4.431839e+00
2.940000e-06	-2.458599e-06	-7.914344e-11	-1.801576e+01	-4.527610e+00
2.950000e-06	-2.497652e-06	-7.913209e-11	-1.830193e+01	-4.622252e+00
2.960000e-06	-2.535435e-06	-7.763375e-11	-1.857878e+01	-4.714761e+00
2.970000e-06	-2.572050e-06	-7.852860e-11	-1.884709e+01	-4.803806e+00
2.980000e-06	-2.607935e-06	-8.267888e-11	-1.911004e+01	-4.887806e+00
2.990000e-06	-2.643006e-06	-8.442326e-11	-1.936703e+01	-4.965040e+00
3.000000e-06	-2.677099e-06	-8.300585e-11	-1.961685e+01	-5.033786e+00
3.010000e-06	-2.710292e-06	-8.351727e-11	-1.986008e+01	-5.092468e+00
3.020000e-06	-2.742688e-06	-8.435093e-11	-2.009746e+01	-5.139804e+00
3.030000e-06	-2.774272e-06	-8.322802e-11	-2.032890e+01	-5.174931e+00
3.040000e-06	-2.804609e-06	-8.468724e-11	-2.055120e+01	-5.197510e+00
3.050000e-06	-2.833558e-06	-8.684978e-11	-2.076333e+01	-5.207781e+00
3.060000e-06	-2.861581e-06	-8.679091e-11	-2.096867e+01	-5.206571e+00
3.070000e-06	-2.888750e-06	-8.445094e-11	-2.116776e+01	-5.195259e+00
3.080000e-06	-2.914882e-06	-8.365226e-11	-2.135924e+01	-5.175680e+00
3.090000e-06	-2.939956e-06	-8.617857e-11	-2.154298e+01	-5.149999e+00
3.100000e-06	-2.964166e-06	-8.593908e-11	-2.172038e+01	-5.120550e+00
3.110000e-06	-2.987559e-06	-8.568010e-11	-2.189179e+01	-5.089657e+00
3.120000e-06	-3.009645e-06	-8.397116e-11	-2.205363e+01	-5.059463e+00
3.130000e-06	-3.030345e-06	-8.174062e-11	-2.220532e+01	-5.031771e+00
3.140000e-06	-3.050071e-06	-7.990176e-11	-2.234986e+01	-5.007914e+00
3.150000e-06	-3.068883e-06	-7.900141e-11	-2.248771e+01	-4.988676e+00
3.160000e-06	-3.086704e-06	-7.928254e-11	-2.261829e+01	-4.974260e+00
3.170000e-06	-3.103543e-06	-7.896119e-11	-2.274169e+01	-4.964313e+00
3.180000e-06	-3.119421e-06	-7.852843e-11	-2.285803e+01	-4.958001e+00
3.190000e-06	-3.134001e-06	-7.757645e-11	-2.296487e+01	-4.954132e+00
3.200000e-06	-3.147035e-06	-7.527300e-11	-2.306038e+01	-4.951312e+00
3.210000e-06	-3.158703e-06	-7.224673e-11	-2.314588e+01	-4.948112e+00
3.220000e-06	-3.169227e-06	-6.951053e-11	-2.322299e+01	-4.943249e+00
3.230000e-06	-3.178692e-06	-6.897541e-11	-2.329235e+01	-4.935736e+00
3.240000e-06	-3.187141e-06	-6.884435e-11	-2.335426e+01	-4.925011e+00
3.250000e-06	-3.194623e-06	-6.762477e-11	-2.340909e+01	-4.911012e+00
3.260000e-06	-3.200762e-06	-6.770591e-11	-2.345407e+01	-4.894199e+00
3.270000e-06	-3.205513e-06	-6.818405e-11	-2.348888e+01	-4.875526e+00
3.280000e-06	-3.209260e-06	-6.977507e-11	-2.351634e+01	-4.856347e+00
3.290000e-06	-3.211997e-06	-6.928335e-11	-2.353640e+01	-4.838279e+00
3.300000e-06	-3.213614e-06	-6.723667e-11	-2.354824e+01	-4.823032e+00
3.310000e-06	-3.214223e-06	-6.516926e-11	-2.355271e+01	-4.812215e+00
