# Temperatura_=_20.0
# Concentracion g/m^3_=_6200.0
# C_Vs_to_Am_M_A/Vsm_=_65563218390.804596
# pendiente_HvsI_1/m_=_3716.3
# ordenada_HvsI_A/m_=_1297.0
# frecuencia_Hz_=_301425.73715477606

Tiempo_(s)	Campo_(V.s)	Magnetizacion_(V.s)	Campo_(kA/m)	Magnetizacion_(A/m)
0.000000e+00	-3.215716e-06	-3.374998e-09	-2.355090e+01	-2.201832e+02
1.000000e-08	-3.214714e-06	-3.376841e-09	-2.354357e+01	-2.204223e+02
2.000000e-08	-3.212392e-06	-3.377840e-09	-2.352656e+01	-2.206246e+02
3.000000e-08	-3.208959e-06	-3.378895e-09	-2.350141e+01	-2.207898e+02
4.000000e-08	-3.204607e-06	-3.380807e-09	-2.346955e+01	-2.209169e+02
5.000000e-08	-3.199278e-06	-3.382596e-09	-2.343052e+01	-2.210049e+02
6.000000e-08	-3.192920e-06	-3.383696e-09	-2.338395e+01	-2.210527e+02
7.000000e-08	-3.185655e-06	-3.383078e-09	-2.333075e+01	-2.210591e+02
8.000000e-08	-3.177378e-06	-3.372464e-09	-2.327013e+01	-2.210232e+02
9.000000e-08	-3.167558e-06	-3.373463e-09	-2.319821e+01	-2.209441e+02
1.000000e-07	-3.155971e-06	-3.381961e-09	-2.311335e+01	-2.208215e+02
1.100000e-07	-3.143059e-06	-3.400889e-09	-2.301878e+01	-2.206551e+02
1.200000e-07	-3.129220e-06	-3.375155e-09	-2.291743e+01	-2.204451e+02
1.300000e-07	-3.114306e-06	-3.339251e-09	-2.280820e+01	-2.201919e+02
1.400000e-07	-3.098056e-06	-3.376099e-09	-2.268920e+01	-2.198961e+02
1.500000e-07	-3.080861e-06	-3.384712e-09	-2.256327e+01	-2.195586e+02
1.600000e-07	-3.062918e-06	-3.317621e-09	-2.243186e+01	-2.191803e+02
1.700000e-07	-3.043908e-06	-3.324782e-09	-2.229264e+01	-2.187622e+02
1.800000e-07	-3.023805e-06	-3.369310e-09	-2.214541e+01	-2.183051e+02
1.900000e-07	-3.002818e-06	-3.313136e-09	-2.199171e+01	-2.178099e+02
2.000000e-07	-2.980890e-06	-3.335745e-09	-2.183111e+01	-2.172774e+02
2.100000e-07	-2.957884e-06	-3.394364e-09	-2.166262e+01	-2.167079e+02
2.200000e-07	-2.933931e-06	-3.319287e-09	-2.148720e+01	-2.161020e+02
2.300000e-07	-2.908892e-06	-3.278585e-09	-2.130382e+01	-2.154599e+02
2.400000e-07	-2.882523e-06	-3.312208e-09	-2.111070e+01	-2.147819e+02
2.500000e-07	-2.854979e-06	-3.271471e-09	-2.090898e+01	-2.140681e+02
2.600000e-07	-2.826435e-06	-3.262946e-09	-2.069993e+01	-2.133186e+02
2.700000e-07	-2.796905e-06	-3.296546e-09	-2.048366e+01	-2.125335e+02
2.800000e-07	-2.766409e-06	-3.246576e-09	-2.026032e+01	-2.117130e+02
2.900000e-07	-2.735061e-06	-3.200697e-09	-2.003073e+01	-2.108572e+02
3.000000e-07	-2.702936e-06	-3.214696e-09	-1.979546e+01	-2.099664e+02
3.100000e-07	-2.669737e-06	-3.211503e-09	-1.955233e+01	-2.090406e+02
3.200000e-07	-2.635222e-06	-3.193492e-09	-1.929955e+01	-2.080799e+02
3.300000e-07	-2.599708e-06	-3.188582e-09	-1.903945e+01	-2.070844e+02
3.400000e-07	-2.563400e-06	-3.153999e-09	-1.877354e+01	-2.060539e+02
3.500000e-07	-2.526180e-06	-3.121979e-09	-1.850096e+01	-2.049880e+02
3.600000e-07	-2.488046e-06	-3.117951e-09	-1.822168e+01	-2.038864e+02
3.700000e-07	-2.449100e-06	-3.110540e-09	-1.793644e+01	-2.027483e+02
3.800000e-07	-2.409506e-06	-3.072505e-09	-1.764647e+01	-2.015730e+02
3.900000e-07	-2.369183e-06	-3.052410e-09	-1.735116e+01	-2.003594e+02
4.000000e-07	-2.327786e-06	-3.060572e-09	-1.704798e+01	-1.991065e+02
4.100000e-07	-2.285218e-06	-3.031893e-09	-1.673622e+01	-1.978134e+02
4.200000e-07	-2.241770e-06	-3.002541e-09	-1.641803e+01	-1.964790e+02
4.300000e-07	-2.197627e-06	-2.992276e-09	-1.609474e+01	-1.951025e+02
4.400000e-07	-2.152746e-06	-2.961691e-09	-1.576604e+01	-1.936832e+02
4.500000e-07	-2.107141e-06	-2.916348e-09	-1.543204e+01	-1.922208e+02
4.600000e-07	-2.060805e-06	-2.900755e-09	-1.509270e+01	-1.907150e+02
4.700000e-07	-2.013773e-06	-2.897578e-09	-1.474824e+01	-1.891659e+02
4.800000e-07	-1.966121e-06	-2.870771e-09	-1.439926e+01	-1.875737e+02
4.900000e-07	-1.917768e-06	-2.829734e-09	-1.404513e+01	-1.859388e+02
5.000000e-07	-1.868417e-06	-2.804907e-09	-1.368370e+01	-1.842616e+02
5.100000e-07	-1.817956e-06	-2.792264e-09	-1.331415e+01	-1.825424e+02
5.200000e-07	-1.766620e-06	-2.762081e-09	-1.293817e+01	-1.807812e+02
5.300000e-07	-1.714649e-06	-2.730460e-09	-1.255756e+01	-1.789780e+02
5.400000e-07	-1.662038e-06	-2.704127e-09	-1.217225e+01	-1.771321e+02
5.500000e-07	-1.608769e-06	-2.669632e-09	-1.178213e+01	-1.752425e+02
5.600000e-07	-1.554906e-06	-2.629404e-09	-1.138765e+01	-1.733075e+02
5.700000e-07	-1.500441e-06	-2.607127e-09	-1.098876e+01	-1.713251e+02
5.800000e-07	-1.445438e-06	-2.586892e-09	-1.058594e+01	-1.692926e+02
5.900000e-07	-1.390076e-06	-2.549521e-09	-1.018049e+01	-1.672068e+02
6.000000e-07	-1.334439e-06	-2.514789e-09	-9.773018e+00	-1.650643e+02
6.100000e-07	-1.278431e-06	-2.483313e-09	-9.362829e+00	-1.628612e+02
6.200000e-07	-1.221909e-06	-2.445877e-09	-8.948881e+00	-1.605937e+02
6.300000e-07	-1.164745e-06	-2.404112e-09	-8.530229e+00	-1.582579e+02
6.400000e-07	-1.106860e-06	-2.367799e-09	-8.106300e+00	-1.558498e+02
6.500000e-07	-1.048314e-06	-2.329695e-09	-7.677525e+00	-1.533659e+02
6.600000e-07	-9.892784e-07	-2.287639e-09	-7.245167e+00	-1.508027e+02
6.700000e-07	-9.299295e-07	-2.246405e-09	-6.810514e+00	-1.481574e+02
6.800000e-07	-8.703915e-07	-2.205948e-09	-6.374476e+00	-1.454271e+02
6.900000e-07	-8.107412e-07	-2.163067e-09	-5.937616e+00	-1.426097e+02
7.000000e-07	-7.509751e-07	-2.117606e-09	-5.499908e+00	-1.397028e+02
7.100000e-07	-6.909813e-07	-2.073600e-09	-5.060532e+00	-1.367048e+02
7.200000e-07	-6.307321e-07	-2.025078e-09	-4.619285e+00	-1.336137e+02
7.300000e-07	-5.703029e-07	-1.973697e-09	-4.176720e+00	-1.304277e+02
7.400000e-07	-5.096443e-07	-1.922549e-09	-3.732476e+00	-1.271450e+02
7.500000e-07	-4.487939e-07	-1.869635e-09	-3.286826e+00	-1.237633e+02
7.600000e-07	-3.877773e-07	-1.812787e-09	-2.839960e+00	-1.202802e+02
7.700000e-07	-3.265873e-07	-1.758391e-09	-2.391824e+00	-1.166930e+02
7.800000e-07	-2.653225e-07	-1.706766e-09	-1.943139e+00	-1.129985e+02
7.900000e-07	-2.040077e-07	-1.649398e-09	-1.494089e+00	-1.091931e+02
8.000000e-07	-1.426511e-07	-1.589018e-09	-1.044732e+00	-1.052729e+02
8.100000e-07	-8.124656e-08	-1.527940e-09	-5.950245e-01	-1.012336e+02
8.200000e-07	-1.982585e-08	-1.463351e-09	-1.451983e-01	-9.707074e+01
8.300000e-07	4.157493e-08	-1.394851e-09	3.044818e-01	-9.277959e+01
8.400000e-07	1.029345e-07	-1.328286e-09	7.538601e-01	-8.835531e+01
8.500000e-07	1.642757e-07	-1.261186e-09	1.203104e+00	-8.379305e+01
8.600000e-07	2.256324e-07	-1.188573e-09	1.652461e+00	-7.908806e+01
8.700000e-07	2.869403e-07	-1.113041e-09	2.101462e+00	-7.423574e+01
8.800000e-07	3.481551e-07	-1.037157e-09	2.549780e+00	-6.923181e+01
8.900000e-07	4.092112e-07	-9.589512e-10	2.996936e+00	-6.407239e+01
9.000000e-07	4.700514e-07	-8.764210e-10	3.442510e+00	-5.875418e+01
9.100000e-07	5.307376e-07	-7.920668e-10	3.886957e+00	-5.327456e+01
9.200000e-07	5.912221e-07	-7.050499e-10	4.329926e+00	-4.763180e+01
9.300000e-07	6.514786e-07	-6.155487e-10	4.771227e+00	-4.182525e+01
9.400000e-07	7.115094e-07	-5.247898e-10	5.210873e+00	-3.585554e+01
9.500000e-07	7.713065e-07	-4.327145e-10	5.648808e+00	-2.972479e+01
9.600000e-07	8.309707e-07	-3.368598e-10	6.085770e+00	-2.343687e+01
9.700000e-07	8.904996e-07	-2.380196e-10	6.521742e+00	-1.699758e+01
9.800000e-07	9.498078e-07	-1.384805e-10	6.956096e+00	-1.041486e+01
9.900000e-07	1.008822e-06	-3.531062e-11	7.388301e+00	-3.698978e+00
1.000000e-06	1.067386e-06	7.179522e-11	7.817204e+00	3.137435e+00
1.010000e-06	1.125289e-06	1.790776e-10	8.241269e+00	1.007929e+01
1.020000e-06	1.182449e-06	2.845638e-10	8.659885e+00	1.710914e+01
1.030000e-06	1.238906e-06	3.920646e-10	9.073365e+00	2.420728e+01
1.040000e-06	1.294894e-06	5.008722e-10	9.483401e+00	3.135200e+01
1.050000e-06	1.350581e-06	6.100993e-10	9.891232e+00	3.851997e+01
1.060000e-06	1.405956e-06	7.211754e-10	1.029678e+01	4.568659e+01
1.070000e-06	1.460950e-06	8.308155e-10	1.069954e+01	5.282653e+01
1.080000e-06	1.515409e-06	9.362094e-10	1.109839e+01	5.991426e+01
1.090000e-06	1.569318e-06	1.041361e-09	1.149320e+01	6.692466e+01
1.100000e-06	1.622712e-06	1.148554e-09	1.188424e+01	7.383353e+01
1.110000e-06	1.675527e-06	1.253420e-09	1.227103e+01	8.061822e+01
1.120000e-06	1.727744e-06	1.354944e-09	1.265346e+01	8.725805e+01
1.130000e-06	1.779349e-06	1.454819e-09	1.303140e+01	9.373475e+01
1.140000e-06	1.830198e-06	1.550932e-09	1.340380e+01	1.000328e+02
1.150000e-06	1.880076e-06	1.641209e-09	1.376909e+01	1.061395e+02
1.160000e-06	1.928943e-06	1.729574e-09	1.412697e+01	1.120452e+02
1.170000e-06	1.977022e-06	1.817746e-09	1.447909e+01	1.177431e+02
1.180000e-06	2.024470e-06	1.901611e-09	1.482658e+01	1.232291e+02
1.190000e-06	2.071298e-06	1.981046e-09	1.516954e+01	1.285018e+02
1.200000e-06	2.117438e-06	2.059084e-09	1.550745e+01	1.335616e+02
1.210000e-06	2.162820e-06	2.134537e-09	1.583982e+01	1.384109e+02
1.220000e-06	2.207412e-06	2.202662e-09	1.616640e+01	1.430533e+02
1.230000e-06	2.251350e-06	2.265751e-09	1.648819e+01	1.474935e+02
1.240000e-06	2.294788e-06	2.328437e-09	1.680631e+01	1.517367e+02
1.250000e-06	2.337420e-06	2.388466e-09	1.711854e+01	1.557882e+02
1.260000e-06	2.378891e-06	2.444664e-09	1.742226e+01	1.596537e+02
1.270000e-06	2.419254e-06	2.498953e-09	1.771786e+01	1.633386e+02
1.280000e-06	2.458735e-06	2.551828e-09	1.800701e+01	1.668479e+02
1.290000e-06	2.497403e-06	2.600483e-09	1.829020e+01	1.701867e+02
1.300000e-06	2.535255e-06	2.646235e-09	1.856742e+01	1.733597e+02
1.310000e-06	2.572255e-06	2.689673e-09	1.883840e+01	1.763717e+02
1.320000e-06	2.608445e-06	2.728773e-09	1.910344e+01	1.792275e+02
1.330000e-06	2.643871e-06	2.765765e-09	1.936289e+01	1.819322e+02
1.340000e-06	2.678367e-06	2.802343e-09	1.961552e+01	1.844909e+02
1.350000e-06	2.711663e-06	2.838048e-09	1.985938e+01	1.869094e+02
1.360000e-06	2.743783e-06	2.872605e-09	2.009461e+01	1.891939e+02
1.370000e-06	2.774988e-06	2.906328e-09	2.032315e+01	1.913508e+02
1.380000e-06	2.805312e-06	2.938367e-09	2.054523e+01	1.933871e+02
1.390000e-06	2.834711e-06	2.966080e-09	2.076054e+01	1.953099e+02
1.400000e-06	2.863221e-06	2.989566e-09	2.096934e+01	1.971264e+02
1.410000e-06	2.890935e-06	3.011606e-09	2.117231e+01	1.988439e+02
1.420000e-06	2.917677e-06	3.033371e-09	2.136816e+01	2.004692e+02
1.430000e-06	2.943158e-06	3.055085e-09	2.155477e+01	2.020087e+02
1.440000e-06	2.967377e-06	3.077295e-09	2.173215e+01	2.034683e+02
1.450000e-06	2.990526e-06	3.099941e-09	2.190168e+01	2.048531e+02
1.460000e-06	3.012661e-06	3.121175e-09	2.206379e+01	2.061673e+02
1.470000e-06	3.033735e-06	3.140057e-09	2.221813e+01	2.074145e+02
1.480000e-06	3.053884e-06	3.157886e-09	2.236569e+01	2.085974e+02
1.490000e-06	3.073199e-06	3.175206e-09	2.250716e+01	2.097181e+02
1.500000e-06	3.091428e-06	3.191685e-09	2.264065e+01	2.107780e+02
1.510000e-06	3.108429e-06	3.206976e-09	2.276517e+01	2.117782e+02
1.520000e-06	3.124254e-06	3.221814e-09	2.288106e+01	2.127195e+02
1.530000e-06	3.138908e-06	3.235786e-09	2.298839e+01	2.136027e+02
1.540000e-06	3.152403e-06	3.248775e-09	2.308722e+01	2.144286e+02
1.550000e-06	3.164739e-06	3.260830e-09	2.317756e+01	2.151982e+02
1.560000e-06	3.175878e-06	3.272174e-09	2.325914e+01	2.159129e+02
1.570000e-06	3.185639e-06	3.284570e-09	2.333063e+01	2.165742e+02
1.580000e-06	3.194022e-06	3.295793e-09	2.339202e+01	2.171841e+02
1.590000e-06	3.201263e-06	3.304283e-09	2.344505e+01	2.177446e+02
1.600000e-06	3.207439e-06	3.311863e-09	2.349029e+01	2.182580e+02
1.610000e-06	3.212496e-06	3.319278e-09	2.352732e+01	2.187266e+02
1.620000e-06	3.216540e-06	3.326744e-09	2.355694e+01	2.191527e+02
1.630000e-06	3.219564e-06	3.332322e-09	2.357909e+01	2.195382e+02
1.640000e-06	3.221280e-06	3.337280e-09	2.359165e+01	2.198849e+02
1.650000e-06	3.221710e-06	3.343437e-09	2.359480e+01	2.201938e+02
1.660000e-06	3.221101e-06	3.348535e-09	2.359034e+01	2.204659e+02
1.670000e-06	3.219493e-06	3.351720e-09	2.357856e+01	2.207014e+02
1.680000e-06	3.216875e-06	3.354643e-09	2.355939e+01	2.209001e+02
1.690000e-06	3.213324e-06	3.357625e-09	2.353339e+01	2.210616e+02
1.700000e-06	3.208897e-06	3.359359e-09	2.350097e+01	2.211849e+02
1.710000e-06	3.203392e-06	3.360531e-09	2.346065e+01	2.212690e+02
1.720000e-06	3.196597e-06	3.361591e-09	2.341088e+01	2.213128e+02
1.730000e-06	3.188706e-06	3.369810e-09	2.335309e+01	2.213150e+02
1.740000e-06	3.179833e-06	3.376182e-09	2.328811e+01	2.212749e+02
1.750000e-06	3.169551e-06	3.366071e-09	2.321281e+01	2.211915e+02
1.760000e-06	3.157407e-06	3.343919e-09	2.312387e+01	2.210646e+02
1.770000e-06	3.143761e-06	3.353911e-09	2.302393e+01	2.208939e+02
1.780000e-06	3.129521e-06	3.377395e-09	2.291964e+01	2.206795e+02
1.790000e-06	3.114717e-06	3.354321e-09	2.281121e+01	2.204221e+02
1.800000e-06	3.098604e-06	3.309416e-09	2.269321e+01	2.201221e+02
1.810000e-06	3.081135e-06	3.363771e-09	2.256527e+01	2.197806e+02
1.820000e-06	3.062907e-06	3.377893e-09	2.243178e+01	2.193983e+02
1.830000e-06	3.043914e-06	3.296158e-09	2.229268e+01	2.189763e+02
1.840000e-06	3.023869e-06	3.317310e-09	2.214588e+01	2.185155e+02
1.850000e-06	3.002853e-06	3.329015e-09	2.199196e+01	2.180166e+02
1.860000e-06	2.980687e-06	3.247701e-09	2.182963e+01	2.174804e+02
1.870000e-06	2.957133e-06	3.268524e-09	2.165712e+01	2.169074e+02
1.880000e-06	2.932453e-06	3.317363e-09	2.147637e+01	2.162980e+02
1.890000e-06	2.906743e-06	3.257829e-09	2.128808e+01	2.156524e+02
1.900000e-06	2.879839e-06	3.257484e-09	2.109104e+01	2.149709e+02
1.910000e-06	2.851954e-06	3.272996e-09	2.088682e+01	2.142536e+02
1.920000e-06	2.823179e-06	3.204452e-09	2.067608e+01	2.135006e+02
1.930000e-06	2.793329e-06	3.201325e-09	2.045747e+01	2.127120e+02
1.940000e-06	2.762340e-06	3.239465e-09	2.023052e+01	2.118881e+02
1.950000e-06	2.730175e-06	3.202431e-09	1.999495e+01	2.110289e+02
1.960000e-06	2.696964e-06	3.190145e-09	1.975172e+01	2.101347e+02
1.970000e-06	2.662926e-06	3.178664e-09	1.950244e+01	2.092055e+02
1.980000e-06	2.627997e-06	3.147589e-09	1.924663e+01	2.082415e+02
1.990000e-06	2.592243e-06	3.145456e-09	1.898478e+01	2.072425e+02
2.000000e-06	2.555777e-06	3.140965e-09	1.871772e+01	2.062086e+02
2.010000e-06	2.518306e-06	3.131170e-09	1.844329e+01	2.051393e+02
2.020000e-06	2.479597e-06	3.103815e-09	1.815980e+01	2.040342e+02
2.030000e-06	2.439871e-06	3.084539e-09	1.786885e+01	2.028925e+02
2.040000e-06	2.399386e-06	3.072318e-09	1.757236e+01	2.017134e+02
2.050000e-06	2.358191e-06	3.026523e-09	1.727066e+01	2.004961e+02
2.060000e-06	2.316232e-06	3.019463e-09	1.696336e+01	1.992393e+02
2.070000e-06	2.273421e-06	3.032085e-09	1.664983e+01	1.979421e+02
2.080000e-06	2.229880e-06	2.987154e-09	1.633094e+01	1.966036e+02
2.090000e-06	2.185790e-06	2.964602e-09	1.600805e+01	1.952229e+02
2.100000e-06	2.141064e-06	2.967201e-09	1.568048e+01	1.937994e+02
2.110000e-06	2.095492e-06	2.939786e-09	1.534673e+01	1.923326e+02
2.120000e-06	2.049104e-06	2.903741e-09	1.500700e+01	1.908226e+02
2.130000e-06	2.002038e-06	2.869049e-09	1.466230e+01	1.892692e+02
2.140000e-06	1.954270e-06	2.861599e-09	1.431247e+01	1.876728e+02
2.150000e-06	1.905664e-06	2.841957e-09	1.395649e+01	1.860337e+02
2.160000e-06	1.856237e-06	2.799746e-09	1.359450e+01	1.843523e+02
2.170000e-06	1.806125e-06	2.787997e-09	1.322750e+01	1.826289e+02
2.180000e-06	1.755379e-06	2.768895e-09	1.285585e+01	1.808636e+02
2.190000e-06	1.704005e-06	2.726322e-09	1.247960e+01	1.790562e+02
2.200000e-06	1.652060e-06	2.694833e-09	1.209918e+01	1.772060e+02
2.210000e-06	1.599471e-06	2.682680e-09	1.171403e+01	1.753120e+02
2.220000e-06	1.545969e-06	2.659490e-09	1.132220e+01	1.733724e+02
2.230000e-06	1.491458e-06	2.613593e-09	1.092297e+01	1.713851e+02
2.240000e-06	1.436141e-06	2.578656e-09	1.051785e+01	1.693474e+02
2.250000e-06	1.380355e-06	2.553726e-09	1.010929e+01	1.672560e+02
2.260000e-06	1.324252e-06	2.518871e-09	9.698411e+00	1.651076e+02
2.270000e-06	1.267802e-06	2.489296e-09	9.284988e+00	1.628981e+02
2.280000e-06	1.210899e-06	2.458857e-09	8.868248e+00	1.606239e+02
2.290000e-06	1.153500e-06	2.419864e-09	8.447877e+00	1.582808e+02
2.300000e-06	1.095759e-06	2.381563e-09	8.025000e+00	1.558651e+02
2.310000e-06	1.037793e-06	2.345685e-09	7.600471e+00	1.533732e+02
2.320000e-06	9.794631e-07	2.313017e-09	7.173282e+00	1.508017e+02
2.330000e-06	9.207281e-07	2.272436e-09	6.743126e+00	1.481478e+02
2.340000e-06	8.616492e-07	2.229586e-09	6.310450e+00	1.454087e+02
2.350000e-06	8.022105e-07	2.187015e-09	5.875140e+00	1.425820e+02
2.360000e-06	7.425268e-07	2.141733e-09	5.438035e+00	1.396659e+02
2.370000e-06	6.826830e-07	2.101074e-09	4.999757e+00	1.366583e+02
2.380000e-06	6.226880e-07	2.058053e-09	4.560373e+00	1.335575e+02
2.390000e-06	5.625982e-07	2.007339e-09	4.120294e+00	1.303616e+02
2.400000e-06	5.024447e-07	1.953549e-09	3.679749e+00	1.270687e+02
2.410000e-06	4.422117e-07	1.903015e-09	3.238621e+00	1.236766e+02
2.420000e-06	3.818470e-07	1.850105e-09	2.796528e+00	1.201829e+02
2.430000e-06	3.213859e-07	1.791474e-09	2.353730e+00	1.165847e+02
2.440000e-06	2.609050e-07	1.735427e-09	1.910787e+00	1.128788e+02
2.450000e-06	2.003350e-07	1.680696e-09	1.467191e+00	1.090617e+02
2.460000e-06	1.395954e-07	1.620901e-09	1.022354e+00	1.051292e+02
2.470000e-06	7.879043e-08	1.559730e-09	5.770366e-01	1.010773e+02
2.480000e-06	1.800235e-08	1.499773e-09	1.318436e-01	9.690128e+01
2.490000e-06	-4.285628e-08	1.433582e-09	-3.138661e-01	9.259645e+01
2.500000e-06	-1.037805e-07	1.361515e-09	-7.600557e-01	8.815797e+01
2.510000e-06	-1.646011e-07	1.291369e-09	-1.205487e+00	8.358100e+01
2.520000e-06	-2.253171e-07	1.221909e-09	-1.650152e+00	7.886078e+01
2.530000e-06	-2.860189e-07	1.147596e-09	-2.094713e+00	7.399277e+01
2.540000e-06	-3.466245e-07	1.070737e-09	-2.538570e+00	6.897271e+01
2.550000e-06	-4.070628e-07	9.922243e-10	-2.981201e+00	6.379678e+01
2.560000e-06	-4.673726e-07	9.095327e-10	-3.422891e+00	5.846173e+01
2.570000e-06	-5.276147e-07	8.255761e-10	-3.864086e+00	5.296504e+01
2.580000e-06	-5.877871e-07	7.422879e-10	-4.304770e+00	4.730510e+01
2.590000e-06	-6.478776e-07	6.560019e-10	-4.744854e+00	4.148136e+01
2.600000e-06	-7.078629e-07	5.637556e-10	-5.184167e+00	3.549462e+01
2.610000e-06	-7.676866e-07	4.688622e-10	-5.622297e+00	2.934716e+01
2.620000e-06	-8.272946e-07	3.724700e-10	-6.058848e+00	2.304306e+01
2.630000e-06	-8.866036e-07	2.733787e-10	-6.493209e+00	1.658833e+01
2.640000e-06	-9.455437e-07	1.736253e-10	-6.924867e+00	9.991173e+00
2.650000e-06	-1.004069e-06	7.280545e-11	-7.353488e+00	3.262077e+00
2.660000e-06	-1.062173e-06	-3.199657e-11	-7.779026e+00	-3.586047e+00
2.670000e-06	-1.119892e-06	-1.392678e-10	-8.201744e+00	-1.053786e+01
2.680000e-06	-1.177190e-06	-2.442614e-10	-8.621375e+00	-1.757565e+01
2.690000e-06	-1.234010e-06	-3.501860e-10	-9.037504e+00	-2.467950e+01
2.700000e-06	-1.290426e-06	-4.613697e-10	-9.450682e+00	-3.182751e+01
2.710000e-06	-1.346552e-06	-5.733706e-10	-9.861726e+00	-3.899617e+01
2.720000e-06	-1.402364e-06	-6.822707e-10	-1.027048e+01	-4.616080e+01
2.730000e-06	-1.457697e-06	-7.908196e-10	-1.067572e+01	-5.329602e+01
2.740000e-06	-1.512345e-06	-8.985884e-10	-1.107594e+01	-6.037630e+01
2.750000e-06	-1.566132e-06	-1.003614e-09	-1.146986e+01	-6.737660e+01
2.760000e-06	-1.619046e-06	-1.108334e-09	-1.185739e+01	-7.427287e+01
2.770000e-06	-1.671301e-06	-1.213081e-09	-1.224009e+01	-8.104264e+01
2.780000e-06	-1.723006e-06	-1.314609e-09	-1.261876e+01	-8.766547e+01
2.790000e-06	-1.774074e-06	-1.411651e-09	-1.299277e+01	-9.412337e+01
2.800000e-06	-1.824477e-06	-1.508098e-09	-1.336190e+01	-1.004011e+02
2.810000e-06	-1.874198e-06	-1.602789e-09	-1.372604e+01	-1.064863e+02
2.820000e-06	-1.923009e-06	-1.691582e-09	-1.408352e+01	-1.123697e+02
2.830000e-06	-1.970755e-06	-1.776977e-09	-1.443320e+01	-1.180447e+02
2.840000e-06	-2.017704e-06	-1.861380e-09	-1.477704e+01	-1.235075e+02
2.850000e-06	-2.064128e-06	-1.942940e-09	-1.511703e+01	-1.287570e+02
2.860000e-06	-2.109971e-06	-2.019880e-09	-1.545277e+01	-1.337937e+02
2.870000e-06	-2.155091e-06	-2.094237e-09	-1.578322e+01	-1.386203e+02
2.880000e-06	-2.199550e-06	-2.165717e-09	-1.610882e+01	-1.432405e+02
2.890000e-06	-2.243399e-06	-2.233338e-09	-1.642996e+01	-1.476590e+02
2.900000e-06	-2.286506e-06	-2.299916e-09	-1.674566e+01	-1.518810e+02
2.910000e-06	-2.328852e-06	-2.365945e-09	-1.705579e+01	-1.559120e+02
2.920000e-06	-2.370442e-06	-2.428117e-09	-1.736038e+01	-1.597576e+02
2.930000e-06	-2.411212e-06	-2.486046e-09	-1.765897e+01	-1.634230e+02
2.940000e-06	-2.451250e-06	-2.541479e-09	-1.795219e+01	-1.669135e+02
2.950000e-06	-2.490427e-06	-2.593541e-09	-1.823911e+01	-1.702339e+02
2.960000e-06	-2.528418e-06	-2.642774e-09	-1.851735e+01	-1.733891e+02
2.970000e-06	-2.565275e-06	-2.691189e-09	-1.878728e+01	-1.763838e+02
2.980000e-06	-2.601298e-06	-2.738595e-09	-1.905110e+01	-1.792228e+02
2.990000e-06	-2.636512e-06	-2.781368e-09	-1.930899e+01	-1.819112e+02
3.000000e-06	-2.670809e-06	-2.821451e-09	-1.956018e+01	-1.844543e+02
3.010000e-06	-2.704201e-06	-2.862193e-09	-1.980473e+01	-1.868578e+02
3.020000e-06	-2.736727e-06	-2.899422e-09	-2.004294e+01	-1.891279e+02
3.030000e-06	-2.768457e-06	-2.932283e-09	-2.027532e+01	-1.912712e+02
3.040000e-06	-2.799114e-06	-2.964272e-09	-2.049984e+01	-1.932946e+02
3.050000e-06	-2.828467e-06	-2.995302e-09	-2.071481e+01	-1.952054e+02
3.060000e-06	-2.856782e-06	-3.023748e-09	-2.092218e+01	-1.970106e+02
3.070000e-06	-2.884184e-06	-3.049750e-09	-2.112286e+01	-1.987176e+02
3.080000e-06	-2.910576e-06	-3.075145e-09	-2.131615e+01	-2.003330e+02
3.090000e-06	-2.935967e-06	-3.100610e-09	-2.150211e+01	-2.018634e+02
3.100000e-06	-2.960438e-06	-3.124552e-09	-2.168133e+01	-2.033143e+02
3.110000e-06	-2.983992e-06	-3.148003e-09	-2.185383e+01	-2.046910e+02
3.120000e-06	-3.006321e-06	-3.169816e-09	-2.201736e+01	-2.059975e+02
3.130000e-06	-3.027360e-06	-3.187686e-09	-2.217144e+01	-2.072374e+02
3.140000e-06	-3.047398e-06	-3.203500e-09	-2.231820e+01	-2.084132e+02
3.150000e-06	-3.066484e-06	-3.219093e-09	-2.245797e+01	-2.095269e+02
3.160000e-06	-3.084546e-06	-3.233979e-09	-2.259026e+01	-2.105800e+02
3.170000e-06	-3.101586e-06	-3.248480e-09	-2.271505e+01	-2.115735e+02
3.180000e-06	-3.117625e-06	-3.263634e-09	-2.283251e+01	-2.125082e+02
3.190000e-06	-3.132437e-06	-3.278124e-09	-2.294099e+01	-2.133849e+02
3.200000e-06	-3.145782e-06	-3.290393e-09	-2.303873e+01	-2.142043e+02
3.210000e-06	-3.157783e-06	-3.301800e-09	-2.312662e+01	-2.149677e+02
3.220000e-06	-3.168615e-06	-3.311275e-09	-2.320595e+01	-2.156762e+02
3.230000e-06	-3.178340e-06	-3.317753e-09	-2.327718e+01	-2.163316e+02
3.240000e-06	-3.187048e-06	-3.324482e-09	-2.334095e+01	-2.169357e+02
3.250000e-06	-3.194716e-06	-3.332161e-09	-2.339711e+01	-2.174907e+02
3.260000e-06	-3.201078e-06	-3.340150e-09	-2.344370e+01	-2.179988e+02
3.270000e-06	-3.206080e-06	-3.347352e-09	-2.348033e+01	-2.184625e+02
3.280000e-06	-3.209988e-06	-3.354934e-09	-2.350895e+01	-2.188838e+02
3.290000e-06	-3.212911e-06	-3.362778e-09	-2.353036e+01	-2.192647e+02
3.300000e-06	-3.214794e-06	-3.368595e-09	-2.354415e+01	-2.196069e+02
3.310000e-06	-3.215664e-06	-3.372502e-09	-2.355052e+01	-2.199115e+02
