# Temperatura_=_20.0
# Concentracion g/m^3_=_4600.0
# C_Vs_to_Am_M_A/Vsm_=_65563218390.804596
# pendiente_HvsI_1/m_=_3716.3
# ordenada_HvsI_A/m_=_1297.0
# frecuencia_Hz_=_302077.22317152936

Tiempo_(s)	Campo_(V.s)	Magnetizacion_(V.s)	Campo_(kA/m)	Magnetizacion_(A/m)
0.000000e+00	-6.337415e-06	-4.304818e-09	-4.558782e+01	-2.824833e+02
1.000000e-08	-6.333930e-06	-4.303298e-09	-4.556275e+01	-2.824794e+02
2.000000e-08	-6.328413e-06	-4.300696e-09	-4.552306e+01	-2.826181e+02
3.000000e-08	-6.320973e-06	-4.301019e-09	-4.546955e+01	-2.827908e+02
4.000000e-08	-6.311461e-06	-4.301271e-09	-4.540112e+01	-2.828602e+02
5.000000e-08	-6.299566e-06	-4.298434e-09	-4.531556e+01	-2.827442e+02
6.000000e-08	-6.285209e-06	-4.291084e-09	-4.521228e+01	-2.824719e+02
7.000000e-08	-6.268539e-06	-4.280061e-09	-4.509236e+01	-2.821762e+02
8.000000e-08	-6.249756e-06	-4.296570e-09	-4.495725e+01	-2.820223e+02
9.000000e-08	-6.228811e-06	-4.335981e-09	-4.480658e+01	-2.821090e+02
1.000000e-07	-6.205437e-06	-4.322667e-09	-4.463844e+01	-2.823937e+02
1.100000e-07	-6.179564e-06	-4.298058e-09	-4.445233e+01	-2.826885e+02
1.200000e-07	-6.151444e-06	-4.305448e-09	-4.425004e+01	-2.827336e+02
1.300000e-07	-6.121576e-06	-4.265350e-09	-4.403519e+01	-2.823172e+02
1.400000e-07	-6.090170e-06	-4.238639e-09	-4.380928e+01	-2.813825e+02
1.500000e-07	-6.056829e-06	-4.333011e-09	-4.356944e+01	-2.800673e+02
1.600000e-07	-6.021435e-06	-4.291358e-09	-4.331483e+01	-2.786522e+02
1.700000e-07	-5.984256e-06	-4.266037e-09	-4.304739e+01	-2.774411e+02
1.800000e-07	-5.944971e-06	-4.329613e-09	-4.276479e+01	-2.766300e+02
1.900000e-07	-5.903326e-06	-4.244516e-09	-4.246523e+01	-2.762287e+02
2.000000e-07	-5.859491e-06	-4.244519e-09	-4.214990e+01	-2.760725e+02
2.100000e-07	-5.813500e-06	-4.252712e-09	-4.181907e+01	-2.759163e+02
2.200000e-07	-5.765281e-06	-4.208351e-09	-4.147221e+01	-2.755623e+02
2.300000e-07	-5.714613e-06	-4.224319e-09	-4.110773e+01	-2.749557e+02
2.400000e-07	-5.661459e-06	-4.208335e-09	-4.072537e+01	-2.742013e+02
2.500000e-07	-5.606159e-06	-4.199953e-09	-4.032757e+01	-2.734951e+02
2.600000e-07	-5.548689e-06	-4.207017e-09	-3.991416e+01	-2.730092e+02
2.700000e-07	-5.489100e-06	-4.185589e-09	-3.948551e+01	-2.727922e+02
2.800000e-07	-5.427604e-06	-4.179047e-09	-3.904315e+01	-2.727384e+02
2.900000e-07	-5.364155e-06	-4.177219e-09	-3.858673e+01	-2.726412e+02
3.000000e-07	-5.298586e-06	-4.183330e-09	-3.811506e+01	-2.723017e+02
3.100000e-07	-5.230906e-06	-4.163406e-09	-3.762821e+01	-2.716348e+02
3.200000e-07	-5.161302e-06	-4.154452e-09	-3.712752e+01	-2.707147e+02
3.300000e-07	-5.089937e-06	-4.143442e-09	-3.661416e+01	-2.697367e+02
3.400000e-07	-5.016871e-06	-4.112988e-09	-3.608856e+01	-2.689140e+02
3.500000e-07	-4.941749e-06	-4.117741e-09	-3.554818e+01	-2.683659e+02
3.600000e-07	-4.864421e-06	-4.111002e-09	-3.499193e+01	-2.680548e+02
3.700000e-07	-4.785012e-06	-4.105671e-09	-3.442070e+01	-2.678072e+02
3.800000e-07	-4.703730e-06	-4.096213e-09	-3.383600e+01	-2.674054e+02
3.900000e-07	-4.620933e-06	-4.076641e-09	-3.324041e+01	-2.667020e+02
4.000000e-07	-4.536782e-06	-4.066265e-09	-3.263507e+01	-2.656963e+02
4.100000e-07	-4.451256e-06	-4.051624e-09	-3.201985e+01	-2.645308e+02
4.200000e-07	-4.364287e-06	-4.034156e-09	-3.139424e+01	-2.634131e+02
4.300000e-07	-4.275818e-06	-4.017854e-09	-3.075784e+01	-2.625028e+02
4.400000e-07	-4.185699e-06	-4.012058e-09	-3.010958e+01	-2.618268e+02
4.500000e-07	-4.093973e-06	-3.999233e-09	-2.944975e+01	-2.612676e+02
4.600000e-07	-4.000900e-06	-3.981710e-09	-2.878024e+01	-2.606297e+02
4.700000e-07	-3.906481e-06	-3.968533e-09	-2.810104e+01	-2.597478e+02
4.800000e-07	-3.810629e-06	-3.950850e-09	-2.741153e+01	-2.585781e+02
4.900000e-07	-3.713355e-06	-3.930350e-09	-2.671180e+01	-2.572203e+02
5.000000e-07	-3.614646e-06	-3.913052e-09	-2.600174e+01	-2.558606e+02
5.100000e-07	-3.514572e-06	-3.901196e-09	-2.528186e+01	-2.546653e+02
5.200000e-07	-3.413192e-06	-3.882882e-09	-2.455260e+01	-2.536852e+02
5.300000e-07	-3.310614e-06	-3.858828e-09	-2.381470e+01	-2.528235e+02
5.400000e-07	-3.206917e-06	-3.840931e-09	-2.306877e+01	-2.518875e+02
5.500000e-07	-3.102075e-06	-3.825069e-09	-2.231459e+01	-2.506947e+02
5.600000e-07	-2.996013e-06	-3.801723e-09	-2.155164e+01	-2.491769e+02
5.700000e-07	-2.888689e-06	-3.777653e-09	-2.077961e+01	-2.474209e+02
5.800000e-07	-2.780224e-06	-3.757195e-09	-1.999938e+01	-2.456233e+02
5.900000e-07	-2.670843e-06	-3.733223e-09	-1.921255e+01	-2.439805e+02
6.000000e-07	-2.560599e-06	-3.704375e-09	-1.841952e+01	-2.425742e+02
6.100000e-07	-2.449406e-06	-3.678876e-09	-1.761965e+01	-2.413181e+02
6.200000e-07	-2.337259e-06	-3.657375e-09	-1.681293e+01	-2.399975e+02
6.300000e-07	-2.224171e-06	-3.632318e-09	-1.599945e+01	-2.383844e+02
6.400000e-07	-2.110185e-06	-3.604716e-09	-1.517949e+01	-2.363652e+02
6.500000e-07	-1.995293e-06	-3.578453e-09	-1.435302e+01	-2.340098e+02
6.600000e-07	-1.879521e-06	-3.548497e-09	-1.352023e+01	-2.315384e+02
6.700000e-07	-1.763027e-06	-3.512831e-09	-1.268223e+01	-2.291990e+02
6.800000e-07	-1.645958e-06	-3.476309e-09	-1.184010e+01	-2.271200e+02
6.900000e-07	-1.528303e-06	-3.438800e-09	-1.099376e+01	-2.252199e+02
7.000000e-07	-1.410101e-06	-3.398261e-09	-1.014347e+01	-2.232311e+02
7.100000e-07	-1.291508e-06	-3.355968e-09	-9.290389e+00	-2.208314e+02
7.200000e-07	-1.172493e-06	-3.314262e-09	-8.434256e+00	-2.178185e+02
7.300000e-07	-1.053017e-06	-3.269230e-09	-7.574818e+00	-2.142290e+02
7.400000e-07	-9.331891e-07	-3.219581e-09	-6.712840e+00	-2.103297e+02
7.500000e-07	-8.130649e-07	-3.166610e-09	-5.848734e+00	-2.064730e+02
7.600000e-07	-6.926965e-07	-3.107007e-09	-4.982871e+00	-2.028833e+02
7.700000e-07	-5.720612e-07	-3.041712e-09	-4.115089e+00	-1.994899e+02
7.800000e-07	-4.511864e-07	-2.973554e-09	-3.245583e+00	-1.959052e+02
7.900000e-07	-3.301876e-07	-2.900950e-09	-2.375185e+00	-1.915782e+02
8.000000e-07	-2.090941e-07	-2.817392e-09	-1.504106e+00	-1.860547e+02
8.100000e-07	-8.793142e-08	-2.721015e-09	-6.325294e-01	-1.792088e+02
8.200000e-07	3.330357e-08	-2.615363e-09	2.395673e-01	-1.713015e+02
8.300000e-07	1.545578e-07	-2.496783e-09	1.111803e+00	-1.627997e+02
8.400000e-07	2.757722e-07	-2.356965e-09	1.983751e+00	-1.540066e+02
8.500000e-07	3.969250e-07	-2.191893e-09	2.855256e+00	-1.446671e+02
8.600000e-07	5.179776e-07	-1.996594e-09	3.726041e+00	-1.337561e+02
8.700000e-07	6.389044e-07	-1.762858e-09	4.595921e+00	-1.196062e+02
8.800000e-07	7.596565e-07	-1.476880e-09	5.464544e+00	-1.003907e+02
8.900000e-07	8.802097e-07	-1.118775e-09	6.331736e+00	-7.481793e+01
9.000000e-07	1.000497e-06	-6.602896e-10	7.197016e+00	-4.277605e+01
9.100000e-07	1.120427e-06	-8.466278e-11	8.059729e+00	-5.654794e+00
9.200000e-07	1.239969e-06	5.708166e-10	8.919646e+00	3.381955e+01
9.300000e-07	1.359031e-06	1.206495e-09	9.776110e+00	7.221653e+01
9.400000e-07	1.477560e-06	1.721729e-09	1.062874e+01	1.062949e+02
9.500000e-07	1.595553e-06	2.091370e-09	1.147752e+01	1.338436e+02
9.600000e-07	1.712948e-06	2.352646e-09	1.232199e+01	1.541742e+02
9.700000e-07	1.829740e-06	2.549735e-09	1.316212e+01	1.681074e+02
9.800000e-07	1.945825e-06	2.709214e-09	1.399718e+01	1.774910e+02
9.900000e-07	2.061028e-06	2.843925e-09	1.482588e+01	1.844627e+02
1.000000e-06	2.175339e-06	2.961106e-09	1.564817e+01	1.907474e+02
1.010000e-06	2.288696e-06	3.063398e-09	1.646360e+01	1.972404e+02
1.020000e-06	2.401113e-06	3.152795e-09	1.727226e+01	2.039820e+02
1.030000e-06	2.512662e-06	3.231527e-09	1.807468e+01	2.104663e+02
1.040000e-06	2.623243e-06	3.303789e-09	1.887014e+01	2.160934e+02
1.050000e-06	2.732895e-06	3.371413e-09	1.965892e+01	2.205491e+02
1.060000e-06	2.841700e-06	3.432643e-09	2.044160e+01	2.239589e+02
1.070000e-06	2.949607e-06	3.488930e-09	2.121782e+01	2.267867e+02
1.080000e-06	3.056454e-06	3.541337e-09	2.198642e+01	2.295735e+02
1.090000e-06	3.162110e-06	3.590665e-09	2.274645e+01	2.326689e+02
1.100000e-06	3.266572e-06	3.637201e-09	2.349789e+01	2.360919e+02
1.110000e-06	3.369796e-06	3.680215e-09	2.424043e+01	2.395753e+02
1.120000e-06	3.471856e-06	3.719545e-09	2.497459e+01	2.427505e+02
1.130000e-06	3.572849e-06	3.756267e-09	2.570108e+01	2.453628e+02
1.140000e-06	3.672631e-06	3.791166e-09	2.641885e+01	2.474036e+02
1.150000e-06	3.771047e-06	3.824773e-09	2.712680e+01	2.490999e+02
1.160000e-06	3.868008e-06	3.856140e-09	2.782429e+01	2.507798e+02
1.170000e-06	3.963456e-06	3.885238e-09	2.851089e+01	2.526947e+02
1.180000e-06	4.057506e-06	3.913639e-09	2.918743e+01	2.548952e+02
1.190000e-06	4.150329e-06	3.940151e-09	2.985515e+01	2.572218e+02
1.200000e-06	4.241865e-06	3.963640e-09	3.051361e+01	2.594054e+02
1.210000e-06	4.331814e-06	3.986415e-09	3.116065e+01	2.612193e+02
1.220000e-06	4.420100e-06	4.007723e-09	3.179573e+01	2.625974e+02
1.230000e-06	4.506784e-06	4.026323e-09	3.241928e+01	2.636597e+02
1.240000e-06	4.591906e-06	4.043935e-09	3.303161e+01	2.646380e+02
1.250000e-06	4.675536e-06	4.061534e-09	3.363319e+01	2.657474e+02
1.260000e-06	4.757536e-06	4.078071e-09	3.422305e+01	2.670751e+02
1.270000e-06	4.837748e-06	4.092641e-09	3.480006e+01	2.685442e+02
1.280000e-06	4.916148e-06	4.107561e-09	3.536402e+01	2.699680e+02
1.290000e-06	4.992743e-06	4.122336e-09	3.591500e+01	2.711593e+02
1.300000e-06	5.067379e-06	4.136524e-09	3.645189e+01	2.720342e+02
1.310000e-06	5.139939e-06	4.151673e-09	3.697384e+01	2.726540e+02
1.320000e-06	5.210569e-06	4.165105e-09	3.748192e+01	2.731867e+02
1.330000e-06	5.279384e-06	4.175142e-09	3.797694e+01	2.738126e+02
1.340000e-06	5.346334e-06	4.183844e-09	3.845853e+01	2.746274e+02
1.350000e-06	5.411276e-06	4.193762e-09	3.892569e+01	2.755957e+02
1.360000e-06	5.474230e-06	4.205010e-09	3.937855e+01	2.765783e+02
1.370000e-06	5.535438e-06	4.215213e-09	3.981884e+01	2.774132e+02
1.380000e-06	5.594911e-06	4.224272e-09	4.024666e+01	2.780064e+02
1.390000e-06	5.652375e-06	4.233034e-09	4.066003e+01	2.783807e+02
1.400000e-06	5.707714e-06	4.241884e-09	4.105810e+01	2.786587e+02
1.410000e-06	5.760930e-06	4.249764e-09	4.144090e+01	2.789907e+02
1.420000e-06	5.811832e-06	4.256794e-09	4.180707e+01	2.794710e+02
1.430000e-06	5.860329e-06	4.264157e-09	4.215593e+01	2.800880e+02
1.440000e-06	5.906686e-06	4.271133e-09	4.248939e+01	2.807353e+02
1.450000e-06	5.951153e-06	4.276781e-09	4.280927e+01	2.812756e+02
1.460000e-06	5.993563e-06	4.282408e-09	4.311434e+01	2.816213e+02
1.470000e-06	6.033700e-06	4.288867e-09	4.340306e+01	2.817847e+02
1.480000e-06	6.071705e-06	4.294445e-09	4.367645e+01	2.818714e+02
1.490000e-06	6.107738e-06	4.299494e-09	4.393565e+01	2.820204e+02
1.500000e-06	6.141591e-06	4.305619e-09	4.417917e+01	2.823252e+02
1.510000e-06	6.173196e-06	4.311508e-09	4.440652e+01	2.827807e+02
1.520000e-06	6.202780e-06	4.315795e-09	4.461933e+01	2.832845e+02
1.530000e-06	6.230268e-06	4.318835e-09	4.481706e+01	2.836941e+02
1.540000e-06	6.255343e-06	4.321856e-09	4.499744e+01	2.839052e+02
1.550000e-06	6.278051e-06	4.325315e-09	4.516078e+01	2.839110e+02
1.560000e-06	6.298647e-06	4.328039e-09	4.530895e+01	2.838058e+02
1.570000e-06	6.317109e-06	4.329857e-09	4.544175e+01	2.837343e+02
1.580000e-06	6.333215e-06	4.332044e-09	4.555761e+01	2.838120e+02
1.590000e-06	6.346946e-06	4.334650e-09	4.565638e+01	2.840618e+02
1.600000e-06	6.358250e-06	4.336997e-09	4.573770e+01	2.844021e+02
1.610000e-06	6.366963e-06	4.339295e-09	4.580037e+01	2.846929e+02
1.620000e-06	6.373374e-06	4.342044e-09	4.584649e+01	2.848137e+02
1.630000e-06	6.377725e-06	4.343917e-09	4.587779e+01	2.847305e+02
1.640000e-06	6.379784e-06	4.344054e-09	4.589260e+01	2.845148e+02
1.650000e-06	6.379455e-06	4.345179e-09	4.589023e+01	2.843017e+02
1.660000e-06	6.377017e-06	4.344103e-09	4.587270e+01	2.842134e+02
1.670000e-06	6.372677e-06	4.345807e-09	4.584148e+01	2.842889e+02
1.680000e-06	6.366154e-06	4.346391e-09	4.579455e+01	2.844614e+02
1.690000e-06	6.357440e-06	4.344087e-09	4.573187e+01	2.845975e+02
1.700000e-06	6.346750e-06	4.344663e-09	4.565497e+01	2.845776e+02
1.710000e-06	6.333845e-06	4.349853e-09	4.556213e+01	2.843718e+02
1.720000e-06	6.318680e-06	4.363884e-09	4.545305e+01	2.840663e+02
1.730000e-06	6.301512e-06	4.338939e-09	4.532955e+01	2.838221e+02
1.740000e-06	6.282038e-06	4.295618e-09	4.518947e+01	2.837834e+02
1.750000e-06	6.259516e-06	4.319071e-09	4.502745e+01	2.839838e+02
1.760000e-06	6.234080e-06	4.328355e-09	4.484448e+01	2.843035e+02
1.770000e-06	6.206644e-06	4.327108e-09	4.464713e+01	2.845054e+02
1.780000e-06	6.177752e-06	4.399595e-09	4.443930e+01	2.843379e+02
1.790000e-06	6.147339e-06	4.340810e-09	4.422051e+01	2.836565e+02
1.800000e-06	6.114929e-06	4.294090e-09	4.398738e+01	2.825026e+02
1.810000e-06	6.080325e-06	4.305979e-09	4.373846e+01	2.810971e+02
1.820000e-06	6.043886e-06	4.137983e-09	4.347634e+01	2.797495e+02
1.830000e-06	6.005269e-06	4.167219e-09	4.319855e+01	2.787241e+02
1.840000e-06	5.964316e-06	4.230236e-09	4.290395e+01	2.781284e+02
1.850000e-06	5.921422e-06	4.153568e-09	4.259539e+01	2.778776e+02
1.860000e-06	5.876426e-06	4.226204e-09	4.227172e+01	2.777515e+02
1.870000e-06	5.829325e-06	4.188710e-09	4.193291e+01	2.775131e+02
1.880000e-06	5.780002e-06	4.176845e-09	4.157810e+01	2.770284e+02
1.890000e-06	5.728231e-06	4.210920e-09	4.120569e+01	2.763261e+02
1.900000e-06	5.674111e-06	4.135813e-09	4.081638e+01	2.755694e+02
1.910000e-06	5.617716e-06	4.183391e-09	4.041070e+01	2.749572e+02
1.920000e-06	5.559325e-06	4.164551e-09	3.999068e+01	2.746091e+02
1.930000e-06	5.499035e-06	4.149321e-09	3.955698e+01	2.744948e+02
1.940000e-06	5.436622e-06	4.173534e-09	3.910801e+01	2.744469e+02
1.950000e-06	5.372105e-06	4.135737e-09	3.864392e+01	2.742477e+02
1.960000e-06	5.305581e-06	4.155259e-09	3.816538e+01	2.737448e+02
1.970000e-06	5.237125e-06	4.110768e-09	3.767295e+01	2.729320e+02
1.980000e-06	5.166618e-06	4.127357e-09	3.716576e+01	2.719540e+02
1.990000e-06	5.094165e-06	4.130574e-09	3.664457e+01	2.710300e+02
2.000000e-06	5.019956e-06	4.092078e-09	3.611076e+01	2.703384e+02
2.010000e-06	4.943775e-06	4.109111e-09	3.556275e+01	2.699229e+02
2.020000e-06	4.865579e-06	4.076126e-09	3.500026e+01	2.696702e+02
2.030000e-06	4.785475e-06	4.083399e-09	3.442403e+01	2.693702e+02
2.040000e-06	4.703748e-06	4.068429e-09	3.383613e+01	2.688273e+02
2.050000e-06	4.620527e-06	4.063508e-09	3.323748e+01	2.679623e+02
2.060000e-06	4.535742e-06	4.065265e-09	3.262759e+01	2.668517e+02
2.070000e-06	4.449293e-06	4.031909e-09	3.200573e+01	2.656840e+02
2.080000e-06	4.361156e-06	4.025670e-09	3.137172e+01	2.646564e+02
2.090000e-06	4.271559e-06	4.013164e-09	3.072720e+01	2.638691e+02
2.100000e-06	4.180562e-06	4.012431e-09	3.007262e+01	2.632729e+02
2.110000e-06	4.088157e-06	3.983267e-09	2.940792e+01	2.626989e+02
2.120000e-06	3.994278e-06	3.964190e-09	2.873260e+01	2.619530e+02
2.130000e-06	3.898916e-06	3.963824e-09	2.804662e+01	2.609227e+02
2.140000e-06	3.802166e-06	3.951381e-09	2.735065e+01	2.596384e+02
2.150000e-06	3.704050e-06	3.934090e-09	2.664487e+01	2.582544e+02
2.160000e-06	3.604618e-06	3.913383e-09	2.592960e+01	2.569610e+02
2.170000e-06	3.503861e-06	3.904699e-09	2.520482e+01	2.558759e+02
2.180000e-06	3.401781e-06	3.884267e-09	2.447051e+01	2.549746e+02
2.190000e-06	3.298358e-06	3.865157e-09	2.372654e+01	2.541014e+02
2.200000e-06	3.193689e-06	3.848514e-09	2.297361e+01	2.530541e+02
2.210000e-06	3.087919e-06	3.829404e-09	2.221276e+01	2.516970e+02
2.220000e-06	2.981059e-06	3.802559e-09	2.144407e+01	2.500397e+02
2.230000e-06	2.873213e-06	3.782138e-09	2.066829e+01	2.482349e+02
2.240000e-06	2.764479e-06	3.768332e-09	1.988611e+01	2.464945e+02
2.250000e-06	2.654802e-06	3.747052e-09	1.909716e+01	2.449695e+02
2.260000e-06	2.544107e-06	3.719435e-09	1.830088e+01	2.436585e+02
2.270000e-06	2.432401e-06	3.690664e-09	1.749734e+01	2.424005e+02
2.280000e-06	2.319661e-06	3.663374e-09	1.668634e+01	2.409571e+02
2.290000e-06	2.206031e-06	3.631670e-09	1.586895e+01	2.391436e+02
2.300000e-06	2.091591e-06	3.604143e-09	1.504573e+01	2.369356e+02
2.310000e-06	1.976390e-06	3.576624e-09	1.421704e+01	2.344888e+02
2.320000e-06	1.860429e-06	3.544534e-09	1.338289e+01	2.320562e+02
2.330000e-06	1.743689e-06	3.509192e-09	1.254313e+01	2.298425e+02
2.340000e-06	1.626275e-06	3.475962e-09	1.169851e+01	2.278762e+02
2.350000e-06	1.508275e-06	3.440149e-09	1.084968e+01	2.259721e+02
2.360000e-06	1.389748e-06	3.398539e-09	9.997070e+00	2.238140e+02
2.370000e-06	1.270731e-06	3.356816e-09	9.140930e+00	2.211191e+02
2.380000e-06	1.151263e-06	3.314033e-09	8.281539e+00	2.177963e+02
2.390000e-06	1.031306e-06	3.266741e-09	7.418640e+00	2.140079e+02
2.400000e-06	9.109306e-07	3.215688e-09	6.552725e+00	2.100883e+02
2.410000e-06	7.902512e-07	3.163059e-09	5.684625e+00	2.063524e+02
2.420000e-06	6.693701e-07	3.104161e-09	4.815074e+00	2.028905e+02
2.430000e-06	5.483417e-07	3.038421e-09	3.944463e+00	1.994650e+02
2.440000e-06	4.271879e-07	2.967898e-09	3.072951e+00	1.955779e+02
2.450000e-06	3.059148e-07	2.893714e-09	2.200580e+00	1.906923e+02
2.460000e-06	1.845747e-07	2.810230e-09	1.327727e+00	1.844973e+02
2.470000e-06	6.315269e-08	2.714049e-09	4.542851e-01	1.770676e+02
2.480000e-06	-5.832181e-08	2.605907e-09	-4.195345e-01	1.688043e+02
2.490000e-06	-1.797623e-07	2.480055e-09	-1.293109e+00	1.601453e+02
2.500000e-06	-3.011745e-07	2.332584e-09	-2.166481e+00	1.511569e+02
2.510000e-06	-4.225173e-07	2.158082e-09	-3.039353e+00	1.412069e+02
2.520000e-06	-5.437514e-07	1.951448e-09	-3.911443e+00	1.289092e+02
2.530000e-06	-6.648582e-07	1.702981e-09	-4.782618e+00	1.124379e+02
2.540000e-06	-7.858563e-07	1.395682e-09	-5.653010e+00	9.014341e+01
2.550000e-06	-9.066363e-07	1.005897e-09	-6.521835e+00	6.125791e+01
2.560000e-06	-1.027067e-06	5.043284e-10	-7.388148e+00	2.640859e+01
2.570000e-06	-1.147075e-06	-1.086342e-10	-8.251413e+00	-1.229385e+01
2.580000e-06	-1.266608e-06	-7.705430e-10	-9.111271e+00	-5.166900e+01
2.590000e-06	-1.385575e-06	-1.369831e-09	-9.967050e+00	-8.826487e+01
2.600000e-06	-1.503858e-06	-1.827210e-09	-1.081792e+01	-1.192661e+02
2.610000e-06	-1.621552e-06	-2.148441e-09	-1.166454e+01	-1.431916e+02
2.620000e-06	-1.738571e-06	-2.379029e-09	-1.250631e+01	-1.601416e+02
2.630000e-06	-1.854811e-06	-2.557953e-09	-1.334247e+01	-1.715331e+02
2.640000e-06	-1.970259e-06	-2.705076e-09	-1.417294e+01	-1.794559e+02
2.650000e-06	-2.084828e-06	-2.828916e-09	-1.499709e+01	-1.859156e+02
2.660000e-06	-2.198449e-06	-2.935764e-09	-1.581441e+01	-1.922505e+02
2.670000e-06	-2.311030e-06	-3.030735e-09	-1.662426e+01	-1.989075e+02
2.680000e-06	-2.422599e-06	-3.117245e-09	-1.742682e+01	-2.056009e+02
2.690000e-06	-2.533248e-06	-3.195577e-09	-1.822277e+01	-2.117210e+02
2.700000e-06	-2.643012e-06	-3.265067e-09	-1.901235e+01	-2.167752e+02
2.710000e-06	-2.751870e-06	-3.327610e-09	-1.979541e+01	-2.206668e+02
2.720000e-06	-2.859850e-06	-3.386331e-09	-2.057216e+01	-2.237163e+02
2.730000e-06	-2.966943e-06	-3.441003e-09	-2.134253e+01	-2.264632e+02
2.740000e-06	-3.073014e-06	-3.491362e-09	-2.210554e+01	-2.293807e+02
2.750000e-06	-3.178026e-06	-3.537562e-09	-2.286094e+01	-2.326591e+02
2.760000e-06	-3.281907e-06	-3.580687e-09	-2.360820e+01	-2.361579e+02
2.770000e-06	-3.384480e-06	-3.620646e-09	-2.434605e+01	-2.395312e+02
2.780000e-06	-3.485761e-06	-3.658221e-09	-2.507461e+01	-2.424435e+02
2.790000e-06	-3.585816e-06	-3.695721e-09	-2.579436e+01	-2.447550e+02
2.800000e-06	-3.684634e-06	-3.733302e-09	-2.650519e+01	-2.465853e+02
2.810000e-06	-3.782274e-06	-3.769961e-09	-2.720756e+01	-2.482338e+02
2.820000e-06	-3.878709e-06	-3.803496e-09	-2.790126e+01	-2.500111e+02
2.830000e-06	-3.973801e-06	-3.834819e-09	-2.858530e+01	-2.520775e+02
2.840000e-06	-4.067430e-06	-3.865719e-09	-2.925882e+01	-2.543717e+02
2.850000e-06	-4.159557e-06	-3.894631e-09	-2.992153e+01	-2.566619e+02
2.860000e-06	-4.250178e-06	-3.923207e-09	-3.057340e+01	-2.586814e+02
2.870000e-06	-4.339310e-06	-3.950181e-09	-3.121457e+01	-2.602739e+02
2.880000e-06	-4.426947e-06	-3.976052e-09	-3.184498e+01	-2.614700e+02
2.890000e-06	-4.512931e-06	-4.000202e-09	-3.246350e+01	-2.624597e+02
2.900000e-06	-4.597241e-06	-4.020486e-09	-3.306998e+01	-2.634833e+02
2.910000e-06	-4.679987e-06	-4.040064e-09	-3.366521e+01	-2.647021e+02
2.920000e-06	-4.761130e-06	-4.060184e-09	-3.424891e+01	-2.661197e+02
2.930000e-06	-4.840504e-06	-4.081396e-09	-3.481988e+01	-2.675929e+02
2.940000e-06	-4.917906e-06	-4.101059e-09	-3.537666e+01	-2.689199e+02
2.950000e-06	-4.993279e-06	-4.116245e-09	-3.591886e+01	-2.699550e+02
2.960000e-06	-5.066813e-06	-4.128557e-09	-3.644782e+01	-2.706868e+02
2.970000e-06	-5.138530e-06	-4.142025e-09	-3.696371e+01	-2.712393e+02
2.980000e-06	-5.208210e-06	-4.156701e-09	-3.746495e+01	-2.718001e+02
2.990000e-06	-5.275878e-06	-4.169631e-09	-3.795171e+01	-2.725169e+02
3.000000e-06	-5.341730e-06	-4.180249e-09	-3.842542e+01	-2.734214e+02
3.010000e-06	-5.405826e-06	-4.192195e-09	-3.888649e+01	-2.744186e+02
3.020000e-06	-5.467963e-06	-4.203553e-09	-3.933347e+01	-2.753457e+02
3.030000e-06	-5.528022e-06	-4.213640e-09	-3.976550e+01	-2.760651e+02
3.040000e-06	-5.586111e-06	-4.222508e-09	-4.018335e+01	-2.765392e+02
3.050000e-06	-5.642312e-06	-4.231285e-09	-4.058763e+01	-2.768468e+02
3.060000e-06	-5.696498e-06	-4.240534e-09	-4.097742e+01	-2.771352e+02
3.070000e-06	-5.748342e-06	-4.247903e-09	-4.135035e+01	-2.775363e+02
3.080000e-06	-5.797659e-06	-4.252310e-09	-4.170512e+01	-2.780939e+02
3.090000e-06	-5.844610e-06	-4.257073e-09	-4.204286e+01	-2.787438e+02
3.100000e-06	-5.889613e-06	-4.263675e-09	-4.236658e+01	-2.793539e+02
3.110000e-06	-5.932864e-06	-4.268343e-09	-4.267771e+01	-2.798028e+02
3.120000e-06	-5.974134e-06	-4.271891e-09	-4.297458e+01	-2.800496e+02
3.130000e-06	-6.013337e-06	-4.277152e-09	-4.325658e+01	-2.801581e+02
3.140000e-06	-6.050421e-06	-4.283183e-09	-4.352334e+01	-2.802602e+02
3.150000e-06	-6.085367e-06	-4.287417e-09	-4.377473e+01	-2.804815e+02
3.160000e-06	-6.118248e-06	-4.290370e-09	-4.401126e+01	-2.808697e+02
3.170000e-06	-6.148910e-06	-4.292800e-09	-4.423182e+01	-2.813670e+02
3.180000e-06	-6.177272e-06	-4.295385e-09	-4.443584e+01	-2.818415e+02
3.190000e-06	-6.203449e-06	-4.298695e-09	-4.462415e+01	-2.821602e+02
3.200000e-06	-6.227498e-06	-4.301375e-09	-4.479713e+01	-2.822631e+02
3.210000e-06	-6.249199e-06	-4.302228e-09	-4.495324e+01	-2.821973e+02
3.220000e-06	-6.268596e-06	-4.303585e-09	-4.509277e+01	-2.820914e+02
3.230000e-06	-6.285931e-06	-4.305438e-09	-4.521747e+01	-2.820854e+02
3.240000e-06	-6.300938e-06	-4.306864e-09	-4.532542e+01	-2.822538e+02
3.250000e-06	-6.313352e-06	-4.307325e-09	-4.541472e+01	-2.825650e+02
3.260000e-06	-6.323396e-06	-4.307916e-09	-4.548697e+01	-2.828993e+02
3.270000e-06	-6.331217e-06	-4.308482e-09	-4.554323e+01	-2.831164e+02
3.280000e-06	-6.336668e-06	-4.308639e-09	-4.558245e+01	-2.831331e+02
3.290000e-06	-6.339857e-06	-4.308044e-09	-4.560539e+01	-2.829698e+02
3.300000e-06	-6.340913e-06	-4.304617e-09	-4.561298e+01	-2.827378e+02
3.310000e-06	-6.339750e-06	-4.302936e-09	-4.560462e+01	-2.825764e+02
