# Temperatura_=_20.0
# Concentracion g/m^3_=_6200.0
# C_Vs_to_Am_M_A/Vsm_=_65563218390.804596
# pendiente_HvsI_1/m_=_3716.3
# ordenada_HvsI_A/m_=_1297.0
# frecuencia_Hz_=_301454.1820159154

Tiempo_(s)	Campo_(V.s)	Magnetizacion_(V.s)	Campo_(kA/m)	Magnetizacion_(A/m)
0.000000e+00	-3.222407e-06	-1.027347e-10	-2.354742e+01	-8.170960e+00
1.000000e-08	-3.221691e-06	-1.056338e-10	-2.354219e+01	-8.187749e+00
2.000000e-08	-3.219578e-06	-1.083651e-10	-2.352676e+01	-8.201082e+00
3.000000e-08	-3.216302e-06	-1.099616e-10	-2.350281e+01	-8.211675e+00
4.000000e-08	-3.212182e-06	-1.118397e-10	-2.347270e+01	-8.220191e+00
5.000000e-08	-3.207085e-06	-1.113293e-10	-2.343546e+01	-8.227159e+00
6.000000e-08	-3.200900e-06	-1.078133e-10	-2.339026e+01	-8.232899e+00
7.000000e-08	-3.193721e-06	-1.020400e-10	-2.333781e+01	-8.237457e+00
8.000000e-08	-3.185595e-06	-1.023098e-10	-2.327842e+01	-8.240557e+00
9.000000e-08	-3.175985e-06	-1.267159e-10	-2.320820e+01	-8.241583e+00
1.000000e-07	-3.164560e-06	-1.410812e-10	-2.312471e+01	-8.239579e+00
1.100000e-07	-3.151729e-06	-1.208542e-10	-2.303095e+01	-8.233293e+00
1.200000e-07	-3.138000e-06	-6.737934e-11	-2.293063e+01	-8.221235e+00
1.300000e-07	-3.123241e-06	-9.271079e-11	-2.282278e+01	-8.201775e+00
1.400000e-07	-3.106989e-06	-1.582398e-10	-2.270402e+01	-8.173255e+00
1.500000e-07	-3.089717e-06	-1.109758e-10	-2.257781e+01	-8.134114e+00
1.600000e-07	-3.071861e-06	-9.247304e-11	-2.244732e+01	-8.083021e+00
1.700000e-07	-3.052951e-06	-1.922715e-10	-2.230914e+01	-8.018994e+00
1.800000e-07	-3.032846e-06	-1.490253e-10	-2.216223e+01	-7.941515e+00
1.900000e-07	-3.012002e-06	-4.541197e-11	-2.200991e+01	-7.850600e+00
2.000000e-07	-2.990271e-06	-1.487023e-10	-2.185112e+01	-7.746849e+00
2.100000e-07	-2.967291e-06	-1.502185e-10	-2.168319e+01	-7.631451e+00
2.200000e-07	-2.943446e-06	-5.949956e-11	-2.150894e+01	-7.506137e+00
2.300000e-07	-2.918648e-06	-1.528986e-10	-2.132773e+01	-7.373104e+00
2.400000e-07	-2.892344e-06	-1.829391e-10	-2.113552e+01	-7.234890e+00
2.500000e-07	-2.864847e-06	-6.405498e-11	-2.093459e+01	-7.094222e+00
2.600000e-07	-2.836493e-06	-8.248177e-11	-2.072740e+01	-6.953843e+00
2.700000e-07	-2.807161e-06	-1.512617e-10	-2.051305e+01	-6.816330e+00
2.800000e-07	-2.776835e-06	-1.362731e-10	-2.029145e+01	-6.683921e+00
2.900000e-07	-2.745623e-06	-1.234068e-10	-2.006337e+01	-6.558360e+00
3.000000e-07	-2.713618e-06	-1.144321e-10	-1.982950e+01	-6.440772e+00
3.100000e-07	-2.680591e-06	-1.148279e-10	-1.958815e+01	-6.331589e+00
3.200000e-07	-2.646196e-06	-1.185873e-10	-1.933682e+01	-6.230514e+00
3.300000e-07	-2.610718e-06	-1.054700e-10	-1.907757e+01	-6.136553e+00
3.400000e-07	-2.574525e-06	-1.261035e-10	-1.881309e+01	-6.048094e+00
3.500000e-07	-2.537443e-06	-1.502001e-10	-1.854211e+01	-5.963028e+00
3.600000e-07	-2.499332e-06	-1.061277e-10	-1.826363e+01	-5.878925e+00
3.700000e-07	-2.460332e-06	-9.808258e-11	-1.797864e+01	-5.793221e+00
3.800000e-07	-2.420739e-06	-1.244171e-10	-1.768931e+01	-5.703430e+00
3.900000e-07	-2.380586e-06	-1.152361e-10	-1.739590e+01	-5.607340e+00
4.000000e-07	-2.339413e-06	-9.108899e-11	-1.709503e+01	-5.503201e+00
4.100000e-07	-2.296930e-06	-9.163574e-11	-1.678459e+01	-5.389871e+00
4.200000e-07	-2.253526e-06	-1.166301e-10	-1.646742e+01	-5.266913e+00
4.300000e-07	-2.209515e-06	-1.089644e-10	-1.614581e+01	-5.134643e+00
4.400000e-07	-2.164718e-06	-9.439571e-11	-1.581847e+01	-4.994117e+00
4.500000e-07	-2.119116e-06	-9.537282e-11	-1.548523e+01	-4.847052e+00
4.600000e-07	-2.072813e-06	-8.808968e-11	-1.514688e+01	-4.695704e+00
4.700000e-07	-2.025787e-06	-7.454365e-11	-1.480324e+01	-4.542690e+00
4.800000e-07	-1.978115e-06	-8.599715e-11	-1.445488e+01	-4.390794e+00
4.900000e-07	-1.929787e-06	-9.829534e-11	-1.410173e+01	-4.242742e+00
5.000000e-07	-1.880435e-06	-8.759638e-11	-1.374110e+01	-4.100992e+00
5.100000e-07	-1.829890e-06	-7.530744e-11	-1.337174e+01	-3.967535e+00
5.200000e-07	-1.778482e-06	-7.458316e-11	-1.299608e+01	-3.843735e+00
5.300000e-07	-1.726476e-06	-8.066974e-11	-1.261605e+01	-3.730219e+00
5.400000e-07	-1.673870e-06	-8.101916e-11	-1.223164e+01	-3.626812e+00
5.500000e-07	-1.620624e-06	-8.082059e-11	-1.184255e+01	-3.532549e+00
5.600000e-07	-1.566828e-06	-7.216226e-11	-1.144944e+01	-3.445730e+00
5.700000e-07	-1.512419e-06	-6.668172e-11	-1.105185e+01	-3.364047e+00
5.800000e-07	-1.457387e-06	-6.903061e-11	-1.064971e+01	-3.284744e+00
5.900000e-07	-1.401971e-06	-7.354405e-11	-1.024477e+01	-3.204814e+00
6.000000e-07	-1.346261e-06	-7.093624e-11	-9.837669e+00	-3.121215e+00
6.100000e-07	-1.290155e-06	-6.516931e-11	-9.427684e+00	-3.031085e+00
6.200000e-07	-1.233513e-06	-7.095466e-11	-9.013777e+00	-2.931937e+00
6.300000e-07	-1.176211e-06	-7.185627e-11	-8.595049e+00	-2.821831e+00
6.400000e-07	-1.118213e-06	-6.407843e-11	-8.171233e+00	-2.699500e+00
6.500000e-07	-1.059593e-06	-5.995719e-11	-7.742873e+00	-2.564417e+00
6.600000e-07	-1.000489e-06	-6.110058e-11	-7.310976e+00	-2.416818e+00
6.700000e-07	-9.410794e-07	-5.430611e-11	-6.876846e+00	-2.257660e+00
6.800000e-07	-8.815002e-07	-4.823735e-11	-6.441477e+00	-2.088530e+00
6.900000e-07	-8.218375e-07	-5.193770e-11	-6.005497e+00	-1.911515e+00
7.000000e-07	-7.620170e-07	-5.134336e-11	-5.568365e+00	-1.729029e+00
7.100000e-07	-7.019885e-07	-4.275804e-11	-5.129712e+00	-1.543639e+00
7.200000e-07	-6.417315e-07	-3.767195e-11	-4.689390e+00	-1.357866e+00
7.300000e-07	-5.811830e-07	-4.067045e-11	-4.246938e+00	-1.174017e+00
7.400000e-07	-5.203725e-07	-3.973317e-11	-3.802571e+00	-9.940285e-01
7.500000e-07	-4.593434e-07	-3.358881e-11	-3.356607e+00	-8.193447e-01
7.600000e-07	-3.981520e-07	-2.940522e-11	-2.909457e+00	-6.508440e-01
7.700000e-07	-3.368437e-07	-2.828217e-11	-2.461453e+00	-4.888053e-01
7.800000e-07	-2.754570e-07	-2.701405e-11	-2.012875e+00	-3.329225e-01
7.900000e-07	-2.140414e-07	-2.333208e-11	-1.564087e+00	-1.823620e-01
8.000000e-07	-1.525550e-07	-1.981522e-11	-1.114780e+00	-3.585548e-02
8.100000e-07	-9.099009e-08	-1.702232e-11	-6.649012e-01	1.081788e-01
8.200000e-07	-2.940080e-08	-1.524838e-11	-2.148435e-01	2.514986e-01
8.300000e-07	3.219160e-08	-1.342078e-11	2.352370e-01	3.958945e-01
8.400000e-07	9.380939e-08	-1.132197e-11	6.855030e-01	5.430514e-01
8.500000e-07	1.553998e-07	-8.652109e-12	1.135569e+00	6.944258e-01
8.600000e-07	2.169309e-07	-7.311554e-12	1.585201e+00	8.511459e-01
8.700000e-07	2.784419e-07	-7.380925e-12	2.034687e+00	1.013940e+00
8.800000e-07	3.399132e-07	-7.112937e-12	2.483882e+00	1.183100e+00
8.900000e-07	4.012953e-07	-3.813319e-12	2.932426e+00	1.358470e+00
9.000000e-07	4.625217e-07	3.863916e-12	3.379832e+00	1.539474e+00
9.100000e-07	5.235455e-07	1.011271e-11	3.825758e+00	1.725167e+00
9.200000e-07	5.843400e-07	1.481012e-11	4.270007e+00	1.914301e+00
9.300000e-07	6.448720e-07	1.718266e-11	4.712339e+00	2.105411e+00
9.400000e-07	7.051373e-07	1.690355e-11	5.152722e+00	2.296906e+00
9.500000e-07	7.651628e-07	1.758648e-11	5.591353e+00	2.487160e+00
9.600000e-07	8.249913e-07	2.181014e-11	6.028543e+00	2.674590e+00
9.700000e-07	8.846792e-07	2.662091e-11	6.464707e+00	2.857738e+00
9.800000e-07	9.442181e-07	2.870593e-11	6.899781e+00	3.035318e+00
9.900000e-07	1.003568e-06	2.990715e-11	7.333472e+00	3.206264e+00
1.000000e-06	1.062590e-06	3.426351e-11	7.764772e+00	3.369752e+00
1.010000e-06	1.121022e-06	3.991078e-11	8.191761e+00	3.525211e+00
1.020000e-06	1.178723e-06	4.097851e-11	8.613407e+00	3.672311e+00
1.030000e-06	1.235661e-06	4.188055e-11	9.029470e+00	3.810959e+00
1.040000e-06	1.291910e-06	4.441387e-11	9.440509e+00	3.941263e+00
1.050000e-06	1.347739e-06	4.689820e-11	9.848474e+00	4.063516e+00
1.060000e-06	1.403283e-06	4.935717e-11	1.025435e+01	4.178156e+00
1.070000e-06	1.458514e-06	5.354838e-11	1.065795e+01	4.285746e+00
1.080000e-06	1.513289e-06	5.815853e-11	1.105821e+01	4.386941e+00
1.090000e-06	1.567471e-06	5.872083e-11	1.145414e+01	4.482464e+00
1.100000e-06	1.621113e-06	6.012516e-11	1.184612e+01	4.573088e+00
1.110000e-06	1.674256e-06	6.301684e-11	1.223446e+01	4.659614e+00
1.120000e-06	1.726761e-06	6.546477e-11	1.261814e+01	4.742853e+00
1.130000e-06	1.778615e-06	6.588119e-11	1.299706e+01	4.823611e+00
1.140000e-06	1.829767e-06	6.880617e-11	1.337084e+01	4.902672e+00
1.150000e-06	1.879987e-06	7.149361e-11	1.373782e+01	4.980777e+00
1.160000e-06	1.929131e-06	7.039685e-11	1.409694e+01	5.058612e+00
1.170000e-06	1.977295e-06	6.906752e-11	1.444889e+01	5.136784e+00
1.180000e-06	2.024781e-06	6.979320e-11	1.479589e+01	5.215806e+00
1.190000e-06	2.071690e-06	7.055189e-11	1.513867e+01	5.296076e+00
1.200000e-06	2.117921e-06	7.044933e-11	1.547650e+01	5.377866e+00
1.210000e-06	2.163409e-06	7.242843e-11	1.580890e+01	5.461308e+00
1.220000e-06	2.208116e-06	7.522014e-11	1.613559e+01	5.546389e+00
1.230000e-06	2.252120e-06	7.835134e-11	1.645715e+01	5.632954e+00
1.240000e-06	2.295603e-06	8.116971e-11	1.677490e+01	5.720710e+00
1.250000e-06	2.338400e-06	8.416078e-11	1.708763e+01	5.809241e+00
1.260000e-06	2.380017e-06	8.586543e-11	1.739174e+01	5.898030e+00
1.270000e-06	2.420403e-06	8.715666e-11	1.768686e+01	5.986485e+00
1.280000e-06	2.459966e-06	8.853737e-11	1.797596e+01	6.073970e+00
1.290000e-06	2.498798e-06	8.804371e-11	1.825972e+01	6.159836e+00
1.300000e-06	2.536801e-06	8.689362e-11	1.853742e+01	6.243459e+00
1.310000e-06	2.573937e-06	8.703433e-11	1.880879e+01	6.324271e+00
1.320000e-06	2.610174e-06	8.704478e-11	1.907360e+01	6.401787e+00
1.330000e-06	2.645701e-06	8.718150e-11	1.933320e+01	6.475637e+00
1.340000e-06	2.680459e-06	8.952056e-11	1.958719e+01	6.545576e+00
1.350000e-06	2.713944e-06	9.286131e-11	1.983188e+01	6.611504e+00
1.360000e-06	2.746132e-06	9.369392e-11	2.006709e+01	6.673467e+00
1.370000e-06	2.777428e-06	9.278217e-11	2.029578e+01	6.731658e+00
1.380000e-06	2.807857e-06	9.237895e-11	2.051814e+01	6.786405e+00
1.390000e-06	2.837351e-06	9.290540e-11	2.073367e+01	6.838157e+00
1.400000e-06	2.865932e-06	9.335919e-11	2.094252e+01	6.887466e+00
1.410000e-06	2.893717e-06	9.372165e-11	2.114556e+01	6.934959e+00
1.420000e-06	2.920687e-06	9.424380e-11	2.134264e+01	6.981315e+00
1.430000e-06	2.946329e-06	9.357457e-11	2.153002e+01	7.027230e+00
1.440000e-06	2.970587e-06	9.252296e-11	2.170728e+01	7.073387e+00
1.450000e-06	2.993835e-06	9.386956e-11	2.187716e+01	7.120426e+00
1.460000e-06	3.016099e-06	9.624320e-11	2.203985e+01	7.168913e+00
1.470000e-06	3.037316e-06	9.802923e-11	2.219489e+01	7.219310e+00
1.480000e-06	3.057578e-06	9.935539e-11	2.234295e+01	7.271950e+00
1.490000e-06	3.077019e-06	9.972291e-11	2.248502e+01	7.327017e+00
1.500000e-06	3.095507e-06	9.945011e-11	2.262011e+01	7.384527e+00
1.510000e-06	3.112813e-06	1.004915e-10	2.274658e+01	7.444323e+00
1.520000e-06	3.128998e-06	1.024005e-10	2.286485e+01	7.506069e+00
1.530000e-06	3.143964e-06	1.028385e-10	2.297421e+01	7.569265e+00
1.540000e-06	3.157647e-06	1.025641e-10	2.307420e+01	7.633256e+00
1.550000e-06	3.170194e-06	1.031887e-10	2.316588e+01	7.697267e+00
1.560000e-06	3.181536e-06	1.044189e-10	2.324876e+01	7.760432e+00
1.570000e-06	3.191460e-06	1.054571e-10	2.332128e+01	7.821842e+00
1.580000e-06	3.199975e-06	1.066033e-10	2.338350e+01	7.880592e+00
1.590000e-06	3.207385e-06	1.079839e-10	2.343766e+01	7.935832e+00
1.600000e-06	3.213732e-06	1.082151e-10	2.348404e+01	7.986820e+00
1.610000e-06	3.218923e-06	1.072350e-10	2.352196e+01	8.032966e+00
1.620000e-06	3.223098e-06	1.068036e-10	2.355247e+01	8.073872e+00
1.630000e-06	3.226353e-06	1.077809e-10	2.357626e+01	8.109355e+00
1.640000e-06	3.228349e-06	1.096735e-10	2.359085e+01	8.139460e+00
1.650000e-06	3.228890e-06	1.105781e-10	2.359480e+01	8.164452e+00
1.660000e-06	3.228360e-06	1.095528e-10	2.359092e+01	8.184787e+00
1.670000e-06	3.226894e-06	1.076715e-10	2.358021e+01	8.201074e+00
1.680000e-06	3.224371e-06	1.069081e-10	2.356178e+01	8.214007e+00
1.690000e-06	3.220865e-06	1.071149e-10	2.353616e+01	8.224300e+00
1.700000e-06	3.216568e-06	1.079432e-10	2.350476e+01	8.232601e+00
1.710000e-06	3.211305e-06	1.090884e-10	2.346630e+01	8.239415e+00
1.720000e-06	3.204663e-06	1.121818e-10	2.341776e+01	8.245025e+00
1.730000e-06	3.196825e-06	1.211931e-10	2.336049e+01	8.249434e+00
1.740000e-06	3.188090e-06	1.059207e-10	2.329666e+01	8.252319e+00
1.750000e-06	3.178070e-06	7.559106e-11	2.322343e+01	8.253012e+00
1.760000e-06	3.166154e-06	8.392865e-11	2.313636e+01	8.250515e+00
1.770000e-06	3.152423e-06	1.403883e-10	2.303602e+01	8.243534e+00
1.780000e-06	3.138046e-06	1.375975e-10	2.293097e+01	8.230555e+00
1.790000e-06	3.123552e-06	5.798449e-11	2.282505e+01	8.209937e+00
1.800000e-06	3.107783e-06	5.773649e-11	2.270982e+01	8.180026e+00
1.810000e-06	3.090339e-06	1.439800e-10	2.258235e+01	8.139287e+00
1.820000e-06	3.072199e-06	7.281621e-11	2.244979e+01	8.086431e+00
1.830000e-06	3.053378e-06	7.591681e-11	2.231226e+01	8.020538e+00
1.840000e-06	3.033276e-06	2.393075e-10	2.216537e+01	7.941159e+00
1.850000e-06	3.012206e-06	1.477606e-10	2.201140e+01	7.848394e+00
1.860000e-06	2.990092e-06	4.173936e-11	2.184980e+01	7.742929e+00
1.870000e-06	2.966499e-06	1.744196e-10	2.167740e+01	7.626031e+00
1.880000e-06	2.941867e-06	1.395026e-10	2.149740e+01	7.499505e+00
1.890000e-06	2.916305e-06	2.490588e-11	2.131062e+01	7.365605e+00
1.900000e-06	2.889467e-06	1.562937e-10	2.111450e+01	7.226906e+00
1.910000e-06	2.861692e-06	1.892622e-10	2.091153e+01	7.086148e+00
1.920000e-06	2.833124e-06	8.321025e-11	2.070278e+01	6.946061e+00
1.930000e-06	2.803316e-06	9.942664e-11	2.048496e+01	6.809185e+00
1.940000e-06	2.772338e-06	1.163425e-10	2.025859e+01	6.677696e+00
1.950000e-06	2.740313e-06	1.092599e-10	2.002457e+01	6.553255e+00
1.960000e-06	2.707190e-06	1.270396e-10	1.978253e+01	6.436894e+00
1.970000e-06	2.673238e-06	9.146129e-11	1.953443e+01	6.328938e+00
1.980000e-06	2.638382e-06	1.392978e-10	1.927972e+01	6.228991e+00
1.990000e-06	2.602652e-06	1.358461e-10	1.901862e+01	6.135963e+00
2.000000e-06	2.566307e-06	4.522329e-11	1.875304e+01	6.048162e+00
2.010000e-06	2.528916e-06	1.073341e-10	1.847981e+01	5.963422e+00
2.020000e-06	2.490142e-06	1.401475e-10	1.819647e+01	5.879283e+00
2.030000e-06	2.450328e-06	8.582269e-11	1.790553e+01	5.793178e+00
2.040000e-06	2.409782e-06	1.020522e-10	1.760925e+01	5.702648e+00
2.050000e-06	2.368586e-06	1.182475e-10	1.730821e+01	5.605537e+00
2.060000e-06	2.326646e-06	1.088453e-10	1.700174e+01	5.500175e+00
2.070000e-06	2.283900e-06	8.795903e-11	1.668938e+01	5.385513e+00
2.080000e-06	2.240438e-06	7.645253e-11	1.637178e+01	5.261223e+00
2.090000e-06	2.196401e-06	1.136149e-10	1.604999e+01	5.127727e+00
2.100000e-06	2.151780e-06	1.004933e-10	1.572392e+01	4.986183e+00
2.110000e-06	2.106287e-06	7.639745e-11	1.539148e+01	4.838392e+00
2.120000e-06	2.059811e-06	1.028392e-10	1.505186e+01	4.686674e+00
2.130000e-06	2.012681e-06	9.472570e-11	1.470747e+01	4.533683e+00
2.140000e-06	1.964940e-06	8.340812e-11	1.435861e+01	4.382208e+00
2.150000e-06	1.916323e-06	7.279499e-11	1.400335e+01	4.234950e+00
2.160000e-06	1.866876e-06	6.961391e-11	1.364202e+01	4.094310e+00
2.170000e-06	1.816773e-06	8.467650e-11	1.327589e+01	3.962200e+00
2.180000e-06	1.766081e-06	7.518090e-11	1.290546e+01	3.839885e+00
2.190000e-06	1.714702e-06	7.296663e-11	1.253002e+01	3.727877e+00
2.200000e-06	1.662665e-06	6.960469e-11	1.214976e+01	3.625888e+00
2.210000e-06	1.610030e-06	6.170700e-11	1.176513e+01	3.532843e+00
2.220000e-06	1.556508e-06	6.715530e-11	1.137403e+01	3.446946e+00
2.230000e-06	1.501988e-06	6.576238e-11	1.097563e+01	3.365815e+00
2.240000e-06	1.446652e-06	6.409533e-11	1.057127e+01	3.286644e+00
2.250000e-06	1.390811e-06	6.343820e-11	1.016321e+01	3.206409e+00
2.260000e-06	1.334708e-06	5.741635e-11	9.753251e+00	3.122081e+00
2.270000e-06	1.278252e-06	5.513981e-11	9.340702e+00	3.030838e+00
2.280000e-06	1.221335e-06	5.065787e-11	8.924785e+00	2.930264e+00
2.290000e-06	1.163922e-06	5.979398e-11	8.505248e+00	2.818508e+00
2.300000e-06	1.106118e-06	6.290213e-11	8.082846e+00	2.694404e+00
2.310000e-06	1.048021e-06	4.767857e-11	7.658314e+00	2.557536e+00
2.320000e-06	9.895586e-07	4.768688e-11	7.231103e+00	2.408246e+00
2.330000e-06	9.306768e-07	5.156015e-11	6.800830e+00	2.247587e+00
2.340000e-06	8.714244e-07	4.933982e-11	6.367849e+00	2.077228e+00
2.350000e-06	8.118898e-07	4.201426e-11	5.932806e+00	1.899313e+00
2.360000e-06	7.521242e-07	3.880730e-11	5.496074e+00	1.716289e+00
2.370000e-06	6.921693e-07	4.145095e-11	5.057959e+00	1.530728e+00
2.380000e-06	6.320980e-07	3.407146e-11	4.618994e+00	1.345130e+00
2.390000e-06	5.719499e-07	2.708700e-11	4.179468e+00	1.161760e+00
2.400000e-06	5.116967e-07	2.777238e-11	3.739173e+00	9.824877e-01
2.410000e-06	4.513371e-07	2.617948e-11	3.298102e+00	8.086822e-01
2.420000e-06	3.908444e-07	1.829696e-11	2.856057e+00	6.411364e-01
2.430000e-06	3.302693e-07	1.636618e-11	2.413411e+00	4.800437e-01
2.440000e-06	2.696635e-07	2.306258e-11	1.970539e+00	3.250184e-01
2.450000e-06	2.088856e-07	2.280249e-11	1.526411e+00	1.751581e-01
2.460000e-06	1.478794e-07	1.454325e-11	1.080614e+00	2.914209e-02
2.470000e-06	8.679119e-08	1.163660e-11	6.342181e-01	-1.146454e-01
2.480000e-06	2.572730e-08	1.384621e-11	1.879997e-01	-2.579755e-01
2.490000e-06	-3.532878e-08	1.169416e-11	-2.581616e-01	-4.026320e-01
2.500000e-06	-9.638806e-08	5.483629e-12	-7.043464e-01	-5.502741e-01
2.510000e-06	-1.574400e-07	1.448165e-12	-1.150478e+00	-7.023170e-01
2.520000e-06	-2.184222e-07	-2.017671e-12	-1.596099e+00	-8.598354e-01
2.530000e-06	-2.793310e-07	-9.429514e-12	-2.041184e+00	-1.023497e+00
2.540000e-06	-3.401196e-07	-1.245886e-11	-2.485391e+00	-1.193529e+00
2.550000e-06	-4.007274e-07	-1.014483e-11	-2.928277e+00	-1.369713e+00
2.560000e-06	-4.612140e-07	-1.018122e-11	-3.370276e+00	-1.551419e+00
2.570000e-06	-5.215754e-07	-1.276939e-11	-3.811362e+00	-1.737651e+00
2.580000e-06	-5.818092e-07	-1.342253e-11	-4.251514e+00	-1.927126e+00
2.590000e-06	-6.419566e-07	-1.365548e-11	-4.691035e+00	-2.118355e+00
2.600000e-06	-7.020082e-07	-1.923515e-11	-5.129856e+00	-2.309737e+00
2.610000e-06	-7.619320e-07	-2.497771e-11	-5.567743e+00	-2.499647e+00
2.620000e-06	-8.216532e-07	-2.840970e-11	-6.004151e+00	-2.686517e+00
2.630000e-06	-8.810540e-07	-3.234313e-11	-6.438216e+00	-2.868909e+00
2.640000e-06	-9.400278e-07	-3.546416e-11	-6.869161e+00	-3.045566e+00
2.650000e-06	-9.986128e-07	-3.640789e-11	-7.297265e+00	-3.215456e+00
2.660000e-06	-1.056909e-06	-3.694185e-11	-7.723260e+00	-3.377792e+00
2.670000e-06	-1.114852e-06	-3.866102e-11	-8.146672e+00	-3.532036e+00
2.680000e-06	-1.172361e-06	-3.970295e-11	-8.566911e+00	-3.677895e+00
2.690000e-06	-1.229361e-06	-4.038572e-11	-8.983438e+00	-3.815305e+00
2.700000e-06	-1.285864e-06	-4.413574e-11	-9.396322e+00	-3.944402e+00
2.710000e-06	-1.342035e-06	-4.940605e-11	-9.806789e+00	-4.065503e+00
2.720000e-06	-1.397975e-06	-5.104865e-11	-1.021556e+01	-4.179064e+00
2.730000e-06	-1.453549e-06	-5.102279e-11	-1.062167e+01	-4.285664e+00
2.740000e-06	-1.508415e-06	-5.219582e-11	-1.102259e+01	-4.385968e+00
2.750000e-06	-1.562399e-06	-5.244213e-11	-1.141708e+01	-4.480708e+00
2.760000e-06	-1.615553e-06	-4.974585e-11	-1.180550e+01	-4.570663e+00
2.770000e-06	-1.667995e-06	-4.870741e-11	-1.218871e+01	-4.656635e+00
2.780000e-06	-1.719842e-06	-5.109177e-11	-1.256758e+01	-4.739436e+00
2.790000e-06	-1.771033e-06	-5.266879e-11	-1.294165e+01	-4.819869e+00
2.800000e-06	-1.821582e-06	-5.409430e-11	-1.331103e+01	-4.898714e+00
2.810000e-06	-1.871541e-06	-5.654154e-11	-1.367610e+01	-4.976705e+00
2.820000e-06	-1.920609e-06	-5.894406e-11	-1.403466e+01	-5.054518e+00
2.830000e-06	-1.968565e-06	-5.937542e-11	-1.438510e+01	-5.132749e+00
2.840000e-06	-2.015680e-06	-5.894689e-11	-1.472939e+01	-5.211892e+00
2.850000e-06	-2.062226e-06	-5.907680e-11	-1.506952e+01	-5.292331e+00
2.860000e-06	-2.108175e-06	-5.914180e-11	-1.540528e+01	-5.374317e+00
2.870000e-06	-2.153403e-06	-6.070296e-11	-1.573578e+01	-5.457963e+00
2.880000e-06	-2.197930e-06	-6.473905e-11	-1.606116e+01	-5.543234e+00
2.890000e-06	-2.241935e-06	-6.827654e-11	-1.638272e+01	-5.629955e+00
2.900000e-06	-2.285297e-06	-6.854778e-11	-1.669958e+01	-5.717815e+00
2.910000e-06	-2.327872e-06	-6.843960e-11	-1.701069e+01	-5.806382e+00
2.920000e-06	-2.369695e-06	-6.924133e-11	-1.731631e+01	-5.895126e+00
2.930000e-06	-2.410673e-06	-6.953812e-11	-1.761576e+01	-5.983448e+00
2.940000e-06	-2.450904e-06	-7.016397e-11	-1.790974e+01	-6.070706e+00
2.950000e-06	-2.490365e-06	-7.139130e-11	-1.819810e+01	-6.156254e+00
2.960000e-06	-2.528630e-06	-7.317408e-11	-1.847771e+01	-6.239474e+00
2.970000e-06	-2.565687e-06	-7.535091e-11	-1.874851e+01	-6.319807e+00
2.980000e-06	-2.601947e-06	-7.780647e-11	-1.901348e+01	-6.396785e+00
2.990000e-06	-2.637430e-06	-7.995903e-11	-1.927276e+01	-6.470052e+00
3.000000e-06	-2.671955e-06	-8.103986e-11	-1.952505e+01	-6.539386e+00
3.010000e-06	-2.705513e-06	-8.206526e-11	-1.977027e+01	-6.604707e+00
3.020000e-06	-2.738178e-06	-8.198232e-11	-2.000897e+01	-6.666082e+00
3.030000e-06	-2.770069e-06	-8.039514e-11	-2.024201e+01	-6.723723e+00
3.040000e-06	-2.800950e-06	-7.877069e-11	-2.046767e+01	-6.777977e+00
3.050000e-06	-2.830472e-06	-7.812777e-11	-2.068340e+01	-6.829309e+00
3.060000e-06	-2.858882e-06	-7.867787e-11	-2.089100e+01	-6.878284e+00
3.070000e-06	-2.886435e-06	-8.028340e-11	-2.109235e+01	-6.925538e+00
3.080000e-06	-2.913057e-06	-8.517916e-11	-2.128688e+01	-6.971754e+00
3.090000e-06	-2.938634e-06	-8.907684e-11	-2.147378e+01	-7.017627e+00
3.100000e-06	-2.963252e-06	-8.775872e-11	-2.165367e+01	-7.063837e+00
3.110000e-06	-2.987025e-06	-8.622475e-11	-2.182740e+01	-7.111015e+00
3.120000e-06	-3.009622e-06	-8.685150e-11	-2.199252e+01	-7.159715e+00
3.130000e-06	-3.030797e-06	-8.779513e-11	-2.214725e+01	-7.210381e+00
3.140000e-06	-3.050904e-06	-8.777900e-11	-2.229419e+01	-7.263325e+00
3.150000e-06	-3.070117e-06	-8.805434e-11	-2.243458e+01	-7.318709e+00
3.160000e-06	-3.088300e-06	-9.018662e-11	-2.256745e+01	-7.376525e+00
3.170000e-06	-3.105459e-06	-9.041273e-11	-2.269284e+01	-7.436589e+00
3.180000e-06	-3.121716e-06	-8.922758e-11	-2.281163e+01	-7.498542e+00
3.190000e-06	-3.136806e-06	-8.991640e-11	-2.292191e+01	-7.561860e+00
3.200000e-06	-3.150316e-06	-9.258310e-11	-2.302063e+01	-7.625869e+00
3.210000e-06	-3.162477e-06	-9.439713e-11	-2.310949e+01	-7.689779e+00
3.220000e-06	-3.173493e-06	-9.498134e-11	-2.318999e+01	-7.752714e+00
3.230000e-06	-3.183314e-06	-9.533044e-11	-2.326175e+01	-7.813764e+00
3.240000e-06	-3.192100e-06	-9.605511e-11	-2.332596e+01	-7.872028e+00
3.250000e-06	-3.200003e-06	-9.843132e-11	-2.338371e+01	-7.926669e+00
3.260000e-06	-3.206730e-06	-1.001293e-10	-2.343287e+01	-7.976962e+00
3.270000e-06	-3.211993e-06	-1.009856e-10	-2.347132e+01	-8.022345e+00
3.280000e-06	-3.216092e-06	-1.021666e-10	-2.350128e+01	-8.062447e+00
3.290000e-06	-3.219206e-06	-1.030248e-10	-2.352403e+01	-8.097119e+00
3.300000e-06	-3.221236e-06	-1.038728e-10	-2.353887e+01	-8.126437e+00
3.310000e-06	-3.222216e-06	-1.035860e-10	-2.354603e+01	-8.150697e+00
