# Temperatura_=_20.0
# Concentracion g/m^3_=_6200.0
# C_Vs_to_Am_M_A/Vsm_=_65563218390.804596
# pendiente_HvsI_1/m_=_3716.3
# ordenada_HvsI_A/m_=_1297.0
# frecuencia_Hz_=_301453.2556332328

Tiempo_(s)	Campo_(V.s)	Magnetizacion_(V.s)	Campo_(kA/m)	Magnetizacion_(A/m)
0.000000e+00	-3.224850e-06	-1.014318e-10	-2.355021e+01	-7.971321e+00
1.000000e-08	-3.224139e-06	-1.060635e-10	-2.354501e+01	-8.019295e+00
2.000000e-08	-3.221997e-06	-1.089224e-10	-2.352938e+01	-8.061824e+00
3.000000e-08	-3.218663e-06	-1.096280e-10	-2.350503e+01	-8.097764e+00
4.000000e-08	-3.214530e-06	-1.109451e-10	-2.347484e+01	-8.126111e+00
5.000000e-08	-3.209446e-06	-1.112020e-10	-2.343772e+01	-8.146053e+00
6.000000e-08	-3.203214e-06	-1.087618e-10	-2.339221e+01	-8.157006e+00
7.000000e-08	-3.195981e-06	-1.022228e-10	-2.333939e+01	-8.158626e+00
8.000000e-08	-3.187920e-06	-9.980474e-11	-2.328052e+01	-8.150806e+00
9.000000e-08	-3.178412e-06	-1.276086e-10	-2.321109e+01	-8.133653e+00
1.000000e-07	-3.167017e-06	-1.430881e-10	-2.312787e+01	-8.107448e+00
1.100000e-07	-3.154193e-06	-1.271905e-10	-2.303422e+01	-8.072603e+00
1.200000e-07	-3.140455e-06	-6.208223e-11	-2.293390e+01	-8.029608e+00
1.300000e-07	-3.125702e-06	-8.312036e-11	-2.282616e+01	-7.978987e+00
1.400000e-07	-3.109427e-06	-1.653882e-10	-2.270731e+01	-7.921257e+00
1.500000e-07	-3.092106e-06	-1.085085e-10	-2.258082e+01	-7.856896e+00
1.600000e-07	-3.074251e-06	-7.866834e-11	-2.245042e+01	-7.786332e+00
1.700000e-07	-3.055376e-06	-1.828502e-10	-2.231259e+01	-7.709942e+00
1.800000e-07	-3.035304e-06	-1.394707e-10	-2.216601e+01	-7.628061e+00
1.900000e-07	-3.014416e-06	-3.352155e-11	-2.201347e+01	-7.541008e+00
2.000000e-07	-2.992667e-06	-1.496996e-10	-2.185464e+01	-7.449106e+00
2.100000e-07	-2.969707e-06	-1.404272e-10	-2.168697e+01	-7.352714e+00
2.200000e-07	-2.945832e-06	-4.061280e-11	-2.151262e+01	-7.252247e+00
2.300000e-07	-2.920942e-06	-1.491294e-10	-2.133085e+01	-7.148185e+00
2.400000e-07	-2.894547e-06	-1.666233e-10	-2.113810e+01	-7.041079e+00
2.500000e-07	-2.867058e-06	-5.420487e-11	-2.093735e+01	-6.931527e+00
2.600000e-07	-2.838766e-06	-1.044543e-10	-2.073074e+01	-6.820150e+00
2.700000e-07	-2.809465e-06	-1.531129e-10	-2.051677e+01	-6.707549e+00
2.800000e-07	-2.779111e-06	-1.307809e-10	-2.029510e+01	-6.594255e+00
2.900000e-07	-2.747857e-06	-1.399340e-10	-2.006686e+01	-6.480677e+00
3.000000e-07	-2.715811e-06	-9.991046e-11	-1.983283e+01	-6.367056e+00
3.100000e-07	-2.682697e-06	-9.232207e-11	-1.959101e+01	-6.253429e+00
3.200000e-07	-2.648219e-06	-1.268159e-10	-1.933923e+01	-6.139604e+00
3.300000e-07	-2.612729e-06	-9.658394e-11	-1.908006e+01	-6.025167e+00
3.400000e-07	-2.576520e-06	-1.067899e-10	-1.881563e+01	-5.909502e+00
3.500000e-07	-2.539438e-06	-1.658139e-10	-1.854483e+01	-5.791843e+00
3.600000e-07	-2.501346e-06	-1.103700e-10	-1.826665e+01	-5.671340e+00
3.700000e-07	-2.462354e-06	-8.006786e-11	-1.798191e+01	-5.547147e+00
3.800000e-07	-2.422753e-06	-1.282262e-10	-1.769271e+01	-5.418516e+00
3.900000e-07	-2.382535e-06	-1.164395e-10	-1.739901e+01	-5.284897e+00
4.000000e-07	-2.341235e-06	-8.106071e-11	-1.709740e+01	-5.146016e+00
4.100000e-07	-2.298651e-06	-8.838212e-11	-1.678642e+01	-5.001957e+00
4.200000e-07	-2.255220e-06	-1.057874e-10	-1.646927e+01	-4.853193e+00
4.300000e-07	-2.211138e-06	-8.668432e-11	-1.614735e+01	-4.700609e+00
4.400000e-07	-2.166297e-06	-8.033490e-11	-1.581988e+01	-4.545469e+00
4.500000e-07	-2.120665e-06	-8.285321e-11	-1.548665e+01	-4.389367e+00
4.600000e-07	-2.074285e-06	-7.821715e-11	-1.514794e+01	-4.234125e+00
4.700000e-07	-2.027240e-06	-7.287180e-11	-1.480439e+01	-4.081684e+00
4.800000e-07	-1.979605e-06	-7.359467e-11	-1.445652e+01	-3.933968e+00
4.900000e-07	-1.931231e-06	-7.718908e-11	-1.410326e+01	-3.792740e+00
5.000000e-07	-1.881753e-06	-7.189237e-11	-1.374194e+01	-3.659471e+00
5.100000e-07	-1.831117e-06	-6.158052e-11	-1.337216e+01	-3.535219e+00
5.200000e-07	-1.779692e-06	-5.573479e-11	-1.299661e+01	-3.420544e+00
5.300000e-07	-1.727683e-06	-6.143935e-11	-1.261680e+01	-3.315452e+00
5.400000e-07	-1.675028e-06	-6.270271e-11	-1.223228e+01	-3.219386e+00
5.500000e-07	-1.621756e-06	-6.618088e-11	-1.184324e+01	-3.131260e+00
5.600000e-07	-1.567899e-06	-5.887098e-11	-1.144995e+01	-3.049532e+00
5.700000e-07	-1.513404e-06	-5.133038e-11	-1.105198e+01	-2.972317e+00
5.800000e-07	-1.458383e-06	-5.480345e-11	-1.065018e+01	-2.897524e+00
5.900000e-07	-1.402997e-06	-5.523883e-11	-1.024571e+01	-2.823011e+00
6.000000e-07	-1.347276e-06	-4.949580e-11	-9.838790e+00	-2.746736e+00
6.100000e-07	-1.291132e-06	-4.842489e-11	-9.428786e+00	-2.666907e+00
6.200000e-07	-1.234445e-06	-5.709361e-11	-9.014822e+00	-2.582100e+00
6.300000e-07	-1.177143e-06	-5.216689e-11	-8.596354e+00	-2.491346e+00
6.400000e-07	-1.119108e-06	-4.422268e-11	-8.172547e+00	-2.394178e+00
6.500000e-07	-1.060446e-06	-4.643998e-11	-7.744149e+00	-2.290633e+00
6.600000e-07	-1.001378e-06	-4.956345e-11	-7.312795e+00	-2.181209e+00
6.700000e-07	-9.420035e-07	-4.335677e-11	-6.879197e+00	-2.066779e+00
6.800000e-07	-8.824236e-07	-3.804048e-11	-6.444102e+00	-1.948482e+00
6.900000e-07	-8.227347e-07	-3.924413e-11	-6.008210e+00	-1.827581e+00
7.000000e-07	-7.629067e-07	-3.488103e-11	-5.571302e+00	-1.705324e+00
7.100000e-07	-7.028223e-07	-2.897495e-11	-5.132521e+00	-1.582800e+00
7.200000e-07	-6.424553e-07	-2.802940e-11	-4.691678e+00	-1.460820e+00
7.300000e-07	-5.818631e-07	-3.187591e-11	-4.249189e+00	-1.339820e+00
7.400000e-07	-5.210864e-07	-3.199005e-11	-3.805353e+00	-1.219809e+00
7.500000e-07	-4.601394e-07	-3.135736e-11	-3.360274e+00	-1.100349e+00
7.600000e-07	-3.989894e-07	-3.200390e-11	-2.913712e+00	-9.805869e-01
7.700000e-07	-3.376833e-07	-2.927931e-11	-2.466010e+00	-8.593181e-01
7.800000e-07	-2.763223e-07	-2.634420e-11	-2.017907e+00	-7.350898e-01
7.900000e-07	-2.148924e-07	-2.176571e-11	-1.569301e+00	-6.063235e-01
8.000000e-07	-1.533915e-07	-1.651307e-11	-1.120177e+00	-4.714524e-01
8.100000e-07	-9.181456e-08	-1.255840e-11	-6.704969e-01	-3.290574e-01
8.200000e-07	-3.017145e-08	-1.249969e-11	-2.203340e-01	-1.779915e-01
8.300000e-07	3.148378e-08	-1.296899e-11	2.299176e-01	-1.748103e-02
8.400000e-07	9.313149e-08	-1.284968e-11	6.801141e-01	1.528037e-01
8.500000e-07	1.547794e-07	-1.247544e-11	1.130312e+00	3.327150e-01
8.600000e-07	2.164811e-07	-1.073748e-11	1.580903e+00	5.216323e-01
8.700000e-07	2.781376e-07	-7.733394e-12	2.031164e+00	7.185027e-01
8.800000e-07	3.396887e-07	-3.809378e-12	2.480655e+00	9.219145e-01
8.900000e-07	4.010895e-07	-9.141381e-14	2.929048e+00	1.130193e+00
9.000000e-07	4.622870e-07	5.873106e-12	3.375957e+00	1.341510e+00
9.100000e-07	5.233289e-07	1.085090e-11	3.821730e+00	1.554001e+00
9.200000e-07	5.841969e-07	1.472090e-11	4.266232e+00	1.765872e+00
9.300000e-07	6.448612e-07	1.583339e-11	4.709247e+00	1.975488e+00
9.400000e-07	7.052765e-07	1.683041e-11	5.150444e+00	2.181448e+00
9.500000e-07	7.654115e-07	1.830821e-11	5.589594e+00	2.382625e+00
9.600000e-07	8.253175e-07	2.074921e-11	6.027071e+00	2.578175e+00
9.700000e-07	8.850492e-07	2.526634e-11	6.463276e+00	2.767530e+00
9.800000e-07	9.445987e-07	2.838582e-11	6.898150e+00	2.950355e+00
9.900000e-07	1.003926e-06	3.091891e-11	7.331403e+00	3.126495e+00
1.000000e-06	1.062999e-06	3.513846e-11	7.762795e+00	3.295912e+00
1.010000e-06	1.121590e-06	3.986830e-11	8.190668e+00	3.458625e+00
1.020000e-06	1.179342e-06	3.948120e-11	8.612414e+00	3.614647e+00
1.030000e-06	1.236221e-06	4.028160e-11	9.027786e+00	3.763948e+00
1.040000e-06	1.292461e-06	4.392305e-11	9.438493e+00	3.906429e+00
1.050000e-06	1.348310e-06	4.556417e-11	9.846343e+00	4.041922e+00
1.060000e-06	1.403845e-06	4.647042e-11	1.025190e+01	4.170205e+00
1.070000e-06	1.458984e-06	4.949213e-11	1.065457e+01	4.291044e+00
1.080000e-06	1.513708e-06	5.434588e-11	1.105420e+01	4.404239e+00
1.090000e-06	1.567954e-06	5.504723e-11	1.145034e+01	4.509682e+00
1.100000e-06	1.621650e-06	5.466119e-11	1.184247e+01	4.607409e+00
1.110000e-06	1.674767e-06	5.480596e-11	1.223037e+01	4.697649e+00
1.120000e-06	1.727303e-06	5.567622e-11	1.261403e+01	4.780855e+00
1.130000e-06	1.779177e-06	5.693336e-11	1.299285e+01	4.857711e+00
1.140000e-06	1.830281e-06	6.168244e-11	1.336605e+01	4.929122e+00
1.150000e-06	1.880535e-06	6.630555e-11	1.373304e+01	4.996175e+00
1.160000e-06	1.929718e-06	6.776960e-11	1.409221e+01	5.060086e+00
1.170000e-06	1.977908e-06	6.710243e-11	1.444413e+01	5.122117e+00
1.180000e-06	2.025425e-06	6.629264e-11	1.479113e+01	5.183501e+00
1.190000e-06	2.072301e-06	6.658618e-11	1.513346e+01	5.245350e+00
1.200000e-06	2.118492e-06	6.661788e-11	1.547077e+01	5.308575e+00
1.210000e-06	2.164004e-06	6.816261e-11	1.580314e+01	5.373826e+00
1.220000e-06	2.208751e-06	6.955811e-11	1.612991e+01	5.441438e+00
1.230000e-06	2.252775e-06	7.192944e-11	1.645140e+01	5.511422e+00
1.240000e-06	2.296283e-06	7.531337e-11	1.676913e+01	5.583470e+00
1.250000e-06	2.339091e-06	7.887079e-11	1.708175e+01	5.656991e+00
1.260000e-06	2.380771e-06	8.030759e-11	1.738613e+01	5.731175e+00
1.270000e-06	2.421275e-06	8.165817e-11	1.768192e+01	5.805075e+00
1.280000e-06	2.460846e-06	8.315676e-11	1.797089e+01	5.877697e+00
1.290000e-06	2.499687e-06	8.177088e-11	1.825454e+01	5.948096e+00
1.300000e-06	2.537795e-06	7.836873e-11	1.853284e+01	6.015466e+00
1.310000e-06	2.575035e-06	7.717875e-11	1.880479e+01	6.079217e+00
1.320000e-06	2.611331e-06	7.853352e-11	1.906985e+01	6.139025e+00
1.330000e-06	2.646898e-06	7.955606e-11	1.932958e+01	6.194867e+00
1.340000e-06	2.681704e-06	8.103323e-11	1.958376e+01	6.247013e+00
1.350000e-06	2.715276e-06	8.289970e-11	1.982893e+01	6.296004e+00
1.360000e-06	2.747599e-06	8.225987e-11	2.006497e+01	6.342598e+00
1.370000e-06	2.778996e-06	8.052354e-11	2.029426e+01	6.387698e+00
1.380000e-06	2.809469e-06	8.027445e-11	2.051679e+01	6.432268e+00
1.390000e-06	2.839072e-06	8.159232e-11	2.073297e+01	6.477248e+00
1.400000e-06	2.867776e-06	8.256119e-11	2.094259e+01	6.523471e+00
1.410000e-06	2.895588e-06	8.340785e-11	2.114570e+01	6.571592e+00
1.420000e-06	2.922559e-06	8.402530e-11	2.134266e+01	6.622045e+00
1.430000e-06	2.948236e-06	8.351758e-11	2.153017e+01	6.675011e+00
1.440000e-06	2.972553e-06	8.287965e-11	2.170775e+01	6.730418e+00
1.450000e-06	2.995877e-06	8.452036e-11	2.187808e+01	6.787972e+00
1.460000e-06	3.018204e-06	8.692689e-11	2.204113e+01	6.847196e+00
1.470000e-06	3.039492e-06	8.836572e-11	2.219659e+01	6.907499e+00
1.480000e-06	3.059829e-06	8.988187e-11	2.234510e+01	6.968242e+00
1.490000e-06	3.079288e-06	9.107449e-11	2.248721e+01	7.028815e+00
1.500000e-06	3.097727e-06	9.090282e-11	2.262186e+01	7.088703e+00
1.510000e-06	3.114898e-06	9.058045e-11	2.274726e+01	7.147536e+00
1.520000e-06	3.130882e-06	9.159979e-11	2.286399e+01	7.205127e+00
1.530000e-06	3.145709e-06	9.153665e-11	2.297227e+01	7.261480e+00
1.540000e-06	3.159364e-06	9.092569e-11	2.307199e+01	7.316780e+00
1.550000e-06	3.171913e-06	9.142387e-11	2.316363e+01	7.371357e+00
1.560000e-06	3.183334e-06	9.260649e-11	2.324703e+01	7.425631e+00
1.570000e-06	3.193373e-06	9.383390e-11	2.332034e+01	7.480051e+00
1.580000e-06	3.201916e-06	9.576564e-11	2.338273e+01	7.535019e+00
1.590000e-06	3.209302e-06	9.885399e-11	2.343667e+01	7.590823e+00
1.600000e-06	3.215643e-06	1.001653e-10	2.348298e+01	7.647574e+00
1.610000e-06	3.220862e-06	9.853445e-11	2.352109e+01	7.705159e+00
1.620000e-06	3.225077e-06	9.717722e-11	2.355187e+01	7.763219e+00
1.630000e-06	3.228383e-06	9.823828e-11	2.357601e+01	7.821143e+00
1.640000e-06	3.230404e-06	1.007435e-10	2.359077e+01	7.878089e+00
1.650000e-06	3.230956e-06	1.023802e-10	2.359480e+01	7.933024e+00
1.660000e-06	3.230442e-06	1.017433e-10	2.359104e+01	7.984784e+00
1.670000e-06	3.228957e-06	1.003131e-10	2.358020e+01	8.032143e+00
1.680000e-06	3.226423e-06	1.012388e-10	2.356170e+01	8.073888e+00
1.690000e-06	3.222942e-06	1.028878e-10	2.353628e+01	8.108890e+00
1.700000e-06	3.218660e-06	1.045118e-10	2.350500e+01	8.136170e+00
1.710000e-06	3.213385e-06	1.064139e-10	2.346649e+01	8.154948e+00
1.720000e-06	3.206717e-06	1.104737e-10	2.341779e+01	8.164672e+00
1.730000e-06	3.198854e-06	1.227685e-10	2.336037e+01	8.165034e+00
1.740000e-06	3.190181e-06	1.032860e-10	2.329703e+01	8.155959e+00
1.750000e-06	3.180264e-06	6.832968e-11	2.322461e+01	8.137581e+00
1.760000e-06	3.168398e-06	7.142047e-11	2.313795e+01	8.110204e+00
1.770000e-06	3.154588e-06	1.409098e-10	2.303711e+01	8.074252e+00
1.780000e-06	3.140097e-06	1.429347e-10	2.293128e+01	8.030226e+00
1.790000e-06	3.125567e-06	4.670433e-11	2.282517e+01	7.978648e+00
1.800000e-06	3.109777e-06	4.530345e-11	2.270986e+01	7.920031e+00
1.810000e-06	3.092331e-06	1.442109e-10	2.258246e+01	7.854848e+00
1.820000e-06	3.074146e-06	5.967461e-11	2.244966e+01	7.783519e+00
1.830000e-06	3.055270e-06	4.739313e-11	2.231182e+01	7.706414e+00
1.840000e-06	3.035154e-06	2.292193e-10	2.216491e+01	7.623865e+00
1.850000e-06	3.014110e-06	1.296392e-10	2.201123e+01	7.536188e+00
1.860000e-06	2.992073e-06	1.788272e-11	2.185030e+01	7.443711e+00
1.870000e-06	2.968533e-06	1.782306e-10	2.167840e+01	7.346799e+00
1.880000e-06	2.943906e-06	1.378123e-10	2.149855e+01	7.245877e+00
1.890000e-06	2.918347e-06	2.274650e-11	2.131190e+01	7.141435e+00
1.900000e-06	2.891453e-06	1.726122e-10	2.111551e+01	7.034031e+00
1.910000e-06	2.863593e-06	1.634685e-10	2.091205e+01	6.924269e+00
1.920000e-06	2.834974e-06	5.641884e-11	2.070305e+01	6.812771e+00
1.930000e-06	2.805138e-06	1.109147e-10	2.048517e+01	6.700130e+00
1.940000e-06	2.774140e-06	1.036797e-10	2.025879e+01	6.586863e+00
1.950000e-06	2.742055e-06	1.047568e-10	2.002448e+01	6.473358e+00
1.960000e-06	2.708884e-06	1.522334e-10	1.978225e+01	6.359829e+00
1.970000e-06	2.674954e-06	7.246941e-11	1.953447e+01	6.246280e+00
1.980000e-06	2.640094e-06	1.240755e-10	1.927990e+01	6.132487e+00
1.990000e-06	2.604298e-06	1.525283e-10	1.901849e+01	6.018006e+00
2.000000e-06	2.567903e-06	2.677232e-11	1.875270e+01	5.902196e+00
2.010000e-06	2.530517e-06	9.910754e-11	1.847969e+01	5.784272e+00
2.020000e-06	2.491792e-06	1.514338e-10	1.819689e+01	5.663382e+00
2.030000e-06	2.452028e-06	7.141917e-11	1.790650e+01	5.538687e+00
2.040000e-06	2.411520e-06	9.195934e-11	1.761068e+01	5.409461e+00
2.050000e-06	2.370321e-06	1.181099e-10	1.730981e+01	5.275188e+00
2.060000e-06	2.328364e-06	1.054525e-10	1.700341e+01	5.135643e+00
2.070000e-06	2.285519e-06	9.176576e-11	1.669053e+01	4.990962e+00
2.080000e-06	2.241926e-06	7.900102e-11	1.637218e+01	4.841679e+00
2.090000e-06	2.197842e-06	1.108588e-10	1.605025e+01	4.688733e+00
2.100000e-06	2.153211e-06	9.929769e-11	1.572432e+01	4.533441e+00
2.110000e-06	2.107657e-06	6.995385e-11	1.539165e+01	4.377435e+00
2.120000e-06	2.061187e-06	8.729063e-11	1.505229e+01	4.222563e+00
2.130000e-06	2.014113e-06	8.309488e-11	1.470853e+01	4.070771e+00
2.140000e-06	1.966366e-06	8.436289e-11	1.435984e+01	3.923969e+00
2.150000e-06	1.917761e-06	7.194407e-11	1.400489e+01	3.783886e+00
2.160000e-06	1.868325e-06	6.931706e-11	1.364387e+01	3.651940e+00
2.170000e-06	1.818244e-06	9.065891e-11	1.327815e+01	3.529124e+00
2.180000e-06	1.767504e-06	7.253666e-11	1.290761e+01	3.415920e+00
2.190000e-06	1.716055e-06	6.656127e-11	1.253189e+01	3.312254e+00
2.200000e-06	1.664039e-06	6.271242e-11	1.215203e+01	3.217490e+00
2.210000e-06	1.611418e-06	5.986794e-11	1.176775e+01	3.130471e+00
2.220000e-06	1.557883e-06	7.126903e-11	1.137680e+01	3.049599e+00
2.230000e-06	1.503318e-06	6.368469e-11	1.097832e+01	2.972950e+00
2.240000e-06	1.447929e-06	6.676518e-11	1.057383e+01	2.898417e+00
2.250000e-06	1.392037e-06	7.506639e-11	1.016567e+01	2.823861e+00
2.260000e-06	1.335841e-06	6.209996e-11	9.755288e+00	2.747270e+00
2.270000e-06	1.279363e-06	5.405515e-11	9.342841e+00	2.666897e+00
2.280000e-06	1.222500e-06	5.257598e-11	8.927587e+00	2.581378e+00
2.290000e-06	1.165102e-06	6.023061e-11	8.508425e+00	2.489813e+00
2.300000e-06	1.107286e-06	5.800603e-11	8.086210e+00	2.391811e+00
2.310000e-06	1.049198e-06	4.519680e-11	7.662008e+00	2.287475e+00
2.320000e-06	9.907623e-07	5.256747e-11	7.235269e+00	2.177364e+00
2.330000e-06	9.319131e-07	5.563040e-11	6.805510e+00	2.062397e+00
2.340000e-06	8.726988e-07	5.188553e-11	6.373084e+00	1.943738e+00
2.350000e-06	8.131498e-07	4.956754e-11	5.938214e+00	1.822659e+00
2.360000e-06	7.533457e-07	4.886122e-11	5.501480e+00	1.700392e+00
2.370000e-06	6.933981e-07	4.832626e-11	5.063699e+00	1.577993e+00
2.380000e-06	6.333123e-07	3.898370e-11	4.624909e+00	1.456225e+00
2.390000e-06	5.731120e-07	3.583137e-11	4.185283e+00	1.335466e+00
2.400000e-06	5.127925e-07	3.643485e-11	3.744786e+00	1.215660e+00
2.410000e-06	4.523601e-07	3.182803e-11	3.303464e+00	1.096308e+00
2.420000e-06	3.917998e-07	2.799883e-11	2.861208e+00	9.765002e-01
2.430000e-06	3.311417e-07	2.989881e-11	2.418239e+00	8.549913e-01
2.440000e-06	2.704049e-07	3.442293e-11	1.974694e+00	7.303019e-01
2.450000e-06	2.095640e-07	3.353104e-11	1.530389e+00	6.008468e-01
2.460000e-06	1.486180e-07	2.818088e-11	1.085317e+00	4.650720e-01
2.470000e-06	8.757739e-08	2.497866e-11	6.395540e-01	3.215902e-01
2.480000e-06	2.645843e-08	2.362229e-11	1.932188e-01	1.693020e-01
2.490000e-06	-3.470291e-08	1.882410e-11	-2.534260e-01	7.493827e-03
2.500000e-06	-9.581468e-08	1.278152e-11	-6.997087e-01	-1.640971e-01
2.510000e-06	-1.568483e-07	8.775497e-12	-1.145421e+00	-3.452543e-01
2.520000e-06	-2.178272e-07	5.993016e-12	-1.590734e+00	-5.352921e-01
2.530000e-06	-2.787612e-07	1.825323e-12	-2.035718e+00	-7.331014e-01
2.540000e-06	-3.396368e-07	5.963187e-13	-2.480276e+00	-9.372263e-01
2.550000e-06	-4.003920e-07	9.264752e-13	-2.923955e+00	-1.145963e+00
2.560000e-06	-4.609868e-07	-2.182391e-12	-3.366463e+00	-1.357473e+00
2.570000e-06	-5.214234e-07	-6.188842e-12	-3.807814e+00	-1.569893e+00
2.580000e-06	-5.816882e-07	-9.288459e-12	-4.247912e+00	-1.781447e+00
2.590000e-06	-6.418412e-07	-1.170978e-11	-4.687193e+00	-1.990532e+00
2.600000e-06	-7.019140e-07	-1.790256e-11	-5.125889e+00	-2.195782e+00
2.610000e-06	-7.618230e-07	-2.314161e-11	-5.563388e+00	-2.396110e+00
2.620000e-06	-8.214679e-07	-2.532746e-11	-5.998958e+00	-2.590715e+00
2.630000e-06	-8.808480e-07	-2.912597e-11	-6.432595e+00	-2.779063e+00
2.640000e-06	-9.399729e-07	-3.322272e-11	-6.864369e+00	-2.960849e+00
2.650000e-06	-9.987421e-07	-3.522150e-11	-7.293544e+00	-3.135940e+00
2.660000e-06	-1.057083e-06	-3.597629e-11	-7.719590e+00	-3.304309e+00
2.670000e-06	-1.115028e-06	-3.839979e-11	-8.142752e+00	-3.465976e+00
2.680000e-06	-1.172547e-06	-4.084294e-11	-8.562798e+00	-3.620952e+00
2.690000e-06	-1.229548e-06	-4.291571e-11	-8.979056e+00	-3.769197e+00
2.700000e-06	-1.286111e-06	-4.672446e-11	-9.392120e+00	-3.910602e+00
2.710000e-06	-1.342373e-06	-5.194618e-11	-9.802990e+00	-4.044990e+00
2.720000e-06	-1.398347e-06	-5.453130e-11	-1.021175e+01	-4.172134e+00
2.730000e-06	-1.453939e-06	-5.511378e-11	-1.061773e+01	-4.291803e+00
2.740000e-06	-1.508870e-06	-5.560349e-11	-1.101887e+01	-4.403805e+00
2.750000e-06	-1.562903e-06	-5.523077e-11	-1.141346e+01	-4.508050e+00
2.760000e-06	-1.616062e-06	-5.436812e-11	-1.180167e+01	-4.604599e+00
2.770000e-06	-1.668499e-06	-5.525698e-11	-1.218460e+01	-4.693712e+00
2.780000e-06	-1.720374e-06	-5.820339e-11	-1.256343e+01	-4.775874e+00
2.790000e-06	-1.771672e-06	-5.925335e-11	-1.293804e+01	-4.851803e+00
2.800000e-06	-1.822290e-06	-6.031772e-11	-1.330769e+01	-4.922431e+00
2.810000e-06	-1.872214e-06	-6.248345e-11	-1.367228e+01	-4.988870e+00
2.820000e-06	-1.921210e-06	-6.356841e-11	-1.403008e+01	-5.052345e+00
2.830000e-06	-1.969114e-06	-6.219117e-11	-1.437991e+01	-5.114121e+00
2.840000e-06	-2.016197e-06	-6.110531e-11	-1.472374e+01	-5.175418e+00
2.850000e-06	-2.062747e-06	-6.153166e-11	-1.506368e+01	-5.237324e+00
2.860000e-06	-2.108771e-06	-6.197341e-11	-1.539978e+01	-5.300716e+00
2.870000e-06	-2.154061e-06	-6.386446e-11	-1.573053e+01	-5.366201e+00
2.880000e-06	-2.198634e-06	-6.757079e-11	-1.605603e+01	-5.434070e+00
2.890000e-06	-2.242635e-06	-7.046019e-11	-1.637736e+01	-5.504286e+00
2.900000e-06	-2.285968e-06	-7.045042e-11	-1.669381e+01	-5.576497e+00
2.910000e-06	-2.328515e-06	-7.068378e-11	-1.700451e+01	-5.650077e+00
2.920000e-06	-2.370320e-06	-7.139271e-11	-1.730981e+01	-5.724192e+00
2.930000e-06	-2.411339e-06	-7.034571e-11	-1.760936e+01	-5.797880e+00
2.940000e-06	-2.451627e-06	-7.006471e-11	-1.790357e+01	-5.870151e+00
2.950000e-06	-2.491193e-06	-7.181267e-11	-1.819251e+01	-5.940073e+00
2.960000e-06	-2.529598e-06	-7.450365e-11	-1.847298e+01	-6.006867e+00
2.970000e-06	-2.566716e-06	-7.639918e-11	-1.874403e+01	-6.069978e+00
2.980000e-06	-2.602984e-06	-7.721540e-11	-1.900889e+01	-6.129125e+00
2.990000e-06	-2.638489e-06	-7.802367e-11	-1.926817e+01	-6.184326e+00
3.000000e-06	-2.673028e-06	-7.880472e-11	-1.952040e+01	-6.235893e+00
3.010000e-06	-2.706633e-06	-7.905748e-11	-1.976581e+01	-6.284401e+00
3.020000e-06	-2.739383e-06	-7.930083e-11	-2.000497e+01	-6.330635e+00
3.030000e-06	-2.771357e-06	-7.921465e-11	-2.023847e+01	-6.375510e+00
3.040000e-06	-2.802275e-06	-7.957507e-11	-2.046426e+01	-6.419994e+00
3.050000e-06	-2.831843e-06	-8.120487e-11	-2.068019e+01	-6.465015e+00
3.060000e-06	-2.860313e-06	-8.264078e-11	-2.088809e+01	-6.511384e+00
3.070000e-06	-2.887905e-06	-8.334378e-11	-2.108959e+01	-6.559728e+00
3.080000e-06	-2.914508e-06	-8.661211e-11	-2.128387e+01	-6.610446e+00
3.090000e-06	-2.940008e-06	-8.987072e-11	-2.147009e+01	-6.663681e+00
3.100000e-06	-2.964573e-06	-8.951851e-11	-2.164948e+01	-6.719328e+00
3.110000e-06	-2.988409e-06	-8.837801e-11	-2.182355e+01	-6.777064e+00
3.120000e-06	-3.011109e-06	-8.808292e-11	-2.198932e+01	-6.836391e+00
3.130000e-06	-3.032332e-06	-8.812157e-11	-2.214430e+01	-6.896706e+00
3.140000e-06	-3.052516e-06	-8.752702e-11	-2.229170e+01	-6.957371e+00
3.150000e-06	-3.071808e-06	-8.860485e-11	-2.243259e+01	-7.017786e+00
3.160000e-06	-3.090061e-06	-9.138511e-11	-2.256588e+01	-7.077452e+00
3.170000e-06	-3.107282e-06	-9.218068e-11	-2.269164e+01	-7.136026e+00
3.180000e-06	-3.123563e-06	-9.159684e-11	-2.281054e+01	-7.193346e+00
3.190000e-06	-3.138761e-06	-9.130200e-11	-2.292152e+01	-7.249444e+00
3.200000e-06	-3.152428e-06	-9.160178e-11	-2.302133e+01	-7.304529e+00
3.210000e-06	-3.164650e-06	-9.277453e-11	-2.311059e+01	-7.358945e+00
3.220000e-06	-3.175700e-06	-9.499129e-11	-2.319128e+01	-7.413124e+00
3.230000e-06	-3.185609e-06	-9.757930e-11	-2.326364e+01	-7.467510e+00
3.240000e-06	-3.194476e-06	-9.879579e-11	-2.332840e+01	-7.522494e+00
3.250000e-06	-3.202393e-06	-1.004036e-10	-2.338621e+01	-7.578342e+00
3.260000e-06	-3.209071e-06	-1.026121e-10	-2.343498e+01	-7.635135e+00
3.270000e-06	-3.214295e-06	-1.028088e-10	-2.347313e+01	-7.692727e+00
3.280000e-06	-3.218416e-06	-1.018101e-10	-2.350322e+01	-7.750721e+00
3.290000e-06	-3.221601e-06	-1.005700e-10	-2.352648e+01	-7.808473e+00
3.300000e-06	-3.223695e-06	-1.001765e-10	-2.354178e+01	-7.865109e+00
3.310000e-06	-3.224668e-06	-1.006485e-10	-2.354888e+01	-7.919574e+00
