# Temperatura_=_20.0
# Concentracion g/m^3_=_6200.0
# C_Vs_to_Am_M_A/Vsm_=_65563218390.804596
# pendiente_HvsI_1/m_=_3716.3
# ordenada_HvsI_A/m_=_1297.0
# frecuencia_Hz_=_301453.1972191724

Tiempo_(s)	Campo_(V.s)	Magnetizacion_(V.s)	Campo_(kA/m)	Magnetizacion_(A/m)
0.000000e+00	-3.222496e-06	-1.181185e-10	-2.354658e+01	-8.126182e+00
1.000000e-08	-3.221639e-06	-1.216986e-10	-2.354032e+01	-8.156314e+00
2.000000e-08	-3.219365e-06	-1.227863e-10	-2.352370e+01	-8.181423e+00
3.000000e-08	-3.215951e-06	-1.230887e-10	-2.349876e+01	-8.201245e+00
4.000000e-08	-3.211675e-06	-1.237250e-10	-2.346752e+01	-8.215347e+00
5.000000e-08	-3.206432e-06	-1.230003e-10	-2.342921e+01	-8.223118e+00
6.000000e-08	-3.200131e-06	-1.204330e-10	-2.338316e+01	-8.223772e+00
7.000000e-08	-3.192871e-06	-1.159335e-10	-2.333012e+01	-8.216369e+00
8.000000e-08	-3.184651e-06	-1.252838e-10	-2.327005e+01	-8.199860e+00
9.000000e-08	-3.174900e-06	-1.493058e-10	-2.319880e+01	-8.173142e+00
1.000000e-07	-3.163338e-06	-1.477825e-10	-2.311432e+01	-8.135127e+00
1.100000e-07	-3.150386e-06	-1.072140e-10	-2.301968e+01	-8.084822e+00
1.200000e-07	-3.136510e-06	-6.747190e-11	-2.291829e+01	-8.021405e+00
1.300000e-07	-3.121517e-06	-1.238867e-10	-2.280873e+01	-7.944303e+00
1.400000e-07	-3.105097e-06	-1.681588e-10	-2.268875e+01	-7.853259e+00
1.500000e-07	-3.087746e-06	-8.193706e-11	-2.256197e+01	-7.748381e+00
1.600000e-07	-3.069780e-06	-1.196321e-10	-2.243069e+01	-7.630177e+00
1.700000e-07	-3.050768e-06	-1.791896e-10	-2.229177e+01	-7.499565e+00
1.800000e-07	-3.030588e-06	-7.099571e-11	-2.214432e+01	-7.357854e+00
1.900000e-07	-3.009602e-06	-6.400006e-11	-2.199098e+01	-7.206709e+00
2.000000e-07	-2.987660e-06	-1.395179e-10	-2.183065e+01	-7.048087e+00
2.100000e-07	-2.964587e-06	-5.229796e-11	-2.166206e+01	-6.884156e+00
2.200000e-07	-2.940690e-06	-4.547954e-11	-2.148744e+01	-6.717195e+00
2.300000e-07	-2.915774e-06	-1.621972e-10	-2.130539e+01	-6.549494e+00
2.400000e-07	-2.889379e-06	-9.381579e-11	-2.111252e+01	-6.383242e+00
2.500000e-07	-2.861789e-06	-4.615071e-11	-2.091092e+01	-6.220425e+00
2.600000e-07	-2.833279e-06	-1.131922e-10	-2.070260e+01	-6.062736e+00
2.700000e-07	-2.803782e-06	-8.451174e-11	-2.048707e+01	-5.911500e+00
2.800000e-07	-2.773302e-06	-8.263629e-11	-2.026435e+01	-5.767621e+00
2.900000e-07	-2.741950e-06	-1.305384e-10	-2.003526e+01	-5.631562e+00
3.000000e-07	-2.709809e-06	-6.828615e-11	-1.980041e+01	-5.503343e+00
3.100000e-07	-2.676581e-06	-6.212848e-11	-1.955761e+01	-5.382571e+00
3.200000e-07	-2.642020e-06	-9.724950e-11	-1.930508e+01	-5.268502e+00
3.300000e-07	-2.606466e-06	-5.534840e-11	-1.904529e+01	-5.160111e+00
3.400000e-07	-2.570163e-06	-7.681870e-11	-1.878003e+01	-5.056191e+00
3.500000e-07	-2.532950e-06	-1.250303e-10	-1.850811e+01	-4.955451e+00
3.600000e-07	-2.494734e-06	-7.381287e-11	-1.822887e+01	-4.856630e+00
3.700000e-07	-2.455670e-06	-4.535743e-11	-1.794343e+01	-4.758587e+00
3.800000e-07	-2.416002e-06	-9.041652e-11	-1.765358e+01	-4.660395e+00
3.900000e-07	-2.375734e-06	-7.604337e-11	-1.735935e+01	-4.561409e+00
4.000000e-07	-2.334419e-06	-4.642569e-11	-1.705746e+01	-4.461311e+00
4.100000e-07	-2.291785e-06	-6.509081e-11	-1.674594e+01	-4.360128e+00
4.200000e-07	-2.248260e-06	-8.077024e-11	-1.642790e+01	-4.258221e+00
4.300000e-07	-2.204086e-06	-6.664305e-11	-1.610512e+01	-4.156252e+00
4.400000e-07	-2.159127e-06	-5.889424e-11	-1.577661e+01	-4.055120e+00
4.500000e-07	-2.113394e-06	-5.993976e-11	-1.544244e+01	-3.955879e+00
4.600000e-07	-2.067002e-06	-6.017132e-11	-1.510346e+01	-3.859649e+00
4.700000e-07	-2.019944e-06	-5.930589e-11	-1.475961e+01	-3.767505e+00
4.800000e-07	-1.972280e-06	-4.997118e-11	-1.441133e+01	-3.680389e+00
4.900000e-07	-1.923957e-06	-6.092367e-11	-1.405824e+01	-3.599009e+00
5.000000e-07	-1.874532e-06	-6.596108e-11	-1.369709e+01	-3.523773e+00
5.100000e-07	-1.823866e-06	-4.818630e-11	-1.332688e+01	-3.454727e+00
5.200000e-07	-1.772335e-06	-4.239887e-11	-1.295034e+01	-3.391535e+00
5.300000e-07	-1.720230e-06	-5.620239e-11	-1.256961e+01	-3.333476e+00
5.400000e-07	-1.667501e-06	-5.660590e-11	-1.218433e+01	-3.279474e+00
5.500000e-07	-1.614117e-06	-4.847481e-11	-1.179425e+01	-3.228151e+00
5.600000e-07	-1.560188e-06	-4.800502e-11	-1.140020e+01	-3.177907e+00
5.700000e-07	-1.505669e-06	-4.654088e-11	-1.100183e+01	-3.127009e+00
5.800000e-07	-1.450573e-06	-4.337176e-11	-1.059925e+01	-3.073699e+00
5.900000e-07	-1.395133e-06	-3.970446e-11	-1.019415e+01	-3.016291e+00
6.000000e-07	-1.339435e-06	-4.265734e-11	-9.787169e+00	-2.953273e+00
6.100000e-07	-1.283321e-06	-4.667594e-11	-9.377151e+00	-2.883393e+00
6.200000e-07	-1.226652e-06	-4.798615e-11	-8.963075e+00	-2.805718e+00
6.300000e-07	-1.169308e-06	-4.509445e-11	-8.544062e+00	-2.719679e+00
6.400000e-07	-1.111270e-06	-4.467320e-11	-8.119984e+00	-2.625082e+00
6.500000e-07	-1.052659e-06	-4.511669e-11	-7.691715e+00	-2.522093e+00
6.600000e-07	-9.935645e-07	-4.113017e-11	-7.259915e+00	-2.411200e+00
6.700000e-07	-9.341525e-07	-4.077192e-11	-6.825796e+00	-2.293146e+00
6.800000e-07	-8.745693e-07	-4.022868e-11	-6.390424e+00	-2.168852e+00
6.900000e-07	-8.148537e-07	-3.645962e-11	-5.954086e+00	-2.039324e+00
7.000000e-07	-7.550076e-07	-3.265840e-11	-5.516794e+00	-1.905558e+00
7.100000e-07	-6.949356e-07	-3.138521e-11	-5.077852e+00	-1.768457e+00
7.200000e-07	-6.345810e-07	-2.955349e-11	-4.636845e+00	-1.628744e+00
7.300000e-07	-5.739922e-07	-2.838436e-11	-4.194126e+00	-1.486912e+00
7.400000e-07	-5.131994e-07	-2.905731e-11	-3.749917e+00	-1.343181e+00
7.500000e-07	-4.521983e-07	-2.785195e-11	-3.304185e+00	-1.197490e+00
7.600000e-07	-3.910465e-07	-2.479561e-11	-2.857353e+00	-1.049511e+00
7.700000e-07	-3.297775e-07	-2.103288e-11	-2.409664e+00	-8.986908e-01
7.800000e-07	-2.683887e-07	-2.003681e-11	-1.961100e+00	-7.443093e-01
7.900000e-07	-2.069362e-07	-1.591319e-11	-1.512070e+00	-5.855589e-01
8.000000e-07	-1.454656e-07	-9.410066e-12	-1.062908e+00	-4.216310e-01
8.100000e-07	-8.394062e-08	-6.366899e-12	-6.133490e-01	-2.518054e-01
8.200000e-07	-2.233754e-08	-6.780718e-12	-1.632190e-01	-7.553467e-02
8.300000e-07	3.928399e-08	-6.490224e-12	2.870457e-01	1.074830e-01
8.400000e-07	1.008941e-07	-4.348522e-12	7.372268e-01	2.972492e-01
8.500000e-07	1.625026e-07	-2.886918e-12	1.187396e+00	4.934327e-01
8.600000e-07	2.241151e-07	1.377411e-14	1.637595e+00	6.953614e-01
8.700000e-07	2.856759e-07	3.690850e-12	2.087417e+00	9.020398e-01
8.800000e-07	3.471391e-07	7.268068e-12	2.536524e+00	1.112190e+00
8.900000e-07	4.084588e-07	1.071794e-11	2.984584e+00	1.324315e+00
9.000000e-07	4.696336e-07	1.699886e-11	3.431584e+00	1.536770e+00
9.100000e-07	5.306202e-07	2.306842e-11	3.877210e+00	1.747857e+00
9.200000e-07	5.913778e-07	2.689635e-11	4.321161e+00	1.955905e+00
9.300000e-07	6.519237e-07	2.882579e-11	4.763567e+00	2.159357e+00
9.400000e-07	7.122161e-07	3.015497e-11	5.204120e+00	2.356843e+00
9.500000e-07	7.722430e-07	3.264109e-11	5.642732e+00	2.547238e+00
9.600000e-07	8.320373e-07	3.569308e-11	6.079646e+00	2.729693e+00
9.700000e-07	8.916776e-07	3.954818e-11	6.515434e+00	2.903655e+00
9.800000e-07	9.511437e-07	4.282134e-11	6.949949e+00	3.068858e+00
9.900000e-07	1.010399e-06	4.575290e-11	7.382922e+00	3.225293e+00
1.000000e-06	1.069317e-06	4.813208e-11	7.813437e+00	3.373163e+00
1.010000e-06	1.127651e-06	5.060253e-11	8.239675e+00	3.512828e+00
1.020000e-06	1.185283e-06	5.144563e-11	8.660789e+00	3.644741e+00
1.030000e-06	1.242169e-06	5.259986e-11	9.076455e+00	3.769379e+00
1.040000e-06	1.298425e-06	5.586569e-11	9.487514e+00	3.887194e+00
1.050000e-06	1.354258e-06	5.937717e-11	9.895478e+00	3.998557e+00
1.060000e-06	1.409725e-06	6.270462e-11	1.030078e+01	4.103733e+00
1.070000e-06	1.464843e-06	6.499808e-11	1.070352e+01	4.202861e+00
1.080000e-06	1.519541e-06	6.904861e-11	1.110320e+01	4.295966e+00
1.090000e-06	1.573680e-06	7.186875e-11	1.149879e+01	4.382977e+00
1.100000e-06	1.627262e-06	7.226004e-11	1.189031e+01	4.463769e+00
1.110000e-06	1.680323e-06	7.146840e-11	1.227802e+01	4.538210e+00
1.120000e-06	1.732764e-06	7.184118e-11	1.266120e+01	4.606219e+00
1.130000e-06	1.784577e-06	7.302995e-11	1.303979e+01	4.667827e+00
1.140000e-06	1.835654e-06	7.621265e-11	1.341301e+01	4.723220e+00
1.150000e-06	1.885700e-06	7.992379e-11	1.377869e+01	4.772789e+00
1.160000e-06	1.934682e-06	8.253979e-11	1.413661e+01	4.817149e+00
1.170000e-06	1.982805e-06	8.266590e-11	1.448823e+01	4.857147e+00
1.180000e-06	2.030272e-06	7.903838e-11	1.483507e+01	4.893851e+00
1.190000e-06	2.077118e-06	7.569165e-11	1.517737e+01	4.928514e+00
1.200000e-06	2.123268e-06	7.546954e-11	1.551459e+01	4.962520e+00
1.210000e-06	2.168644e-06	7.733663e-11	1.584615e+01	4.997321e+00
1.220000e-06	2.213207e-06	7.803337e-11	1.617177e+01	5.034356e+00
1.230000e-06	2.257171e-06	7.933715e-11	1.649301e+01	5.074975e+00
1.240000e-06	2.300668e-06	8.197753e-11	1.681084e+01	5.120355e+00
1.250000e-06	2.343376e-06	8.449105e-11	1.712290e+01	5.171433e+00
1.260000e-06	2.384866e-06	8.560202e-11	1.742607e+01	5.228849e+00
1.270000e-06	2.425192e-06	8.654570e-11	1.772073e+01	5.292908e+00
1.280000e-06	2.464715e-06	8.703964e-11	1.800952e+01	5.363567e+00
1.290000e-06	2.503461e-06	8.640592e-11	1.829263e+01	5.440438e+00
1.300000e-06	2.541358e-06	8.507994e-11	1.856955e+01	5.522823e+00
1.310000e-06	2.578401e-06	8.432838e-11	1.884022e+01	5.609762e+00
1.320000e-06	2.614567e-06	8.407669e-11	1.910448e+01	5.700101e+00
1.330000e-06	2.650023e-06	8.552747e-11	1.936356e+01	5.792577e+00
1.340000e-06	2.684581e-06	8.878193e-11	1.961607e+01	5.885897e+00
1.350000e-06	2.717853e-06	9.158410e-11	1.985918e+01	5.978826e+00
1.360000e-06	2.749991e-06	9.230183e-11	2.009401e+01	6.070267e+00
1.370000e-06	2.781261e-06	9.210443e-11	2.032250e+01	6.159326e+00
1.380000e-06	2.811638e-06	9.120251e-11	2.054447e+01	6.245361e+00
1.390000e-06	2.841112e-06	9.128949e-11	2.075983e+01	6.328010e+00
1.400000e-06	2.869688e-06	9.227266e-11	2.096863e+01	6.407200e+00
1.410000e-06	2.897399e-06	9.268739e-11	2.117112e+01	6.483128e+00
1.420000e-06	2.924191e-06	9.414476e-11	2.136689e+01	6.556231e+00
1.430000e-06	2.949712e-06	9.608214e-11	2.155337e+01	6.627128e+00
1.440000e-06	2.973937e-06	9.776936e-11	2.173038e+01	6.696561e+00
1.450000e-06	2.997093e-06	9.964272e-11	2.189958e+01	6.765321e+00
1.460000e-06	3.019207e-06	1.009569e-10	2.206116e+01	6.834175e+00
1.470000e-06	3.040317e-06	1.023854e-10	2.221541e+01	6.903802e+00
1.480000e-06	3.060506e-06	1.036425e-10	2.236293e+01	6.974731e+00
1.490000e-06	3.079832e-06	1.035596e-10	2.250414e+01	7.047302e+00
1.500000e-06	3.098171e-06	1.028726e-10	2.263815e+01	7.121633e+00
1.510000e-06	3.115351e-06	1.031019e-10	2.276368e+01	7.197616e+00
1.520000e-06	3.131381e-06	1.046082e-10	2.288081e+01	7.274926e+00
1.530000e-06	3.146140e-06	1.059501e-10	2.298865e+01	7.353046e+00
1.540000e-06	3.159647e-06	1.072726e-10	2.308735e+01	7.431306e+00
1.550000e-06	3.172029e-06	1.080652e-10	2.317782e+01	7.508940e+00
1.560000e-06	3.183193e-06	1.083689e-10	2.325940e+01	7.585133e+00
1.570000e-06	3.192900e-06	1.084599e-10	2.333032e+01	7.659080e+00
1.580000e-06	3.201216e-06	1.085738e-10	2.339109e+01	7.730036e+00
1.590000e-06	3.208472e-06	1.096826e-10	2.344411e+01	7.797359e+00
1.600000e-06	3.214689e-06	1.112678e-10	2.348954e+01	7.860533e+00
1.610000e-06	3.219782e-06	1.121162e-10	2.352675e+01	7.919185e+00
1.620000e-06	3.223835e-06	1.126342e-10	2.355636e+01	7.973081e+00
1.630000e-06	3.226895e-06	1.145848e-10	2.357872e+01	8.022108e+00
1.640000e-06	3.228676e-06	1.166557e-10	2.359174e+01	8.066239e+00
1.650000e-06	3.229095e-06	1.161745e-10	2.359480e+01	8.105492e+00
1.660000e-06	3.228461e-06	1.131030e-10	2.359017e+01	8.139882e+00
1.670000e-06	3.226837e-06	1.111424e-10	2.357830e+01	8.169366e+00
1.680000e-06	3.224201e-06	1.123258e-10	2.355904e+01	8.193799e+00
1.690000e-06	3.220640e-06	1.135559e-10	2.353302e+01	8.212894e+00
1.700000e-06	3.216239e-06	1.146663e-10	2.350086e+01	8.226192e+00
1.710000e-06	3.210832e-06	1.169165e-10	2.346136e+01	8.233058e+00
1.720000e-06	3.204082e-06	1.231358e-10	2.341203e+01	8.232680e+00
1.730000e-06	3.196188e-06	1.287343e-10	2.335435e+01	8.224102e+00
1.740000e-06	3.187343e-06	9.885159e-11	2.328972e+01	8.206261e+00
1.750000e-06	3.177113e-06	8.388946e-11	2.321497e+01	8.178054e+00
1.760000e-06	3.164913e-06	1.062899e-10	2.312583e+01	8.138401e+00
1.770000e-06	3.150996e-06	1.620500e-10	2.302414e+01	8.086327e+00
1.780000e-06	3.136528e-06	1.302076e-10	2.291842e+01	8.021042e+00
1.790000e-06	3.121773e-06	5.958084e-11	2.281061e+01	7.942015e+00
1.800000e-06	3.105698e-06	1.308409e-10	2.269314e+01	7.849038e+00
1.810000e-06	3.088164e-06	1.386721e-10	2.256502e+01	7.742275e+00
1.820000e-06	3.070026e-06	4.572999e-11	2.243249e+01	7.622292e+00
1.830000e-06	3.051089e-06	1.181337e-10	2.229412e+01	7.490064e+00
1.840000e-06	3.030940e-06	2.011769e-10	2.214690e+01	7.346955e+00
1.850000e-06	3.009914e-06	8.092497e-11	2.199326e+01	7.194676e+00
1.860000e-06	2.987674e-06	8.664067e-11	2.183075e+01	7.035219e+00
1.870000e-06	2.963942e-06	1.729576e-10	2.165734e+01	6.870773e+00
1.880000e-06	2.939253e-06	5.740178e-11	2.147694e+01	6.703626e+00
1.890000e-06	2.913560e-06	5.463685e-11	2.128920e+01	6.536061e+00
1.900000e-06	2.886577e-06	1.648193e-10	2.109204e+01	6.370243e+00
1.910000e-06	2.858655e-06	8.023770e-11	2.088802e+01	6.208122e+00
1.920000e-06	2.829878e-06	7.623413e-11	2.067774e+01	6.051342e+00
1.930000e-06	2.799863e-06	1.217765e-10	2.045843e+01	5.901171e+00
1.940000e-06	2.768642e-06	4.503032e-11	2.023030e+01	5.758451e+00
1.950000e-06	2.736338e-06	9.038621e-11	1.999426e+01	5.623580e+00
1.960000e-06	2.703030e-06	1.201143e-10	1.975088e+01	5.496516e+00
1.970000e-06	2.668948e-06	4.927017e-11	1.950184e+01	5.376815e+00
1.980000e-06	2.633978e-06	1.147307e-10	1.924632e+01	5.263684e+00
1.990000e-06	2.598163e-06	1.107751e-10	1.898462e+01	5.156068e+00
2.000000e-06	2.561716e-06	1.021511e-11	1.871830e+01	5.052740e+00
2.010000e-06	2.524193e-06	7.645131e-11	1.844413e+01	4.952410e+00
2.020000e-06	2.485312e-06	1.066834e-10	1.816002e+01	4.853824e+00
2.030000e-06	2.445451e-06	5.484247e-11	1.786876e+01	4.755870e+00
2.040000e-06	2.404844e-06	7.381511e-11	1.757205e+01	4.657656e+00
2.050000e-06	2.363559e-06	9.399696e-11	1.727038e+01	4.558582e+00
2.060000e-06	2.321544e-06	7.966034e-11	1.696338e+01	4.458378e+00
2.070000e-06	2.278686e-06	4.995705e-11	1.665022e+01	4.357121e+00
2.080000e-06	2.235083e-06	5.610984e-11	1.633161e+01	4.255218e+00
2.090000e-06	2.190899e-06	8.662653e-11	1.600876e+01	4.153368e+00
2.100000e-06	2.146117e-06	6.880807e-11	1.568155e+01	4.052498e+00
2.110000e-06	2.100520e-06	5.140774e-11	1.534838e+01	3.953678e+00
2.120000e-06	2.054091e-06	6.013881e-11	1.500911e+01	3.858026e+00
2.130000e-06	2.006964e-06	7.085646e-11	1.466476e+01	3.766607e+00
2.140000e-06	1.959175e-06	6.216029e-11	1.431557e+01	3.680332e+00
2.150000e-06	1.910559e-06	3.433718e-11	1.396034e+01	3.599873e+00
2.160000e-06	1.861052e-06	5.297966e-11	1.359860e+01	3.525585e+00
2.170000e-06	1.810907e-06	7.202815e-11	1.323219e+01	3.457464e+00
2.180000e-06	1.760115e-06	4.779106e-11	1.286105e+01	3.395118e+00
2.190000e-06	1.708592e-06	5.010170e-11	1.248458e+01	3.337771e+00
2.200000e-06	1.656493e-06	5.390296e-11	1.210389e+01	3.284301e+00
2.210000e-06	1.603770e-06	4.856676e-11	1.171865e+01	3.233294e+00
2.220000e-06	1.550201e-06	4.804116e-11	1.132723e+01	3.183123e+00
2.230000e-06	1.495588e-06	4.888091e-11	1.092817e+01	3.132048e+00
2.240000e-06	1.440111e-06	6.145162e-11	1.052280e+01	3.078311e+00
2.250000e-06	1.384201e-06	5.415480e-11	1.011427e+01	3.020248e+00
2.260000e-06	1.327978e-06	3.901438e-11	9.703458e+00	2.956379e+00
2.270000e-06	1.271443e-06	3.901653e-11	9.290356e+00	2.885494e+00
2.280000e-06	1.214531e-06	4.382740e-11	8.874501e+00	2.806709e+00
2.290000e-06	1.157142e-06	4.678625e-11	8.455166e+00	2.719510e+00
2.300000e-06	1.099332e-06	4.192769e-11	8.032750e+00	2.623755e+00
2.310000e-06	1.041190e-06	3.914842e-11	7.607910e+00	2.519659e+00
2.320000e-06	9.827064e-07	3.786492e-11	7.180576e+00	2.407752e+00
2.330000e-06	9.238151e-07	3.157575e-11	6.750261e+00	2.288806e+00
2.340000e-06	8.645189e-07	3.270985e-11	6.316987e+00	2.163761e+00
2.350000e-06	8.049140e-07	3.491665e-11	5.881458e+00	2.033627e+00
2.360000e-06	7.450865e-07	3.278728e-11	5.444302e+00	1.899392e+00
2.370000e-06	6.851310e-07	3.046811e-11	5.006210e+00	1.761937e+00
2.380000e-06	6.250824e-07	2.579601e-11	4.567439e+00	1.621957e+00
2.390000e-06	5.649165e-07	2.299862e-11	4.127810e+00	1.479905e+00
2.400000e-06	5.046494e-07	1.838979e-11	3.687443e+00	1.335964e+00
2.410000e-06	4.443027e-07	1.411047e-11	3.246493e+00	1.190031e+00
2.420000e-06	3.838427e-07	1.290404e-11	2.804715e+00	1.041744e+00
2.430000e-06	3.232503e-07	1.243274e-11	2.361970e+00	8.905214e-01
2.440000e-06	2.625400e-07	1.480213e-11	1.918364e+00	7.356253e-01
2.450000e-06	2.017006e-07	1.412412e-11	1.473814e+00	5.762428e-01
2.460000e-06	1.407726e-07	7.859988e-12	1.028617e+00	4.115725e-01
2.470000e-06	7.975897e-08	1.985316e-12	5.827939e-01	2.409138e-01
2.480000e-06	1.864944e-08	1.367663e-12	1.362703e-01	6.375039e-02
2.490000e-06	-4.245734e-08	2.236307e-12	-3.102332e-01	-1.201796e-01
2.500000e-06	-1.035324e-07	-1.635056e-12	-7.565046e-01	-3.108317e-01
2.510000e-06	-1.645809e-07	-7.528476e-12	-1.202583e+00	-5.078258e-01
2.520000e-06	-2.255768e-07	-1.270910e-11	-1.648276e+00	-7.104419e-01
2.530000e-06	-2.865011e-07	-1.854154e-11	-2.093446e+00	-9.176414e-01
2.540000e-06	-3.472750e-07	-2.346083e-11	-2.537517e+00	-1.128111e+00
2.550000e-06	-4.079215e-07	-2.605528e-11	-2.980658e+00	-1.340326e+00
2.560000e-06	-4.684237e-07	-2.818032e-11	-3.422743e+00	-1.552631e+00
2.570000e-06	-5.287826e-07	-3.059854e-11	-3.863782e+00	-1.763325e+00
2.580000e-06	-5.890515e-07	-3.227308e-11	-4.304163e+00	-1.970749e+00
2.590000e-06	-6.492032e-07	-3.330424e-11	-4.743688e+00	-2.173368e+00
2.600000e-06	-7.092360e-07	-3.752930e-11	-5.182344e+00	-2.369845e+00
2.610000e-06	-7.691237e-07	-4.384147e-11	-5.619940e+00	-2.559092e+00
2.620000e-06	-8.287739e-07	-4.833583e-11	-6.055801e+00	-2.740301e+00
2.630000e-06	-8.881412e-07	-5.087411e-11	-6.489594e+00	-2.912963e+00
2.640000e-06	-9.471195e-07	-5.233977e-11	-6.920545e+00	-3.076849e+00
2.650000e-06	-1.005682e-06	-5.444233e-11	-7.348457e+00	-3.231984e+00
2.660000e-06	-1.063954e-06	-5.613942e-11	-7.774248e+00	-3.378598e+00
2.670000e-06	-1.121835e-06	-5.680391e-11	-8.197180e+00	-3.517068e+00
2.680000e-06	-1.179243e-06	-5.687771e-11	-8.616654e+00	-3.647853e+00
2.690000e-06	-1.236187e-06	-5.780278e-11	-9.032741e+00	-3.771432e+00
2.700000e-06	-1.292674e-06	-6.096717e-11	-9.445488e+00	-3.888245e+00
2.710000e-06	-1.348840e-06	-6.448958e-11	-9.855893e+00	-3.998652e+00
2.720000e-06	-1.404735e-06	-6.700259e-11	-1.026432e+01	-4.102898e+00
2.730000e-06	-1.460174e-06	-6.884937e-11	-1.066940e+01	-4.201108e+00
2.740000e-06	-1.514883e-06	-7.028401e-11	-1.106916e+01	-4.293290e+00
2.750000e-06	-1.568714e-06	-7.031482e-11	-1.146250e+01	-4.379362e+00
2.760000e-06	-1.621681e-06	-6.890854e-11	-1.184953e+01	-4.459194e+00
2.770000e-06	-1.673968e-06	-6.768812e-11	-1.223158e+01	-4.532660e+00
2.780000e-06	-1.725739e-06	-6.722671e-11	-1.260987e+01	-4.599691e+00
2.790000e-06	-1.776924e-06	-6.744134e-11	-1.298388e+01	-4.660336e+00
2.800000e-06	-1.827462e-06	-6.827858e-11	-1.335315e+01	-4.714809e+00
2.810000e-06	-1.877274e-06	-6.961738e-11	-1.371713e+01	-4.763531e+00
2.820000e-06	-1.926165e-06	-7.126689e-11	-1.407437e+01	-4.807151e+00
2.830000e-06	-1.974030e-06	-7.175071e-11	-1.442412e+01	-4.846550e+00
2.840000e-06	-2.021077e-06	-7.050548e-11	-1.476788e+01	-4.882823e+00
2.850000e-06	-2.067531e-06	-6.867845e-11	-1.510732e+01	-4.917245e+00
2.860000e-06	-2.113367e-06	-6.797047e-11	-1.544225e+01	-4.951216e+00
2.870000e-06	-2.158539e-06	-6.939637e-11	-1.577231e+01	-4.986191e+00
2.880000e-06	-2.203055e-06	-7.211909e-11	-1.609759e+01	-5.023600e+00
2.890000e-06	-2.246994e-06	-7.395810e-11	-1.641865e+01	-5.064772e+00
2.900000e-06	-2.290259e-06	-7.359273e-11	-1.673478e+01	-5.110856e+00
2.910000e-06	-2.332728e-06	-7.186289e-11	-1.704510e+01	-5.162749e+00
2.920000e-06	-2.374407e-06	-7.078742e-11	-1.734965e+01	-5.221044e+00
2.930000e-06	-2.415299e-06	-7.146820e-11	-1.764844e+01	-5.285998e+00
2.940000e-06	-2.455485e-06	-7.366829e-11	-1.794208e+01	-5.357516e+00
2.950000e-06	-2.494873e-06	-7.609220e-11	-1.822989e+01	-5.435165e+00
2.960000e-06	-2.533109e-06	-7.787112e-11	-1.850927e+01	-5.518205e+00
2.970000e-06	-2.570144e-06	-7.992134e-11	-1.877989e+01	-5.605645e+00
2.980000e-06	-2.606312e-06	-8.138681e-11	-1.904416e+01	-5.696310e+00
2.990000e-06	-2.641665e-06	-8.245286e-11	-1.930248e+01	-5.788926e+00
3.000000e-06	-2.676107e-06	-8.350859e-11	-1.955415e+01	-5.882203e+00
3.010000e-06	-2.709582e-06	-8.445944e-11	-1.979875e+01	-5.974924e+00
3.020000e-06	-2.742169e-06	-8.377896e-11	-2.003686e+01	-6.066014e+00
3.030000e-06	-2.773978e-06	-8.220648e-11	-2.026929e+01	-6.154615e+00
3.040000e-06	-2.804729e-06	-8.253133e-11	-2.049398e+01	-6.240123e+00
3.050000e-06	-2.834161e-06	-8.496706e-11	-2.070904e+01	-6.322217e+00
3.060000e-06	-2.862523e-06	-8.782795e-11	-2.091628e+01	-6.400863e+00
3.070000e-06	-2.889988e-06	-9.007331e-11	-2.111696e+01	-6.476298e+00
3.080000e-06	-2.916472e-06	-9.370701e-11	-2.131048e+01	-6.548985e+00
3.090000e-06	-2.941910e-06	-9.631386e-11	-2.149636e+01	-6.619566e+00
3.100000e-06	-2.966400e-06	-9.542898e-11	-2.167531e+01	-6.688795e+00
3.110000e-06	-2.990048e-06	-9.463464e-11	-2.184810e+01	-6.757463e+00
3.120000e-06	-3.012483e-06	-9.381159e-11	-2.201203e+01	-6.826330e+00
3.130000e-06	-3.033558e-06	-9.307204e-11	-2.216602e+01	-6.896055e+00
3.140000e-06	-3.053629e-06	-9.370726e-11	-2.231268e+01	-6.967144e+00
3.150000e-06	-3.072815e-06	-9.560299e-11	-2.245287e+01	-7.039906e+00
3.160000e-06	-3.090955e-06	-9.699962e-11	-2.258542e+01	-7.114425e+00
3.170000e-06	-3.108017e-06	-9.603106e-11	-2.271009e+01	-7.190564e+00
3.180000e-06	-3.124143e-06	-9.615792e-11	-2.282792e+01	-7.267966e+00
3.190000e-06	-3.139068e-06	-1.000093e-10	-2.293698e+01	-7.346090e+00
3.200000e-06	-3.152402e-06	-1.046861e-10	-2.303441e+01	-7.424251e+00
3.210000e-06	-3.164346e-06	-1.062331e-10	-2.312169e+01	-7.501670e+00
3.220000e-06	-3.175157e-06	-1.046207e-10	-2.320068e+01	-7.577531e+00
3.230000e-06	-3.184864e-06	-1.045533e-10	-2.327161e+01	-7.651035e+00
3.240000e-06	-3.193551e-06	-1.069443e-10	-2.333509e+01	-7.721450e+00
3.250000e-06	-3.201276e-06	-1.100093e-10	-2.339153e+01	-7.788149e+00
3.260000e-06	-3.207710e-06	-1.131939e-10	-2.343854e+01	-7.850637e+00
3.270000e-06	-3.212738e-06	-1.155632e-10	-2.347528e+01	-7.908562e+00
3.280000e-06	-3.216689e-06	-1.170916e-10	-2.350415e+01	-7.961708e+00
3.290000e-06	-3.219655e-06	-1.162575e-10	-2.352582e+01	-8.009976e+00
3.300000e-06	-3.221565e-06	-1.150308e-10	-2.353978e+01	-8.053350e+00
3.310000e-06	-3.222416e-06	-1.155003e-10	-2.354600e+01	-8.091849e+00
