5.636043e+02
5.689881e+02
5.675385e+02
5.738135e+02
5.806458e+02
5.793460e+02
5.749668e+02
5.745144e+02
5.873794e+02
5.872868e+02
5.809030e+02
5.887876e+02
5.822395e+02
5.841191e+02
5.928221e+02
5.844734e+02
5.846935e+02
5.729881e+02
5.880801e+02
5.709457e+02
5.738528e+02
5.796492e+02
5.822804e+02
5.702316e+02
5.652845e+02
5.638473e+02
5.502919e+02
5.532773e+02
5.518385e+02
5.455060e+02
5.458307e+02
5.371243e+02
5.382989e+02
5.339130e+02
5.284267e+02
5.322270e+02
5.151809e+02
5.185035e+02
5.140771e+02
5.064442e+02
5.132599e+02
5.157882e+02
