# Temperatura_=_20.0
# Concentracion g/m^3_=_6600.0
# C_Vs_to_Am_M_A/Vsm_=_65563218390.804596
# pendiente_HvsI_1/m_=_3716.3
# ordenada_HvsI_A/m_=_1297.0
# frecuencia_Hz_=_301446.93164570234

Tiempo_(s)	Campo_(V.s)	Magnetizacion_(V.s)	Campo_(kA/m)	Magnetizacion_(A/m)
0.000000e+00	-3.213899e-06	-3.327854e-09	-2.354498e+01	-2.171869e+02
1.000000e-08	-3.213035e-06	-3.331669e-09	-2.353865e+01	-2.173824e+02
2.000000e-08	-3.210775e-06	-3.333175e-09	-2.352210e+01	-2.175294e+02
3.000000e-08	-3.207315e-06	-3.336451e-09	-2.349675e+01	-2.176318e+02
4.000000e-08	-3.202952e-06	-3.338307e-09	-2.346479e+01	-2.176954e+02
5.000000e-08	-3.197598e-06	-3.336252e-09	-2.342556e+01	-2.177246e+02
6.000000e-08	-3.191183e-06	-3.328307e-09	-2.337857e+01	-2.177206e+02
7.000000e-08	-3.183836e-06	-3.309529e-09	-2.332474e+01	-2.176816e+02
8.000000e-08	-3.175584e-06	-3.327454e-09	-2.326429e+01	-2.176057e+02
9.000000e-08	-3.165865e-06	-3.387318e-09	-2.319309e+01	-2.174932e+02
1.000000e-07	-3.154345e-06	-3.403558e-09	-2.310869e+01	-2.173461e+02
1.100000e-07	-3.141411e-06	-3.302863e-09	-2.301394e+01	-2.171672e+02
1.200000e-07	-3.127534e-06	-3.192300e-09	-2.291228e+01	-2.169567e+02
1.300000e-07	-3.112659e-06	-3.331853e-09	-2.280330e+01	-2.167112e+02
1.400000e-07	-3.096270e-06	-3.445334e-09	-2.268324e+01	-2.164251e+02
1.500000e-07	-3.078817e-06	-3.226730e-09	-2.255537e+01	-2.160943e+02
1.600000e-07	-3.060823e-06	-3.263443e-09	-2.242355e+01	-2.157216e+02
1.700000e-07	-3.041747e-06	-3.421428e-09	-2.228380e+01	-2.153188e+02
1.800000e-07	-3.021556e-06	-3.218554e-09	-2.213588e+01	-2.149054e+02
1.900000e-07	-3.000625e-06	-3.208577e-09	-2.198254e+01	-2.145022e+02
2.000000e-07	-2.978699e-06	-3.419218e-09	-2.182191e+01	-2.141224e+02
2.100000e-07	-2.955552e-06	-3.250927e-09	-2.165234e+01	-2.137646e+02
2.200000e-07	-2.931532e-06	-3.158694e-09	-2.147637e+01	-2.134102e+02
2.300000e-07	-2.906521e-06	-3.364321e-09	-2.129313e+01	-2.130289e+02
2.400000e-07	-2.879996e-06	-3.258607e-09	-2.109881e+01	-2.125883e+02
2.500000e-07	-2.852264e-06	-3.174351e-09	-2.089565e+01	-2.120660e+02
2.600000e-07	-2.823712e-06	-3.304565e-09	-2.068648e+01	-2.114580e+02
2.700000e-07	-2.794231e-06	-3.222400e-09	-2.047050e+01	-2.107797e+02
2.800000e-07	-2.763768e-06	-3.147366e-09	-2.024733e+01	-2.100595e+02
2.900000e-07	-2.732381e-06	-3.225509e-09	-2.001739e+01	-2.093277e+02
3.000000e-07	-2.700238e-06	-3.180081e-09	-1.978191e+01	-2.086044e+02
3.100000e-07	-2.667151e-06	-3.185004e-09	-1.953951e+01	-2.078931e+02
3.200000e-07	-2.632675e-06	-3.201124e-09	-1.928695e+01	-2.071811e+02
3.300000e-07	-2.597088e-06	-3.096861e-09	-1.902623e+01	-2.064466e+02
3.400000e-07	-2.560745e-06	-3.114189e-09	-1.875998e+01	-2.056689e+02
3.500000e-07	-2.523502e-06	-3.170972e-09	-1.848714e+01	-2.048374e+02
3.600000e-07	-2.485337e-06	-3.103674e-09	-1.820755e+01	-2.039549e+02
3.700000e-07	-2.446283e-06	-3.060216e-09	-1.792144e+01	-2.030351e+02
3.800000e-07	-2.406561e-06	-3.098444e-09	-1.763043e+01	-2.020957e+02
3.900000e-07	-2.366309e-06	-3.088261e-09	-1.733555e+01	-2.011500e+02
4.000000e-07	-2.325079e-06	-3.039631e-09	-1.703350e+01	-2.002015e+02
4.100000e-07	-2.282522e-06	-3.012317e-09	-1.672173e+01	-1.992440e+02
4.200000e-07	-2.238971e-06	-3.031562e-09	-1.640267e+01	-1.982643e+02
4.300000e-07	-2.194771e-06	-3.018502e-09	-1.607886e+01	-1.972485e+02
4.400000e-07	-2.149892e-06	-2.955261e-09	-1.575008e+01	-1.961868e+02
4.500000e-07	-2.104290e-06	-2.944478e-09	-1.541600e+01	-1.950752e+02
4.600000e-07	-2.057938e-06	-2.975015e-09	-1.507643e+01	-1.939148e+02
4.700000e-07	-2.010831e-06	-2.947224e-09	-1.473132e+01	-1.927084e+02
4.800000e-07	-1.963118e-06	-2.876095e-09	-1.438178e+01	-1.914583e+02
4.900000e-07	-1.914831e-06	-2.884302e-09	-1.402803e+01	-1.901647e+02
5.000000e-07	-1.865567e-06	-2.899026e-09	-1.366712e+01	-1.888265e+02
5.100000e-07	-1.815062e-06	-2.838715e-09	-1.329712e+01	-1.874435e+02
5.200000e-07	-1.763630e-06	-2.794086e-09	-1.292033e+01	-1.860174e+02
5.300000e-07	-1.711595e-06	-2.805884e-09	-1.253912e+01	-1.845519e+02
5.400000e-07	-1.658961e-06	-2.789249e-09	-1.215353e+01	-1.830508e+02
5.500000e-07	-1.605693e-06	-2.737792e-09	-1.176329e+01	-1.815158e+02
5.600000e-07	-1.551849e-06	-2.719613e-09	-1.136883e+01	-1.799453e+02
5.700000e-07	-1.497412e-06	-2.712651e-09	-1.097002e+01	-1.783348e+02
5.800000e-07	-1.442385e-06	-2.676384e-09	-1.056690e+01	-1.766785e+02
5.900000e-07	-1.386940e-06	-2.637118e-09	-1.016070e+01	-1.749723e+02
6.000000e-07	-1.331203e-06	-2.626436e-09	-9.752379e+00	-1.732145e+02
6.100000e-07	-1.275191e-06	-2.603297e-09	-9.342036e+00	-1.714057e+02
6.200000e-07	-1.218796e-06	-2.561314e-09	-8.928882e+00	-1.695463e+02
6.300000e-07	-1.161820e-06	-2.532834e-09	-8.511477e+00	-1.676339e+02
6.400000e-07	-1.104141e-06	-2.513940e-09	-8.088926e+00	-1.656617e+02
6.500000e-07	-1.045812e-06	-2.481283e-09	-7.661603e+00	-1.636196e+02
6.600000e-07	-9.869371e-07	-2.439346e-09	-7.230288e+00	-1.614975e+02
6.700000e-07	-9.276073e-07	-2.408237e-09	-6.795639e+00	-1.592887e+02
6.800000e-07	-8.679769e-07	-2.374688e-09	-6.358788e+00	-1.569925e+02
6.900000e-07	-8.082081e-07	-2.336827e-09	-5.920922e+00	-1.546140e+02
7.000000e-07	-7.483409e-07	-2.301470e-09	-5.482336e+00	-1.521599e+02
7.100000e-07	-6.883086e-07	-2.264728e-09	-5.042540e+00	-1.496347e+02
7.200000e-07	-6.280728e-07	-2.221714e-09	-4.601253e+00	-1.470356e+02
7.300000e-07	-5.676295e-07	-2.182345e-09	-4.158446e+00	-1.443526e+02
7.400000e-07	-5.070200e-07	-2.146785e-09	-3.714422e+00	-1.415707e+02
7.500000e-07	-4.462173e-07	-2.101895e-09	-3.268982e+00	-1.386754e+02
7.600000e-07	-3.852514e-07	-2.052169e-09	-2.822347e+00	-1.356582e+02
7.700000e-07	-3.241622e-07	-2.004352e-09	-2.374808e+00	-1.325191e+02
7.800000e-07	-2.629234e-07	-1.955996e-09	-1.926173e+00	-1.292651e+02
7.900000e-07	-2.016114e-07	-1.900097e-09	-1.477003e+00	-1.259056e+02
8.000000e-07	-1.402555e-07	-1.844014e-09	-1.027510e+00	-1.224462e+02
8.100000e-07	-7.885759e-08	-1.789854e-09	-5.777097e-01	-1.188838e+02
8.200000e-07	-1.742603e-08	-1.733921e-09	-1.276629e-01	-1.152059e+02
8.300000e-07	4.405327e-08	-1.676040e-09	3.227337e-01	-1.113938e+02
8.400000e-07	1.055232e-07	-1.616412e-09	7.730620e-01	-1.074281e+02
8.500000e-07	1.669202e-07	-1.555219e-09	1.222855e+00	-1.032937e+02
8.600000e-07	2.283012e-07	-1.490740e-09	1.672532e+00	-9.898311e+01
8.700000e-07	2.896526e-07	-1.423503e-09	2.121991e+00	-9.449484e+01
8.800000e-07	3.509084e-07	-1.350270e-09	2.570751e+00	-8.982963e+01
8.900000e-07	4.119858e-07	-1.274515e-09	3.018203e+00	-8.498576e+01
9.000000e-07	4.728360e-07	-1.197654e-09	3.463991e+00	-7.995595e+01
9.100000e-07	5.334780e-07	-1.116539e-09	3.908253e+00	-7.472725e+01
9.200000e-07	5.938533e-07	-1.031371e-09	4.350561e+00	-6.928357e+01
9.300000e-07	6.540030e-07	-9.450408e-10	4.791218e+00	-6.360949e+01
9.400000e-07	7.140247e-07	-8.554700e-10	5.230936e+00	-5.769319e+01
9.500000e-07	7.739128e-07	-7.592459e-10	5.669675e+00	-5.152744e+01
9.600000e-07	8.336705e-07	-6.604005e-10	6.107459e+00	-4.510857e+01
9.700000e-07	8.932800e-07	-5.595689e-10	6.544157e+00	-3.843464e+01
9.800000e-07	9.526273e-07	-4.535527e-10	6.978935e+00	-3.150430e+01
9.900000e-07	1.011565e-06	-3.417408e-10	7.410714e+00	-2.431748e+01
1.000000e-06	1.069984e-06	-2.289046e-10	7.838686e+00	-1.687740e+01
1.010000e-06	1.127710e-06	-1.135498e-10	8.261587e+00	-9.193151e+00
1.020000e-06	1.184695e-06	6.578648e-12	8.679061e+00	-1.281033e+00
1.030000e-06	1.241098e-06	1.289650e-10	9.092264e+00	6.835692e+00
1.040000e-06	1.297097e-06	2.528514e-10	9.502513e+00	1.512835e+01
1.050000e-06	1.352822e-06	3.814436e-10	9.910753e+00	2.356421e+01
1.060000e-06	1.408243e-06	5.137288e-10	1.031677e+01	3.210622e+01
1.070000e-06	1.463167e-06	6.424806e-10	1.071914e+01	4.071076e+01
1.080000e-06	1.517545e-06	7.716275e-10	1.111751e+01	4.932455e+01
1.090000e-06	1.571471e-06	9.037216e-10	1.151257e+01	5.788309e+01
1.100000e-06	1.624908e-06	1.033375e-09	1.190405e+01	6.631288e+01
1.110000e-06	1.677756e-06	1.156554e-09	1.229122e+01	7.453838e+01
1.120000e-06	1.729950e-06	1.278012e-09	1.267359e+01	8.249230e+01
1.130000e-06	1.781519e-06	1.396081e-09	1.305139e+01	9.012576e+01
1.140000e-06	1.832328e-06	1.503257e-09	1.342361e+01	9.741427e+01
1.150000e-06	1.882091e-06	1.605983e-09	1.378818e+01	1.043569e+02
1.160000e-06	1.930836e-06	1.708980e-09	1.414528e+01	1.109685e+02
1.170000e-06	1.978860e-06	1.805972e-09	1.449711e+01	1.172685e+02
1.180000e-06	2.026284e-06	1.894130e-09	1.484453e+01	1.232706e+02
1.190000e-06	2.073039e-06	1.979570e-09	1.518706e+01	1.289782e+02
1.200000e-06	2.119136e-06	2.062372e-09	1.552476e+01	1.343870e+02
1.210000e-06	2.164516e-06	2.138249e-09	1.585722e+01	1.394931e+02
1.220000e-06	2.209070e-06	2.208360e-09	1.618362e+01	1.443022e+02
1.230000e-06	2.252977e-06	2.275927e-09	1.650528e+01	1.488339e+02
1.240000e-06	2.296318e-06	2.339657e-09	1.682280e+01	1.531195e+02
1.250000e-06	2.338752e-06	2.398688e-09	1.713367e+01	1.571915e+02
1.260000e-06	2.379973e-06	2.456586e-09	1.743565e+01	1.610727e+02
1.270000e-06	2.420183e-06	2.512484e-09	1.773023e+01	1.647668e+02
1.280000e-06	2.459651e-06	2.562060e-09	1.801937e+01	1.682592e+02
1.290000e-06	2.498368e-06	2.606797e-09	1.830301e+01	1.715261e+02
1.300000e-06	2.536273e-06	2.649613e-09	1.858070e+01	1.745495e+02
1.310000e-06	2.573266e-06	2.688508e-09	1.885172e+01	1.773316e+02
1.320000e-06	2.609426e-06	2.722809e-09	1.911662e+01	1.799010e+02
1.330000e-06	2.644865e-06	2.757071e-09	1.937625e+01	1.823072e+02
1.340000e-06	2.679291e-06	2.791113e-09	1.962845e+01	1.846062e+02
1.350000e-06	2.712389e-06	2.823590e-09	1.987093e+01	1.868411e+02
1.360000e-06	2.744427e-06	2.855943e-09	2.010564e+01	1.890281e+02
1.370000e-06	2.775660e-06	2.887214e-09	2.033445e+01	1.911528e+02
1.380000e-06	2.805978e-06	2.915403e-09	2.055656e+01	1.931791e+02
1.390000e-06	2.835345e-06	2.940479e-09	2.077170e+01	1.950671e+02
1.400000e-06	2.863825e-06	2.964235e-09	2.098034e+01	1.967915e+02
1.410000e-06	2.891507e-06	2.987253e-09	2.118314e+01	1.983536e+02
1.420000e-06	2.918185e-06	3.008492e-09	2.137859e+01	1.997811e+02
1.430000e-06	2.943467e-06	3.028452e-09	2.156380e+01	2.011168e+02
1.440000e-06	2.967461e-06	3.048499e-09	2.173958e+01	2.024013e+02
1.450000e-06	2.990489e-06	3.068238e-09	2.190829e+01	2.036581e+02
1.460000e-06	3.012581e-06	3.087363e-09	2.207013e+01	2.048868e+02
1.470000e-06	3.033642e-06	3.104712e-09	2.222442e+01	2.060678e+02
1.480000e-06	3.053788e-06	3.120429e-09	2.237201e+01	2.071747e+02
1.490000e-06	3.073042e-06	3.135781e-09	2.251307e+01	2.081890e+02
1.500000e-06	3.091136e-06	3.150544e-09	2.264562e+01	2.091091e+02
1.510000e-06	3.108120e-06	3.163738e-09	2.277005e+01	2.099516e+02
1.520000e-06	3.123984e-06	3.175050e-09	2.288627e+01	2.107426e+02
1.530000e-06	3.138611e-06	3.186795e-09	2.299342e+01	2.115060e+02
1.540000e-06	3.152052e-06	3.199965e-09	2.309189e+01	2.122526e+02
1.550000e-06	3.164371e-06	3.212457e-09	2.318214e+01	2.129768e+02
1.560000e-06	3.175462e-06	3.223724e-09	2.326340e+01	2.136602e+02
1.570000e-06	3.185051e-06	3.233148e-09	2.333365e+01	2.142818e+02
1.580000e-06	3.193320e-06	3.240314e-09	2.339422e+01	2.148282e+02
1.590000e-06	3.200540e-06	3.246707e-09	2.344711e+01	2.152994e+02
1.600000e-06	3.206645e-06	3.253963e-09	2.349184e+01	2.157084e+02
1.610000e-06	3.211629e-06	3.261792e-09	2.352835e+01	2.160748e+02
1.620000e-06	3.215683e-06	3.269049e-09	2.355805e+01	2.164159e+02
1.630000e-06	3.218734e-06	3.276529e-09	2.358040e+01	2.167401e+02
1.640000e-06	3.220392e-06	3.282794e-09	2.359255e+01	2.170453e+02
1.650000e-06	3.220699e-06	3.287738e-09	2.359480e+01	2.173218e+02
1.660000e-06	3.219991e-06	3.291655e-09	2.358961e+01	2.175581e+02
1.670000e-06	3.218322e-06	3.294381e-09	2.357738e+01	2.177470e+02
1.680000e-06	3.215650e-06	3.298551e-09	2.355781e+01	2.178877e+02
1.690000e-06	3.212044e-06	3.300823e-09	2.353139e+01	2.179846e+02
1.700000e-06	3.207574e-06	3.300933e-09	2.349865e+01	2.180435e+02
1.710000e-06	3.201997e-06	3.304396e-09	2.345779e+01	2.180684e+02
1.720000e-06	3.195074e-06	3.322349e-09	2.340707e+01	2.180599e+02
1.730000e-06	3.187116e-06	3.332339e-09	2.334877e+01	2.180161e+02
1.740000e-06	3.178272e-06	3.260841e-09	2.328398e+01	2.179354e+02
1.750000e-06	3.167978e-06	3.217516e-09	2.320856e+01	2.178181e+02
1.760000e-06	3.155676e-06	3.284901e-09	2.311844e+01	2.176668e+02
1.770000e-06	3.141652e-06	3.417424e-09	2.301570e+01	2.174839e+02
1.780000e-06	3.127128e-06	3.327506e-09	2.290930e+01	2.172691e+02
1.790000e-06	3.112359e-06	3.154599e-09	2.280110e+01	2.170186e+02
1.800000e-06	3.096239e-06	3.340212e-09	2.268301e+01	2.167266e+02
1.810000e-06	3.078709e-06	3.377073e-09	2.255458e+01	2.163899e+02
1.820000e-06	3.060600e-06	3.135237e-09	2.242192e+01	2.160123e+02
1.830000e-06	3.041677e-06	3.262138e-09	2.228329e+01	2.156070e+02
1.840000e-06	3.021465e-06	3.425799e-09	2.213521e+01	2.151944e+02
1.850000e-06	3.000269e-06	3.157937e-09	2.197993e+01	2.147944e+02
1.860000e-06	2.977964e-06	3.173035e-09	2.181653e+01	2.144187e+02
1.870000e-06	2.954304e-06	3.382582e-09	2.164320e+01	2.140632e+02
1.880000e-06	2.929642e-06	3.185187e-09	2.146252e+01	2.137075e+02
1.890000e-06	2.903952e-06	3.175653e-09	2.127431e+01	2.133199e+02
1.900000e-06	2.877000e-06	3.348261e-09	2.107686e+01	2.128691e+02
1.910000e-06	2.849166e-06	3.174515e-09	2.087295e+01	2.123348e+02
1.920000e-06	2.820475e-06	3.176215e-09	2.066276e+01	2.117158e+02
1.930000e-06	2.790494e-06	3.283232e-09	2.044312e+01	2.110299e+02
1.940000e-06	2.759334e-06	3.163656e-09	2.021484e+01	2.103068e+02
1.950000e-06	2.727093e-06	3.220066e-09	1.997865e+01	2.095757e+02
1.960000e-06	2.693822e-06	3.206152e-09	1.973490e+01	2.088547e+02
1.970000e-06	2.659812e-06	3.077744e-09	1.948575e+01	2.081448e+02
1.980000e-06	2.624934e-06	3.214259e-09	1.923023e+01	2.074315e+02
1.990000e-06	2.589220e-06	3.202526e-09	1.896859e+01	2.066923e+02
2.000000e-06	2.552830e-06	3.062477e-09	1.870200e+01	2.059077e+02
2.010000e-06	2.515315e-06	3.157769e-09	1.842716e+01	2.050688e+02
2.020000e-06	2.476433e-06	3.145776e-09	1.814232e+01	2.041803e+02
2.030000e-06	2.436590e-06	3.058565e-09	1.785042e+01	2.032571e+02
2.040000e-06	2.396037e-06	3.061245e-09	1.755333e+01	2.023166e+02
2.050000e-06	2.354807e-06	3.075667e-09	1.725129e+01	2.013709e+02
2.060000e-06	2.312837e-06	3.111377e-09	1.694381e+01	2.004222e+02
2.070000e-06	2.270024e-06	3.020445e-09	1.663017e+01	1.994627e+02
2.080000e-06	2.226507e-06	2.970673e-09	1.631136e+01	1.984791e+02
2.090000e-06	2.182459e-06	3.066924e-09	1.598867e+01	1.974576e+02
2.100000e-06	2.137788e-06	3.033009e-09	1.566141e+01	1.963893e+02
2.110000e-06	2.092181e-06	2.941538e-09	1.532729e+01	1.952710e+02
2.120000e-06	2.045759e-06	2.939833e-09	1.498720e+01	1.941042e+02
2.130000e-06	1.998804e-06	2.979966e-09	1.464321e+01	1.928920e+02
2.140000e-06	1.951121e-06	2.952803e-09	1.429388e+01	1.916361e+02
2.150000e-06	1.902439e-06	2.863862e-09	1.393724e+01	1.903365e+02
2.160000e-06	1.852912e-06	2.893134e-09	1.357441e+01	1.889923e+02
2.170000e-06	1.802823e-06	2.917123e-09	1.320746e+01	1.876034e+02
2.180000e-06	1.752137e-06	2.822088e-09	1.283613e+01	1.861719e+02
2.190000e-06	1.700758e-06	2.800499e-09	1.245973e+01	1.847015e+02
2.200000e-06	1.648822e-06	2.827321e-09	1.207925e+01	1.831959e+02
2.210000e-06	1.596233e-06	2.805553e-09	1.169398e+01	1.816564e+02
2.220000e-06	1.542708e-06	2.744094e-09	1.130186e+01	1.800810e+02
2.230000e-06	1.488178e-06	2.713645e-09	1.090237e+01	1.784647e+02
2.240000e-06	1.432848e-06	2.731585e-09	1.049703e+01	1.768019e+02
2.250000e-06	1.377073e-06	2.690360e-09	1.008842e+01	1.750887e+02
2.260000e-06	1.321006e-06	2.642363e-09	9.677673e+00	1.733239e+02
2.270000e-06	1.264615e-06	2.634856e-09	9.264556e+00	1.715083e+02
2.280000e-06	1.207738e-06	2.608443e-09	8.847872e+00	1.696420e+02
2.290000e-06	1.150343e-06	2.569152e-09	8.427396e+00	1.677220e+02
2.300000e-06	1.092635e-06	2.537274e-09	8.004632e+00	1.657409e+02
2.310000e-06	1.034671e-06	2.519593e-09	7.579987e+00	1.636884e+02
2.320000e-06	9.763234e-07	2.488208e-09	7.152533e+00	1.615546e+02
2.330000e-06	9.175476e-07	2.441570e-09	6.721942e+00	1.593336e+02
2.340000e-06	8.584207e-07	2.413450e-09	6.288779e+00	1.570257e+02
2.350000e-06	7.990093e-07	2.380085e-09	5.853532e+00	1.546363e+02
2.360000e-06	7.393663e-07	2.338073e-09	5.416588e+00	1.521724e+02
2.370000e-06	6.795611e-07	2.302554e-09	4.978456e+00	1.496373e+02
2.380000e-06	6.196707e-07	2.260487e-09	4.539699e+00	1.470275e+02
2.390000e-06	5.596816e-07	2.217396e-09	4.100220e+00	1.443317e+02
2.400000e-06	4.996049e-07	2.175310e-09	3.660099e+00	1.415348e+02
2.410000e-06	4.394472e-07	2.132062e-09	3.219384e+00	1.386229e+02
2.420000e-06	3.790988e-07	2.082637e-09	2.777273e+00	1.355885e+02
2.430000e-06	3.186087e-07	2.030766e-09	2.334123e+00	1.324327e+02
2.440000e-06	2.580877e-07	1.989154e-09	1.890747e+00	1.291635e+02
2.450000e-06	1.974657e-07	1.944152e-09	1.446631e+00	1.257900e+02
2.460000e-06	1.367512e-07	1.890927e-09	1.001838e+00	1.223167e+02
2.470000e-06	7.599569e-08	1.837939e-09	5.567434e-01	1.187392e+02
2.480000e-06	1.515632e-08	1.783542e-09	1.110350e-01	1.150438e+02
2.490000e-06	-4.579919e-08	1.722360e-09	-3.355243e-01	1.112113e+02
2.500000e-06	-1.067755e-07	1.657823e-09	-7.822362e-01	1.072226e+02
2.510000e-06	-1.675816e-07	1.594898e-09	-1.227701e+00	1.030638e+02
2.520000e-06	-2.283125e-07	1.528599e-09	-1.672614e+00	9.872820e+01
2.530000e-06	-2.890965e-07	1.459033e-09	-2.117917e+00	9.421502e+01
2.540000e-06	-3.497884e-07	1.387871e-09	-2.562545e+00	8.952491e+01
2.550000e-06	-4.102417e-07	1.313956e-09	-3.005426e+00	8.465547e+01
2.560000e-06	-4.705312e-07	1.238771e-09	-3.447105e+00	7.959857e+01
2.570000e-06	-5.307199e-07	1.160895e-09	-3.888047e+00	7.434057e+01
2.580000e-06	-5.907944e-07	1.075173e-09	-4.328152e+00	6.886527e+01
2.590000e-06	-6.507769e-07	9.850132e-10	-4.767583e+00	6.315761e+01
2.600000e-06	-7.106525e-07	8.960475e-10	-5.206231e+00	5.720642e+01
2.610000e-06	-7.704290e-07	8.052760e-10	-5.644153e+00	5.100509e+01
2.620000e-06	-8.300198e-07	7.054792e-10	-6.080714e+00	4.455029e+01
2.630000e-06	-8.892769e-07	5.998022e-10	-6.514831e+00	3.784021e+01
2.640000e-06	-9.481391e-07	4.958166e-10	-6.946054e+00	3.087360e+01
2.650000e-06	-1.006590e-06	3.870439e-10	-7.374264e+00	2.365069e+01
2.660000e-06	-1.064704e-06	2.715291e-10	-7.800011e+00	1.617542e+01
2.670000e-06	-1.122466e-06	1.533637e-10	-8.223172e+00	8.457856e+00
2.680000e-06	-1.179712e-06	3.222188e-11	-8.642556e+00	5.153481e-01
2.690000e-06	-1.236467e-06	-9.498884e-11	-9.058340e+00	-7.627962e+00
2.700000e-06	-1.292822e-06	-2.248762e-10	-9.471196e+00	-1.594276e+01
2.710000e-06	-1.348860e-06	-3.518202e-10	-9.881734e+00	-2.439577e+01
2.720000e-06	-1.404618e-06	-4.815121e-10	-1.029021e+01	-3.294916e+01
2.730000e-06	-1.459921e-06	-6.134180e-10	-1.069536e+01	-4.155813e+01
2.740000e-06	-1.514513e-06	-7.442816e-10	-1.109530e+01	-5.016783e+01
2.750000e-06	-1.568226e-06	-8.755738e-10	-1.148880e+01	-5.871221e+01
2.760000e-06	-1.621091e-06	-1.006072e-09	-1.187609e+01	-6.711696e+01
2.770000e-06	-1.673311e-06	-1.130091e-09	-1.225865e+01	-7.530705e+01
2.780000e-06	-1.724941e-06	-1.247800e-09	-1.263690e+01	-8.321724e+01
2.790000e-06	-1.775900e-06	-1.364897e-09	-1.301022e+01	-9.080192e+01
2.800000e-06	-1.826218e-06	-1.477354e-09	-1.337885e+01	-9.804018e+01
2.810000e-06	-1.875887e-06	-1.580580e-09	-1.374272e+01	-1.049339e+02
2.820000e-06	-1.924612e-06	-1.680913e-09	-1.409969e+01	-1.114995e+02
2.830000e-06	-1.972253e-06	-1.779737e-09	-1.444870e+01	-1.177559e+02
2.840000e-06	-2.019106e-06	-1.871728e-09	-1.479194e+01	-1.237156e+02
2.850000e-06	-2.065410e-06	-1.957627e-09	-1.513117e+01	-1.293805e+02
2.860000e-06	-2.111145e-06	-2.040705e-09	-1.546622e+01	-1.347457e+02
2.870000e-06	-2.156172e-06	-2.118986e-09	-1.579609e+01	-1.398083e+02
2.880000e-06	-2.200518e-06	-2.190402e-09	-1.612096e+01	-1.445758e+02
2.890000e-06	-2.244306e-06	-2.260490e-09	-1.644175e+01	-1.490699e+02
2.900000e-06	-2.287407e-06	-2.330025e-09	-1.675752e+01	-1.533226e+02
2.910000e-06	-2.329728e-06	-2.393064e-09	-1.706756e+01	-1.573660e+02
2.920000e-06	-2.371256e-06	-2.450848e-09	-1.737179e+01	-1.612203e+02
2.930000e-06	-2.411945e-06	-2.509706e-09	-1.766988e+01	-1.648864e+02
2.940000e-06	-2.451949e-06	-2.567851e-09	-1.796295e+01	-1.683477e+02
2.950000e-06	-2.491174e-06	-2.619010e-09	-1.825031e+01	-1.715802e+02
2.960000e-06	-2.529139e-06	-2.666620e-09	-1.852844e+01	-1.745680e+02
2.970000e-06	-2.565904e-06	-2.714971e-09	-1.879778e+01	-1.773169e+02
2.980000e-06	-2.601864e-06	-2.757144e-09	-1.906122e+01	-1.798592e+02
2.990000e-06	-2.636999e-06	-2.792748e-09	-1.931862e+01	-1.822464e+02
3.000000e-06	-2.671213e-06	-2.828931e-09	-1.956927e+01	-1.845336e+02
3.010000e-06	-2.704498e-06	-2.867853e-09	-1.981312e+01	-1.867610e+02
3.020000e-06	-2.736912e-06	-2.902511e-09	-2.005058e+01	-1.889403e+02
3.030000e-06	-2.768615e-06	-2.933624e-09	-2.028284e+01	-1.910530e+02
3.040000e-06	-2.799306e-06	-2.967283e-09	-2.050768e+01	-1.930615e+02
3.050000e-06	-2.828595e-06	-2.998997e-09	-2.072225e+01	-1.949267e+02
3.060000e-06	-2.856762e-06	-3.025986e-09	-2.092860e+01	-1.966267e+02
3.070000e-06	-2.884043e-06	-3.050170e-09	-2.112846e+01	-1.981670e+02
3.080000e-06	-2.910323e-06	-3.073262e-09	-2.132099e+01	-1.995782e+02
3.090000e-06	-2.935580e-06	-3.093713e-09	-2.150602e+01	-2.009040e+02
3.100000e-06	-2.959941e-06	-3.111157e-09	-2.168449e+01	-2.021832e+02
3.110000e-06	-2.983492e-06	-3.128857e-09	-2.185702e+01	-2.034361e+02
3.120000e-06	-3.005907e-06	-3.147863e-09	-2.202124e+01	-2.046591e+02
3.130000e-06	-3.026926e-06	-3.167547e-09	-2.217522e+01	-2.058307e+02
3.140000e-06	-3.046831e-06	-3.184394e-09	-2.232104e+01	-2.069248e+02
3.150000e-06	-3.065806e-06	-3.198661e-09	-2.246005e+01	-2.079248e+02
3.160000e-06	-3.083767e-06	-3.212173e-09	-2.259164e+01	-2.088321e+02
3.170000e-06	-3.100666e-06	-3.226672e-09	-2.271544e+01	-2.096651e+02
3.180000e-06	-3.116623e-06	-3.240214e-09	-2.283234e+01	-2.104505e+02
3.190000e-06	-3.131426e-06	-3.250094e-09	-2.294078e+01	-2.112108e+02
3.200000e-06	-3.144688e-06	-3.259483e-09	-2.303795e+01	-2.119546e+02
3.210000e-06	-3.156595e-06	-3.270499e-09	-2.312518e+01	-2.126738e+02
3.220000e-06	-3.167356e-06	-3.280184e-09	-2.320401e+01	-2.133492e+02
3.230000e-06	-3.177019e-06	-3.287856e-09	-2.327480e+01	-2.139602e+02
3.240000e-06	-3.185666e-06	-3.296674e-09	-2.333815e+01	-2.144951e+02
3.250000e-06	-3.193281e-06	-3.304988e-09	-2.339393e+01	-2.149559e+02
3.260000e-06	-3.199604e-06	-3.311943e-09	-2.344025e+01	-2.153572e+02
3.270000e-06	-3.204585e-06	-3.317539e-09	-2.347675e+01	-2.157187e+02
3.280000e-06	-3.208471e-06	-3.321565e-09	-2.350522e+01	-2.160567e+02
3.290000e-06	-3.211350e-06	-3.321803e-09	-2.352631e+01	-2.163782e+02
3.300000e-06	-3.213187e-06	-3.321747e-09	-2.353977e+01	-2.166796e+02
3.310000e-06	-3.213923e-06	-3.323977e-09	-2.354516e+01	-2.169505e+02
