# Temperatura_=_20.0
# Concentracion g/m^3_=_4600.0
# C_Vs_to_Am_M_A/Vsm_=_65563218390.804596
# pendiente_HvsI_1/m_=_3716.3
# ordenada_HvsI_A/m_=_1297.0
# frecuencia_Hz_=_301594.4053051762

Tiempo_(s)	Campo_(V.s)	Magnetizacion_(V.s)	Campo_(kA/m)	Magnetizacion_(A/m)
0.000000e+00	-4.651524e-06	-4.248260e-09	-3.464488e+01	-2.790112e+02
1.000000e-08	-4.649271e-06	-4.248197e-09	-3.462811e+01	-2.789611e+02
2.000000e-08	-4.645350e-06	-4.248045e-09	-3.459890e+01	-2.787668e+02
3.000000e-08	-4.640025e-06	-4.247859e-09	-3.455925e+01	-2.785098e+02
4.000000e-08	-4.633297e-06	-4.245329e-09	-3.450913e+01	-2.782926e+02
5.000000e-08	-4.625207e-06	-4.241904e-09	-3.444888e+01	-2.781865e+02
6.000000e-08	-4.615514e-06	-4.237984e-09	-3.437668e+01	-2.781959e+02
7.000000e-08	-4.604004e-06	-4.233767e-09	-3.429095e+01	-2.782577e+02
8.000000e-08	-4.590780e-06	-4.228512e-09	-3.419246e+01	-2.782752e+02
9.000000e-08	-4.575434e-06	-4.235739e-09	-3.407816e+01	-2.781671e+02
1.000000e-07	-4.557830e-06	-4.237935e-09	-3.394705e+01	-2.779071e+02
1.100000e-07	-4.538570e-06	-4.226360e-09	-3.380360e+01	-2.775338e+02
1.200000e-07	-4.518018e-06	-4.220417e-09	-3.365052e+01	-2.771278e+02
1.300000e-07	-4.496315e-06	-4.201634e-09	-3.348888e+01	-2.767686e+02
1.400000e-07	-4.473429e-06	-4.206385e-09	-3.331842e+01	-2.764969e+02
1.500000e-07	-4.449189e-06	-4.230005e-09	-3.313788e+01	-2.762990e+02
1.600000e-07	-4.423577e-06	-4.200214e-09	-3.294712e+01	-2.761218e+02
1.700000e-07	-4.396368e-06	-4.192729e-09	-3.274446e+01	-2.759071e+02
1.800000e-07	-4.367387e-06	-4.198922e-09	-3.252862e+01	-2.756249e+02
1.900000e-07	-4.336969e-06	-4.173879e-09	-3.230206e+01	-2.752872e+02
2.000000e-07	-4.305254e-06	-4.183519e-09	-3.206585e+01	-2.749357e+02
2.100000e-07	-4.271885e-06	-4.185274e-09	-3.181731e+01	-2.746118e+02
2.200000e-07	-4.236818e-06	-4.178238e-09	-3.155613e+01	-2.743272e+02
2.300000e-07	-4.200285e-06	-4.186869e-09	-3.128402e+01	-2.740531e+02
2.400000e-07	-4.162174e-06	-4.163120e-09	-3.100018e+01	-2.737346e+02
2.500000e-07	-4.122595e-06	-4.152673e-09	-3.070539e+01	-2.733224e+02
2.600000e-07	-4.081463e-06	-4.158723e-09	-3.039903e+01	-2.728031e+02
2.700000e-07	-4.038617e-06	-4.134879e-09	-3.007991e+01	-2.722100e+02
2.800000e-07	-3.994306e-06	-4.139197e-09	-2.974988e+01	-2.716068e+02
2.900000e-07	-3.948573e-06	-4.135181e-09	-2.940925e+01	-2.710534e+02
3.000000e-07	-3.901383e-06	-4.102311e-09	-2.905778e+01	-2.705706e+02
3.100000e-07	-3.852616e-06	-4.108521e-09	-2.869456e+01	-2.701265e+02
3.200000e-07	-3.801938e-06	-4.111973e-09	-2.831711e+01	-2.696505e+02
3.300000e-07	-3.749560e-06	-4.087319e-09	-2.792700e+01	-2.690712e+02
3.400000e-07	-3.695900e-06	-4.079916e-09	-2.752733e+01	-2.683555e+02
3.500000e-07	-3.641022e-06	-4.079189e-09	-2.711859e+01	-2.675289e+02
3.600000e-07	-3.585006e-06	-4.056749e-09	-2.670138e+01	-2.666641e+02
3.700000e-07	-3.527628e-06	-4.045684e-09	-2.627403e+01	-2.658429e+02
3.800000e-07	-3.468705e-06	-4.045138e-09	-2.583517e+01	-2.651129e+02
3.900000e-07	-3.408523e-06	-4.021306e-09	-2.538693e+01	-2.644600e+02
4.000000e-07	-3.347286e-06	-4.004410e-09	-2.493083e+01	-2.638156e+02
4.100000e-07	-3.284976e-06	-3.998432e-09	-2.446674e+01	-2.630922e+02
4.200000e-07	-3.221637e-06	-3.984527e-09	-2.399499e+01	-2.622311e+02
4.300000e-07	-3.157235e-06	-3.975389e-09	-2.351531e+01	-2.612345e+02
4.400000e-07	-3.091422e-06	-3.965671e-09	-2.302514e+01	-2.601648e+02
4.500000e-07	-3.024227e-06	-3.948116e-09	-2.252466e+01	-2.591099e+02
4.600000e-07	-2.956121e-06	-3.929803e-09	-2.201740e+01	-2.581338e+02
4.700000e-07	-2.887211e-06	-3.912166e-09	-2.150415e+01	-2.572384e+02
4.800000e-07	-2.817368e-06	-3.898558e-09	-2.098396e+01	-2.563597e+02
4.900000e-07	-2.746525e-06	-3.881351e-09	-2.045632e+01	-2.553999e+02
5.000000e-07	-2.674734e-06	-3.860194e-09	-1.992161e+01	-2.542804e+02
5.100000e-07	-2.601992e-06	-3.842529e-09	-1.937983e+01	-2.529857e+02
5.200000e-07	-2.528031e-06	-3.827819e-09	-1.882896e+01	-2.515737e+02
5.300000e-07	-2.452792e-06	-3.810226e-09	-1.826857e+01	-2.501452e+02
5.400000e-07	-2.376554e-06	-3.790052e-09	-1.770075e+01	-2.487878e+02
5.500000e-07	-2.299483e-06	-3.772167e-09	-1.712671e+01	-2.475252e+02
5.600000e-07	-2.221490e-06	-3.746408e-09	-1.654582e+01	-2.462998e+02
5.700000e-07	-2.142449e-06	-3.719180e-09	-1.595712e+01	-2.450008e+02
5.800000e-07	-2.062429e-06	-3.697044e-09	-1.536112e+01	-2.435238e+02
5.900000e-07	-1.981622e-06	-3.672766e-09	-1.475926e+01	-2.418301e+02
6.000000e-07	-1.900073e-06	-3.647075e-09	-1.415188e+01	-2.399725e+02
6.100000e-07	-1.817777e-06	-3.624731e-09	-1.353893e+01	-2.380704e+02
6.200000e-07	-1.734883e-06	-3.602131e-09	-1.292154e+01	-2.362451e+02
6.300000e-07	-1.651525e-06	-3.572377e-09	-1.230068e+01	-2.345502e+02
6.400000e-07	-1.567698e-06	-3.542188e-09	-1.167633e+01	-2.329339e+02
6.500000e-07	-1.483400e-06	-3.513057e-09	-1.104847e+01	-2.312584e+02
6.600000e-07	-1.398754e-06	-3.480611e-09	-1.041802e+01	-2.293679e+02
6.700000e-07	-1.313679e-06	-3.444951e-09	-9.784374e+00	-2.271719e+02
6.800000e-07	-1.228045e-06	-3.410355e-09	-9.146565e+00	-2.246972e+02
6.900000e-07	-1.142092e-06	-3.377765e-09	-8.506385e+00	-2.220779e+02
7.000000e-07	-1.055893e-06	-3.341947e-09	-7.864365e+00	-2.194836e+02
7.100000e-07	-9.693178e-07	-3.303104e-09	-7.219549e+00	-2.170216e+02
7.200000e-07	-8.824407e-07	-3.264007e-09	-6.572482e+00	-2.146655e+02
7.300000e-07	-7.953365e-07	-3.223584e-09	-5.923724e+00	-2.122522e+02
7.400000e-07	-7.079857e-07	-3.178647e-09	-5.273129e+00	-2.095544e+02
7.500000e-07	-6.204249e-07	-3.128669e-09	-4.620970e+00	-2.063952e+02
7.600000e-07	-5.327123e-07	-3.075326e-09	-3.967680e+00	-2.027446e+02
7.700000e-07	-4.448642e-07	-3.019424e-09	-3.313381e+00	-1.987404e+02
7.800000e-07	-3.569195e-07	-2.961276e-09	-2.658362e+00	-1.946157e+02
7.900000e-07	-2.688665e-07	-2.900432e-09	-2.002537e+00	-1.905614e+02
8.000000e-07	-1.807173e-07	-2.835762e-09	-1.345996e+00	-1.865948e+02
8.100000e-07	-9.248543e-08	-2.765129e-09	-6.888382e-01	-1.825060e+02
8.200000e-07	-4.182764e-09	-2.687951e-09	-3.115353e-02	-1.779211e+02
8.300000e-07	8.412231e-08	-2.603208e-09	6.265491e-01	-1.724601e+02
8.400000e-07	1.723616e-07	-2.509593e-09	1.283762e+00	-1.659096e+02
8.500000e-07	2.605548e-07	-2.405692e-09	1.940631e+00	-1.583121e+02
8.600000e-07	3.487273e-07	-2.287245e-09	2.597346e+00	-1.499036e+02
8.700000e-07	4.368041e-07	-2.149515e-09	3.253349e+00	-1.409006e+02
8.800000e-07	5.247485e-07	-1.990297e-09	3.908365e+00	-1.312247e+02
8.900000e-07	6.125583e-07	-1.807658e-09	4.562379e+00	-1.202985e+02
9.000000e-07	7.002023e-07	-1.592355e-09	5.215157e+00	-1.070426e+02
9.100000e-07	7.876209e-07	-1.333983e-09	5.866257e+00	-9.012731e+01
9.200000e-07	8.747881e-07	-1.019769e-09	6.515485e+00	-6.842570e+01
9.300000e-07	9.616933e-07	-6.324739e-10	7.162762e+00	-4.151289e+01
9.400000e-07	1.048322e-06	-1.608982e-10	7.807982e+00	-1.001638e+01
9.500000e-07	1.134616e-06	3.815840e-10	8.450703e+00	2.434182e+01
9.600000e-07	1.220524e-06	9.431975e-10	9.090551e+00	5.906143e+01
9.700000e-07	1.305991e-06	1.449571e-09	9.727115e+00	9.145272e+01
9.800000e-07	1.390930e-06	1.852056e-09	1.035975e+01	1.193044e+02
9.900000e-07	1.475408e-06	2.152454e-09	1.098894e+01	1.414032e+02
1.000000e-06	1.559466e-06	2.377133e-09	1.161501e+01	1.577321e+02
1.010000e-06	1.643073e-06	2.552006e-09	1.223773e+01	1.692983e+02
1.020000e-06	1.726166e-06	2.692398e-09	1.285661e+01	1.776759e+02
1.030000e-06	1.808642e-06	2.810920e-09	1.347089e+01	1.844493e+02
1.040000e-06	1.890390e-06	2.916283e-09	1.407976e+01	1.907610e+02
1.050000e-06	1.971344e-06	3.009441e-09	1.468271e+01	1.971063e+02
1.060000e-06	2.051553e-06	3.092448e-09	1.528011e+01	2.034065e+02
1.070000e-06	2.131005e-06	3.167683e-09	1.587188e+01	2.092793e+02
1.080000e-06	2.209620e-06	3.237771e-09	1.645741e+01	2.143591e+02
1.090000e-06	2.287386e-06	3.303383e-09	1.703662e+01	2.185237e+02
1.100000e-06	2.364380e-06	3.363302e-09	1.761008e+01	2.219486e+02
1.110000e-06	2.440609e-06	3.414955e-09	1.817783e+01	2.249957e+02
1.120000e-06	2.515969e-06	3.460206e-09	1.873912e+01	2.280222e+02
1.130000e-06	2.590256e-06	3.504031e-09	1.929242e+01	2.312131e+02
1.140000e-06	2.663350e-06	3.547940e-09	1.983682e+01	2.345212e+02
1.150000e-06	2.735401e-06	3.589057e-09	2.037347e+01	2.377287e+02
1.160000e-06	2.806543e-06	3.627085e-09	2.090333e+01	2.405878e+02
1.170000e-06	2.876756e-06	3.664383e-09	2.142629e+01	2.429597e+02
1.180000e-06	2.946007e-06	3.698426e-09	2.194207e+01	2.448835e+02
1.190000e-06	3.014292e-06	3.727680e-09	2.245067e+01	2.465466e+02
1.200000e-06	3.081564e-06	3.753700e-09	2.295171e+01	2.481814e+02
1.210000e-06	3.147675e-06	3.777854e-09	2.344411e+01	2.499480e+02
1.220000e-06	3.212470e-06	3.801294e-09	2.392671e+01	2.518644e+02
1.230000e-06	3.276035e-06	3.825456e-09	2.440014e+01	2.538151e+02
1.240000e-06	3.338581e-06	3.851362e-09	2.486599e+01	2.556270e+02
1.250000e-06	3.400082e-06	3.878865e-09	2.532406e+01	2.571688e+02
1.260000e-06	3.460483e-06	3.902791e-09	2.577393e+01	2.584197e+02
1.270000e-06	3.519787e-06	3.921675e-09	2.621563e+01	2.594745e+02
1.280000e-06	3.577737e-06	3.939743e-09	2.664724e+01	2.604875e+02
1.290000e-06	3.634119e-06	3.959509e-09	2.706718e+01	2.615893e+02
1.300000e-06	3.689149e-06	3.977145e-09	2.747705e+01	2.628217e+02
1.310000e-06	3.742930e-06	3.991455e-09	2.787761e+01	2.641236e+02
1.320000e-06	3.795275e-06	4.006587e-09	2.826748e+01	2.653722e+02
1.330000e-06	3.845960e-06	4.024148e-09	2.864499e+01	2.664532e+02
1.340000e-06	3.894880e-06	4.041824e-09	2.900935e+01	2.673222e+02
1.350000e-06	3.942250e-06	4.057666e-09	2.936216e+01	2.680239e+02
1.360000e-06	3.988314e-06	4.072317e-09	2.970525e+01	2.686629e+02
1.370000e-06	4.033094e-06	4.085071e-09	3.003878e+01	2.693448e+02
1.380000e-06	4.076584e-06	4.096893e-09	3.036269e+01	2.701202e+02
1.390000e-06	4.118593e-06	4.108726e-09	3.067558e+01	2.709630e+02
1.400000e-06	4.158966e-06	4.119060e-09	3.097628e+01	2.717917e+02
1.410000e-06	4.197914e-06	4.128579e-09	3.126637e+01	2.725201e+02
1.420000e-06	4.235487e-06	4.139054e-09	3.154621e+01	2.731080e+02
1.430000e-06	4.271720e-06	4.151247e-09	3.181608e+01	2.735827e+02
1.440000e-06	4.306525e-06	4.162358e-09	3.207531e+01	2.740219e+02
1.450000e-06	4.339605e-06	4.170542e-09	3.232169e+01	2.745069e+02
1.460000e-06	4.371077e-06	4.178243e-09	3.255610e+01	2.750751e+02
1.470000e-06	4.401125e-06	4.184929e-09	3.277990e+01	2.756971e+02
1.480000e-06	4.429778e-06	4.191318e-09	3.299331e+01	2.762925e+02
1.490000e-06	4.457023e-06	4.198943e-09	3.319623e+01	2.767744e+02
1.500000e-06	4.482488e-06	4.206737e-09	3.338590e+01	2.770991e+02
1.510000e-06	4.506149e-06	4.213313e-09	3.356212e+01	2.772913e+02
1.520000e-06	4.528225e-06	4.217395e-09	3.372655e+01	2.774329e+02
1.530000e-06	4.548835e-06	4.221533e-09	3.388005e+01	2.776193e+02
1.540000e-06	4.568056e-06	4.227053e-09	3.402321e+01	2.779080e+02
1.550000e-06	4.585528e-06	4.232486e-09	3.415335e+01	2.782872e+02
1.560000e-06	4.601169e-06	4.235863e-09	3.426984e+01	2.786812e+02
1.570000e-06	4.615172e-06	4.238593e-09	3.437413e+01	2.789910e+02
1.580000e-06	4.627537e-06	4.242750e-09	3.446623e+01	2.791477e+02
1.590000e-06	4.638014e-06	4.245603e-09	3.454427e+01	2.791502e+02
1.600000e-06	4.646517e-06	4.245597e-09	3.460760e+01	2.790671e+02
1.610000e-06	4.653371e-06	4.245463e-09	3.465864e+01	2.790021e+02
1.620000e-06	4.658686e-06	4.247496e-09	3.469823e+01	2.790398e+02
1.630000e-06	4.662475e-06	4.250725e-09	3.472645e+01	2.792014e+02
1.640000e-06	4.664514e-06	4.253546e-09	3.474164e+01	2.794340e+02
1.650000e-06	4.664791e-06	4.255450e-09	3.474370e+01	2.796376e+02
1.660000e-06	4.663575e-06	4.256078e-09	3.473465e+01	2.797174e+02
1.670000e-06	4.660915e-06	4.255078e-09	3.471483e+01	2.796325e+02
1.680000e-06	4.656973e-06	4.252703e-09	3.468547e+01	2.794166e+02
1.690000e-06	4.651494e-06	4.250515e-09	3.464466e+01	2.791601e+02
1.700000e-06	4.644266e-06	4.250421e-09	3.459083e+01	2.789629e+02
1.710000e-06	4.635592e-06	4.250282e-09	3.452622e+01	2.788839e+02
1.720000e-06	4.625541e-06	4.250364e-09	3.445137e+01	2.789119e+02
1.730000e-06	4.614032e-06	4.256146e-09	3.436564e+01	2.789728e+02
1.740000e-06	4.600729e-06	4.243891e-09	3.426656e+01	2.789690e+02
1.750000e-06	4.585087e-06	4.232514e-09	3.415006e+01	2.788285e+02
1.760000e-06	4.567064e-06	4.237640e-09	3.401583e+01	2.785392e+02
1.770000e-06	4.547393e-06	4.232112e-09	3.386931e+01	2.781517e+02
1.780000e-06	4.526906e-06	4.255283e-09	3.371672e+01	2.777501e+02
1.790000e-06	4.505766e-06	4.242290e-09	3.355927e+01	2.774083e+02
1.800000e-06	4.482976e-06	4.192214e-09	3.338953e+01	2.771555e+02
1.810000e-06	4.457981e-06	4.223331e-09	3.320336e+01	2.769675e+02
1.820000e-06	4.431694e-06	4.218672e-09	3.300758e+01	2.767869e+02
1.830000e-06	4.404103e-06	4.198358e-09	3.280208e+01	2.765591e+02
1.840000e-06	4.374489e-06	4.240992e-09	3.258151e+01	2.762628e+02
1.850000e-06	4.343169e-06	4.223654e-09	3.234823e+01	2.759184e+02
1.860000e-06	4.310457e-06	4.217348e-09	3.210460e+01	2.755702e+02
1.870000e-06	4.276273e-06	4.239039e-09	3.184999e+01	2.752553e+02
1.880000e-06	4.240767e-06	4.189690e-09	3.158554e+01	2.749769e+02
1.890000e-06	4.203580e-06	4.199907e-09	3.130857e+01	2.746984e+02
1.900000e-06	4.164588e-06	4.206808e-09	3.101815e+01	2.743634e+02
1.910000e-06	4.124130e-06	4.162524e-09	3.071682e+01	2.739280e+02
1.920000e-06	4.082152e-06	4.198763e-09	3.040416e+01	2.733889e+02
1.930000e-06	4.038925e-06	4.177240e-09	3.008221e+01	2.727879e+02
1.940000e-06	3.994548e-06	4.152124e-09	2.975168e+01	2.721915e+02
1.950000e-06	3.948565e-06	4.186399e-09	2.940920e+01	2.716535e+02
1.960000e-06	3.901005e-06	4.154526e-09	2.905497e+01	2.711837e+02
1.970000e-06	3.852020e-06	4.140628e-09	2.869013e+01	2.707396e+02
1.980000e-06	3.801640e-06	4.140557e-09	2.831489e+01	2.702469e+02
1.990000e-06	3.749753e-06	4.116101e-09	2.792843e+01	2.696395e+02
2.000000e-06	3.696145e-06	4.108871e-09	2.752916e+01	2.688961e+02
2.010000e-06	3.641033e-06	4.095812e-09	2.711868e+01	2.680544e+02
2.020000e-06	3.584630e-06	4.096255e-09	2.669858e+01	2.671928e+02
2.030000e-06	3.527000e-06	4.085136e-09	2.626935e+01	2.663893e+02
2.040000e-06	3.468156e-06	4.075340e-09	2.583108e+01	2.656794e+02
2.050000e-06	3.408322e-06	4.066530e-09	2.538543e+01	2.650357e+02
2.060000e-06	3.347461e-06	4.040531e-09	2.493213e+01	2.643816e+02
2.070000e-06	3.285072e-06	4.044173e-09	2.446745e+01	2.636321e+02
2.080000e-06	3.221361e-06	4.022979e-09	2.399293e+01	2.627397e+02
2.090000e-06	3.156655e-06	4.000521e-09	2.351099e+01	2.617208e+02
2.100000e-06	3.090822e-06	3.997181e-09	2.302067e+01	2.606472e+02
2.110000e-06	3.023907e-06	3.982830e-09	2.252228e+01	2.596057e+02
2.120000e-06	2.956059e-06	3.974231e-09	2.201694e+01	2.586494e+02
2.130000e-06	2.887196e-06	3.951565e-09	2.150405e+01	2.577651e+02
2.140000e-06	2.816982e-06	3.941651e-09	2.098109e+01	2.568777e+02
2.150000e-06	2.745535e-06	3.926895e-09	2.044894e+01	2.558889e+02
2.160000e-06	2.673196e-06	3.898706e-09	1.991015e+01	2.547307e+02
2.170000e-06	2.599964e-06	3.884363e-09	1.936472e+01	2.534040e+02
2.180000e-06	2.525840e-06	3.870785e-09	1.881264e+01	2.519798e+02
2.190000e-06	2.450734e-06	3.850399e-09	1.825324e+01	2.505609e+02
2.200000e-06	2.374636e-06	3.820384e-09	1.768646e+01	2.492249e+02
2.210000e-06	2.297475e-06	3.807044e-09	1.711176e+01	2.479779e+02
2.220000e-06	2.219130e-06	3.791080e-09	1.652824e+01	2.467470e+02
2.230000e-06	2.139784e-06	3.760799e-09	1.593727e+01	2.454174e+02
2.240000e-06	2.059726e-06	3.739589e-09	1.534099e+01	2.438944e+02
2.250000e-06	1.979098e-06	3.719654e-09	1.474047e+01	2.421584e+02
2.260000e-06	1.897826e-06	3.691549e-09	1.413515e+01	2.402802e+02
2.270000e-06	1.815900e-06	3.660576e-09	1.352495e+01	2.383859e+02
2.280000e-06	1.733301e-06	3.638903e-09	1.290975e+01	2.365876e+02
2.290000e-06	1.650085e-06	3.613948e-09	1.228995e+01	2.349178e+02
2.300000e-06	1.566431e-06	3.578898e-09	1.166689e+01	2.333025e+02
2.310000e-06	1.482460e-06	3.548778e-09	1.104147e+01	2.315932e+02
2.320000e-06	1.398077e-06	3.524963e-09	1.041298e+01	2.296415e+02
2.330000e-06	1.313078e-06	3.492922e-09	9.779898e+00	2.273795e+02
2.340000e-06	1.227526e-06	3.454204e-09	9.142701e+00	2.248602e+02
2.350000e-06	1.141394e-06	3.420811e-09	8.501182e+00	2.222328e+02
2.360000e-06	1.054669e-06	3.384906e-09	7.855253e+00	2.196619e+02
2.370000e-06	9.675267e-07	3.342207e-09	7.206209e+00	2.172302e+02
2.380000e-06	8.801224e-07	3.300297e-09	6.555215e+00	2.148796e+02
2.390000e-06	7.924221e-07	3.258384e-09	5.902017e+00	2.124248e+02
2.400000e-06	7.044386e-07	3.210989e-09	5.246710e+00	2.096393e+02
2.410000e-06	6.163397e-07	3.162517e-09	4.590543e+00	2.063715e+02
2.420000e-06	5.280360e-07	3.115698e-09	3.932851e+00	2.026288e+02
2.430000e-06	4.395958e-07	3.063423e-09	3.274142e+00	1.985785e+02
2.440000e-06	3.511529e-07	3.003480e-09	2.615412e+00	1.944572e+02
2.450000e-06	2.625843e-07	2.939574e-09	1.955747e+00	1.904282e+02
2.460000e-06	1.738698e-07	2.871456e-09	1.294995e+00	1.864606e+02
2.470000e-06	8.510663e-08	2.796761e-09	6.338803e-01	1.823003e+02
2.480000e-06	-3.681768e-09	2.716076e-09	-2.742208e-02	1.775566e+02
2.490000e-06	-9.253820e-08	2.629184e-09	-6.892312e-01	1.718721e+02
2.500000e-06	-1.813567e-07	2.534466e-09	-1.350758e+00	1.650851e+02
2.510000e-06	-2.700084e-07	2.427449e-09	-2.011042e+00	1.572908e+02
2.520000e-06	-3.585243e-07	2.307136e-09	-2.670315e+00	1.487428e+02
2.530000e-06	-4.469662e-07	2.169190e-09	-3.329036e+00	1.396174e+02
2.540000e-06	-5.353251e-07	2.005173e-09	-3.987140e+00	1.297411e+02
2.550000e-06	-6.235078e-07	1.814123e-09	-4.643931e+00	1.184208e+02
2.560000e-06	-7.115458e-07	1.591251e-09	-5.299645e+00	1.044938e+02
2.570000e-06	-7.993961e-07	1.324907e-09	-5.953960e+00	8.663129e+01
2.580000e-06	-8.869369e-07	1.000038e-09	-6.605971e+00	6.381675e+01
2.590000e-06	-9.741788e-07	6.018133e-10	-7.255754e+00	3.583001e+01
2.600000e-06	-1.061069e-06	1.205302e-10	-7.902917e+00	3.541917e+00
2.610000e-06	-1.147508e-06	-4.314430e-10	-8.546721e+00	-3.112064e+01
2.620000e-06	-1.233378e-06	-9.975268e-10	-9.186289e+00	-6.556108e+01
2.630000e-06	-1.318555e-06	-1.501802e-09	-9.820691e+00	-9.713767e+01
2.640000e-06	-1.403093e-06	-1.898757e-09	-1.045034e+01	-1.238182e+02
2.650000e-06	-1.487123e-06	-2.192183e-09	-1.107620e+01	-1.446419e+02
2.660000e-06	-1.570684e-06	-2.411435e-09	-1.169857e+01	-1.598376e+02
2.670000e-06	-1.653809e-06	-2.582400e-09	-1.231769e+01	-1.705791e+02
2.680000e-06	-1.736477e-06	-2.723447e-09	-1.293341e+01	-1.784888e+02
2.690000e-06	-1.818530e-06	-2.844571e-09	-1.354454e+01	-1.850878e+02
2.700000e-06	-1.899891e-06	-2.949563e-09	-1.415053e+01	-1.913872e+02
2.710000e-06	-1.980623e-06	-3.042825e-09	-1.475182e+01	-1.977445e+02
2.720000e-06	-2.060737e-06	-3.127428e-09	-1.534852e+01	-2.039892e+02
2.730000e-06	-2.140135e-06	-3.204081e-09	-1.593988e+01	-2.097167e+02
2.740000e-06	-2.218630e-06	-3.274570e-09	-1.652451e+01	-2.145998e+02
2.750000e-06	-2.296103e-06	-3.341214e-09	-1.710154e+01	-2.185820e+02
2.760000e-06	-2.372524e-06	-3.403264e-09	-1.767073e+01	-2.218923e+02
2.770000e-06	-2.447992e-06	-3.459226e-09	-1.823282e+01	-2.249087e+02
2.780000e-06	-2.522612e-06	-3.511645e-09	-1.878859e+01	-2.279624e+02
2.790000e-06	-2.596312e-06	-3.561046e-09	-1.933752e+01	-2.311897e+02
2.800000e-06	-2.669135e-06	-3.607440e-09	-1.987991e+01	-2.344978e+02
2.810000e-06	-2.741182e-06	-3.649153e-09	-2.041652e+01	-2.376494e+02
2.820000e-06	-2.812356e-06	-3.685962e-09	-2.094663e+01	-2.404098e+02
2.830000e-06	-2.882413e-06	-3.723443e-09	-2.146842e+01	-2.426761e+02
2.840000e-06	-2.951233e-06	-3.760443e-09	-2.198100e+01	-2.445246e+02
2.850000e-06	-3.018936e-06	-3.791577e-09	-2.248525e+01	-2.461627e+02
2.860000e-06	-3.085647e-06	-3.819851e-09	-2.298212e+01	-2.478162e+02
2.870000e-06	-3.151350e-06	-3.847380e-09	-2.347149e+01	-2.496184e+02
2.880000e-06	-3.215955e-06	-3.873138e-09	-2.395267e+01	-2.515552e+02
2.890000e-06	-3.279460e-06	-3.896894e-09	-2.442566e+01	-2.534905e+02
2.900000e-06	-3.341736e-06	-3.919215e-09	-2.488950e+01	-2.552522e+02
2.910000e-06	-3.402616e-06	-3.941350e-09	-2.534293e+01	-2.567289e+02
2.920000e-06	-3.462283e-06	-3.961355e-09	-2.578733e+01	-2.579264e+02
2.930000e-06	-3.520841e-06	-3.980041e-09	-2.622348e+01	-2.589585e+02
2.940000e-06	-3.578193e-06	-3.999428e-09	-2.665064e+01	-2.599816e+02
2.950000e-06	-3.634313e-06	-4.018550e-09	-2.706863e+01	-2.611114e+02
2.960000e-06	-3.689086e-06	-4.034406e-09	-2.747658e+01	-2.623666e+02
2.970000e-06	-3.742200e-06	-4.049194e-09	-2.787218e+01	-2.636681e+02
2.980000e-06	-3.793683e-06	-4.064699e-09	-2.825563e+01	-2.648885e+02
2.990000e-06	-3.843739e-06	-4.079644e-09	-2.862845e+01	-2.659245e+02
3.000000e-06	-3.892158e-06	-4.091723e-09	-2.898908e+01	-2.667509e+02
3.010000e-06	-3.938886e-06	-4.102539e-09	-2.933711e+01	-2.674291e+02
3.020000e-06	-3.984273e-06	-4.113950e-09	-2.967515e+01	-2.680693e+02
3.030000e-06	-4.028507e-06	-4.124887e-09	-3.000461e+01	-2.687694e+02
3.040000e-06	-4.071569e-06	-4.134180e-09	-3.032534e+01	-2.695637e+02
3.050000e-06	-4.113322e-06	-4.142798e-09	-3.063632e+01	-2.704111e+02
3.060000e-06	-4.153735e-06	-4.150416e-09	-3.093732e+01	-2.712244e+02
3.070000e-06	-4.192824e-06	-4.156871e-09	-3.122846e+01	-2.719237e+02
3.080000e-06	-4.230236e-06	-4.166165e-09	-3.150710e+01	-2.724825e+02
3.090000e-06	-4.265985e-06	-4.177232e-09	-3.177336e+01	-2.729419e+02
3.100000e-06	-4.300366e-06	-4.187987e-09	-3.202943e+01	-2.733847e+02
3.110000e-06	-4.333330e-06	-4.196978e-09	-3.227495e+01	-2.738864e+02
3.120000e-06	-4.364799e-06	-4.204179e-09	-3.250934e+01	-2.744706e+02
3.130000e-06	-4.394558e-06	-4.208771e-09	-3.273099e+01	-2.750945e+02
3.140000e-06	-4.422678e-06	-4.212925e-09	-3.294043e+01	-2.756718e+02
3.150000e-06	-4.449350e-06	-4.218707e-09	-3.313908e+01	-2.761213e+02
3.160000e-06	-4.474471e-06	-4.224461e-09	-3.332618e+01	-2.764129e+02
3.170000e-06	-4.498042e-06	-4.228976e-09	-3.350174e+01	-2.765859e+02
3.180000e-06	-4.519893e-06	-4.232693e-09	-3.366449e+01	-2.767294e+02
3.190000e-06	-4.540006e-06	-4.236662e-09	-3.381430e+01	-2.769348e+02
3.200000e-06	-4.558589e-06	-4.240079e-09	-3.395270e+01	-2.772462e+02
3.210000e-06	-4.575689e-06	-4.241398e-09	-3.408006e+01	-2.776362e+02
3.220000e-06	-4.591264e-06	-4.242693e-09	-3.419607e+01	-2.780201e+02
3.230000e-06	-4.604892e-06	-4.245539e-09	-3.429757e+01	-2.783008e+02
3.240000e-06	-4.616499e-06	-4.247236e-09	-3.438402e+01	-2.784217e+02
3.250000e-06	-4.626463e-06	-4.248123e-09	-3.445823e+01	-2.783978e+02
3.260000e-06	-4.634943e-06	-4.249559e-09	-3.452139e+01	-2.783095e+02
3.270000e-06	-4.641800e-06	-4.250704e-09	-3.457247e+01	-2.782608e+02
3.280000e-06	-4.646794e-06	-4.250435e-09	-3.460966e+01	-2.783256e+02
3.290000e-06	-4.650150e-06	-4.249574e-09	-3.463466e+01	-2.785090e+02
3.300000e-06	-4.652005e-06	-4.248978e-09	-3.464847e+01	-2.787442e+02
3.310000e-06	-4.652345e-06	-4.248563e-09	-3.465100e+01	-2.789279e+02
