# Temperatura_=_20.0
# Concentracion g/m^3_=_4600.0
# C_Vs_to_Am_M_A/Vsm_=_65563218390.804596
# pendiente_HvsI_1/m_=_3716.3
# ordenada_HvsI_A/m_=_1297.0
# frecuencia_Hz_=_301596.9089419009

Tiempo_(s)	Campo_(V.s)	Magnetizacion_(V.s)	Campo_(kA/m)	Magnetizacion_(A/m)
0.000000e+00	-4.650491e-06	-6.471652e-11	-3.464171e+01	-5.050564e+00
1.000000e-08	-4.648418e-06	-6.775089e-11	-3.462628e+01	-5.048499e+00
2.000000e-08	-4.644675e-06	-6.781396e-11	-3.459840e+01	-4.977339e+00
3.000000e-08	-4.639552e-06	-6.824529e-11	-3.456023e+01	-4.857726e+00
4.000000e-08	-4.632988e-06	-6.786571e-11	-3.451134e+01	-4.728169e+00
5.000000e-08	-4.625086e-06	-6.482366e-11	-3.445247e+01	-4.631621e+00
6.000000e-08	-4.615591e-06	-6.003886e-11	-3.438175e+01	-4.598577e+00
7.000000e-08	-4.604218e-06	-5.158426e-11	-3.429703e+01	-4.633348e+00
8.000000e-08	-4.591130e-06	-4.968951e-11	-3.419953e+01	-4.709975e+00
9.000000e-08	-4.575962e-06	-8.178037e-11	-3.408654e+01	-4.780954e+00
1.000000e-07	-4.558532e-06	-8.591751e-11	-3.395671e+01	-4.796555e+00
1.100000e-07	-4.539376e-06	-7.247925e-11	-3.381402e+01	-4.727375e+00
1.200000e-07	-4.518904e-06	-6.175061e-11	-3.366152e+01	-4.580314e+00
1.300000e-07	-4.497367e-06	-2.310927e-12	-3.350109e+01	-4.400085e+00
1.400000e-07	-4.474659e-06	-7.852680e-11	-3.333194e+01	-4.254136e+00
1.500000e-07	-4.450563e-06	-1.189251e-10	-3.315245e+01	-4.206202e+00
1.600000e-07	-4.425092e-06	1.129929e-11	-3.296271e+01	-4.289251e+00
1.700000e-07	-4.397999e-06	-6.063476e-11	-3.276090e+01	-4.489602e+00
1.800000e-07	-4.369156e-06	-1.007448e-10	-3.254604e+01	-4.749712e+00
1.900000e-07	-4.338923e-06	-1.221707e-11	-3.232083e+01	-4.989157e+00
2.000000e-07	-4.307418e-06	-1.036407e-10	-3.208615e+01	-5.135331e+00
2.100000e-07	-4.274247e-06	-1.076672e-10	-3.183906e+01	-5.150888e+00
2.200000e-07	-4.239315e-06	-3.302329e-11	-3.157885e+01	-5.046287e+00
2.300000e-07	-4.202926e-06	-8.540739e-11	-3.130778e+01	-4.872333e+00
2.400000e-07	-4.165032e-06	-5.302627e-11	-3.102551e+01	-4.696490e+00
2.500000e-07	-4.125605e-06	-4.652401e-11	-3.073181e+01	-4.573833e+00
2.600000e-07	-4.084613e-06	-1.085767e-10	-3.042647e+01	-4.525551e+00
2.700000e-07	-4.041963e-06	-5.867499e-11	-3.010876e+01	-4.534041e+00
2.800000e-07	-3.997853e-06	-5.364318e-11	-2.978018e+01	-4.555695e+00
2.900000e-07	-3.952317e-06	-7.196511e-11	-2.944099e+01	-4.544366e+00
3.000000e-07	-3.905329e-06	-4.513700e-11	-2.909097e+01	-4.473893e+00
3.100000e-07	-3.856756e-06	-7.307014e-11	-2.872915e+01	-4.349174e+00
3.200000e-07	-3.806277e-06	-9.040017e-11	-2.835313e+01	-4.201257e+00
3.300000e-07	-3.754061e-06	-5.726582e-11	-2.796417e+01	-4.069854e+00
3.400000e-07	-3.700520e-06	-4.496537e-11	-2.756534e+01	-3.982590e+00
3.500000e-07	-3.645745e-06	-6.567745e-11	-2.715732e+01	-3.941425e+00
3.600000e-07	-3.589842e-06	-6.620772e-11	-2.674089e+01	-3.922691e+00
3.700000e-07	-3.532741e-06	-5.754589e-11	-2.631554e+01	-3.890150e+00
3.800000e-07	-3.474095e-06	-6.474022e-11	-2.587869e+01	-3.814030e+00
3.900000e-07	-3.414058e-06	-5.836165e-11	-2.543147e+01	-3.686307e+00
4.000000e-07	-3.352953e-06	-6.224552e-11	-2.497630e+01	-3.524686e+00
4.100000e-07	-3.290703e-06	-5.919809e-11	-2.451260e+01	-3.363689e+00
4.200000e-07	-3.227361e-06	-4.146459e-11	-2.404076e+01	-3.237679e+00
4.300000e-07	-3.163051e-06	-5.636155e-11	-2.356171e+01	-3.164521e+00
4.400000e-07	-3.097480e-06	-6.035513e-11	-2.307327e+01	-3.137886e+00
4.500000e-07	-3.030491e-06	-4.093367e-11	-2.257426e+01	-3.131581e+00
4.600000e-07	-2.962506e-06	-5.056852e-11	-2.206784e+01	-3.113135e+00
4.700000e-07	-2.893701e-06	-6.605558e-11	-2.155531e+01	-3.059404e+00
4.800000e-07	-2.823916e-06	-5.343302e-11	-2.103548e+01	-2.966328e+00
4.900000e-07	-2.753065e-06	-3.435612e-11	-2.050770e+01	-2.848353e+00
5.000000e-07	-2.681313e-06	-4.345232e-11	-1.997322e+01	-2.728550e+00
5.100000e-07	-2.608738e-06	-5.365073e-11	-1.943261e+01	-2.625172e+00
5.200000e-07	-2.534966e-06	-4.205283e-11	-1.888308e+01	-2.541927e+00
5.300000e-07	-2.459877e-06	-3.695921e-11	-1.832373e+01	-2.466928e+00
5.400000e-07	-2.383779e-06	-4.245374e-11	-1.775688e+01	-2.380455e+00
5.500000e-07	-2.306846e-06	-4.245862e-11	-1.718380e+01	-2.266962e+00
5.600000e-07	-2.228978e-06	-3.146014e-11	-1.660376e+01	-2.124638e+00
5.700000e-07	-2.150087e-06	-3.265929e-11	-1.601610e+01	-1.967326e+00
5.800000e-07	-2.070159e-06	-3.771434e-11	-1.542071e+01	-1.817848e+00
5.900000e-07	-1.989443e-06	-3.069868e-11	-1.481945e+01	-1.696417e+00
6.000000e-07	-1.908039e-06	-2.956241e-11	-1.421307e+01	-1.610432e+00
6.100000e-07	-1.825831e-06	-3.651744e-11	-1.360070e+01	-1.551082e+00
6.200000e-07	-1.743014e-06	-3.516324e-11	-1.298379e+01	-1.498514e+00
6.300000e-07	-1.659678e-06	-2.648905e-11	-1.236302e+01	-1.432639e+00
6.400000e-07	-1.575876e-06	-2.734323e-11	-1.173877e+01	-1.343723e+00
6.500000e-07	-1.491718e-06	-2.955258e-11	-1.111188e+01	-1.237027e+00
6.600000e-07	-1.407219e-06	-2.382643e-11	-1.048243e+01	-1.129054e+00
6.700000e-07	-1.322229e-06	-2.043951e-11	-9.849342e+00	-1.037498e+00
6.800000e-07	-1.236725e-06	-2.291075e-11	-9.212419e+00	-9.704084e-01
6.900000e-07	-1.150866e-06	-2.314555e-11	-8.572850e+00	-9.205091e-01
7.000000e-07	-1.064634e-06	-2.283172e-11	-7.930510e+00	-8.678894e-01
7.100000e-07	-9.779780e-07	-2.531996e-11	-7.285002e+00	-7.897832e-01
7.200000e-07	-8.909859e-07	-2.371989e-11	-6.636994e+00	-6.723537e-01
7.300000e-07	-8.038209e-07	-1.772378e-11	-5.987698e+00	-5.182732e-01
7.400000e-07	-7.164679e-07	-1.529427e-11	-5.337002e+00	-3.460561e-01
7.500000e-07	-6.289017e-07	-1.612311e-11	-4.684717e+00	-1.814073e-01
7.600000e-07	-5.412346e-07	-1.319928e-11	-4.031680e+00	-4.500995e-02
7.700000e-07	-4.534515e-07	-1.140005e-11	-3.377781e+00	5.699217e-02
7.800000e-07	-3.654866e-07	-1.271419e-11	-2.722526e+00	1.350232e-01
7.900000e-07	-2.774353e-07	-1.251611e-11	-2.066628e+00	2.097675e-01
8.000000e-07	-1.894002e-07	-9.140107e-12	-1.410851e+00	3.010196e-01
8.100000e-07	-1.012871e-07	-5.882694e-12	-7.544925e-01	4.176190e-01
8.200000e-07	-1.303065e-08	-5.347962e-12	-9.706593e-02	5.536656e-01
8.300000e-07	7.523457e-08	-4.471697e-12	5.604257e-01	6.927512e-01
8.400000e-07	1.634250e-07	-4.047484e-12	1.217360e+00	8.176238e-01
8.500000e-07	2.515710e-07	-3.808679e-12	1.873964e+00	9.198660e-01
8.600000e-07	3.396801e-07	-1.196675e-12	2.530292e+00	1.004292e+00
8.700000e-07	4.277020e-07	3.294215e-12	3.185972e+00	1.085776e+00
8.800000e-07	5.156236e-07	5.877923e-12	3.840904e+00	1.180424e+00
8.900000e-07	6.034428e-07	6.215408e-12	4.495073e+00	1.296122e+00
9.000000e-07	6.911414e-07	6.448464e-12	5.148343e+00	1.427784e+00
9.100000e-07	7.786614e-07	8.142170e-12	5.800284e+00	1.559982e+00
9.200000e-07	8.659210e-07	1.274651e-11	6.450285e+00	1.675474e+00
9.300000e-07	9.528792e-07	1.741656e-11	7.098040e+00	1.764795e+00
9.400000e-07	1.039528e-06	1.988763e-11	7.743492e+00	1.831404e+00
9.500000e-07	1.125856e-06	1.976832e-11	8.386554e+00	1.889371e+00
9.600000e-07	1.211812e-06	1.901719e-11	9.026841e+00	1.954771e+00
9.700000e-07	1.297306e-06	1.945393e-11	9.663694e+00	2.035729e+00
9.800000e-07	1.382246e-06	2.159256e-11	1.029641e+01	2.127005e+00
9.900000e-07	1.466697e-06	2.490268e-11	1.092549e+01	2.212706e+00
1.000000e-06	1.550780e-06	2.705674e-11	1.155183e+01	2.276136e+00
1.010000e-06	1.634524e-06	2.751831e-11	1.217564e+01	2.311494e+00
1.020000e-06	1.717746e-06	2.626338e-11	1.279557e+01	2.330551e+00
1.030000e-06	1.800164e-06	2.619260e-11	1.340950e+01	2.359642e+00
1.040000e-06	1.881814e-06	2.739047e-11	1.401772e+01	2.427365e+00
1.050000e-06	1.962816e-06	2.944365e-11	1.462111e+01	2.548714e+00
1.060000e-06	2.043196e-06	3.164539e-11	1.521986e+01	2.713998e+00
1.070000e-06	2.122880e-06	3.350818e-11	1.581343e+01	2.889291e+00
1.080000e-06	2.201672e-06	3.493457e-11	1.640035e+01	3.029665e+00
1.090000e-06	2.279606e-06	3.734076e-11	1.698088e+01	3.099838e+00
1.100000e-06	2.356753e-06	3.996214e-11	1.755556e+01	3.092473e+00
1.110000e-06	2.433110e-06	3.802647e-11	1.812435e+01	3.034647e+00
1.120000e-06	2.508680e-06	3.414594e-11	1.868727e+01	2.978185e+00
1.130000e-06	2.583197e-06	3.266531e-11	1.924235e+01	2.977319e+00
1.140000e-06	2.656401e-06	3.400246e-11	1.978765e+01	3.063664e+00
1.150000e-06	2.728535e-06	3.544404e-11	2.032498e+01	3.230443e+00
1.160000e-06	2.799827e-06	3.921600e-11	2.085604e+01	3.434059e+00
1.170000e-06	2.870188e-06	4.489545e-11	2.138016e+01	3.613073e+00
1.180000e-06	2.939561e-06	4.757493e-11	2.189692e+01	3.716237e+00
1.190000e-06	3.007969e-06	4.641326e-11	2.240650e+01	3.726540e+00
1.200000e-06	3.075476e-06	4.459747e-11	2.290936e+01	3.669734e+00
1.210000e-06	3.141822e-06	4.353111e-11	2.340357e+01	3.602905e+00
1.220000e-06	3.206684e-06	4.226875e-11	2.388673e+01	3.588122e+00
1.230000e-06	3.270389e-06	4.290783e-11	2.436128e+01	3.663375e+00
1.240000e-06	3.333126e-06	4.791937e-11	2.482860e+01	3.824564e+00
1.250000e-06	3.394690e-06	5.502851e-11	2.528720e+01	4.027148e+00
1.260000e-06	3.455160e-06	5.898417e-11	2.573764e+01	4.206843e+00
1.270000e-06	3.514700e-06	6.057066e-11	2.618116e+01	4.309669e+00
1.280000e-06	3.572838e-06	6.071454e-11	2.661423e+01	4.317181e+00
1.290000e-06	3.629296e-06	5.877648e-11	2.703479e+01	4.254963e+00
1.300000e-06	3.684460e-06	5.573543e-11	2.744571e+01	4.180394e+00
1.310000e-06	3.738383e-06	5.482567e-11	2.784739e+01	4.155510e+00
1.320000e-06	3.790913e-06	5.655468e-11	2.823868e+01	4.217771e+00
1.330000e-06	3.841820e-06	5.967760e-11	2.861789e+01	4.362488e+00
1.340000e-06	3.890896e-06	6.281359e-11	2.898346e+01	4.545023e+00
1.350000e-06	3.938350e-06	6.583676e-11	2.933694e+01	4.701571e+00
1.360000e-06	3.984470e-06	6.820023e-11	2.968049e+01	4.778650e+00
1.370000e-06	4.029296e-06	6.838918e-11	3.001440e+01	4.757548e+00
1.380000e-06	4.072927e-06	6.821354e-11	3.033942e+01	4.662556e+00
1.390000e-06	4.115016e-06	6.761015e-11	3.065294e+01	4.549553e+00
1.400000e-06	4.155386e-06	6.680600e-11	3.095366e+01	4.480593e+00
1.410000e-06	4.194366e-06	6.686103e-11	3.124402e+01	4.496377e+00
1.420000e-06	4.231983e-06	6.798532e-11	3.152423e+01	4.599040e+00
1.430000e-06	4.268294e-06	7.048932e-11	3.179472e+01	4.752575e+00
1.440000e-06	4.303173e-06	7.365246e-11	3.205453e+01	4.899960e+00
1.450000e-06	4.336316e-06	7.596316e-11	3.230142e+01	4.988695e+00
1.460000e-06	4.367911e-06	7.642421e-11	3.253677e+01	4.993132e+00
1.470000e-06	4.398094e-06	7.524622e-11	3.276160e+01	4.924114e+00
1.480000e-06	4.426824e-06	7.302866e-11	3.297561e+01	4.822567e+00
1.490000e-06	4.454126e-06	7.144452e-11	3.317898e+01	4.740848e+00
1.500000e-06	4.479621e-06	7.181502e-11	3.336890e+01	4.720583e+00
1.510000e-06	4.503341e-06	7.312238e-11	3.354559e+01	4.776433e+00
1.520000e-06	4.525574e-06	7.492850e-11	3.371120e+01	4.891817e+00
1.530000e-06	4.546328e-06	7.713747e-11	3.386580e+01	5.027131e+00
1.540000e-06	4.565689e-06	7.972229e-11	3.401002e+01	5.135900e+00
1.550000e-06	4.583375e-06	8.135616e-11	3.414177e+01	5.181857e+00
1.560000e-06	4.599223e-06	7.984836e-11	3.425982e+01	5.150614e+00
1.570000e-06	4.613367e-06	7.730627e-11	3.436518e+01	5.052672e+00
1.580000e-06	4.625839e-06	7.585157e-11	3.445809e+01	4.918137e+00
1.590000e-06	4.636448e-06	7.381005e-11	3.453711e+01	4.786185e+00
1.600000e-06	4.645130e-06	7.115234e-11	3.460178e+01	4.693193e+00
1.610000e-06	4.652104e-06	7.134283e-11	3.465373e+01	4.662873e+00
1.620000e-06	4.657528e-06	7.425500e-11	3.469414e+01	4.700414e+00
1.630000e-06	4.661484e-06	7.571596e-11	3.472360e+01	4.791452e+00
1.640000e-06	4.663739e-06	7.629016e-11	3.474040e+01	4.905899e+00
1.650000e-06	4.664182e-06	7.735630e-11	3.474370e+01	5.006051e+00
1.660000e-06	4.663055e-06	7.630420e-11	3.473531e+01	5.057489e+00
1.670000e-06	4.660494e-06	7.347619e-11	3.471623e+01	5.040192e+00
1.680000e-06	4.656619e-06	7.313933e-11	3.468737e+01	4.956298e+00
1.690000e-06	4.651214e-06	7.265885e-11	3.464710e+01	4.831056e+00
1.700000e-06	4.644058e-06	7.124411e-11	3.459380e+01	4.705265e+00
1.710000e-06	4.635482e-06	7.092557e-11	3.452992e+01	4.620630e+00
1.720000e-06	4.625557e-06	7.695489e-11	3.445598e+01	4.602948e+00
1.730000e-06	4.614177e-06	9.407624e-11	3.437121e+01	4.649969e+00
1.740000e-06	4.601092e-06	5.766898e-11	3.427374e+01	4.729947e+00
1.750000e-06	4.585667e-06	4.164082e-11	3.415884e+01	4.793024e+00
1.760000e-06	4.567729e-06	5.561782e-11	3.402522e+01	4.792002e+00
1.770000e-06	4.548046e-06	6.645865e-11	3.387860e+01	4.704313e+00
1.780000e-06	4.527536e-06	1.336217e-10	3.372582e+01	4.545415e+00
1.790000e-06	4.506417e-06	3.975214e-11	3.356850e+01	4.366676e+00
1.800000e-06	4.483707e-06	-2.275903e-13	3.339933e+01	4.237185e+00
1.810000e-06	4.458806e-06	1.522974e-10	3.321385e+01	4.216145e+00
1.820000e-06	4.432632e-06	5.752406e-11	3.301887e+01	4.327297e+00
1.830000e-06	4.405209e-06	2.691120e-11	3.281460e+01	4.546640e+00
1.840000e-06	4.375765e-06	1.679610e-10	3.259527e+01	4.809455e+00
1.850000e-06	4.344587e-06	6.677731e-11	3.236302e+01	5.034313e+00
1.860000e-06	4.312025e-06	6.690280e-11	3.212047e+01	5.154213e+00
1.870000e-06	4.278011e-06	1.525577e-10	3.186710e+01	5.141661e+00
1.880000e-06	4.242694e-06	5.033601e-11	3.160402e+01	5.017059e+00
1.890000e-06	4.205673e-06	1.121588e-10	3.132825e+01	4.837155e+00
1.900000e-06	4.166754e-06	1.080169e-10	3.103834e+01	4.669134e+00
1.910000e-06	4.126363e-06	1.184844e-11	3.073746e+01	4.562148e+00
1.920000e-06	4.084509e-06	1.277408e-10	3.042569e+01	4.528840e+00
1.930000e-06	4.041442e-06	8.262709e-11	3.010488e+01	4.544439e+00
1.940000e-06	3.997230e-06	5.788742e-11	2.977555e+01	4.562663e+00
1.950000e-06	3.951397e-06	1.379655e-10	2.943413e+01	4.540009e+00
1.960000e-06	3.903973e-06	5.769752e-11	2.908087e+01	4.456570e+00
1.970000e-06	3.855008e-06	5.279991e-11	2.871613e+01	4.323790e+00
1.980000e-06	3.804648e-06	6.837268e-11	2.834100e+01	4.176324e+00
1.990000e-06	3.753013e-06	6.601852e-11	2.795636e+01	4.052944e+00
2.000000e-06	3.699783e-06	9.057775e-11	2.755985e+01	3.976509e+00
2.010000e-06	3.644976e-06	5.528476e-11	2.715159e+01	3.942981e+00
2.020000e-06	3.588726e-06	8.246034e-11	2.673258e+01	3.924555e+00
2.030000e-06	3.531188e-06	6.793485e-11	2.630398e+01	3.884756e+00
2.040000e-06	3.472438e-06	3.829251e-11	2.586635e+01	3.797487e+00
2.050000e-06	3.412576e-06	6.109852e-11	2.542043e+01	3.660365e+00
2.060000e-06	3.351742e-06	5.860933e-11	2.496728e+01	3.495835e+00
2.070000e-06	3.289541e-06	8.169055e-11	2.450394e+01	3.339935e+00
2.080000e-06	3.225933e-06	3.678218e-11	2.403012e+01	3.224675e+00
2.090000e-06	3.161240e-06	3.998621e-11	2.354822e+01	3.162983e+00
2.100000e-06	3.095498e-06	8.940143e-11	2.305850e+01	3.143511e+00
2.110000e-06	3.028751e-06	4.881116e-11	2.256130e+01	3.137382e+00
2.120000e-06	2.961011e-06	3.525244e-11	2.205670e+01	3.112900e+00
2.130000e-06	2.892311e-06	4.438827e-11	2.154495e+01	3.050508e+00
2.140000e-06	2.822385e-06	6.716564e-11	2.102407e+01	2.950531e+00
2.150000e-06	2.751087e-06	5.256643e-11	2.049297e+01	2.830326e+00
2.160000e-06	2.678791e-06	3.245607e-11	1.995443e+01	2.713045e+00
2.170000e-06	2.605682e-06	6.037301e-11	1.940984e+01	2.614392e+00
2.180000e-06	2.531701e-06	4.814272e-11	1.885875e+01	2.534490e+00
2.190000e-06	2.456778e-06	3.005331e-11	1.830065e+01	2.458879e+00
2.200000e-06	2.380912e-06	3.446318e-11	1.773552e+01	2.367703e+00
2.210000e-06	2.303946e-06	5.454154e-11	1.716219e+01	2.247760e+00
2.220000e-06	2.225764e-06	4.649864e-11	1.657982e+01	2.100742e+00
2.230000e-06	2.146550e-06	2.224664e-11	1.598975e+01	1.943231e+00
2.240000e-06	2.066603e-06	3.504273e-11	1.539422e+01	1.798516e+00
2.250000e-06	1.986084e-06	3.760760e-11	1.479443e+01	1.684760e+00
2.260000e-06	1.904883e-06	2.539847e-11	1.418956e+01	1.605873e+00
2.270000e-06	1.823013e-06	2.269045e-11	1.357971e+01	1.549981e+00
2.280000e-06	1.740531e-06	2.989981e-11	1.296529e+01	1.496177e+00
2.290000e-06	1.657382e-06	2.626112e-11	1.234591e+01	1.425830e+00
2.300000e-06	1.573716e-06	1.795467e-11	1.172268e+01	1.332308e+00
2.310000e-06	1.489743e-06	2.653928e-11	1.109716e+01	1.223871e+00
2.320000e-06	1.405425e-06	2.847615e-11	1.046907e+01	1.118249e+00
2.330000e-06	1.320505e-06	1.909096e-11	9.836504e+00	1.031889e+00
2.340000e-06	1.235033e-06	1.648255e-11	9.199815e+00	9.697665e-01
2.350000e-06	1.149101e-06	1.945044e-11	8.559704e+00	9.213813e-01
2.360000e-06	1.062566e-06	1.460444e-11	7.915104e+00	8.652234e-01
2.370000e-06	9.755538e-07	8.414454e-12	7.266944e+00	7.795016e-01
2.380000e-06	8.882112e-07	1.113138e-11	6.616325e+00	6.535235e-01
2.390000e-06	8.005478e-07	9.363465e-12	5.963316e+00	4.937202e-01
2.400000e-06	7.126380e-07	2.822599e-12	5.308472e+00	3.210863e-01
2.410000e-06	6.245827e-07	3.203999e-12	4.652545e+00	1.612823e-01
2.420000e-06	5.363576e-07	5.342420e-12	3.995352e+00	3.247369e-02
2.430000e-06	4.479728e-07	2.290444e-13	3.336969e+00	-6.287816e-02
2.440000e-06	3.595484e-07	-5.435963e-12	2.678292e+00	-1.381703e-01
2.450000e-06	2.710700e-07	-3.487273e-12	2.019212e+00	-2.148938e-01
2.460000e-06	1.823860e-07	-3.263165e-12	1.358602e+00	-3.111915e-01
2.470000e-06	9.358612e-08	-9.616801e-12	6.971272e-01	-4.327861e-01
2.480000e-06	4.859032e-09	-1.482816e-11	3.619515e-02	-5.709187e-01
2.490000e-06	-8.380816e-08	-1.712279e-11	-6.242908e-01	-7.080938e-01
2.500000e-06	-1.725199e-07	-1.931325e-11	-1.285109e+00	-8.282505e-01
2.510000e-06	-2.612378e-07	-2.081228e-11	-1.945972e+00	-9.256870e-01
2.520000e-06	-3.498278e-07	-2.045293e-11	-2.605883e+00	-1.007890e+00
2.530000e-06	-4.382719e-07	-2.072647e-11	-3.264707e+00	-1.090850e+00
2.540000e-06	-5.265948e-07	-2.409913e-11	-3.922628e+00	-1.189621e+00
2.550000e-06	-6.147943e-07	-2.702845e-11	-4.579631e+00	-1.309469e+00
2.560000e-06	-7.028242e-07	-2.799508e-11	-5.235369e+00	-1.442620e+00
2.570000e-06	-7.906318e-07	-2.884229e-11	-5.889452e+00	-1.572415e+00
2.580000e-06	-8.782045e-07	-3.080250e-11	-6.541785e+00	-1.682546e+00
2.590000e-06	-9.655000e-07	-3.222675e-11	-7.192053e+00	-1.766118e+00
2.600000e-06	-1.052469e-06	-3.152535e-11	-7.839890e+00	-1.829322e+00
2.610000e-06	-1.138988e-06	-3.212279e-11	-8.484373e+00	-1.887519e+00
2.620000e-06	-1.224851e-06	-3.499375e-11	-9.123974e+00	-1.955850e+00
2.630000e-06	-1.309960e-06	-3.773752e-11	-9.757954e+00	-2.039782e+00
2.640000e-06	-1.394380e-06	-3.733562e-11	-1.038680e+01	-2.131270e+00
2.650000e-06	-1.478343e-06	-3.585485e-11	-1.101224e+01	-2.213256e+00
2.660000e-06	-1.561922e-06	-3.507542e-11	-1.163483e+01	-2.270464e+00
2.670000e-06	-1.645032e-06	-3.437190e-11	-1.225392e+01	-2.300582e+00
2.680000e-06	-1.727615e-06	-3.615831e-11	-1.286908e+01	-2.319118e+00
2.690000e-06	-1.809628e-06	-4.059000e-11	-1.348000e+01	-2.354166e+00
2.700000e-06	-1.890960e-06	-4.439780e-11	-1.408584e+01	-2.432712e+00
2.710000e-06	-1.971580e-06	-4.458087e-11	-1.468639e+01	-2.565074e+00
2.720000e-06	-2.051648e-06	-4.429207e-11	-1.528281e+01	-2.735869e+00
2.730000e-06	-2.131284e-06	-4.621166e-11	-1.587603e+01	-2.907324e+00
2.740000e-06	-2.210198e-06	-4.685100e-11	-1.646387e+01	-3.034755e+00
2.750000e-06	-2.287868e-06	-4.594043e-11	-1.704243e+01	-3.087608e+00
2.760000e-06	-2.364303e-06	-4.620576e-11	-1.761180e+01	-3.065911e+00
2.770000e-06	-2.439787e-06	-4.588854e-11	-1.817409e+01	-3.003395e+00
2.780000e-06	-2.514391e-06	-4.506690e-11	-1.872981e+01	-2.954556e+00
2.790000e-06	-2.588140e-06	-4.622243e-11	-1.927917e+01	-2.970745e+00
2.800000e-06	-2.661036e-06	-5.003359e-11	-1.982217e+01	-3.076164e+00
2.810000e-06	-2.733152e-06	-5.223060e-11	-2.035938e+01	-3.255360e+00
2.820000e-06	-2.804501e-06	-5.116430e-11	-2.089085e+01	-3.458829e+00
2.830000e-06	-2.874618e-06	-5.207339e-11	-2.141316e+01	-3.624886e+00
2.840000e-06	-2.943347e-06	-5.395553e-11	-2.192512e+01	-3.707981e+00
2.850000e-06	-3.011134e-06	-5.464371e-11	-2.243007e+01	-3.700223e+00
2.860000e-06	-3.078008e-06	-5.511132e-11	-2.292822e+01	-3.635687e+00
2.870000e-06	-3.143779e-06	-5.508747e-11	-2.341815e+01	-3.575058e+00
2.880000e-06	-3.208455e-06	-5.480213e-11	-2.389992e+01	-3.577505e+00
2.890000e-06	-3.272169e-06	-5.415706e-11	-2.437453e+01	-3.672925e+00
2.900000e-06	-3.334705e-06	-5.416703e-11	-2.484036e+01	-3.847684e+00
2.910000e-06	-3.395660e-06	-5.564217e-11	-2.529443e+01	-4.050753e+00
2.920000e-06	-3.455429e-06	-5.696066e-11	-2.573964e+01	-4.217468e+00
2.930000e-06	-3.514184e-06	-5.791314e-11	-2.617732e+01	-4.299768e+00
2.940000e-06	-3.571638e-06	-5.925755e-11	-2.660529e+01	-4.288641e+00
2.950000e-06	-3.627895e-06	-6.040330e-11	-2.702435e+01	-4.218173e+00
2.960000e-06	-3.682891e-06	-6.042005e-11	-2.743402e+01	-4.149319e+00
2.970000e-06	-3.736200e-06	-6.021480e-11	-2.783112e+01	-4.141102e+00
2.980000e-06	-3.787868e-06	-6.095558e-11	-2.821600e+01	-4.222824e+00
2.990000e-06	-3.838112e-06	-6.209679e-11	-2.859027e+01	-4.380330e+00
3.000000e-06	-3.886685e-06	-6.380494e-11	-2.895209e+01	-4.562632e+00
3.010000e-06	-3.933549e-06	-6.610842e-11	-2.930118e+01	-4.705616e+00
3.020000e-06	-3.979040e-06	-6.611059e-11	-2.964005e+01	-4.761616e+00
3.030000e-06	-4.023374e-06	-6.341693e-11	-2.997030e+01	-4.721119e+00
3.040000e-06	-4.066545e-06	-6.080376e-11	-3.029187e+01	-4.616769e+00
3.050000e-06	-4.108416e-06	-5.966713e-11	-3.060377e+01	-4.508181e+00
3.060000e-06	-4.148992e-06	-5.930252e-11	-3.090603e+01	-4.454972e+00
3.070000e-06	-4.188284e-06	-5.974134e-11	-3.119872e+01	-4.490485e+00
3.080000e-06	-4.225857e-06	-6.070222e-11	-3.147860e+01	-4.608007e+00
3.090000e-06	-4.261768e-06	-6.218489e-11	-3.174610e+01	-4.765132e+00
3.100000e-06	-4.296335e-06	-6.273320e-11	-3.200359e+01	-4.903590e+00
3.110000e-06	-4.329406e-06	-6.280850e-11	-3.224994e+01	-4.975073e+00
3.120000e-06	-4.361017e-06	-6.427413e-11	-3.248541e+01	-4.961489e+00
3.130000e-06	-4.390941e-06	-6.516897e-11	-3.270832e+01	-4.881186e+00
3.140000e-06	-4.419187e-06	-6.411582e-11	-3.291872e+01	-4.779380e+00
3.150000e-06	-4.445976e-06	-6.267627e-11	-3.311828e+01	-4.707924e+00
3.160000e-06	-4.471188e-06	-6.275493e-11	-3.330608e+01	-4.703685e+00
3.170000e-06	-4.494927e-06	-6.257548e-11	-3.348291e+01	-4.774529e+00
3.180000e-06	-4.516901e-06	-6.291489e-11	-3.364660e+01	-4.897885e+00
3.190000e-06	-4.537125e-06	-6.431167e-11	-3.379725e+01	-5.031174e+00
3.200000e-06	-4.555933e-06	-6.659052e-11	-3.393735e+01	-5.128774e+00
3.210000e-06	-4.573177e-06	-6.769346e-11	-3.406580e+01	-5.158394e+00
3.220000e-06	-4.588848e-06	-6.609955e-11	-3.418253e+01	-5.111036e+00
3.230000e-06	-4.602570e-06	-6.387411e-11	-3.428475e+01	-5.002086e+00
3.240000e-06	-4.614312e-06	-6.140300e-11	-3.437222e+01	-4.864585e+00
3.250000e-06	-4.624432e-06	-5.910249e-11	-3.444760e+01	-4.738082e+00
3.260000e-06	-4.633030e-06	-5.876292e-11	-3.451165e+01	-4.656955e+00
3.270000e-06	-4.640047e-06	-6.087414e-11	-3.456392e+01	-4.641283e+00
3.280000e-06	-4.645213e-06	-6.269400e-11	-3.460240e+01	-4.691981e+00
3.290000e-06	-4.648706e-06	-6.251456e-11	-3.462842e+01	-4.790834e+00
3.300000e-06	-4.650695e-06	-6.093382e-11	-3.464324e+01	-4.905316e+00
3.310000e-06	-4.651159e-06	-6.152546e-11	-3.464669e+01	-4.997452e+00
