2.955210e+02
3.032111e+02
2.990390e+02
2.932134e+02
2.937914e+02
3.014722e+02
2.968284e+02
2.951370e+02
2.905629e+02
2.962601e+02
2.934586e+02
2.852238e+02
2.896729e+02
2.877638e+02
2.800455e+02
2.808328e+02
2.802742e+02
2.745769e+02
2.813100e+02
2.757760e+02
2.748563e+02
2.642071e+02
2.595200e+02
2.637311e+02
2.606364e+02
2.669646e+02
2.576459e+02
2.512146e+02
2.506848e+02
2.438587e+02
2.495152e+02
2.422145e+02
2.371338e+02
2.334607e+02
2.451302e+02
2.375512e+02
2.328384e+02
2.375313e+02
2.312937e+02
2.366708e+02
2.443336e+02
