# Temperatura_=_20.0
# Concentracion g/m^3_=_8200.0
# C_Vs_to_Am_M_A/Vsm_=_65563218390.804596
# pendiente_HvsI_1/m_=_3716.3
# ordenada_HvsI_A/m_=_1297.0
# frecuencia_Hz_=_302090.8200619832

Tiempo_(s)	Campo_(V.s)	Magnetizacion_(V.s)	Campo_(kA/m)	Magnetizacion_(A/m)
0.000000e+00	-6.283425e-06	-4.318965e-09	-4.560469e+01	-2.818038e+02
1.000000e-08	-6.281603e-06	-4.324704e-09	-4.559147e+01	-2.817852e+02
2.000000e-08	-6.277564e-06	-4.322542e-09	-4.556215e+01	-2.817737e+02
3.000000e-08	-6.271614e-06	-4.323148e-09	-4.551897e+01	-2.817634e+02
4.000000e-08	-6.263728e-06	-4.323583e-09	-4.546173e+01	-2.817464e+02
5.000000e-08	-6.253607e-06	-4.319686e-09	-4.538827e+01	-2.817138e+02
6.000000e-08	-6.241094e-06	-4.314791e-09	-4.529745e+01	-2.816568e+02
7.000000e-08	-6.226264e-06	-4.300132e-09	-4.518982e+01	-2.815678e+02
8.000000e-08	-6.209195e-06	-4.293798e-09	-4.506593e+01	-2.814412e+02
9.000000e-08	-6.190051e-06	-4.349172e-09	-4.492699e+01	-2.812746e+02
1.000000e-07	-6.168654e-06	-4.342389e-09	-4.477169e+01	-2.810685e+02
1.100000e-07	-6.144795e-06	-4.301440e-09	-4.459853e+01	-2.808266e+02
1.200000e-07	-6.118469e-06	-4.308977e-09	-4.440745e+01	-2.805550e+02
1.300000e-07	-6.090015e-06	-4.306760e-09	-4.420093e+01	-2.802619e+02
1.400000e-07	-6.059955e-06	-4.236542e-09	-4.398276e+01	-2.799558e+02
1.500000e-07	-6.028378e-06	-4.318849e-09	-4.375358e+01	-2.796449e+02
1.600000e-07	-5.994762e-06	-4.337203e-09	-4.350959e+01	-2.793356e+02
1.700000e-07	-5.959132e-06	-4.189491e-09	-4.325099e+01	-2.790316e+02
1.800000e-07	-5.921741e-06	-4.288185e-09	-4.297961e+01	-2.787334e+02
1.900000e-07	-5.882177e-06	-4.232043e-09	-4.269246e+01	-2.784375e+02
2.000000e-07	-5.840340e-06	-4.183872e-09	-4.238881e+01	-2.781368e+02
2.100000e-07	-5.796353e-06	-4.282715e-09	-4.206956e+01	-2.778213e+02
2.200000e-07	-5.750201e-06	-4.208777e-09	-4.173458e+01	-2.774784e+02
2.300000e-07	-5.701852e-06	-4.212399e-09	-4.138367e+01	-2.770948e+02
2.400000e-07	-5.651012e-06	-4.211362e-09	-4.101468e+01	-2.766573e+02
2.500000e-07	-5.597667e-06	-4.163987e-09	-4.062751e+01	-2.761545e+02
2.600000e-07	-5.542243e-06	-4.179984e-09	-4.022524e+01	-2.755776e+02
2.700000e-07	-5.484738e-06	-4.147039e-09	-3.980787e+01	-2.749218e+02
2.800000e-07	-5.425169e-06	-4.141695e-09	-3.937552e+01	-2.741866e+02
2.900000e-07	-5.363654e-06	-4.120411e-09	-3.892905e+01	-2.733758e+02
3.000000e-07	-5.300192e-06	-4.121372e-09	-3.846845e+01	-2.724969e+02
3.100000e-07	-5.234731e-06	-4.116175e-09	-3.799334e+01	-2.715607e+02
3.200000e-07	-5.167247e-06	-4.099805e-09	-3.750355e+01	-2.705797e+02
3.300000e-07	-5.097799e-06	-4.126213e-09	-3.699950e+01	-2.695665e+02
3.400000e-07	-5.026544e-06	-4.075328e-09	-3.648233e+01	-2.685328e+02
3.500000e-07	-4.953581e-06	-4.055262e-09	-3.595277e+01	-2.674873e+02
3.600000e-07	-4.878573e-06	-4.045790e-09	-3.540837e+01	-2.664350e+02
3.700000e-07	-4.801472e-06	-4.019925e-09	-3.484877e+01	-2.653764e+02
3.800000e-07	-4.722441e-06	-4.016125e-09	-3.427517e+01	-2.643068e+02
3.900000e-07	-4.641531e-06	-3.989665e-09	-3.368793e+01	-2.632171e+02
4.000000e-07	-4.559032e-06	-3.969224e-09	-3.308916e+01	-2.620944e+02
4.100000e-07	-4.475174e-06	-3.948816e-09	-3.248052e+01	-2.609232e+02
4.200000e-07	-4.389940e-06	-3.934129e-09	-3.186190e+01	-2.596868e+02
4.300000e-07	-4.303238e-06	-3.916007e-09	-3.123262e+01	-2.583695e+02
4.400000e-07	-4.215097e-06	-3.891505e-09	-3.059290e+01	-2.569575e+02
4.500000e-07	-4.125372e-06	-3.871128e-09	-2.994168e+01	-2.554410e+02
4.600000e-07	-4.034035e-06	-3.833870e-09	-2.927877e+01	-2.538149e+02
4.700000e-07	-3.941322e-06	-3.808180e-09	-2.860586e+01	-2.520792e+02
4.800000e-07	-3.847306e-06	-3.785888e-09	-2.792350e+01	-2.502390e+02
4.900000e-07	-3.751984e-06	-3.759349e-09	-2.723166e+01	-2.483037e+02
5.000000e-07	-3.655317e-06	-3.730195e-09	-2.653006e+01	-2.462858e+02
5.100000e-07	-3.557158e-06	-3.698824e-09	-2.581762e+01	-2.441992e+02
5.200000e-07	-3.457587e-06	-3.672027e-09	-2.509494e+01	-2.420569e+02
5.300000e-07	-3.356790e-06	-3.637676e-09	-2.436336e+01	-2.398696e+02
5.400000e-07	-3.254820e-06	-3.603362e-09	-2.362327e+01	-2.376434e+02
5.500000e-07	-3.151670e-06	-3.563538e-09	-2.287462e+01	-2.353787e+02
5.600000e-07	-3.047346e-06	-3.522581e-09	-2.211744e+01	-2.330694e+02
5.700000e-07	-2.941872e-06	-3.480713e-09	-2.135192e+01	-2.307027e+02
5.800000e-07	-2.835243e-06	-3.447760e-09	-2.057801e+01	-2.282597e+02
5.900000e-07	-2.727486e-06	-3.418847e-09	-1.979592e+01	-2.257170e+02
6.000000e-07	-2.618693e-06	-3.377102e-09	-1.900631e+01	-2.230483e+02
6.100000e-07	-2.509055e-06	-3.327764e-09	-1.821056e+01	-2.202268e+02
6.200000e-07	-2.398548e-06	-3.276613e-09	-1.740851e+01	-2.172277e+02
6.300000e-07	-2.287144e-06	-3.227538e-09	-1.659994e+01	-2.140301e+02
6.400000e-07	-2.174922e-06	-3.171855e-09	-1.578544e+01	-2.106193e+02
6.500000e-07	-2.061799e-06	-3.115835e-09	-1.496440e+01	-2.069874e+02
6.600000e-07	-1.947770e-06	-3.058636e-09	-1.413679e+01	-2.031339e+02
6.700000e-07	-1.832913e-06	-2.998906e-09	-1.330317e+01	-1.990648e+02
6.800000e-07	-1.717306e-06	-2.939462e-09	-1.246409e+01	-1.947906e+02
6.900000e-07	-1.601022e-06	-2.878364e-09	-1.162011e+01	-1.903242e+02
7.000000e-07	-1.484149e-06	-2.813852e-09	-1.077185e+01	-1.856767e+02
7.100000e-07	-1.366823e-06	-2.740455e-09	-9.920311e+00	-1.808547e+02
7.200000e-07	-1.249105e-06	-2.662732e-09	-9.065923e+00	-1.758557e+02
7.300000e-07	-1.131018e-06	-2.581337e-09	-8.208855e+00	-1.706650e+02
7.400000e-07	-1.012501e-06	-2.497322e-09	-7.348669e+00	-1.652532e+02
7.500000e-07	-8.936004e-07	-2.405502e-09	-6.485694e+00	-1.595746e+02
7.600000e-07	-7.744204e-07	-2.307719e-09	-5.620693e+00	-1.535670e+02
7.700000e-07	-6.549868e-07	-2.204571e-09	-4.753852e+00	-1.471536e+02
7.800000e-07	-5.353805e-07	-2.095064e-09	-3.885757e+00	-1.402458e+02
7.900000e-07	-4.156557e-07	-1.981454e-09	-3.016802e+00	-1.327479e+02
8.000000e-07	-2.958273e-07	-1.859350e-09	-2.147096e+00	-1.245633e+02
8.100000e-07	-1.758639e-07	-1.726712e-09	-1.276409e+00	-1.156009e+02
8.200000e-07	-5.577431e-08	-1.578937e-09	-4.048063e-01	-1.057827e+02
8.300000e-07	6.438031e-08	-1.419106e-09	4.672681e-01	-9.505071e+01
8.400000e-07	1.845736e-07	-1.245341e-09	1.339623e+00	-8.337350e+01
8.500000e-07	3.047505e-07	-1.057952e-09	2.211860e+00	-7.075116e+01
8.600000e-07	4.247977e-07	-8.579472e-10	3.083154e+00	-5.721898e+01
8.700000e-07	5.447176e-07	-6.455622e-10	3.953525e+00	-4.284879e+01
8.800000e-07	6.645209e-07	-4.199357e-10	4.823050e+00	-2.774820e+01
8.900000e-07	7.841439e-07	-1.786613e-10	5.691265e+00	-1.205751e+01
9.000000e-07	9.035548e-07	7.167787e-11	6.557942e+00	4.055516e+00
9.100000e-07	1.022659e-06	3.261791e-10	7.422394e+00	2.040270e+01
9.200000e-07	1.141364e-06	5.814479e-10	8.283945e+00	3.678385e+01
9.300000e-07	1.259666e-06	8.359209e-10	9.142574e+00	5.299603e+01
9.400000e-07	1.377537e-06	1.083136e-09	9.998077e+00	6.884300e+01
9.500000e-07	1.494925e-06	1.316201e-09	1.085007e+01	8.414416e+01
9.600000e-07	1.611821e-06	1.532602e-09	1.169849e+01	9.874255e+01
9.700000e-07	1.728131e-06	1.733378e-09	1.254266e+01	1.125112e+02
9.800000e-07	1.843661e-06	1.919111e-09	1.338117e+01	1.253574e+02
9.900000e-07	1.958305e-06	2.089956e-09	1.421325e+01	1.372251e+02
1.000000e-06	2.072131e-06	2.248469e-09	1.503940e+01	1.480948e+02
1.010000e-06	2.185080e-06	2.395894e-09	1.585917e+01	1.579810e+02
1.020000e-06	2.297098e-06	2.532838e-09	1.667219e+01	1.669283e+02
1.030000e-06	2.408239e-06	2.654755e-09	1.747884e+01	1.750055e+02
1.040000e-06	2.518493e-06	2.767009e-09	1.827906e+01	1.822990e+02
1.050000e-06	2.627898e-06	2.870633e-09	1.907311e+01	1.889055e+02
1.060000e-06	2.736486e-06	2.963657e-09	1.986124e+01	1.949250e+02
1.070000e-06	2.844237e-06	3.049814e-09	2.064328e+01	2.004538e+02
1.080000e-06	2.950957e-06	3.131662e-09	2.141785e+01	2.055798e+02
1.090000e-06	3.056499e-06	3.210078e-09	2.218387e+01	2.103776e+02
1.100000e-06	3.160866e-06	3.280571e-09	2.294136e+01	2.149064e+02
1.110000e-06	3.264025e-06	3.344957e-09	2.369008e+01	2.192089e+02
1.120000e-06	3.366061e-06	3.405040e-09	2.443065e+01	2.233118e+02
1.130000e-06	3.467019e-06	3.462544e-09	2.516340e+01	2.272278e+02
1.140000e-06	3.566846e-06	3.515400e-09	2.588793e+01	2.309584e+02
1.150000e-06	3.665338e-06	3.562812e-09	2.660279e+01	2.344975e+02
1.160000e-06	3.762368e-06	3.606317e-09	2.730702e+01	2.378351e+02
1.170000e-06	3.857987e-06	3.647649e-09	2.800102e+01	2.409606e+02
1.180000e-06	3.952271e-06	3.687782e-09	2.868532e+01	2.438664e+02
1.190000e-06	4.045314e-06	3.725102e-09	2.936063e+01	2.465498e+02
1.200000e-06	4.137131e-06	3.759532e-09	3.002703e+01	2.490148e+02
1.210000e-06	4.227536e-06	3.793047e-09	3.068318e+01	2.512722e+02
1.220000e-06	4.316236e-06	3.825084e-09	3.132696e+01	2.533392e+02
1.230000e-06	4.403268e-06	3.852811e-09	3.195863e+01	2.552382e+02
1.240000e-06	4.488777e-06	3.878950e-09	3.257925e+01	2.569951e+02
1.250000e-06	4.572819e-06	3.903779e-09	3.318922e+01	2.586367e+02
1.260000e-06	4.655355e-06	3.928369e-09	3.378826e+01	2.601886e+02
1.270000e-06	4.736125e-06	3.952647e-09	3.437449e+01	2.616732e+02
1.280000e-06	4.815077e-06	3.977725e-09	3.494752e+01	2.631081e+02
1.290000e-06	4.892288e-06	4.002152e-09	3.550791e+01	2.645048e+02
1.300000e-06	4.967615e-06	4.021100e-09	3.605463e+01	2.658688e+02
1.310000e-06	5.040910e-06	4.037266e-09	3.658660e+01	2.671994e+02
1.320000e-06	5.112295e-06	4.053304e-09	3.710470e+01	2.684907e+02
1.330000e-06	5.181929e-06	4.071224e-09	3.761010e+01	2.697335e+02
1.340000e-06	5.249832e-06	4.088499e-09	3.810294e+01	2.709166e+02
1.350000e-06	5.315780e-06	4.104173e-09	3.858158e+01	2.720285e+02
1.360000e-06	5.379667e-06	4.120272e-09	3.904528e+01	2.730596e+02
1.370000e-06	5.441706e-06	4.135029e-09	3.949555e+01	2.740035e+02
1.380000e-06	5.501976e-06	4.147606e-09	3.993299e+01	2.748575e+02
1.390000e-06	5.560462e-06	4.158934e-09	4.035747e+01	2.756238e+02
1.400000e-06	5.616897e-06	4.169997e-09	4.076707e+01	2.763089e+02
1.410000e-06	5.671255e-06	4.180992e-09	4.116160e+01	2.769232e+02
1.420000e-06	5.723520e-06	4.192638e-09	4.154094e+01	2.774798e+02
1.430000e-06	5.773324e-06	4.203748e-09	4.190241e+01	2.779930e+02
1.440000e-06	5.820785e-06	4.213742e-09	4.224688e+01	2.784772e+02
1.450000e-06	5.866236e-06	4.221968e-09	4.257676e+01	2.789449e+02
1.460000e-06	5.909810e-06	4.229089e-09	4.289301e+01	2.794061e+02
1.470000e-06	5.951248e-06	4.236081e-09	4.319377e+01	2.798668e+02
1.480000e-06	5.990415e-06	4.243029e-09	4.347804e+01	2.803287e+02
1.490000e-06	6.027566e-06	4.250654e-09	4.374768e+01	2.807894e+02
1.500000e-06	6.062720e-06	4.257610e-09	4.400283e+01	2.812428e+02
1.510000e-06	6.095582e-06	4.264199e-09	4.424134e+01	2.816800e+02
1.520000e-06	6.126217e-06	4.271258e-09	4.446369e+01	2.820906e+02
1.530000e-06	6.154965e-06	4.278740e-09	4.467234e+01	2.824637e+02
1.540000e-06	6.181635e-06	4.284250e-09	4.486590e+01	2.827897e+02
1.550000e-06	6.205876e-06	4.287383e-09	4.504184e+01	2.830613e+02
1.560000e-06	6.227746e-06	4.290530e-09	4.520057e+01	2.832743e+02
1.570000e-06	6.247624e-06	4.293799e-09	4.534485e+01	2.834281e+02
1.580000e-06	6.265379e-06	4.296595e-09	4.547371e+01	2.835262e+02
1.590000e-06	6.280699e-06	4.297572e-09	4.558491e+01	2.835753e+02
1.600000e-06	6.293646e-06	4.297213e-09	4.567887e+01	2.835846e+02
1.610000e-06	6.304137e-06	4.296674e-09	4.575502e+01	2.835652e+02
1.620000e-06	6.312147e-06	4.298227e-09	4.581315e+01	2.835285e+02
1.630000e-06	6.317907e-06	4.302323e-09	4.585496e+01	2.834851e+02
1.640000e-06	6.321663e-06	4.305726e-09	4.588222e+01	2.834435e+02
1.650000e-06	6.323093e-06	4.309610e-09	4.589260e+01	2.834096e+02
1.660000e-06	6.322099e-06	4.309055e-09	4.588539e+01	2.833857e+02
1.670000e-06	6.319132e-06	4.305009e-09	4.586385e+01	2.833708e+02
1.680000e-06	6.314217e-06	4.304200e-09	4.582818e+01	2.833606e+02
1.690000e-06	6.307127e-06	4.302040e-09	4.577672e+01	2.833482e+02
1.700000e-06	6.297931e-06	4.299690e-09	4.570998e+01	2.833250e+02
1.710000e-06	6.286806e-06	4.299376e-09	4.562923e+01	2.832820e+02
1.720000e-06	6.273458e-06	4.306826e-09	4.553235e+01	2.832108e+02
1.730000e-06	6.257878e-06	4.309345e-09	4.541927e+01	2.831047e+02
1.740000e-06	6.240306e-06	4.227946e-09	4.529173e+01	2.829595e+02
1.750000e-06	6.220319e-06	4.247204e-09	4.514667e+01	2.827742e+02
1.760000e-06	6.197249e-06	4.286678e-09	4.497923e+01	2.825507e+02
1.770000e-06	6.171375e-06	4.262351e-09	4.479144e+01	2.822940e+02
1.780000e-06	6.143676e-06	4.324728e-09	4.459040e+01	2.820112e+02
1.790000e-06	6.114659e-06	4.301415e-09	4.437980e+01	2.817109e+02
1.800000e-06	6.084157e-06	4.174942e-09	4.415842e+01	2.814015e+02
1.810000e-06	6.051434e-06	4.314143e-09	4.392092e+01	2.810905e+02
1.820000e-06	6.016475e-06	4.265140e-09	4.366719e+01	2.807833e+02
1.830000e-06	5.979853e-06	4.223826e-09	4.340138e+01	2.804820e+02
1.840000e-06	5.941005e-06	4.406286e-09	4.311943e+01	2.801854e+02
1.850000e-06	5.899827e-06	4.244749e-09	4.282056e+01	2.798882e+02
1.860000e-06	5.856730e-06	4.289531e-09	4.250777e+01	2.795820e+02
1.870000e-06	5.811561e-06	4.316610e-09	4.217993e+01	2.792552e+02
1.880000e-06	5.764414e-06	4.186987e-09	4.183774e+01	2.788950e+02
1.890000e-06	5.714971e-06	4.312986e-09	4.147889e+01	2.784878e+02
1.900000e-06	5.663123e-06	4.246405e-09	4.110258e+01	2.780211e+02
1.910000e-06	5.608938e-06	4.251925e-09	4.070931e+01	2.774846e+02
1.920000e-06	5.552464e-06	4.287647e-09	4.029942e+01	2.768713e+02
1.930000e-06	5.494110e-06	4.189278e-09	3.987590e+01	2.761784e+02
1.940000e-06	5.433884e-06	4.265551e-09	3.943878e+01	2.754072e+02
1.950000e-06	5.371587e-06	4.185406e-09	3.898663e+01	2.745635e+02
1.960000e-06	5.307148e-06	4.213119e-09	3.851893e+01	2.736564e+02
1.970000e-06	5.240700e-06	4.177119e-09	3.803666e+01	2.726977e+02
1.980000e-06	5.172470e-06	4.138693e-09	3.754145e+01	2.717000e+02
1.990000e-06	5.102155e-06	4.205586e-09	3.703111e+01	2.706759e+02
2.000000e-06	5.029814e-06	4.104427e-09	3.650607e+01	2.696357e+02
2.010000e-06	4.955763e-06	4.141363e-09	3.596861e+01	2.685866e+02
2.020000e-06	4.879869e-06	4.105654e-09	3.541777e+01	2.675314e+02
2.030000e-06	4.802022e-06	4.088811e-09	3.485277e+01	2.664684e+02
2.040000e-06	4.722177e-06	4.089826e-09	3.427326e+01	2.653907e+02
2.050000e-06	4.640712e-06	4.042547e-09	3.368199e+01	2.642874e+02
2.060000e-06	4.557806e-06	4.066982e-09	3.308026e+01	2.631441e+02
2.070000e-06	4.473376e-06	4.007581e-09	3.246747e+01	2.619446e+02
2.080000e-06	4.387276e-06	3.994267e-09	3.184256e+01	2.606724e+02
2.090000e-06	4.299473e-06	3.963454e-09	3.120530e+01	2.593124e+02
2.100000e-06	4.210228e-06	3.959321e-09	3.055756e+01	2.578528e+02
2.110000e-06	4.119591e-06	3.941326e-09	2.989973e+01	2.562856e+02
2.120000e-06	4.027598e-06	3.898455e-09	2.923204e+01	2.546081e+02
2.130000e-06	3.934219e-06	3.887175e-09	2.855430e+01	2.528228e+02
2.140000e-06	3.839336e-06	3.847719e-09	2.786565e+01	2.509369e+02
2.150000e-06	3.743013e-06	3.826586e-09	2.716654e+01	2.489615e+02
2.160000e-06	3.645382e-06	3.791596e-09	2.645795e+01	2.469099e+02
2.170000e-06	3.546509e-06	3.777077e-09	2.574033e+01	2.447957e+02
2.180000e-06	3.446411e-06	3.742878e-09	2.501383e+01	2.426313e+02
2.190000e-06	3.345074e-06	3.706033e-09	2.427833e+01	2.404254e+02
2.200000e-06	3.242331e-06	3.674091e-09	2.353263e+01	2.381815e+02
2.210000e-06	3.138278e-06	3.646947e-09	2.277741e+01	2.358972e+02
2.220000e-06	3.033089e-06	3.610062e-09	2.201396e+01	2.335631e+02
2.230000e-06	2.926881e-06	3.557875e-09	2.124311e+01	2.311635e+02
2.240000e-06	2.819707e-06	3.516051e-09	2.046525e+01	2.286772e+02
2.250000e-06	2.711627e-06	3.472802e-09	1.968082e+01	2.260792e+02
2.260000e-06	2.602664e-06	3.432426e-09	1.888997e+01	2.233427e+02
2.270000e-06	2.492734e-06	3.386473e-09	1.809210e+01	2.204415e+02
2.280000e-06	2.381770e-06	3.347794e-09	1.728673e+01	2.173523e+02
2.290000e-06	2.269783e-06	3.294572e-09	1.647393e+01	2.140571e+02
2.300000e-06	2.157005e-06	3.237248e-09	1.565540e+01	2.105440e+02
2.310000e-06	2.043503e-06	3.182427e-09	1.483161e+01	2.068088e+02
2.320000e-06	1.929254e-06	3.129389e-09	1.400240e+01	2.028540e+02
2.330000e-06	1.814214e-06	3.067985e-09	1.316745e+01	1.986880e+02
2.340000e-06	1.698516e-06	2.999274e-09	1.232772e+01	1.943228e+02
2.350000e-06	1.582219e-06	2.932181e-09	1.148364e+01	1.897710e+02
2.360000e-06	1.465272e-06	2.861470e-09	1.063485e+01	1.850420e+02
2.370000e-06	1.347712e-06	2.789722e-09	9.781604e+00	1.801386e+02
2.380000e-06	1.229669e-06	2.714150e-09	8.924858e+00	1.750532e+02
2.390000e-06	1.111233e-06	2.638390e-09	8.065259e+00	1.697643e+02
2.400000e-06	9.923279e-07	2.550446e-09	7.202251e+00	1.642352e+02
2.410000e-06	8.730281e-07	2.455420e-09	6.336382e+00	1.584124e+02
2.420000e-06	7.534013e-07	2.356588e-09	5.468138e+00	1.522266e+02
2.430000e-06	6.335338e-07	2.248639e-09	4.598147e+00	1.455951e+02
2.440000e-06	5.134697e-07	2.130606e-09	3.726730e+00	1.384253e+02
2.450000e-06	3.932357e-07	2.005142e-09	2.854079e+00	1.306203e+02
2.460000e-06	2.728726e-07	1.873661e-09	1.980491e+00	1.220851e+02
2.470000e-06	1.523694e-07	1.731726e-09	1.105887e+00	1.127339e+02
2.480000e-06	3.175999e-08	1.581404e-09	2.305120e-01	1.024971e+02
2.490000e-06	-8.887432e-08	1.422137e-09	-6.450440e-01	9.132823e+01
2.500000e-06	-2.095028e-07	1.247029e-09	-1.520558e+00	7.920998e+01
2.510000e-06	-3.300486e-07	1.053672e-09	-2.395472e+00	6.615849e+01
2.520000e-06	-4.504514e-07	8.430206e-10	-3.269347e+00	5.222594e+01
2.530000e-06	-5.707119e-07	6.179158e-10	-4.142190e+00	3.750105e+01
2.540000e-06	-6.908027e-07	3.797583e-10	-5.013801e+00	2.210709e+01
2.550000e-06	-8.106446e-07	1.298961e-10	-5.883606e+00	6.197899e+00
2.560000e-06	-9.301171e-07	-1.265786e-10	-6.750729e+00	-1.004831e+01
2.570000e-06	-1.049185e-06	-3.881288e-10	-7.614916e+00	-2.643668e+01
2.580000e-06	-1.167826e-06	-6.471284e-10	-8.476008e+00	-4.276457e+01
2.590000e-06	-1.285987e-06	-8.972195e-10	-9.333607e+00	-5.883097e+01
2.600000e-06	-1.403619e-06	-1.139519e-09	-1.018738e+01	-7.444585e+01
2.610000e-06	-1.520655e-06	-1.370674e-09	-1.103681e+01	-8.943869e+01
2.620000e-06	-1.636999e-06	-1.589334e-09	-1.188123e+01	-1.036657e+02
2.630000e-06	-1.752638e-06	-1.791159e-09	-1.272054e+01	-1.170156e+02
2.640000e-06	-1.867534e-06	-1.975350e-09	-1.355444e+01	-1.294124e+02
2.650000e-06	-1.981547e-06	-2.144043e-09	-1.438194e+01	-1.408171e+02
2.660000e-06	-2.094630e-06	-2.298206e-09	-1.520269e+01	-1.512266e+02
2.670000e-06	-2.206796e-06	-2.440752e-09	-1.601679e+01	-1.606698e+02
2.680000e-06	-2.318079e-06	-2.571225e-09	-1.682446e+01	-1.692034e+02
2.690000e-06	-2.428505e-06	-2.690727e-09	-1.762593e+01	-1.769054e+02
2.700000e-06	-2.538029e-06	-2.797961e-09	-1.842085e+01	-1.838677e+02
2.710000e-06	-2.646612e-06	-2.894535e-09	-1.920894e+01	-1.901894e+02
2.720000e-06	-2.754313e-06	-2.983896e-09	-1.999063e+01	-1.959697e+02
2.730000e-06	-2.861194e-06	-3.068721e-09	-2.076636e+01	-2.013014e+02
2.740000e-06	-2.967190e-06	-3.148751e-09	-2.153567e+01	-2.062668e+02
2.750000e-06	-3.072174e-06	-3.223851e-09	-2.229764e+01	-2.109335e+02
2.760000e-06	-3.176004e-06	-3.296828e-09	-2.305123e+01	-2.153530e+02
2.770000e-06	-3.278557e-06	-3.365781e-09	-2.379556e+01	-2.195605e+02
2.780000e-06	-3.379806e-06	-3.428965e-09	-2.453042e+01	-2.235760e+02
2.790000e-06	-3.479826e-06	-3.486436e-09	-2.525635e+01	-2.274064e+02
2.800000e-06	-3.578718e-06	-3.539875e-09	-2.597410e+01	-2.310493e+02
2.810000e-06	-3.676484e-06	-3.590089e-09	-2.668368e+01	-2.344963e+02
2.820000e-06	-3.773087e-06	-3.638501e-09	-2.738482e+01	-2.377368e+02
2.830000e-06	-3.868419e-06	-3.686238e-09	-2.807673e+01	-2.407611e+02
2.840000e-06	-3.962305e-06	-3.731590e-09	-2.875815e+01	-2.435637e+02
2.850000e-06	-4.054701e-06	-3.772543e-09	-2.942876e+01	-2.461450e+02
2.860000e-06	-4.145652e-06	-3.809134e-09	-3.008887e+01	-2.485119e+02
2.870000e-06	-4.235209e-06	-3.845153e-09	-3.073887e+01	-2.506785e+02
2.880000e-06	-4.323305e-06	-3.879761e-09	-3.137827e+01	-2.526647e+02
2.890000e-06	-4.409748e-06	-3.912445e-09	-3.200567e+01	-2.544945e+02
2.900000e-06	-4.494487e-06	-3.941141e-09	-3.262069e+01	-2.561947e+02
2.910000e-06	-4.577700e-06	-3.965928e-09	-3.322465e+01	-2.577917e+02
2.920000e-06	-4.659406e-06	-3.991574e-09	-3.381767e+01	-2.593100e+02
2.930000e-06	-4.739418e-06	-4.018718e-09	-3.439839e+01	-2.607698e+02
2.940000e-06	-4.817549e-06	-4.044634e-09	-3.496545e+01	-2.621860e+02
2.950000e-06	-4.893660e-06	-4.068495e-09	-3.551786e+01	-2.635674e+02
2.960000e-06	-4.967859e-06	-4.089577e-09	-3.605640e+01	-2.649165e+02
2.970000e-06	-5.040290e-06	-4.109103e-09	-3.658209e+01	-2.662299e+02
2.980000e-06	-5.110780e-06	-4.125365e-09	-3.709371e+01	-2.675002e+02
2.990000e-06	-5.179230e-06	-4.137478e-09	-3.759052e+01	-2.687168e+02
3.000000e-06	-5.245850e-06	-4.149585e-09	-3.807404e+01	-2.698683e+02
3.010000e-06	-5.310721e-06	-4.163412e-09	-3.854487e+01	-2.709439e+02
3.020000e-06	-5.373779e-06	-4.180202e-09	-3.900254e+01	-2.719352e+02
3.030000e-06	-5.434782e-06	-4.194971e-09	-3.944530e+01	-2.728375e+02
3.040000e-06	-5.493716e-06	-4.208639e-09	-3.987303e+01	-2.736504e+02
3.050000e-06	-5.550876e-06	-4.220135e-09	-4.028790e+01	-2.743781e+02
3.060000e-06	-5.606139e-06	-4.230009e-09	-4.068900e+01	-2.750290e+02
3.070000e-06	-5.659129e-06	-4.237616e-09	-4.107359e+01	-2.756149e+02
3.080000e-06	-5.709776e-06	-4.245537e-09	-4.144118e+01	-2.761496e+02
3.090000e-06	-5.758003e-06	-4.255454e-09	-4.179121e+01	-2.766478e+02
3.100000e-06	-5.804029e-06	-4.264411e-09	-4.212526e+01	-2.771230e+02
3.110000e-06	-5.848307e-06	-4.273684e-09	-4.244664e+01	-2.775869e+02
3.120000e-06	-5.890742e-06	-4.281486e-09	-4.275462e+01	-2.780475e+02
3.130000e-06	-5.931190e-06	-4.288710e-09	-4.304819e+01	-2.785089e+02
3.140000e-06	-5.969508e-06	-4.294798e-09	-4.332630e+01	-2.789709e+02
3.150000e-06	-6.005669e-06	-4.298459e-09	-4.358876e+01	-2.794293e+02
3.160000e-06	-6.039825e-06	-4.302206e-09	-4.383666e+01	-2.798765e+02
3.170000e-06	-6.071946e-06	-4.304101e-09	-4.406979e+01	-2.803029e+02
3.180000e-06	-6.101716e-06	-4.306236e-09	-4.428586e+01	-2.806975e+02
3.190000e-06	-6.129165e-06	-4.308083e-09	-4.448508e+01	-2.810499e+02
3.200000e-06	-6.154510e-06	-4.310461e-09	-4.466904e+01	-2.813516e+02
3.210000e-06	-6.177707e-06	-4.313463e-09	-4.483740e+01	-2.815964e+02
3.220000e-06	-6.198620e-06	-4.316836e-09	-4.498918e+01	-2.817819e+02
3.230000e-06	-6.217307e-06	-4.321308e-09	-4.512481e+01	-2.819093e+02
3.240000e-06	-6.233908e-06	-4.324331e-09	-4.524530e+01	-2.819838e+02
3.250000e-06	-6.248022e-06	-4.325108e-09	-4.534774e+01	-2.820132e+02
3.260000e-06	-6.259562e-06	-4.324362e-09	-4.543149e+01	-2.820079e+02
3.270000e-06	-6.268855e-06	-4.324294e-09	-4.549894e+01	-2.819792e+02
3.280000e-06	-6.275978e-06	-4.322367e-09	-4.555064e+01	-2.819383e+02
3.290000e-06	-6.280786e-06	-4.319513e-09	-4.558554e+01	-2.818949e+02
3.300000e-06	-6.283380e-06	-4.316228e-09	-4.560436e+01	-2.818565e+02
3.310000e-06	-6.283940e-06	-4.316378e-09	-4.560843e+01	-2.818273e+02
