# Temperatura_=_20.0
# Concentracion g/m^3_=_8200.0
# C_Vs_to_Am_M_A/Vsm_=_65563218390.804596
# pendiente_HvsI_1/m_=_3716.3
# ordenada_HvsI_A/m_=_1297.0
# frecuencia_Hz_=_302087.9392951079

Tiempo_(s)	Campo_(V.s)	Magnetizacion_(V.s)	Campo_(kA/m)	Magnetizacion_(A/m)
0.000000e+00	-6.267040e-06	-4.705713e-09	-4.559882e+01	-3.071932e+02
1.000000e-08	-6.265259e-06	-4.708779e-09	-4.558586e+01	-3.071585e+02
2.000000e-08	-6.261275e-06	-4.706697e-09	-4.555686e+01	-3.071093e+02
3.000000e-08	-6.255336e-06	-4.706974e-09	-4.551366e+01	-3.070447e+02
4.000000e-08	-6.247526e-06	-4.708714e-09	-4.545683e+01	-3.069630e+02
5.000000e-08	-6.237659e-06	-4.708089e-09	-4.538504e+01	-3.068627e+02
6.000000e-08	-6.225404e-06	-4.705103e-09	-4.529587e+01	-3.067427e+02
7.000000e-08	-6.210816e-06	-4.694379e-09	-4.518973e+01	-3.066029e+02
8.000000e-08	-6.193946e-06	-4.689836e-09	-4.506698e+01	-3.064442e+02
9.000000e-08	-6.174872e-06	-4.717033e-09	-4.492820e+01	-3.062692e+02
1.000000e-07	-6.153596e-06	-4.692541e-09	-4.477340e+01	-3.060815e+02
1.100000e-07	-6.129896e-06	-4.672229e-09	-4.460096e+01	-3.058853e+02
1.200000e-07	-6.103682e-06	-4.681388e-09	-4.441022e+01	-3.056853e+02
1.300000e-07	-6.075350e-06	-4.660051e-09	-4.420408e+01	-3.054855e+02
1.400000e-07	-6.045415e-06	-4.628758e-09	-4.398628e+01	-3.052886e+02
1.500000e-07	-6.013922e-06	-4.701285e-09	-4.375713e+01	-3.050956e+02
1.600000e-07	-5.980429e-06	-4.646463e-09	-4.351344e+01	-3.049047e+02
1.700000e-07	-5.944901e-06	-4.593481e-09	-4.325494e+01	-3.047112e+02
1.800000e-07	-5.907615e-06	-4.666497e-09	-4.298365e+01	-3.045075e+02
1.900000e-07	-5.868255e-06	-4.586159e-09	-4.269727e+01	-3.042832e+02
2.000000e-07	-5.826631e-06	-4.616143e-09	-4.239441e+01	-3.040259e+02
2.100000e-07	-5.782798e-06	-4.653594e-09	-4.207548e+01	-3.037220e+02
2.200000e-07	-5.736860e-06	-4.588571e-09	-4.174124e+01	-3.033576e+02
2.300000e-07	-5.688762e-06	-4.588530e-09	-4.139128e+01	-3.029200e+02
2.400000e-07	-5.638127e-06	-4.577366e-09	-4.102286e+01	-3.023987e+02
2.500000e-07	-5.584975e-06	-4.568470e-09	-4.063612e+01	-3.017865e+02
2.600000e-07	-5.529691e-06	-4.579513e-09	-4.023388e+01	-3.010802e+02
2.700000e-07	-5.472343e-06	-4.551430e-09	-3.981662e+01	-3.002813e+02
2.800000e-07	-5.412924e-06	-4.531369e-09	-3.938429e+01	-2.993955e+02
2.900000e-07	-5.351521e-06	-4.499595e-09	-3.893752e+01	-2.984326e+02
3.000000e-07	-5.288249e-06	-4.502220e-09	-3.847716e+01	-2.974056e+02
3.100000e-07	-5.223026e-06	-4.492316e-09	-3.800259e+01	-2.963295e+02
3.200000e-07	-5.155742e-06	-4.491473e-09	-3.751304e+01	-2.952196e+02
3.300000e-07	-5.086507e-06	-4.495893e-09	-3.700929e+01	-2.940902e+02
3.400000e-07	-5.015498e-06	-4.448927e-09	-3.649263e+01	-2.929531e+02
3.500000e-07	-4.942782e-06	-4.436104e-09	-3.596355e+01	-2.918162e+02
3.600000e-07	-4.868081e-06	-4.414237e-09	-3.542002e+01	-2.906825e+02
3.700000e-07	-4.791303e-06	-4.393274e-09	-3.486139e+01	-2.895500e+02
3.800000e-07	-4.712557e-06	-4.377423e-09	-3.428844e+01	-2.884113e+02
3.900000e-07	-4.631957e-06	-4.358568e-09	-3.370199e+01	-2.872545e+02
4.000000e-07	-4.549725e-06	-4.340623e-09	-3.310368e+01	-2.860639e+02
4.100000e-07	-4.466002e-06	-4.320353e-09	-3.249451e+01	-2.848218e+02
4.200000e-07	-4.380878e-06	-4.304719e-09	-3.187515e+01	-2.835099e+02
4.300000e-07	-4.294440e-06	-4.277280e-09	-3.124623e+01	-2.821112e+02
4.400000e-07	-4.206577e-06	-4.251484e-09	-3.060694e+01	-2.806114e+02
4.500000e-07	-4.117145e-06	-4.225017e-09	-2.995623e+01	-2.790005e+02
4.600000e-07	-4.026135e-06	-4.195416e-09	-2.929405e+01	-2.772733e+02
4.700000e-07	-3.933686e-06	-4.171882e-09	-2.862139e+01	-2.754299e+02
4.800000e-07	-3.839918e-06	-4.148423e-09	-2.793914e+01	-2.734756e+02
4.900000e-07	-3.744835e-06	-4.113492e-09	-2.724732e+01	-2.714196e+02
5.000000e-07	-3.648359e-06	-4.077321e-09	-2.654536e+01	-2.692741e+02
5.100000e-07	-3.550440e-06	-4.049468e-09	-2.583290e+01	-2.670524e+02
5.200000e-07	-3.451159e-06	-4.023556e-09	-2.511054e+01	-2.647666e+02
5.300000e-07	-3.350583e-06	-3.987623e-09	-2.437875e+01	-2.624263e+02
5.400000e-07	-3.248818e-06	-3.948206e-09	-2.363831e+01	-2.600366e+02
5.500000e-07	-3.145934e-06	-3.907709e-09	-2.288973e+01	-2.575966e+02
5.600000e-07	-3.041870e-06	-3.863487e-09	-2.213256e+01	-2.550993e+02
5.700000e-07	-2.936619e-06	-3.819573e-09	-2.136676e+01	-2.525310e+02
5.800000e-07	-2.830322e-06	-3.780685e-09	-2.059335e+01	-2.498722e+02
5.900000e-07	-2.722944e-06	-3.743746e-09	-1.981207e+01	-2.470993e+02
6.000000e-07	-2.614459e-06	-3.695122e-09	-1.902273e+01	-2.441855e+02
6.100000e-07	-2.505080e-06	-3.643007e-09	-1.822689e+01	-2.411041e+02
6.200000e-07	-2.394857e-06	-3.590934e-09	-1.742492e+01	-2.378300e+02
6.300000e-07	-2.283829e-06	-3.536210e-09	-1.661708e+01	-2.343419e+02
6.400000e-07	-2.171908e-06	-3.478355e-09	-1.580275e+01	-2.306243e+02
6.500000e-07	-2.059016e-06	-3.421234e-09	-1.498134e+01	-2.266683e+02
6.600000e-07	-1.945375e-06	-3.361062e-09	-1.415450e+01	-2.224717e+02
6.700000e-07	-1.831041e-06	-3.292384e-09	-1.332260e+01	-2.180383e+02
6.800000e-07	-1.715851e-06	-3.222596e-09	-1.248449e+01	-2.133766e+02
6.900000e-07	-1.599868e-06	-3.153550e-09	-1.164060e+01	-2.084965e+02
7.000000e-07	-1.483350e-06	-3.082211e-09	-1.079282e+01	-2.034069e+02
7.100000e-07	-1.366370e-06	-3.002946e-09	-9.941668e+00	-1.981121e+02
7.200000e-07	-1.248919e-06	-2.920906e-09	-9.087098e+00	-1.926079e+02
7.300000e-07	-1.131035e-06	-2.835491e-09	-8.229377e+00	-1.868788e+02
7.400000e-07	-1.012835e-06	-2.742284e-09	-7.369362e+00	-1.808955e+02
7.500000e-07	-8.944041e-07	-2.640135e-09	-6.507660e+00	-1.746134e+02
7.600000e-07	-7.756890e-07	-2.532111e-09	-5.643892e+00	-1.679727e+02
7.700000e-07	-6.566968e-07	-2.419915e-09	-4.778108e+00	-1.608997e+02
7.800000e-07	-5.374565e-07	-2.300887e-09	-3.910519e+00	-1.533099e+02
7.900000e-07	-4.179981e-07	-2.177352e-09	-3.041343e+00	-1.451119e+02
8.000000e-07	-2.983701e-07	-2.042858e-09	-2.170933e+00	-1.362134e+02
8.100000e-07	-1.786422e-07	-1.896192e-09	-1.299796e+00	-1.265273e+02
8.200000e-07	-5.880465e-08	-1.736043e-09	-4.278610e-01	-1.159785e+02
8.300000e-07	6.113552e-08	-1.564328e-09	4.448204e-01	-1.045107e+02
8.400000e-07	1.810896e-07	-1.380965e-09	1.317603e+00	-9.209252e+01
8.500000e-07	3.009909e-07	-1.183875e-09	2.190002e+00	-7.872226e+01
8.600000e-07	4.208273e-07	-9.719727e-10	3.061928e+00	-6.443171e+01
8.700000e-07	5.405271e-07	-7.441531e-10	3.932861e+00	-4.928760e+01
8.800000e-07	6.599694e-07	-5.056403e-10	4.801919e+00	-3.339115e+01
8.900000e-07	7.791973e-07	-2.557137e-10	5.669418e+00	-1.687554e+01
9.000000e-07	8.982261e-07	3.612305e-12	6.535469e+00	9.868189e-02
9.100000e-07	1.016955e-06	2.696785e-10	7.399337e+00	1.734996e+01
9.200000e-07	1.135343e-06	5.378067e-10	8.260723e+00	3.468339e+01
9.300000e-07	1.253386e-06	8.052314e-10	9.119600e+00	5.189931e+01
9.400000e-07	1.371063e-06	1.067491e-09	9.975816e+00	6.880220e+01
9.500000e-07	1.488274e-06	1.318294e-09	1.082864e+01	8.520921e+01
9.600000e-07	1.604888e-06	1.555245e-09	1.167712e+01	1.009580e+02
9.700000e-07	1.720834e-06	1.777943e-09	1.252074e+01	1.159130e+02
9.800000e-07	1.835959e-06	1.985744e-09	1.335838e+01	1.299705e+02
9.900000e-07	1.950191e-06	2.176426e-09	1.418954e+01	1.430608e+02
1.000000e-06	2.063659e-06	2.351753e-09	1.501513e+01	1.551492e+02
1.010000e-06	2.176378e-06	2.514430e-09	1.583527e+01	1.662347e+02
1.020000e-06	2.288212e-06	2.667004e-09	1.664897e+01	1.763463e+02
1.030000e-06	2.399135e-06	2.807374e-09	1.745604e+01	1.855386e+02
1.040000e-06	2.509173e-06	2.937653e-09	1.825667e+01	1.938859e+02
1.050000e-06	2.618357e-06	3.057234e-09	1.905109e+01	2.014754e+02
1.060000e-06	2.726750e-06	3.163611e-09	1.983976e+01	2.084008e+02
1.070000e-06	2.834312e-06	3.262617e-09	2.062237e+01	2.147560e+02
1.080000e-06	2.940789e-06	3.355284e-09	2.139710e+01	2.206294e+02
1.090000e-06	3.046107e-06	3.443704e-09	2.216339e+01	2.260999e+02
1.100000e-06	3.150313e-06	3.523408e-09	2.292159e+01	2.312333e+02
1.110000e-06	3.253315e-06	3.596389e-09	2.367103e+01	2.360811e+02
1.120000e-06	3.355162e-06	3.665805e-09	2.441206e+01	2.406800e+02
1.130000e-06	3.455932e-06	3.732828e-09	2.514527e+01	2.450528e+02
1.140000e-06	3.555555e-06	3.795694e-09	2.587012e+01	2.492108e+02
1.150000e-06	3.653821e-06	3.849978e-09	2.658510e+01	2.531562e+02
1.160000e-06	3.750662e-06	3.899687e-09	2.728972e+01	2.568854e+02
1.170000e-06	3.846121e-06	3.947872e-09	2.798427e+01	2.603922e+02
1.180000e-06	3.940239e-06	3.994367e-09	2.866907e+01	2.636707e+02
1.190000e-06	4.033172e-06	4.035915e-09	2.934525e+01	2.667177e+02
1.200000e-06	4.124882e-06	4.073930e-09	3.001253e+01	2.695347e+02
1.210000e-06	4.215024e-06	4.110392e-09	3.066840e+01	2.721285e+02
1.220000e-06	4.303470e-06	4.145178e-09	3.131193e+01	2.745118e+02
1.230000e-06	4.390333e-06	4.176728e-09	3.194395e+01	2.767019e+02
1.240000e-06	4.475699e-06	4.207597e-09	3.256507e+01	2.787204e+02
1.250000e-06	4.559651e-06	4.236794e-09	3.317590e+01	2.805910e+02
1.260000e-06	4.642037e-06	4.262934e-09	3.377534e+01	2.823377e+02
1.270000e-06	4.722636e-06	4.287535e-09	3.436177e+01	2.839835e+02
1.280000e-06	4.801449e-06	4.313510e-09	3.493521e+01	2.855485e+02
1.290000e-06	4.878566e-06	4.339305e-09	3.549632e+01	2.870484e+02
1.300000e-06	4.953908e-06	4.359663e-09	3.604450e+01	2.884946e+02
1.310000e-06	5.027224e-06	4.378025e-09	3.657794e+01	2.898934e+02
1.320000e-06	5.098508e-06	4.396039e-09	3.709661e+01	2.912464e+02
1.330000e-06	5.168007e-06	4.414392e-09	3.760228e+01	2.925514e+02
1.340000e-06	5.235814e-06	4.433473e-09	3.809564e+01	2.938035e+02
1.350000e-06	5.301650e-06	4.452276e-09	3.857466e+01	2.949964e+02
1.360000e-06	5.365416e-06	4.470195e-09	3.903862e+01	2.961237e+02
1.370000e-06	5.427364e-06	4.486005e-09	3.948936e+01	2.971798e+02
1.380000e-06	5.487580e-06	4.501321e-09	3.992748e+01	2.981614e+02
1.390000e-06	5.545867e-06	4.516310e-09	4.035157e+01	2.990679e+02
1.400000e-06	5.602055e-06	4.529510e-09	4.076040e+01	2.999013e+02
1.410000e-06	5.656238e-06	4.540743e-09	4.115463e+01	3.006667e+02
1.420000e-06	5.708292e-06	4.552898e-09	4.153338e+01	3.013713e+02
1.430000e-06	5.757908e-06	4.566083e-09	4.189438e+01	3.020240e+02
1.440000e-06	5.805177e-06	4.577420e-09	4.223831e+01	3.026342e+02
1.450000e-06	5.850464e-06	4.587027e-09	4.256782e+01	3.032110e+02
1.460000e-06	5.893917e-06	4.595765e-09	4.288398e+01	3.037622e+02
1.470000e-06	5.935245e-06	4.604083e-09	4.318468e+01	3.042939e+02
1.480000e-06	5.974377e-06	4.612310e-09	4.346940e+01	3.048096e+02
1.490000e-06	6.011563e-06	4.619983e-09	4.373997e+01	3.053102e+02
1.500000e-06	6.046722e-06	4.626553e-09	4.399579e+01	3.057943e+02
1.510000e-06	6.079629e-06	4.633236e-09	4.423522e+01	3.062584e+02
1.520000e-06	6.110374e-06	4.641543e-09	4.445891e+01	3.066974e+02
1.530000e-06	6.139119e-06	4.650362e-09	4.466807e+01	3.071058e+02
1.540000e-06	6.165668e-06	4.657698e-09	4.486123e+01	3.074780e+02
1.550000e-06	6.189866e-06	4.663359e-09	4.503730e+01	3.078091e+02
1.560000e-06	6.211835e-06	4.667120e-09	4.519714e+01	3.080960e+02
1.570000e-06	6.231777e-06	4.669282e-09	4.534224e+01	3.083371e+02
1.580000e-06	6.249539e-06	4.672359e-09	4.547148e+01	3.085327e+02
1.590000e-06	6.264891e-06	4.675886e-09	4.558318e+01	3.086851e+02
1.600000e-06	6.277891e-06	4.678026e-09	4.567777e+01	3.087981e+02
1.610000e-06	6.288425e-06	4.679517e-09	4.575441e+01	3.088764e+02
1.620000e-06	6.296473e-06	4.681497e-09	4.581297e+01	3.089252e+02
1.630000e-06	6.302267e-06	4.684771e-09	4.585512e+01	3.089497e+02
1.640000e-06	6.305979e-06	4.687852e-09	4.588213e+01	3.089541e+02
1.650000e-06	6.307418e-06	4.691572e-09	4.589260e+01	3.089418e+02
1.660000e-06	6.306553e-06	4.691573e-09	4.588631e+01	3.089146e+02
1.670000e-06	6.303707e-06	4.693017e-09	4.586560e+01	3.088731e+02
1.680000e-06	6.298902e-06	4.693342e-09	4.583064e+01	3.088168e+02
1.690000e-06	6.291898e-06	4.691494e-09	4.577968e+01	3.087444e+02
1.700000e-06	6.282789e-06	4.689030e-09	4.571340e+01	3.086541e+02
1.710000e-06	6.271757e-06	4.688296e-09	4.563314e+01	3.085445e+02
1.720000e-06	6.258498e-06	4.692688e-09	4.553666e+01	3.084151e+02
1.730000e-06	6.243002e-06	4.684588e-09	4.542391e+01	3.082661e+02
1.740000e-06	6.225510e-06	4.638759e-09	4.529664e+01	3.080994e+02
1.750000e-06	6.205548e-06	4.657194e-09	4.515140e+01	3.079178e+02
1.760000e-06	6.182473e-06	4.668271e-09	4.498351e+01	3.077254e+02
1.770000e-06	6.156712e-06	4.658235e-09	4.479607e+01	3.075268e+02
1.780000e-06	6.129176e-06	4.716909e-09	4.459572e+01	3.073262e+02
1.790000e-06	6.100336e-06	4.647834e-09	4.438588e+01	3.071274e+02
1.800000e-06	6.070037e-06	4.603471e-09	4.416543e+01	3.069323e+02
1.810000e-06	6.037502e-06	4.707212e-09	4.392870e+01	3.067405e+02
1.820000e-06	6.002757e-06	4.663300e-09	4.367590e+01	3.065490e+02
1.830000e-06	5.966278e-06	4.735233e-09	4.341048e+01	3.063517e+02
1.840000e-06	5.927533e-06	4.776162e-09	4.312857e+01	3.061397e+02
1.850000e-06	5.886518e-06	4.643989e-09	4.283015e+01	3.059016e+02
1.860000e-06	5.843579e-06	4.725807e-09	4.251772e+01	3.056242e+02
1.870000e-06	5.798551e-06	4.697266e-09	4.219010e+01	3.052937e+02
1.880000e-06	5.751484e-06	4.657330e-09	4.184764e+01	3.048966e+02
1.890000e-06	5.702193e-06	4.696412e-09	4.148900e+01	3.044212e+02
1.900000e-06	5.650542e-06	4.616166e-09	4.111319e+01	3.038582e+02
1.910000e-06	5.596508e-06	4.650019e-09	4.072004e+01	3.032023e+02
1.920000e-06	5.540170e-06	4.630900e-09	4.031013e+01	3.024524e+02
1.930000e-06	5.481947e-06	4.615080e-09	3.988650e+01	3.016120e+02
1.940000e-06	5.421853e-06	4.648305e-09	3.944925e+01	3.006888e+02
1.950000e-06	5.359628e-06	4.571774e-09	3.899651e+01	2.996942e+02
1.960000e-06	5.295278e-06	4.585662e-09	3.852830e+01	2.986424e+02
1.970000e-06	5.229027e-06	4.528307e-09	3.804626e+01	2.975485e+02
1.980000e-06	5.161021e-06	4.535553e-09	3.755145e+01	2.964278e+02
1.990000e-06	5.090938e-06	4.563776e-09	3.704153e+01	2.952934e+02
2.000000e-06	5.018826e-06	4.514604e-09	3.651684e+01	2.941555e+02
2.010000e-06	4.944934e-06	4.526247e-09	3.597921e+01	2.930199e+02
2.020000e-06	4.869188e-06	4.465413e-09	3.542808e+01	2.918872e+02
2.030000e-06	4.791526e-06	4.461217e-09	3.486302e+01	2.907529e+02
2.040000e-06	4.711931e-06	4.442303e-09	3.428388e+01	2.896074e+02
2.050000e-06	4.630723e-06	4.424675e-09	3.369302e+01	2.884368e+02
2.060000e-06	4.548080e-06	4.422627e-09	3.309170e+01	2.872244e+02
2.070000e-06	4.463945e-06	4.380254e-09	3.247954e+01	2.859520e+02
2.080000e-06	4.378136e-06	4.367740e-09	3.185520e+01	2.846016e+02
2.090000e-06	4.290595e-06	4.330915e-09	3.121826e+01	2.831574e+02
2.100000e-06	4.201547e-06	4.322113e-09	3.057034e+01	2.816069e+02
2.110000e-06	4.111176e-06	4.286500e-09	2.991281e+01	2.799421e+02
2.120000e-06	4.019529e-06	4.255266e-09	2.924599e+01	2.781605e+02
2.130000e-06	3.926465e-06	4.236005e-09	2.856885e+01	2.762645e+02
2.140000e-06	3.831932e-06	4.206126e-09	2.788104e+01	2.742614e+02
2.150000e-06	3.735904e-06	4.181496e-09	2.718234e+01	2.721622e+02
2.160000e-06	3.638485e-06	4.145437e-09	2.647352e+01	2.699795e+02
2.170000e-06	3.539864e-06	4.124133e-09	2.575595e+01	2.677265e+02
2.180000e-06	3.440053e-06	4.082930e-09	2.502973e+01	2.654143e+02
2.190000e-06	3.338940e-06	4.048533e-09	2.429403e+01	2.630506e+02
2.200000e-06	3.236485e-06	4.017022e-09	2.354858e+01	2.606378e+02
2.210000e-06	3.132777e-06	3.987481e-09	2.279400e+01	2.581724e+02
2.220000e-06	3.027835e-06	3.941673e-09	2.203044e+01	2.556440e+02
2.230000e-06	2.921871e-06	3.889213e-09	2.125945e+01	2.530363e+02
2.240000e-06	2.814963e-06	3.847732e-09	2.048159e+01	2.503275e+02
2.250000e-06	2.707119e-06	3.805633e-09	1.969693e+01	2.474924e+02
2.260000e-06	2.598336e-06	3.759396e-09	1.890542e+01	2.445040e+02
2.270000e-06	2.488641e-06	3.709702e-09	1.810728e+01	2.413359e+02
2.280000e-06	2.377977e-06	3.663833e-09	1.730210e+01	2.379646e+02
2.290000e-06	2.266303e-06	3.603759e-09	1.648956e+01	2.343713e+02
2.300000e-06	2.153775e-06	3.539757e-09	1.567081e+01	2.305436e+02
2.310000e-06	2.040478e-06	3.479925e-09	1.484646e+01	2.264756e+02
2.320000e-06	1.926536e-06	3.423443e-09	1.401743e+01	2.221681e+02
2.330000e-06	1.811875e-06	3.357267e-09	1.318315e+01	2.176273e+02
2.340000e-06	1.696526e-06	3.285021e-09	1.234387e+01	2.128628e+02
2.350000e-06	1.580484e-06	3.213313e-09	1.149956e+01	2.078844e+02
2.360000e-06	1.463724e-06	3.137254e-09	1.065002e+01	2.026993e+02
2.370000e-06	1.346410e-06	3.055017e-09	9.796441e+00	1.973083e+02
2.380000e-06	1.228697e-06	2.968866e-09	8.939963e+00	1.917022e+02
2.390000e-06	1.110654e-06	2.883208e-09	8.081085e+00	1.858595e+02
2.400000e-06	9.922358e-07	2.789540e-09	7.219481e+00	1.797438e+02
2.410000e-06	8.733878e-07	2.686269e-09	6.354746e+00	1.733033e+02
2.420000e-06	7.541333e-07	2.574441e-09	5.487053e+00	1.664717e+02
2.430000e-06	6.346038e-07	2.455472e-09	4.617360e+00	1.591697e+02
2.440000e-06	5.148347e-07	2.329106e-09	3.745923e+00	1.513089e+02
2.450000e-06	3.948415e-07	2.194899e-09	2.872856e+00	1.427968e+02
2.460000e-06	2.746814e-07	2.054514e-09	1.998575e+00	1.335428e+02
2.470000e-06	1.544394e-07	1.903267e-09	1.123697e+00	1.234643e+02
2.480000e-06	3.414523e-08	1.740712e-09	2.484398e-01	1.124943e+02
2.490000e-06	-8.618940e-08	1.565524e-09	-6.271117e-01	1.005873e+02
2.500000e-06	-2.065381e-07	1.375555e-09	-1.502766e+00	8.772518e+01
2.510000e-06	-3.268511e-07	1.170591e-09	-2.378159e+00	7.392144e+01
2.520000e-06	-4.470532e-07	9.497069e-10	-3.252747e+00	5.922402e+01
2.530000e-06	-5.671256e-07	7.155573e-10	-4.126391e+00	4.371584e+01
2.540000e-06	-6.869985e-07	4.661528e-10	-4.998583e+00	2.751342e+01
2.550000e-06	-8.065612e-07	2.041568e-10	-5.868518e+00	1.076332e+01
2.560000e-06	-9.257547e-07	-6.610764e-11	-6.735766e+00	-6.363265e+00
2.570000e-06	-1.044494e-06	-3.419533e-10	-7.599707e+00	-2.367757e+01
2.580000e-06	-1.162761e-06	-6.160750e-10	-8.460218e+00	-4.098138e+01
2.590000e-06	-1.280588e-06	-8.834572e-10	-9.317521e+00	-5.807586e+01
2.600000e-06	-1.397934e-06	-1.142666e-09	-1.017133e+01	-7.477033e+01
2.610000e-06	-1.514724e-06	-1.391144e-09	-1.102109e+01	-9.089057e+01
2.620000e-06	-1.630841e-06	-1.627180e-09	-1.186596e+01	-1.062860e+02
2.630000e-06	-1.746217e-06	-1.849517e-09	-1.270543e+01	-1.208354e+02
2.640000e-06	-1.860752e-06	-2.055366e-09	-1.353878e+01	-1.344504e+02
2.650000e-06	-1.974400e-06	-2.244095e-09	-1.436568e+01	-1.470780e+02
2.660000e-06	-2.087158e-06	-2.415864e-09	-1.518610e+01	-1.586991e+02
2.670000e-06	-2.199057e-06	-2.572598e-09	-1.600028e+01	-1.693273e+02
2.680000e-06	-2.310129e-06	-2.717727e-09	-1.680844e+01	-1.790041e+02
2.690000e-06	-2.420215e-06	-2.853818e-09	-1.760942e+01	-1.877941e+02
2.700000e-06	-2.529382e-06	-2.980684e-09	-1.840371e+01	-1.957783e+02
2.710000e-06	-2.637771e-06	-3.094143e-09	-1.919235e+01	-2.030478e+02
2.720000e-06	-2.745301e-06	-3.194400e-09	-1.997474e+01	-2.096971e+02
2.730000e-06	-2.851930e-06	-3.288013e-09	-2.075057e+01	-2.158183e+02
2.740000e-06	-2.957647e-06	-3.378016e-09	-2.151976e+01	-2.214957e+02
2.750000e-06	-3.062397e-06	-3.463782e-09	-2.228192e+01	-2.268025e+02
2.760000e-06	-3.165979e-06	-3.545413e-09	-2.303558e+01	-2.317980e+02
2.770000e-06	-3.268246e-06	-3.621931e-09	-2.377967e+01	-2.365267e+02
2.780000e-06	-3.369270e-06	-3.691642e-09	-2.451471e+01	-2.410186e+02
2.790000e-06	-3.469094e-06	-3.754625e-09	-2.524103e+01	-2.452911e+02
2.800000e-06	-3.567782e-06	-3.813579e-09	-2.595909e+01	-2.493507e+02
2.810000e-06	-3.665381e-06	-3.870117e-09	-2.666921e+01	-2.531966e+02
2.820000e-06	-3.761799e-06	-3.925475e-09	-2.737075e+01	-2.568235e+02
2.830000e-06	-3.856811e-06	-3.980134e-09	-2.806205e+01	-2.602250e+02
2.840000e-06	-3.950328e-06	-4.031054e-09	-2.874248e+01	-2.633963e+02
2.850000e-06	-4.042459e-06	-4.077696e-09	-2.941282e+01	-2.663362e+02
2.860000e-06	-4.133230e-06	-4.121899e-09	-3.007327e+01	-2.690486e+02
2.870000e-06	-4.222587e-06	-4.164425e-09	-3.072343e+01	-2.715429e+02
2.880000e-06	-4.310465e-06	-4.203207e-09	-3.136283e+01	-2.738342e+02
2.890000e-06	-4.396700e-06	-4.238423e-09	-3.199027e+01	-2.759419e+02
2.900000e-06	-4.481247e-06	-4.271695e-09	-3.260543e+01	-2.778889e+02
2.910000e-06	-4.564227e-06	-4.302590e-09	-3.320919e+01	-2.796991e+02
2.920000e-06	-4.645706e-06	-4.329780e-09	-3.380203e+01	-2.813965e+02
2.930000e-06	-4.725610e-06	-4.356094e-09	-3.438341e+01	-2.830026e+02
2.940000e-06	-4.803584e-06	-4.382473e-09	-3.495075e+01	-2.845358e+02
2.950000e-06	-4.879488e-06	-4.407807e-09	-3.550302e+01	-2.860099e+02
2.960000e-06	-4.953495e-06	-4.431393e-09	-3.604150e+01	-2.874338e+02
2.970000e-06	-5.025758e-06	-4.454034e-09	-3.656728e+01	-2.888115e+02
2.980000e-06	-5.096068e-06	-4.473607e-09	-3.707885e+01	-2.901428e+02
2.990000e-06	-5.164375e-06	-4.487098e-09	-3.757585e+01	-2.914241e+02
3.000000e-06	-5.230898e-06	-4.500179e-09	-3.805987e+01	-2.926497e+02
3.010000e-06	-5.295692e-06	-4.514711e-09	-3.853131e+01	-2.938131e+02
3.020000e-06	-5.358644e-06	-4.531540e-09	-3.898935e+01	-2.949080e+02
3.030000e-06	-5.419549e-06	-4.547025e-09	-3.943249e+01	-2.959300e+02
3.040000e-06	-5.478432e-06	-4.561904e-09	-3.986092e+01	-2.968768e+02
3.050000e-06	-5.535402e-06	-4.576714e-09	-4.027543e+01	-2.977490e+02
3.060000e-06	-5.590511e-06	-4.589758e-09	-4.067640e+01	-2.985502e+02
3.070000e-06	-5.643466e-06	-4.600391e-09	-4.106171e+01	-2.992866e+02
3.080000e-06	-5.694015e-06	-4.609333e-09	-4.142950e+01	-2.999661e+02
3.090000e-06	-5.742205e-06	-4.617531e-09	-4.178013e+01	-3.005980e+02
3.100000e-06	-5.788283e-06	-4.627263e-09	-4.211539e+01	-3.011918e+02
3.110000e-06	-5.832506e-06	-4.638933e-09	-4.243716e+01	-3.017560e+02
3.120000e-06	-5.874863e-06	-4.650694e-09	-4.274534e+01	-3.022977e+02
3.130000e-06	-5.915304e-06	-4.659131e-09	-4.303959e+01	-3.028218e+02
3.140000e-06	-5.953636e-06	-4.664384e-09	-4.331850e+01	-3.033307e+02
3.150000e-06	-5.989788e-06	-4.668874e-09	-4.358154e+01	-3.038241e+02
3.160000e-06	-6.023865e-06	-4.674758e-09	-4.382948e+01	-3.042996e+02
3.170000e-06	-6.055825e-06	-4.681805e-09	-4.406202e+01	-3.047528e+02
3.180000e-06	-6.085493e-06	-4.686009e-09	-4.427788e+01	-3.051785e+02
3.190000e-06	-6.112936e-06	-4.688121e-09	-4.447756e+01	-3.055709e+02
3.200000e-06	-6.138254e-06	-4.690804e-09	-4.466177e+01	-3.059247e+02
3.210000e-06	-6.161348e-06	-4.693766e-09	-4.482980e+01	-3.062358e+02
3.220000e-06	-6.182175e-06	-4.696286e-09	-4.498134e+01	-3.065016e+02
3.230000e-06	-6.200835e-06	-4.700169e-09	-4.511711e+01	-3.067216e+02
3.240000e-06	-6.217461e-06	-4.704090e-09	-4.523808e+01	-3.068969e+02
3.250000e-06	-6.231694e-06	-4.705452e-09	-4.534163e+01	-3.070306e+02
3.260000e-06	-6.243343e-06	-4.704595e-09	-4.542640e+01	-3.071270e+02
3.270000e-06	-6.252634e-06	-4.705594e-09	-4.549399e+01	-3.071911e+02
3.280000e-06	-6.259669e-06	-4.705463e-09	-4.554518e+01	-3.072282e+02
3.290000e-06	-6.264433e-06	-4.703806e-09	-4.557985e+01	-3.072430e+02
3.300000e-06	-6.267021e-06	-4.700882e-09	-4.559867e+01	-3.072395e+02
3.310000e-06	-6.267560e-06	-4.701151e-09	-4.560259e+01	-3.072203e+02
