# Temperatura_=_20.0
# Concentracion g/m^3_=_8200.0
# C_Vs_to_Am_M_A/Vsm_=_65563218390.804596
# pendiente_HvsI_1/m_=_3716.3
# ordenada_HvsI_A/m_=_1297.0
# frecuencia_Hz_=_302087.92469659616

Tiempo_(s)	Campo_(V.s)	Magnetizacion_(V.s)	Campo_(kA/m)	Magnetizacion_(A/m)
0.000000e+00	-6.273605e-06	-4.881361e-09	-4.558462e+01	-3.180582e+02
1.000000e-08	-6.270109e-06	-4.882038e-09	-4.555922e+01	-3.180114e+02
2.000000e-08	-6.264647e-06	-4.882748e-09	-4.551953e+01	-3.179444e+02
3.000000e-08	-6.257260e-06	-4.884382e-09	-4.546586e+01	-3.178588e+02
4.000000e-08	-6.247712e-06	-4.882881e-09	-4.539648e+01	-3.177560e+02
5.000000e-08	-6.235776e-06	-4.879115e-09	-4.530975e+01	-3.176373e+02
6.000000e-08	-6.221541e-06	-4.875943e-09	-4.520632e+01	-3.175045e+02
7.000000e-08	-6.205030e-06	-4.870462e-09	-4.508635e+01	-3.173600e+02
8.000000e-08	-6.186318e-06	-4.868804e-09	-4.495039e+01	-3.172061e+02
9.000000e-08	-6.165440e-06	-4.880166e-09	-4.479868e+01	-3.170457e+02
1.000000e-07	-6.142203e-06	-4.877078e-09	-4.462984e+01	-3.168815e+02
1.100000e-07	-6.116406e-06	-4.860391e-09	-4.444240e+01	-3.167160e+02
1.200000e-07	-6.088384e-06	-4.853223e-09	-4.423879e+01	-3.165507e+02
1.300000e-07	-6.058752e-06	-4.842509e-09	-4.402348e+01	-3.163860e+02
1.400000e-07	-6.027552e-06	-4.816169e-09	-4.379677e+01	-3.162207e+02
1.500000e-07	-5.994380e-06	-4.832072e-09	-4.355575e+01	-3.160514e+02
1.600000e-07	-5.959178e-06	-4.846472e-09	-4.329996e+01	-3.158726e+02
1.700000e-07	-5.922164e-06	-4.785243e-09	-4.303102e+01	-3.156770e+02
1.800000e-07	-5.883073e-06	-4.803557e-09	-4.274698e+01	-3.154549e+02
1.900000e-07	-5.841712e-06	-4.801930e-09	-4.244644e+01	-3.151956e+02
2.000000e-07	-5.798246e-06	-4.760368e-09	-4.213061e+01	-3.148874e+02
2.100000e-07	-5.752637e-06	-4.785508e-09	-4.179921e+01	-3.145187e+02
2.200000e-07	-5.704835e-06	-4.760603e-09	-4.145189e+01	-3.140786e+02
2.300000e-07	-5.654604e-06	-4.748068e-09	-4.108690e+01	-3.135581e+02
2.400000e-07	-5.601794e-06	-4.748311e-09	-4.070317e+01	-3.129506e+02
2.500000e-07	-5.546822e-06	-4.728116e-09	-4.030374e+01	-3.122524e+02
2.600000e-07	-5.489770e-06	-4.716629e-09	-3.988920e+01	-3.114634e+02
2.700000e-07	-5.430639e-06	-4.693965e-09	-3.945955e+01	-3.105869e+02
2.800000e-07	-5.369549e-06	-4.688692e-09	-3.901566e+01	-3.096294e+02
2.900000e-07	-5.306535e-06	-4.675480e-09	-3.855780e+01	-3.085998e+02
3.000000e-07	-5.241562e-06	-4.666102e-09	-3.808569e+01	-3.075090e+02
3.100000e-07	-5.174517e-06	-4.663384e-09	-3.759854e+01	-3.063686e+02
3.200000e-07	-5.105526e-06	-4.638738e-09	-3.709725e+01	-3.051898e+02
3.300000e-07	-5.034750e-06	-4.622630e-09	-3.658298e+01	-3.039824e+02
3.400000e-07	-4.962324e-06	-4.595360e-09	-3.605672e+01	-3.027534e+02
3.500000e-07	-4.887959e-06	-4.572718e-09	-3.551638e+01	-3.015070e+02
3.600000e-07	-4.811398e-06	-4.560283e-09	-3.496008e+01	-3.002432e+02
3.700000e-07	-4.732865e-06	-4.538957e-09	-3.438946e+01	-2.989586e+02
3.800000e-07	-4.652463e-06	-4.522376e-09	-3.380524e+01	-2.976458e+02
3.900000e-07	-4.570394e-06	-4.494536e-09	-3.320892e+01	-2.962945e+02
4.000000e-07	-4.486893e-06	-4.468170e-09	-3.260220e+01	-2.948926e+02
4.100000e-07	-4.402007e-06	-4.443961e-09	-3.198541e+01	-2.934266e+02
4.200000e-07	-4.315728e-06	-4.421248e-09	-3.135850e+01	-2.918835e+02
4.300000e-07	-4.227988e-06	-4.403174e-09	-3.072097e+01	-2.902516e+02
4.400000e-07	-4.138697e-06	-4.375112e-09	-3.007217e+01	-2.885218e+02
4.500000e-07	-4.047829e-06	-4.346161e-09	-2.941192e+01	-2.866881e+02
4.600000e-07	-3.955490e-06	-4.310809e-09	-2.874097e+01	-2.847479e+02
4.700000e-07	-3.861827e-06	-4.279007e-09	-2.806041e+01	-2.827023e+02
4.800000e-07	-3.766857e-06	-4.246236e-09	-2.737035e+01	-2.805557e+02
4.900000e-07	-3.670549e-06	-4.213536e-09	-2.667057e+01	-2.783144e+02
5.000000e-07	-3.572797e-06	-4.184053e-09	-2.596029e+01	-2.759862e+02
5.100000e-07	-3.473605e-06	-4.150615e-09	-2.523955e+01	-2.735787e+02
5.200000e-07	-3.373087e-06	-4.113572e-09	-2.450918e+01	-2.710979e+02
5.300000e-07	-3.271407e-06	-4.070943e-09	-2.377036e+01	-2.685470e+02
5.400000e-07	-3.168591e-06	-4.029552e-09	-2.302329e+01	-2.659258e+02
5.500000e-07	-3.064605e-06	-3.984840e-09	-2.226772e+01	-2.632291e+02
5.600000e-07	-2.959431e-06	-3.940902e-09	-2.150351e+01	-2.604475e+02
5.700000e-07	-2.853070e-06	-3.896928e-09	-2.073069e+01	-2.575671e+02
5.800000e-07	-2.745697e-06	-3.850098e-09	-1.995050e+01	-2.545702e+02
5.900000e-07	-2.637347e-06	-3.797712e-09	-1.916322e+01	-2.514367e+02
6.000000e-07	-2.528078e-06	-3.744243e-09	-1.836926e+01	-2.481454e+02
6.100000e-07	-2.417932e-06	-3.691433e-09	-1.756893e+01	-2.446756e+02
6.200000e-07	-2.306905e-06	-3.635764e-09	-1.676219e+01	-2.410086e+02
6.300000e-07	-2.194989e-06	-3.579426e-09	-1.594900e+01	-2.371289e+02
6.400000e-07	-2.082201e-06	-3.517344e-09	-1.512947e+01	-2.330253e+02
6.500000e-07	-1.968568e-06	-3.451490e-09	-1.430380e+01	-2.286908e+02
6.600000e-07	-1.854133e-06	-3.381456e-09	-1.347231e+01	-2.241229e+02
6.700000e-07	-1.738893e-06	-3.309947e-09	-1.263497e+01	-2.193221e+02
6.800000e-07	-1.622875e-06	-3.236450e-09	-1.179197e+01	-2.142906e+02
6.900000e-07	-1.506236e-06	-3.158630e-09	-1.094446e+01	-2.090302e+02
7.000000e-07	-1.389147e-06	-3.076060e-09	-1.009368e+01	-2.035397e+02
7.100000e-07	-1.271628e-06	-2.988949e-09	-9.239771e+00	-1.978127e+02
7.200000e-07	-1.153661e-06	-2.898837e-09	-8.382610e+00	-1.918351e+02
7.300000e-07	-1.035361e-06	-2.802715e-09	-7.523035e+00	-1.855829e+02
7.400000e-07	-9.167729e-07	-2.701066e-09	-6.661361e+00	-1.790216e+02
7.500000e-07	-7.978609e-07	-2.594849e-09	-5.797335e+00	-1.721053e+02
7.600000e-07	-6.787026e-07	-2.482581e-09	-4.931519e+00	-1.647779e+02
7.700000e-07	-5.593549e-07	-2.360811e-09	-4.064327e+00	-1.569744e+02
7.800000e-07	-4.398018e-07	-2.229202e-09	-3.195642e+00	-1.486243e+02
7.900000e-07	-3.200475e-07	-2.087853e-09	-2.325496e+00	-1.396553e+02
8.000000e-07	-2.001501e-07	-1.938500e-09	-1.454310e+00	-1.299979e+02
8.100000e-07	-8.014537e-08	-1.780986e-09	-5.823440e-01	-1.195905e+02
8.200000e-07	3.990808e-08	-1.613018e-09	2.899760e-01	-1.083848e+02
8.300000e-07	1.599487e-07	-1.434084e-09	1.162203e+00	-9.635039e+01
8.400000e-07	2.800035e-07	-1.242908e-09	2.034532e+00	-8.347945e+01
8.500000e-07	3.999945e-07	-1.038980e-09	2.906399e+00	-6.978960e+01
8.600000e-07	5.198749e-07	-8.205882e-10	3.777462e+00	-5.532613e+01
8.700000e-07	6.395750e-07	-5.915942e-10	4.647214e+00	-4.016234e+01
8.800000e-07	7.590319e-07	-3.535798e-10	5.515199e+00	-2.439846e+01
8.900000e-07	8.782744e-07	-1.062989e-10	6.381627e+00	-8.158852e+00
9.000000e-07	9.972655e-07	1.450716e-10	7.246227e+00	8.412193e+00
9.100000e-07	1.115913e-06	4.005150e-10	8.108331e+00	2.515590e+01
9.200000e-07	1.234178e-06	6.600141e-10	8.967660e+00	4.190537e+01
9.300000e-07	1.352027e-06	9.179228e-10	9.823962e+00	5.849243e+01
9.400000e-07	1.469384e-06	1.168564e-09	1.067669e+01	7.475456e+01
9.500000e-07	1.586232e-06	1.410159e-09	1.152572e+01	9.054150e+01
9.600000e-07	1.702502e-06	1.640624e-09	1.237054e+01	1.057210e+02
9.700000e-07	1.817951e-06	1.855726e-09	1.320941e+01	1.201835e+02
9.800000e-07	1.932541e-06	2.055647e-09	1.404203e+01	1.338455e+02
9.900000e-07	2.046363e-06	2.242856e-09	1.486907e+01	1.466512e+02
1.000000e-06	2.159370e-06	2.417676e-09	1.569019e+01	1.585727e+02
1.010000e-06	2.271484e-06	2.579676e-09	1.650482e+01	1.696087e+02
1.020000e-06	2.382683e-06	2.730463e-09	1.731281e+01	1.797818e+02
1.030000e-06	2.493015e-06	2.873240e-09	1.811449e+01	1.891343e+02
1.040000e-06	2.602525e-06	3.007864e-09	1.891020e+01	1.977243e+02
1.050000e-06	2.711221e-06	3.130753e-09	1.969999e+01	2.056198e+02
1.060000e-06	2.819023e-06	3.244533e-09	2.048329e+01	2.128945e+02
1.070000e-06	2.925772e-06	3.350412e-09	2.125894e+01	2.196227e+02
1.080000e-06	3.031465e-06	3.448526e-09	2.202692e+01	2.258750e+02
1.090000e-06	3.136046e-06	3.536228e-09	2.278682e+01	2.317150e+02
1.100000e-06	3.239368e-06	3.615530e-09	2.353756e+01	2.371975e+02
1.110000e-06	3.341547e-06	3.692672e-09	2.428000e+01	2.423665e+02
1.120000e-06	3.442666e-06	3.768434e-09	2.501474e+01	2.472555e+02
1.130000e-06	3.542685e-06	3.840984e-09	2.574150e+01	2.518878e+02
1.140000e-06	3.641418e-06	3.906137e-09	2.645890e+01	2.562780e+02
1.150000e-06	3.738713e-06	3.965727e-09	2.716585e+01	2.604340e+02
1.160000e-06	3.834536e-06	4.023458e-09	2.786211e+01	2.643590e+02
1.170000e-06	3.928979e-06	4.077970e-09	2.854834e+01	2.680538e+02
1.180000e-06	4.022195e-06	4.124915e-09	2.922566e+01	2.715191e+02
1.190000e-06	4.114171e-06	4.166107e-09	2.989397e+01	2.747567e+02
1.200000e-06	4.204757e-06	4.204802e-09	3.055217e+01	2.777714e+02
1.210000e-06	4.293776e-06	4.242577e-09	3.119899e+01	2.805709e+02
1.220000e-06	4.381134e-06	4.278839e-09	3.183374e+01	2.831668e+02
1.230000e-06	4.466903e-06	4.314559e-09	3.245695e+01	2.855737e+02
1.240000e-06	4.551281e-06	4.349689e-09	3.307005e+01	2.878086e+02
1.250000e-06	4.634133e-06	4.380854e-09	3.367206e+01	2.898898e+02
1.260000e-06	4.715191e-06	4.410047e-09	3.426104e+01	2.918360e+02
1.270000e-06	4.794440e-06	4.440064e-09	3.483686e+01	2.936649e+02
1.280000e-06	4.871913e-06	4.469022e-09	3.539979e+01	2.953923e+02
1.290000e-06	4.947591e-06	4.493434e-09	3.594968e+01	2.970312e+02
1.300000e-06	5.021296e-06	4.513907e-09	3.648522e+01	2.985918e+02
1.310000e-06	5.093026e-06	4.532608e-09	3.700642e+01	3.000806e+02
1.320000e-06	5.162935e-06	4.551051e-09	3.751439e+01	3.015014e+02
1.330000e-06	5.231066e-06	4.570737e-09	3.800943e+01	3.028555e+02
1.340000e-06	5.297333e-06	4.591809e-09	3.849094e+01	3.041423e+02
1.350000e-06	5.361557e-06	4.612411e-09	3.895759e+01	3.053601e+02
1.360000e-06	5.423869e-06	4.630677e-09	3.941036e+01	3.065073e+02
1.370000e-06	5.484455e-06	4.646747e-09	3.985058e+01	3.075825e+02
1.380000e-06	5.543221e-06	4.661342e-09	4.027758e+01	3.085860e+02
1.390000e-06	5.599940e-06	4.674188e-09	4.068970e+01	3.095191e+02
1.400000e-06	5.654579e-06	4.686000e-09	4.108672e+01	3.103853e+02
1.410000e-06	5.707127e-06	4.699219e-09	4.146854e+01	3.111893e+02
1.420000e-06	5.757263e-06	4.713225e-09	4.183283e+01	3.119372e+02
1.430000e-06	5.805017e-06	4.725745e-09	4.217981e+01	3.126360e+02
1.440000e-06	5.850744e-06	4.736879e-09	4.251207e+01	3.132926e+02
1.450000e-06	5.894638e-06	4.746490e-09	4.283101e+01	3.139138e+02
1.460000e-06	5.936473e-06	4.755627e-09	4.313499e+01	3.145054e+02
1.470000e-06	5.976060e-06	4.764608e-09	4.342263e+01	3.150716e+02
1.480000e-06	6.013591e-06	4.772894e-09	4.369533e+01	3.156151e+02
1.490000e-06	6.049195e-06	4.780583e-09	4.395404e+01	3.161370e+02
1.500000e-06	6.082602e-06	4.787436e-09	4.419678e+01	3.166366e+02
1.510000e-06	6.113770e-06	4.795489e-09	4.442324e+01	3.171117e+02
1.520000e-06	6.142903e-06	4.804231e-09	4.463493e+01	3.175593e+02
1.530000e-06	6.169897e-06	4.811255e-09	4.483107e+01	3.179759e+02
1.540000e-06	6.194528e-06	4.816916e-09	4.501004e+01	3.183577e+02
1.550000e-06	6.216819e-06	4.822914e-09	4.517201e+01	3.187016e+02
1.560000e-06	6.237124e-06	4.827736e-09	4.531955e+01	3.190052e+02
1.570000e-06	6.255284e-06	4.831302e-09	4.545150e+01	3.192671e+02
1.580000e-06	6.271048e-06	4.834712e-09	4.556604e+01	3.194871e+02
1.590000e-06	6.284473e-06	4.838449e-09	4.566359e+01	3.196660e+02
1.600000e-06	6.295474e-06	4.841481e-09	4.574352e+01	3.198056e+02
1.610000e-06	6.303955e-06	4.843655e-09	4.580515e+01	3.199086e+02
1.620000e-06	6.310099e-06	4.846560e-09	4.584979e+01	3.199779e+02
1.630000e-06	6.314177e-06	4.849071e-09	4.587942e+01	3.200166e+02
1.640000e-06	6.315991e-06	4.851248e-09	4.589260e+01	3.200277e+02
1.650000e-06	6.315496e-06	4.853219e-09	4.588900e+01	3.200139e+02
1.660000e-06	6.312987e-06	4.854231e-09	4.587078e+01	3.199774e+02
1.670000e-06	6.308526e-06	4.852527e-09	4.583836e+01	3.199201e+02
1.680000e-06	6.301874e-06	4.850723e-09	4.579002e+01	3.198435e+02
1.690000e-06	6.293063e-06	4.847550e-09	4.572600e+01	3.197489e+02
1.700000e-06	6.282336e-06	4.845356e-09	4.564806e+01	3.196376e+02
1.710000e-06	6.269450e-06	4.847177e-09	4.555443e+01	3.195115e+02
1.720000e-06	6.254307e-06	4.847961e-09	4.544440e+01	3.193723e+02
1.730000e-06	6.237142e-06	4.841729e-09	4.531968e+01	3.192225e+02
1.740000e-06	6.217714e-06	4.810896e-09	4.517851e+01	3.190648e+02
1.750000e-06	6.195305e-06	4.812848e-09	4.501568e+01	3.189019e+02
1.760000e-06	6.169974e-06	4.824320e-09	4.483163e+01	3.187366e+02
1.770000e-06	6.142629e-06	4.828037e-09	4.463293e+01	3.185709e+02
1.780000e-06	6.113895e-06	4.839627e-09	4.442415e+01	3.184057e+02
1.790000e-06	6.083808e-06	4.839011e-09	4.420554e+01	3.182408e+02
1.800000e-06	6.051702e-06	4.795674e-09	4.397225e+01	3.180738e+02
1.810000e-06	6.017242e-06	4.833757e-09	4.372186e+01	3.179003e+02
1.820000e-06	5.981016e-06	4.870354e-09	4.345864e+01	3.177140e+02
1.830000e-06	5.942658e-06	4.869218e-09	4.317993e+01	3.175062e+02
1.840000e-06	5.901893e-06	4.920388e-09	4.288373e+01	3.172667e+02
1.850000e-06	5.859152e-06	4.872171e-09	4.257317e+01	3.169842e+02
1.860000e-06	5.814373e-06	4.862519e-09	4.224779e+01	3.166470e+02
1.870000e-06	5.767629e-06	4.872831e-09	4.190815e+01	3.162436e+02
1.880000e-06	5.718702e-06	4.814031e-09	4.155264e+01	3.157641e+02
1.890000e-06	5.667371e-06	4.828733e-09	4.117967e+01	3.152005e+02
1.900000e-06	5.613702e-06	4.810393e-09	4.078971e+01	3.145477e+02
1.910000e-06	5.557704e-06	4.805110e-09	4.038282e+01	3.138037e+02
1.920000e-06	5.499778e-06	4.822047e-09	3.996192e+01	3.129701e+02
1.930000e-06	5.440080e-06	4.774816e-09	3.952815e+01	3.120519e+02
1.940000e-06	5.378237e-06	4.780934e-09	3.907879e+01	3.110568e+02
1.950000e-06	5.314250e-06	4.740179e-09	3.861386e+01	3.099950e+02
1.960000e-06	5.248256e-06	4.721864e-09	3.813433e+01	3.088777e+02
1.970000e-06	5.180413e-06	4.713324e-09	3.764138e+01	3.077166e+02
1.980000e-06	5.110544e-06	4.694514e-09	3.713371e+01	3.065222e+02
1.990000e-06	5.038663e-06	4.715526e-09	3.661142e+01	3.053030e+02
2.000000e-06	4.965064e-06	4.668916e-09	3.607663e+01	3.040648e+02
2.010000e-06	4.889615e-06	4.644251e-09	3.552842e+01	3.028097e+02
2.020000e-06	4.812244e-06	4.617770e-09	3.496623e+01	3.015360e+02
2.030000e-06	4.732886e-06	4.597913e-09	3.438961e+01	3.002382e+02
2.040000e-06	4.651817e-06	4.596187e-09	3.380055e+01	2.989073e+02
2.050000e-06	4.569273e-06	4.566785e-09	3.320078e+01	2.975322e+02
2.060000e-06	4.485233e-06	4.556443e-09	3.259013e+01	2.960996e+02
2.070000e-06	4.399560e-06	4.513998e-09	3.196763e+01	2.945964e+02
2.080000e-06	4.312183e-06	4.484861e-09	3.133274e+01	2.930101e+02
2.090000e-06	4.223308e-06	4.460424e-09	3.068696e+01	2.913300e+02
2.100000e-06	4.133066e-06	4.438223e-09	3.003126e+01	2.895485e+02
2.110000e-06	4.041477e-06	4.417289e-09	2.936576e+01	2.876614e+02
2.120000e-06	3.948435e-06	4.380046e-09	2.868971e+01	2.856680e+02
2.130000e-06	3.853955e-06	4.353504e-09	2.800321e+01	2.835710e+02
2.140000e-06	3.758098e-06	4.320004e-09	2.730670e+01	2.813759e+02
2.150000e-06	3.660848e-06	4.292166e-09	2.660007e+01	2.790899e+02
2.160000e-06	3.562348e-06	4.255671e-09	2.588436e+01	2.767210e+02
2.170000e-06	3.462598e-06	4.220073e-09	2.515957e+01	2.742760e+02
2.180000e-06	3.361468e-06	4.182473e-09	2.442475e+01	2.717597e+02
2.190000e-06	3.259017e-06	4.144559e-09	2.368033e+01	2.691738e+02
2.200000e-06	3.155379e-06	4.107422e-09	2.292729e+01	2.665155e+02
2.210000e-06	3.050555e-06	4.064723e-09	2.216562e+01	2.637776e+02
2.220000e-06	2.944644e-06	4.018189e-09	2.139607e+01	2.609484e+02
2.230000e-06	2.837767e-06	3.967576e-09	2.061949e+01	2.580119e+02
2.240000e-06	2.729971e-06	3.920115e-09	1.983624e+01	2.549491e+02
2.250000e-06	2.621224e-06	3.870806e-09	1.904606e+01	2.517391e+02
2.260000e-06	2.511466e-06	3.822090e-09	1.824856e+01	2.483609e+02
2.270000e-06	2.400800e-06	3.766860e-09	1.744444e+01	2.447944e+02
2.280000e-06	2.289198e-06	3.707075e-09	1.663353e+01	2.410225e+02
2.290000e-06	2.176728e-06	3.644356e-09	1.581631e+01	2.370318e+02
2.300000e-06	2.063496e-06	3.582085e-09	1.499356e+01	2.328131e+02
2.310000e-06	1.949531e-06	3.518587e-09	1.416548e+01	2.283618e+02
2.320000e-06	1.834789e-06	3.448016e-09	1.333175e+01	2.236770e+02
2.330000e-06	1.719325e-06	3.371812e-09	1.249278e+01	2.187603e+02
2.340000e-06	1.603254e-06	3.293910e-09	1.164940e+01	2.136140e+02
2.350000e-06	1.486554e-06	3.214419e-09	1.080145e+01	2.082388e+02
2.360000e-06	1.369242e-06	3.130980e-09	9.949047e+00	2.026311e+02
2.370000e-06	1.251417e-06	3.044271e-09	9.092914e+00	1.967809e+02
2.380000e-06	1.133198e-06	2.952171e-09	8.233926e+00	1.906694e+02
2.390000e-06	1.014590e-06	2.854181e-09	7.372112e+00	1.842674e+02
2.400000e-06	8.955828e-07	2.746255e-09	6.507391e+00	1.775349e+02
2.410000e-06	7.762674e-07	2.633138e-09	5.640434e+00	1.704204e+02
2.420000e-06	6.566715e-07	2.514634e-09	4.771438e+00	1.628633e+02
2.430000e-06	5.367878e-07	2.388795e-09	3.900352e+00	1.547953e+02
2.440000e-06	4.166833e-07	2.255884e-09	3.027661e+00	1.461445e+02
2.450000e-06	2.964047e-07	2.113084e-09	2.153705e+00	1.368394e+02
2.460000e-06	1.760128e-07	1.960653e-09	1.278926e+00	1.268137e+02
2.470000e-06	5.555760e-08	1.797310e-09	4.036869e-01	1.160120e+02
2.480000e-06	-6.492588e-08	1.622153e-09	-4.717577e-01	1.043942e+02
2.490000e-06	-1.854301e-07	1.434490e-09	-1.347353e+00	9.194077e+01
2.500000e-06	-3.058652e-07	1.235693e-09	-2.222446e+00	7.865624e+01
2.510000e-06	-4.261917e-07	1.024315e-09	-3.096750e+00	6.457194e+01
2.520000e-06	-5.463860e-07	7.991213e-10	-3.970093e+00	4.974720e+01
2.530000e-06	-6.664031e-07	5.613866e-10	-4.842149e+00	3.426903e+01
2.540000e-06	-7.861604e-07	3.139512e-10	-5.712318e+00	1.825016e+01
2.550000e-06	-9.055633e-07	6.145565e-11	-6.579910e+00	1.825529e+00
2.560000e-06	-1.024566e-06	-1.971167e-10	-7.444593e+00	-1.485258e+01
2.570000e-06	-1.143113e-06	-4.606390e-10	-8.305968e+00	-3.162050e+01
2.580000e-06	-1.261213e-06	-7.224763e-10	-9.164093e+00	-4.830981e+01
2.590000e-06	-1.378860e-06	-9.792769e-10	-1.001893e+01	-6.475432e+01
2.600000e-06	-1.495915e-06	-1.229584e-09	-1.086946e+01	-8.079686e+01
2.610000e-06	-1.612238e-06	-1.470762e-09	-1.171468e+01	-9.629549e+01
2.620000e-06	-1.727824e-06	-1.698575e-09	-1.255453e+01	-1.111288e+02
2.630000e-06	-1.842686e-06	-1.910465e-09	-1.338913e+01	-1.252000e+02
2.640000e-06	-1.956758e-06	-2.106623e-09	-1.421799e+01	-1.384393e+02
2.650000e-06	-2.069926e-06	-2.289058e-09	-1.504028e+01	-1.508049e+02
2.660000e-06	-2.182260e-06	-2.460615e-09	-1.585652e+01	-1.622825e+02
2.670000e-06	-2.293728e-06	-2.621990e-09	-1.666645e+01	-1.728831e+02
2.680000e-06	-2.404128e-06	-2.773363e-09	-1.746863e+01	-1.826398e+02
2.690000e-06	-2.513606e-06	-2.913622e-09	-1.826410e+01	-1.916032e+02
2.700000e-06	-2.622316e-06	-3.042032e-09	-1.905400e+01	-1.998372e+02
2.710000e-06	-2.730108e-06	-3.158395e-09	-1.983723e+01	-2.074132e+02
2.720000e-06	-2.837022e-06	-3.265437e-09	-2.061407e+01	-2.144057e+02
2.730000e-06	-2.943092e-06	-3.366390e-09	-2.138479e+01	-2.208877e+02
2.740000e-06	-3.048160e-06	-3.461372e-09	-2.214823e+01	-2.269266e+02
2.750000e-06	-3.152132e-06	-3.551448e-09	-2.290369e+01	-2.325819e+02
2.760000e-06	-3.254848e-06	-3.635462e-09	-2.365004e+01	-2.379031e+02
2.770000e-06	-3.356279e-06	-3.712185e-09	-2.438705e+01	-2.429288e+02
2.780000e-06	-3.456478e-06	-3.783450e-09	-2.511510e+01	-2.476873e+02
2.790000e-06	-3.555469e-06	-3.851763e-09	-2.583438e+01	-2.521974e+02
2.800000e-06	-3.653287e-06	-3.916813e-09	-2.654514e+01	-2.564701e+02
2.810000e-06	-3.749951e-06	-3.979434e-09	-2.724750e+01	-2.605106e+02
2.820000e-06	-3.845357e-06	-4.040802e-09	-2.794074e+01	-2.643207e+02
2.830000e-06	-3.939385e-06	-4.098860e-09	-2.862395e+01	-2.679008e+02
2.840000e-06	-4.031935e-06	-4.151897e-09	-2.929643e+01	-2.712521e+02
2.850000e-06	-4.122999e-06	-4.200492e-09	-2.995811e+01	-2.743777e+02
2.860000e-06	-4.212623e-06	-4.247525e-09	-3.060933e+01	-2.772838e+02
2.870000e-06	-4.300784e-06	-4.292963e-09	-3.124991e+01	-2.799801e+02
2.880000e-06	-4.387409e-06	-4.335010e-09	-3.187934e+01	-2.824797e+02
2.890000e-06	-4.472372e-06	-4.374718e-09	-3.249669e+01	-2.847986e+02
2.900000e-06	-4.555746e-06	-4.411521e-09	-3.310249e+01	-2.869545e+02
2.910000e-06	-4.637626e-06	-4.445301e-09	-3.369744e+01	-2.889662e+02
2.920000e-06	-4.717976e-06	-4.475792e-09	-3.428127e+01	-2.908518e+02
2.930000e-06	-4.796498e-06	-4.504587e-09	-3.485182e+01	-2.926284e+02
2.940000e-06	-4.872906e-06	-4.533875e-09	-3.540700e+01	-2.943103e+02
2.950000e-06	-4.947378e-06	-4.561653e-09	-3.594812e+01	-2.959092e+02
2.960000e-06	-5.020106e-06	-4.587352e-09	-3.647658e+01	-2.974334e+02
2.970000e-06	-5.090928e-06	-4.608803e-09	-3.699118e+01	-2.988882e+02
2.980000e-06	-5.159725e-06	-4.625994e-09	-3.749106e+01	-3.002759e+02
2.990000e-06	-5.226659e-06	-4.641802e-09	-3.797741e+01	-3.015967e+02
3.000000e-06	-5.291851e-06	-4.658576e-09	-3.845110e+01	-3.028494e+02
3.010000e-06	-5.355214e-06	-4.677762e-09	-3.891150e+01	-3.040323e+02
3.020000e-06	-5.416532e-06	-4.696604e-09	-3.935704e+01	-3.051438e+02
3.030000e-06	-5.475792e-06	-4.713520e-09	-3.978764e+01	-3.061833e+02
3.040000e-06	-5.533213e-06	-4.727700e-09	-4.020486e+01	-3.071515e+02
3.050000e-06	-5.588765e-06	-4.740032e-09	-4.060851e+01	-3.080509e+02
3.060000e-06	-5.642091e-06	-4.752480e-09	-4.099598e+01	-3.088855e+02
3.070000e-06	-5.693088e-06	-4.763821e-09	-4.136653e+01	-3.096609e+02
3.080000e-06	-5.741813e-06	-4.775045e-09	-4.172057e+01	-3.103835e+02
3.090000e-06	-5.788324e-06	-4.786232e-09	-4.205852e+01	-3.110606e+02
3.100000e-06	-5.832947e-06	-4.798382e-09	-4.238276e+01	-3.116990e+02
3.110000e-06	-5.875768e-06	-4.811416e-09	-4.269390e+01	-3.123049e+02
3.120000e-06	-5.916694e-06	-4.822054e-09	-4.299127e+01	-3.128836e+02
3.130000e-06	-5.955565e-06	-4.828831e-09	-4.327371e+01	-3.134384e+02
3.140000e-06	-5.992171e-06	-4.834696e-09	-4.353969e+01	-3.139714e+02
3.150000e-06	-6.026603e-06	-4.840857e-09	-4.378988e+01	-3.144825e+02
3.160000e-06	-6.059046e-06	-4.846674e-09	-4.402561e+01	-3.149704e+02
3.170000e-06	-6.089255e-06	-4.852086e-09	-4.424512e+01	-3.154324e+02
3.180000e-06	-6.117162e-06	-4.856993e-09	-4.444789e+01	-3.158652e+02
3.190000e-06	-6.142950e-06	-4.861312e-09	-4.463527e+01	-3.162650e+02
3.200000e-06	-6.166585e-06	-4.864643e-09	-4.480701e+01	-3.166285e+02
3.210000e-06	-6.187888e-06	-4.867560e-09	-4.496180e+01	-3.169527e+02
3.220000e-06	-6.206984e-06	-4.871713e-09	-4.510054e+01	-3.172358e+02
3.230000e-06	-6.224015e-06	-4.876491e-09	-4.522430e+01	-3.174769e+02
3.240000e-06	-6.238664e-06	-4.878960e-09	-4.533074e+01	-3.176764e+02
3.250000e-06	-6.250779e-06	-4.879865e-09	-4.541877e+01	-3.178356e+02
3.260000e-06	-6.260532e-06	-4.880869e-09	-4.548963e+01	-3.179567e+02
3.270000e-06	-6.268081e-06	-4.882330e-09	-4.554449e+01	-3.180427e+02
3.280000e-06	-6.273288e-06	-4.883152e-09	-4.558232e+01	-3.180965e+02
3.290000e-06	-6.276288e-06	-4.882583e-09	-4.560412e+01	-3.181213e+02
3.300000e-06	-6.277287e-06	-4.882128e-09	-4.561137e+01	-3.181199e+02
3.310000e-06	-6.276056e-06	-4.882303e-09	-4.560243e+01	-3.180947e+02
