# Temperatura_=_20.0
# Concentracion g/m^3_=_4600.0
# C_Vs_to_Am_M_A/Vsm_=_65563218390.804596
# pendiente_HvsI_1/m_=_3716.3
# ordenada_HvsI_A/m_=_1297.0
# frecuencia_Hz_=_301453.0596658431

Tiempo_(s)	Campo_(V.s)	Magnetizacion_(V.s)	Campo_(kA/m)	Magnetizacion_(A/m)
0.000000e+00	-3.221362e-06	-3.099132e-09	-2.354938e+01	-2.014054e+02
1.000000e-08	-3.220567e-06	-3.101685e-09	-2.354356e+01	-2.015070e+02
2.000000e-08	-3.218403e-06	-3.104418e-09	-2.352775e+01	-2.016017e+02
3.000000e-08	-3.215025e-06	-3.107217e-09	-2.350305e+01	-2.016837e+02
4.000000e-08	-3.210818e-06	-3.109316e-09	-2.347229e+01	-2.017402e+02
5.000000e-08	-3.205678e-06	-3.109895e-09	-2.343472e+01	-2.017579e+02
6.000000e-08	-3.199466e-06	-3.106081e-09	-2.338931e+01	-2.017301e+02
7.000000e-08	-3.192238e-06	-3.095401e-09	-2.333647e+01	-2.016610e+02
8.000000e-08	-3.184019e-06	-3.101873e-09	-2.327639e+01	-2.015652e+02
9.000000e-08	-3.174412e-06	-3.124441e-09	-2.320615e+01	-2.014613e+02
1.000000e-07	-3.163046e-06	-3.140972e-09	-2.312307e+01	-2.013646e+02
1.100000e-07	-3.150193e-06	-3.104863e-09	-2.302910e+01	-2.012818e+02
1.200000e-07	-3.136362e-06	-3.059023e-09	-2.292800e+01	-2.012109e+02
1.300000e-07	-3.121580e-06	-3.085790e-09	-2.281994e+01	-2.011466e+02
1.400000e-07	-3.105354e-06	-3.129332e-09	-2.270131e+01	-2.010861e+02
1.500000e-07	-3.088027e-06	-3.077065e-09	-2.257465e+01	-2.010327e+02
1.600000e-07	-3.070125e-06	-3.071966e-09	-2.244378e+01	-2.009942e+02
1.700000e-07	-3.051231e-06	-3.117525e-09	-2.230565e+01	-2.009751e+02
1.800000e-07	-3.031192e-06	-3.044764e-09	-2.215916e+01	-2.009696e+02
1.900000e-07	-3.010307e-06	-3.045509e-09	-2.200648e+01	-2.009568e+02
2.000000e-07	-2.988429e-06	-3.110282e-09	-2.184655e+01	-2.009055e+02
2.100000e-07	-2.965352e-06	-3.055315e-09	-2.167784e+01	-2.007843e+02
2.200000e-07	-2.941383e-06	-3.022770e-09	-2.150263e+01	-2.005756e+02
2.300000e-07	-2.916503e-06	-3.070614e-09	-2.132074e+01	-2.002837e+02
2.400000e-07	-2.890175e-06	-3.033277e-09	-2.112827e+01	-1.999346e+02
2.500000e-07	-2.862594e-06	-3.021250e-09	-2.092665e+01	-1.995650e+02
2.600000e-07	-2.834142e-06	-3.074880e-09	-2.071865e+01	-1.992056e+02
2.700000e-07	-2.804757e-06	-3.045429e-09	-2.050384e+01	-1.988669e+02
2.800000e-07	-2.774368e-06	-3.012523e-09	-2.028168e+01	-1.985340e+02
2.900000e-07	-2.743054e-06	-3.028223e-09	-2.005276e+01	-1.981745e+02
3.000000e-07	-2.710966e-06	-3.001119e-09	-1.981819e+01	-1.977544e+02
3.100000e-07	-2.677878e-06	-2.992570e-09	-1.957630e+01	-1.972554e+02
3.200000e-07	-2.643464e-06	-3.013809e-09	-1.932473e+01	-1.966844e+02
3.300000e-07	-2.607978e-06	-2.971630e-09	-1.906531e+01	-1.960697e+02
3.400000e-07	-2.571780e-06	-2.958471e-09	-1.880068e+01	-1.954468e+02
3.500000e-07	-2.534694e-06	-2.982033e-09	-1.852957e+01	-1.948395e+02
3.600000e-07	-2.496556e-06	-2.961663e-09	-1.825077e+01	-1.942468e+02
3.700000e-07	-2.457492e-06	-2.925103e-09	-1.796520e+01	-1.936434e+02
3.800000e-07	-2.417746e-06	-2.928044e-09	-1.767464e+01	-1.929928e+02
3.900000e-07	-2.377384e-06	-2.924144e-09	-1.737958e+01	-1.922671e+02
4.000000e-07	-2.336032e-06	-2.896212e-09	-1.707728e+01	-1.914637e+02
4.100000e-07	-2.293485e-06	-2.892647e-09	-1.676625e+01	-1.906097e+02
4.200000e-07	-2.250018e-06	-2.885512e-09	-1.644849e+01	-1.897512e+02
4.300000e-07	-2.205848e-06	-2.865201e-09	-1.612558e+01	-1.889317e+02
4.400000e-07	-2.160975e-06	-2.841711e-09	-1.579755e+01	-1.881710e+02
4.500000e-07	-2.115361e-06	-2.831415e-09	-1.546409e+01	-1.874553e+02
4.600000e-07	-2.069002e-06	-2.834903e-09	-1.512519e+01	-1.867424e+02
4.700000e-07	-2.021921e-06	-2.830784e-09	-1.478100e+01	-1.859814e+02
4.800000e-07	-1.974172e-06	-2.801448e-09	-1.443195e+01	-1.851367e+02
4.900000e-07	-1.925739e-06	-2.782007e-09	-1.407788e+01	-1.842043e+02
5.000000e-07	-1.876322e-06	-2.778073e-09	-1.371662e+01	-1.832123e+02
5.100000e-07	-1.825797e-06	-2.755843e-09	-1.334727e+01	-1.822057e+02
5.200000e-07	-1.774405e-06	-2.738120e-09	-1.297157e+01	-1.812235e+02
5.300000e-07	-1.722372e-06	-2.733186e-09	-1.259119e+01	-1.802779e+02
5.400000e-07	-1.669702e-06	-2.721129e-09	-1.220616e+01	-1.793485e+02
5.500000e-07	-1.616372e-06	-2.696257e-09	-1.181629e+01	-1.783915e+02
5.600000e-07	-1.562475e-06	-2.683747e-09	-1.142229e+01	-1.773615e+02
5.700000e-07	-1.507984e-06	-2.674588e-09	-1.102393e+01	-1.762326e+02
5.800000e-07	-1.452936e-06	-2.651520e-09	-1.062151e+01	-1.750096e+02
5.900000e-07	-1.397448e-06	-2.625355e-09	-1.021588e+01	-1.737231e+02
6.000000e-07	-1.341608e-06	-2.607817e-09	-9.807662e+00	-1.724124e+02
6.100000e-07	-1.285445e-06	-2.593697e-09	-9.397087e+00	-1.711042e+02
6.200000e-07	-1.228870e-06	-2.567399e-09	-8.983503e+00	-1.697996e+02
6.300000e-07	-1.171732e-06	-2.543066e-09	-8.565808e+00	-1.684749e+02
6.400000e-07	-1.113824e-06	-2.526626e-09	-8.142475e+00	-1.670955e+02
6.500000e-07	-1.055221e-06	-2.506969e-09	-7.714066e+00	-1.656354e+02
6.600000e-07	-9.961653e-07	-2.480810e-09	-7.282346e+00	-1.640905e+02
6.700000e-07	-9.367581e-07	-2.459172e-09	-6.848056e+00	-1.624792e+02
6.800000e-07	-8.770867e-07	-2.437621e-09	-6.411836e+00	-1.608297e+02
6.900000e-07	-8.172604e-07	-2.406457e-09	-5.974483e+00	-1.591612e+02
7.000000e-07	-7.573457e-07	-2.375481e-09	-5.536484e+00	-1.574697e+02
7.100000e-07	-6.972244e-07	-2.349797e-09	-5.096974e+00	-1.557274e+02
7.200000e-07	-6.368916e-07	-2.324651e-09	-4.655919e+00	-1.538950e+02
7.300000e-07	-5.764310e-07	-2.294206e-09	-4.213929e+00	-1.519417e+02
7.400000e-07	-5.157662e-07	-2.263176e-09	-3.770446e+00	-1.498609e+02
7.500000e-07	-4.548620e-07	-2.231005e-09	-3.325214e+00	-1.476725e+02
7.600000e-07	-3.937651e-07	-2.196397e-09	-2.878572e+00	-1.454093e+02
7.700000e-07	-3.325171e-07	-2.161494e-09	-2.430826e+00	-1.430947e+02
7.800000e-07	-2.711665e-07	-2.124850e-09	-1.982329e+00	-1.407236e+02
7.900000e-07	-2.097548e-07	-2.083383e-09	-1.533387e+00	-1.382574e+02
8.000000e-07	-1.483090e-07	-2.038314e-09	-1.084195e+00	-1.356373e+02
8.100000e-07	-8.681265e-08	-1.994966e-09	-6.346333e-01	-1.328099e+02
8.200000e-07	-2.525843e-08	-1.951582e-09	-1.846487e-01	-1.297496e+02
8.300000e-07	3.629428e-08	-1.904636e-09	2.653249e-01	-1.264678e+02
8.400000e-07	9.781919e-08	-1.853028e-09	7.150953e-01	-1.229984e+02
8.500000e-07	1.593393e-07	-1.799157e-09	1.164830e+00	-1.193684e+02
8.600000e-07	2.208362e-07	-1.741297e-09	1.614396e+00	-1.155674e+02
8.700000e-07	2.822119e-07	-1.678904e-09	2.063076e+00	-1.115323e+02
8.800000e-07	3.435088e-07	-1.610789e-09	2.511180e+00	-1.071594e+02
8.900000e-07	4.047259e-07	-1.535253e-09	2.958700e+00	-1.023365e+02
9.000000e-07	4.657789e-07	-1.453845e-09	3.405020e+00	-9.698101e+01
9.100000e-07	5.266097e-07	-1.365194e-09	3.849716e+00	-9.105801e+01
9.200000e-07	5.871566e-07	-1.269024e-09	4.292337e+00	-8.456503e+01
9.300000e-07	6.474953e-07	-1.161881e-09	4.733436e+00	-7.748262e+01
9.400000e-07	7.076712e-07	-1.042540e-09	5.173345e+00	-6.971192e+01
9.500000e-07	7.676763e-07	-9.064446e-10	5.612004e+00	-6.103238e+01
9.600000e-07	8.275144e-07	-7.502074e-10	6.049444e+00	-5.111070e+01
9.700000e-07	8.871987e-07	-5.723958e-10	6.485758e+00	-3.957478e+01
9.800000e-07	9.467225e-07	-3.691910e-10	6.920900e+00	-2.613884e+01
9.900000e-07	1.005965e-06	-1.372915e-10	7.353985e+00	-1.074067e+01
1.000000e-06	1.064657e-06	1.229088e-10	7.783046e+00	6.360138e+00
1.010000e-06	1.122667e-06	4.009775e-10	8.207121e+00	2.456592e+01
1.020000e-06	1.180001e-06	6.842525e-10	8.626257e+00	4.302339e+01
1.030000e-06	1.236716e-06	9.554489e-10	9.040860e+00	6.078639e+01
1.040000e-06	1.292925e-06	1.198724e-09	9.451768e+00	7.701107e+01
1.050000e-06	1.348739e-06	1.405512e-09	9.859796e+00	9.112309e+01
1.060000e-06	1.404268e-06	1.578239e-09	1.026573e+01	1.029068e+02
1.070000e-06	1.459392e-06	1.720320e-09	1.066871e+01	1.124940e+02
1.080000e-06	1.513980e-06	1.836430e-09	1.106777e+01	1.202655e+02
1.090000e-06	1.568054e-06	1.935238e-09	1.146307e+01	1.267061e+02
1.100000e-06	1.621673e-06	2.019869e-09	1.185504e+01	1.322652e+02
1.110000e-06	1.674744e-06	2.094084e-09	1.224301e+01	1.372644e+02
1.120000e-06	1.727122e-06	2.160599e-09	1.262591e+01	1.418721e+02
1.130000e-06	1.778858e-06	2.223192e-09	1.300413e+01	1.461359e+02
1.140000e-06	1.829932e-06	2.280707e-09	1.337750e+01	1.500447e+02
1.150000e-06	1.880038e-06	2.331910e-09	1.374379e+01	1.535883e+02
1.160000e-06	1.928992e-06	2.379823e-09	1.410166e+01	1.567897e+02
1.170000e-06	1.977106e-06	2.423961e-09	1.445340e+01	1.597049e+02
1.180000e-06	2.024725e-06	2.464369e-09	1.480151e+01	1.624001e+02
1.190000e-06	2.071743e-06	2.501719e-09	1.514523e+01	1.649247e+02
1.200000e-06	2.118001e-06	2.536581e-09	1.548339e+01	1.672970e+02
1.210000e-06	2.163513e-06	2.567591e-09	1.581610e+01	1.695095e+02
1.220000e-06	2.208224e-06	2.595584e-09	1.614295e+01	1.715475e+02
1.230000e-06	2.252264e-06	2.622858e-09	1.646490e+01	1.734102e+02
1.240000e-06	2.295816e-06	2.649308e-09	1.678328e+01	1.751206e+02
1.250000e-06	2.338574e-06	2.673425e-09	1.709586e+01	1.767201e+02
1.260000e-06	2.380170e-06	2.696372e-09	1.739994e+01	1.782507e+02
1.270000e-06	2.420648e-06	2.718996e-09	1.769585e+01	1.797365e+02
1.280000e-06	2.460249e-06	2.739594e-09	1.798535e+01	1.811734e+02
1.290000e-06	2.499049e-06	2.758517e-09	1.826899e+01	1.825343e+02
1.300000e-06	2.537028e-06	2.775526e-09	1.854664e+01	1.837856e+02
1.310000e-06	2.574164e-06	2.791496e-09	1.881811e+01	1.849069e+02
1.320000e-06	2.610491e-06	2.807043e-09	1.908367e+01	1.859037e+02
1.330000e-06	2.646143e-06	2.822408e-09	1.934431e+01	1.868075e+02
1.340000e-06	2.680837e-06	2.837628e-09	1.959793e+01	1.876628e+02
1.350000e-06	2.714175e-06	2.851600e-09	1.984165e+01	1.885085e+02
1.360000e-06	2.746378e-06	2.864004e-09	2.007707e+01	1.893634e+02
1.370000e-06	2.777732e-06	2.874840e-09	2.030627e+01	1.902219e+02
1.380000e-06	2.808187e-06	2.885108e-09	2.052891e+01	1.910607e+02
1.390000e-06	2.837715e-06	2.895902e-09	2.074477e+01	1.918533e+02
1.400000e-06	2.866297e-06	2.907669e-09	2.095372e+01	1.925825e+02
1.410000e-06	2.894105e-06	2.919730e-09	2.115701e+01	1.932475e+02
1.420000e-06	2.921101e-06	2.929690e-09	2.135436e+01	1.938604e+02
1.430000e-06	2.946756e-06	2.938117e-09	2.154190e+01	1.944381e+02
1.440000e-06	2.971043e-06	2.946685e-09	2.171945e+01	1.949923e+02
1.450000e-06	2.994295e-06	2.954456e-09	2.188943e+01	1.955251e+02
1.460000e-06	3.016551e-06	2.961255e-09	2.205213e+01	1.960312e+02
1.470000e-06	3.037768e-06	2.967591e-09	2.220724e+01	1.965046e+02
1.480000e-06	3.058051e-06	2.973207e-09	2.235551e+01	1.969453e+02
1.490000e-06	3.077465e-06	2.978046e-09	2.249744e+01	1.973615e+02
1.500000e-06	3.095752e-06	2.983548e-09	2.263112e+01	1.977662e+02
1.510000e-06	3.112814e-06	2.990675e-09	2.275585e+01	1.981702e+02
1.520000e-06	3.128778e-06	2.999298e-09	2.287255e+01	1.985749e+02
1.530000e-06	3.143596e-06	3.006048e-09	2.298088e+01	1.989710e+02
1.540000e-06	3.157212e-06	3.010362e-09	2.308042e+01	1.993418e+02
1.550000e-06	3.169644e-06	3.014838e-09	2.317130e+01	1.996716e+02
1.560000e-06	3.180826e-06	3.018949e-09	2.325304e+01	1.999537e+02
1.570000e-06	3.190567e-06	3.022176e-09	2.332425e+01	2.001931e+02
1.580000e-06	3.198924e-06	3.024369e-09	2.338535e+01	2.004045e+02
1.590000e-06	3.206228e-06	3.025806e-09	2.343874e+01	2.006044e+02
1.600000e-06	3.212522e-06	3.028145e-09	2.348475e+01	2.008035e+02
1.610000e-06	3.217691e-06	3.032323e-09	2.352254e+01	2.010026e+02
1.620000e-06	3.221891e-06	3.036807e-09	2.355325e+01	2.011941e+02
1.630000e-06	3.225146e-06	3.041169e-09	2.357704e+01	2.013675e+02
1.640000e-06	3.227066e-06	3.045272e-09	2.359107e+01	2.015165e+02
1.650000e-06	3.227576e-06	3.047875e-09	2.359480e+01	2.016423e+02
1.660000e-06	3.227029e-06	3.048065e-09	2.359081e+01	2.017519e+02
1.670000e-06	3.225494e-06	3.047769e-09	2.357958e+01	2.018527e+02
1.680000e-06	3.222916e-06	3.050504e-09	2.356074e+01	2.019463e+02
1.690000e-06	3.219414e-06	3.053574e-09	2.353514e+01	2.020257e+02
1.700000e-06	3.215088e-06	3.053967e-09	2.350351e+01	2.020776e+02
1.710000e-06	3.209714e-06	3.055165e-09	2.346422e+01	2.020892e+02
1.720000e-06	3.203026e-06	3.062063e-09	2.341534e+01	2.020551e+02
1.730000e-06	3.195213e-06	3.063516e-09	2.335821e+01	2.019813e+02
1.740000e-06	3.186487e-06	3.035383e-09	2.329443e+01	2.018834e+02
1.750000e-06	3.176476e-06	3.012791e-09	2.322125e+01	2.017800e+02
1.760000e-06	3.164531e-06	3.034051e-09	2.313392e+01	2.016853e+02
1.770000e-06	3.150674e-06	3.073903e-09	2.303262e+01	2.016046e+02
1.780000e-06	3.136116e-06	3.063505e-09	2.292619e+01	2.015352e+02
1.790000e-06	3.121406e-06	2.996622e-09	2.281866e+01	2.014717e+02
1.800000e-06	3.105524e-06	3.051594e-09	2.270256e+01	2.014120e+02
1.810000e-06	3.088163e-06	3.089008e-09	2.257564e+01	2.013604e+02
1.820000e-06	3.070064e-06	3.031851e-09	2.244333e+01	2.013247e+02
1.830000e-06	3.051221e-06	3.085118e-09	2.230558e+01	2.013085e+02
1.840000e-06	3.031129e-06	3.124790e-09	2.215870e+01	2.013037e+02
1.850000e-06	3.010035e-06	3.055047e-09	2.200450e+01	2.012877e+02
1.860000e-06	2.987863e-06	3.069010e-09	2.184241e+01	2.012283e+02
1.870000e-06	2.964275e-06	3.117089e-09	2.166997e+01	2.010955e+02
1.880000e-06	2.939708e-06	3.065098e-09	2.149038e+01	2.008742e+02
1.890000e-06	2.914194e-06	3.072166e-09	2.130386e+01	2.005723e+02
1.900000e-06	2.887397e-06	3.100883e-09	2.110796e+01	2.002182e+02
1.910000e-06	2.859643e-06	3.036663e-09	2.090507e+01	1.998487e+02
1.920000e-06	2.831006e-06	3.037499e-09	2.069572e+01	1.994924e+02
1.930000e-06	2.801076e-06	3.067046e-09	2.047693e+01	1.991561e+02
1.940000e-06	2.769952e-06	3.028944e-09	2.024940e+01	1.988219e+02
1.950000e-06	2.737785e-06	3.065699e-09	2.001424e+01	1.984558e+02
1.960000e-06	2.704626e-06	3.061265e-09	1.977184e+01	1.980252e+02
1.970000e-06	2.670669e-06	3.004875e-09	1.952360e+01	1.975151e+02
1.980000e-06	2.635816e-06	3.035171e-09	1.926882e+01	1.969359e+02
1.990000e-06	2.600115e-06	3.032025e-09	1.900783e+01	1.963182e+02
2.000000e-06	2.563720e-06	2.987509e-09	1.874177e+01	1.956967e+02
2.010000e-06	2.526237e-06	2.999865e-09	1.846775e+01	1.950923e+02
2.020000e-06	2.487415e-06	3.007767e-09	1.818395e+01	1.945003e+02
2.030000e-06	2.447623e-06	2.975661e-09	1.789305e+01	1.938926e+02
2.040000e-06	2.407104e-06	2.955738e-09	1.759684e+01	1.932327e+02
2.050000e-06	2.365871e-06	2.959572e-09	1.729541e+01	1.924955e+02
2.060000e-06	2.323930e-06	2.955022e-09	1.698880e+01	1.916828e+02
2.070000e-06	2.281177e-06	2.921221e-09	1.667627e+01	1.908254e+02
2.080000e-06	2.237655e-06	2.910889e-09	1.635810e+01	1.899703e+02
2.090000e-06	2.193542e-06	2.923100e-09	1.603562e+01	1.891589e+02
2.100000e-06	2.148789e-06	2.905283e-09	1.570846e+01	1.884065e+02
2.110000e-06	2.103189e-06	2.874116e-09	1.537511e+01	1.876944e+02
2.120000e-06	2.056791e-06	2.855676e-09	1.503592e+01	1.869778e+02
2.130000e-06	2.009752e-06	2.864277e-09	1.469205e+01	1.862066e+02
2.140000e-06	1.961910e-06	2.850172e-09	1.434231e+01	1.853490e+02
2.150000e-06	1.913157e-06	2.820021e-09	1.398591e+01	1.844059e+02
2.160000e-06	1.863678e-06	2.827859e-09	1.362419e+01	1.834091e+02
2.170000e-06	1.813595e-06	2.820080e-09	1.325806e+01	1.824043e+02
2.180000e-06	1.762893e-06	2.781226e-09	1.288742e+01	1.814275e+02
2.190000e-06	1.711545e-06	2.761484e-09	1.251204e+01	1.804864e+02
2.200000e-06	1.659591e-06	2.762241e-09	1.213224e+01	1.795562e+02
2.210000e-06	1.606966e-06	2.750123e-09	1.174753e+01	1.785915e+02
2.220000e-06	1.553415e-06	2.722128e-09	1.135605e+01	1.775485e+02
2.230000e-06	1.498837e-06	2.705400e-09	1.095706e+01	1.764053e+02
2.240000e-06	1.443508e-06	2.700186e-09	1.055259e+01	1.751710e+02
2.250000e-06	1.387721e-06	2.676438e-09	1.014477e+01	1.738790e+02
2.260000e-06	1.331611e-06	2.650997e-09	9.734579e+00	1.725677e+02
2.270000e-06	1.275178e-06	2.637418e-09	9.322037e+00	1.712608e+02
2.280000e-06	1.218333e-06	2.619699e-09	8.906477e+00	1.699555e+02
2.290000e-06	1.161003e-06	2.593073e-09	8.487370e+00	1.686252e+02
2.300000e-06	1.103265e-06	2.567381e-09	8.065281e+00	1.672356e+02
2.310000e-06	1.045225e-06	2.551468e-09	7.640994e+00	1.657632e+02
2.320000e-06	9.868153e-07	2.526402e-09	7.213993e+00	1.642075e+02
2.330000e-06	9.279626e-07	2.497777e-09	6.783758e+00	1.625893e+02
2.340000e-06	8.687339e-07	2.478476e-09	6.350774e+00	1.609365e+02
2.350000e-06	8.092553e-07	2.457439e-09	5.915963e+00	1.592657e+02
2.360000e-06	7.495756e-07	2.430948e-09	5.479681e+00	1.575693e+02
2.370000e-06	6.897382e-07	2.402304e-09	5.042247e+00	1.558168e+02
2.380000e-06	6.297944e-07	2.371680e-09	4.604036e+00	1.539687e+02
2.390000e-06	5.697511e-07	2.338391e-09	4.165096e+00	1.519971e+02
2.400000e-06	5.095958e-07	2.307516e-09	3.725338e+00	1.498994e+02
2.410000e-06	4.493070e-07	2.279475e-09	3.284604e+00	1.476985e+02
2.420000e-06	3.888278e-07	2.247525e-09	2.842479e+00	1.454272e+02
2.430000e-06	3.282531e-07	2.209855e-09	2.399655e+00	1.431059e+02
2.440000e-06	2.676576e-07	2.172903e-09	1.956678e+00	1.407244e+02
2.450000e-06	2.068869e-07	2.136196e-09	1.512422e+00	1.382401e+02
2.460000e-06	1.459276e-07	2.095227e-09	1.066786e+00	1.355935e+02
2.470000e-06	8.483230e-08	2.052688e-09	6.201563e-01	1.327336e+02
2.480000e-06	2.364858e-08	2.009158e-09	1.728801e-01	1.296405e+02
2.490000e-06	-3.760856e-08	1.958895e-09	-2.749328e-01	1.263298e+02
2.500000e-06	-9.888107e-08	1.902412e-09	-7.228581e-01	1.228365e+02
2.510000e-06	-1.600255e-07	1.846046e-09	-1.169847e+00	1.191841e+02
2.520000e-06	-2.210226e-07	1.786933e-09	-1.615759e+00	1.153549e+02
2.530000e-06	-2.819407e-07	1.723382e-09	-2.061093e+00	1.112787e+02
2.540000e-06	-3.428091e-07	1.655180e-09	-2.506064e+00	1.068482e+02
2.550000e-06	-4.035602e-07	1.581538e-09	-2.950178e+00	1.019535e+02
2.560000e-06	-4.641407e-07	1.501130e-09	-3.393045e+00	9.651812e+01
2.570000e-06	-5.245352e-07	1.411002e-09	-3.834551e+00	9.051377e+01
2.580000e-06	-5.847426e-07	1.311569e-09	-4.274690e+00	8.393916e+01
2.590000e-06	-6.447900e-07	1.201688e-09	-4.713659e+00	7.676722e+01
2.600000e-06	-7.047512e-07	1.080518e-09	-5.151998e+00	6.888339e+01
2.610000e-06	-7.646215e-07	9.445450e-10	-5.589673e+00	6.004900e+01
2.620000e-06	-8.242866e-07	7.888080e-10	-6.025847e+00	4.991919e+01
2.630000e-06	-8.836935e-07	6.100643e-10	-6.460134e+00	3.812573e+01
2.640000e-06	-9.427797e-07	4.058750e-10	-6.892077e+00	2.440672e+01
2.650000e-06	-1.001448e-06	1.735358e-10	-7.320966e+00	8.741436e+00
2.660000e-06	-1.059736e-06	-8.896220e-11	-7.747071e+00	-8.560931e+00
2.670000e-06	-1.117645e-06	-3.729676e-10	-8.170407e+00	-2.685893e+01
2.680000e-06	-1.175144e-06	-6.608949e-10	-8.590746e+00	-4.527466e+01
2.690000e-06	-1.232163e-06	-9.359910e-10	-9.007576e+00	-6.286464e+01
2.700000e-06	-1.288661e-06	-1.184492e-09	-9.420602e+00	-7.881463e+01
2.710000e-06	-1.344782e-06	-1.395849e-09	-9.830869e+00	-9.259837e+01
2.720000e-06	-1.400627e-06	-1.569570e-09	-1.023911e+01	-1.040528e+02
2.730000e-06	-1.456102e-06	-1.712961e-09	-1.064466e+01	-1.133531e+02
2.740000e-06	-1.510931e-06	-1.833059e-09	-1.104548e+01	-1.209040e+02
2.750000e-06	-1.564899e-06	-1.935252e-09	-1.144001e+01	-1.271933e+02
2.760000e-06	-1.617989e-06	-2.023623e-09	-1.182811e+01	-1.326561e+02
2.770000e-06	-1.670383e-06	-2.101862e-09	-1.221113e+01	-1.375923e+02
2.780000e-06	-1.722228e-06	-2.173282e-09	-1.259014e+01	-1.421498e+02
2.790000e-06	-1.773493e-06	-2.237569e-09	-1.296491e+01	-1.463639e+02
2.800000e-06	-1.824090e-06	-2.295040e-09	-1.333479e+01	-1.502205e+02
2.810000e-06	-1.874000e-06	-2.348177e-09	-1.369965e+01	-1.537127e+02
2.820000e-06	-1.923103e-06	-2.398908e-09	-1.405861e+01	-1.568690e+02
2.830000e-06	-1.971181e-06	-2.447773e-09	-1.441008e+01	-1.597486e+02
2.840000e-06	-2.018323e-06	-2.491176e-09	-1.475470e+01	-1.624169e+02
2.850000e-06	-2.064771e-06	-2.529399e-09	-1.509426e+01	-1.649192e+02
2.860000e-06	-2.110634e-06	-2.566998e-09	-1.542953e+01	-1.672694e+02
2.870000e-06	-2.155782e-06	-2.602113e-09	-1.575958e+01	-1.694575e+02
2.880000e-06	-2.200197e-06	-2.630479e-09	-1.608428e+01	-1.714698e+02
2.890000e-06	-2.244065e-06	-2.657206e-09	-1.640496e+01	-1.733086e+02
2.900000e-06	-2.287318e-06	-2.687648e-09	-1.672116e+01	-1.750003e+02
2.910000e-06	-2.329776e-06	-2.716688e-09	-1.703154e+01	-1.765874e+02
2.920000e-06	-2.371399e-06	-2.740530e-09	-1.733582e+01	-1.781105e+02
2.930000e-06	-2.412189e-06	-2.764198e-09	-1.763402e+01	-1.795900e+02
2.940000e-06	-2.452302e-06	-2.788269e-09	-1.792725e+01	-1.810179e+02
2.950000e-06	-2.491706e-06	-2.808472e-09	-1.821531e+01	-1.823650e+02
2.960000e-06	-2.529973e-06	-2.825745e-09	-1.849506e+01	-1.835982e+02
2.970000e-06	-2.566980e-06	-2.843782e-09	-1.876560e+01	-1.847005e+02
2.980000e-06	-2.603082e-06	-2.860489e-09	-1.902952e+01	-1.856814e+02
2.990000e-06	-2.638423e-06	-2.873679e-09	-1.928787e+01	-1.865754e+02
3.000000e-06	-2.672868e-06	-2.885614e-09	-1.953967e+01	-1.874270e+02
3.010000e-06	-2.706358e-06	-2.899120e-09	-1.978450e+01	-1.882733e+02
3.020000e-06	-2.738944e-06	-2.913155e-09	-2.002272e+01	-1.891294e+02
3.030000e-06	-2.770771e-06	-2.925818e-09	-2.025538e+01	-1.899866e+02
3.040000e-06	-2.801594e-06	-2.937263e-09	-2.048071e+01	-1.908201e+02
3.050000e-06	-2.831093e-06	-2.949228e-09	-2.069636e+01	-1.916042e+02
3.060000e-06	-2.859496e-06	-2.962581e-09	-2.090400e+01	-1.923237e+02
3.070000e-06	-2.887028e-06	-2.975046e-09	-2.110527e+01	-1.929801e+02
3.080000e-06	-2.913595e-06	-2.984875e-09	-2.129949e+01	-1.935868e+02
3.090000e-06	-2.939067e-06	-2.991642e-09	-2.148569e+01	-1.941605e+02
3.100000e-06	-2.963552e-06	-2.998603e-09	-2.166469e+01	-1.947115e+02
3.110000e-06	-2.987219e-06	-3.007866e-09	-2.183770e+01	-1.952407e+02
3.120000e-06	-3.009780e-06	-3.016482e-09	-2.200263e+01	-1.957422e+02
3.130000e-06	-3.030975e-06	-3.023493e-09	-2.215757e+01	-1.962106e+02
3.140000e-06	-3.051100e-06	-3.030789e-09	-2.230470e+01	-1.966469e+02
3.150000e-06	-3.070316e-06	-3.038745e-09	-2.244517e+01	-1.970605e+02
3.160000e-06	-3.088517e-06	-3.044720e-09	-2.257823e+01	-1.974644e+02
3.170000e-06	-3.105650e-06	-3.050652e-09	-2.270348e+01	-1.978684e+02
3.180000e-06	-3.121766e-06	-3.057892e-09	-2.282129e+01	-1.982726e+02
3.190000e-06	-3.136753e-06	-3.063856e-09	-2.293086e+01	-1.986659e+02
3.200000e-06	-3.150265e-06	-3.067792e-09	-2.302963e+01	-1.990315e+02
3.210000e-06	-3.162385e-06	-3.071261e-09	-2.311823e+01	-1.993545e+02
3.220000e-06	-3.173307e-06	-3.075572e-09	-2.319808e+01	-1.996297e+02
3.230000e-06	-3.183132e-06	-3.080292e-09	-2.326990e+01	-1.998639e+02
3.240000e-06	-3.191932e-06	-3.084122e-09	-2.333423e+01	-2.000725e+02
3.250000e-06	-3.199716e-06	-3.087039e-09	-2.339114e+01	-2.002716e+02
3.260000e-06	-3.206257e-06	-3.090649e-09	-2.343895e+01	-2.004707e+02
3.270000e-06	-3.211369e-06	-3.094004e-09	-2.347632e+01	-2.006692e+02
3.280000e-06	-3.215391e-06	-3.096488e-09	-2.350572e+01	-2.008585e+02
3.290000e-06	-3.218411e-06	-3.097316e-09	-2.352780e+01	-2.010285e+02
3.300000e-06	-3.220372e-06	-3.097103e-09	-2.354214e+01	-2.011738e+02
3.310000e-06	-3.221278e-06	-3.097384e-09	-2.354876e+01	-2.012965e+02
