# Temperatura_=_20.0
# Concentracion g/m^3_=_4600.0
# C_Vs_to_Am_M_A/Vsm_=_65563218390.804596
# pendiente_HvsI_1/m_=_3716.3
# ordenada_HvsI_A/m_=_1297.0
# frecuencia_Hz_=_301461.0354994005

Tiempo_(s)	Campo_(V.s)	Magnetizacion_(V.s)	Campo_(kA/m)	Magnetizacion_(A/m)
0.000000e+00	-3.220303e-06	-5.050101e-11	-2.354559e+01	-2.989733e+00
1.000000e-08	-3.219666e-06	-5.349869e-11	-2.354093e+01	-3.120154e+00
2.000000e-08	-3.217724e-06	-5.572713e-11	-2.352673e+01	-3.273395e+00
3.000000e-08	-3.214551e-06	-5.987903e-11	-2.350353e+01	-3.419957e+00
4.000000e-08	-3.210413e-06	-6.348719e-11	-2.347327e+01	-3.529678e+00
5.000000e-08	-3.205287e-06	-6.582461e-11	-2.343579e+01	-3.584289e+00
6.000000e-08	-3.199067e-06	-6.575315e-11	-2.339032e+01	-3.585447e+00
7.000000e-08	-3.191894e-06	-6.095953e-11	-2.333787e+01	-3.554523e+00
8.000000e-08	-3.183822e-06	-6.712791e-11	-2.327885e+01	-3.524030e+00
9.000000e-08	-3.174323e-06	-7.970617e-11	-2.320940e+01	-3.524349e+00
1.000000e-07	-3.163034e-06	-7.683839e-11	-2.312686e+01	-3.571539e+00
1.100000e-07	-3.150275e-06	-5.537360e-11	-2.303357e+01	-3.661526e+00
1.200000e-07	-3.136547e-06	-4.736464e-11	-2.293319e+01	-3.773049e+00
1.300000e-07	-3.121833e-06	-9.179549e-11	-2.282561e+01	-3.877769e+00
1.400000e-07	-3.105681e-06	-9.544664e-11	-2.270752e+01	-3.952780e+00
1.500000e-07	-3.088457e-06	-2.581359e-11	-2.258158e+01	-3.989849e+00
1.600000e-07	-3.070650e-06	-8.073034e-11	-2.245138e+01	-3.997462e+00
1.700000e-07	-3.051847e-06	-1.038807e-10	-2.231390e+01	-3.995214e+00
1.800000e-07	-3.031873e-06	-1.029254e-11	-2.216786e+01	-4.003625e+00
1.900000e-07	-3.011054e-06	-5.160031e-11	-2.201564e+01	-4.034374e+00
2.000000e-07	-2.989346e-06	-1.186331e-10	-2.185692e+01	-4.085390e+00
2.100000e-07	-2.966481e-06	-4.069623e-11	-2.168974e+01	-4.142683e+00
2.200000e-07	-2.942690e-06	-4.304839e-11	-2.151579e+01	-4.187429e+00
2.300000e-07	-2.917879e-06	-1.133965e-10	-2.133438e+01	-4.204527e+00
2.400000e-07	-2.891574e-06	-3.501085e-11	-2.114205e+01	-4.188435e+00
2.500000e-07	-2.864131e-06	-2.768335e-11	-2.094140e+01	-4.143889e+00
2.600000e-07	-2.835814e-06	-1.076859e-10	-2.073436e+01	-4.081810e+00
2.700000e-07	-2.806441e-06	-7.975397e-11	-2.051959e+01	-4.013121e+00
2.800000e-07	-2.776052e-06	-5.083756e-11	-2.029740e+01	-3.943888e+00
2.900000e-07	-2.744856e-06	-8.110247e-11	-2.006930e+01	-3.874125e+00
3.000000e-07	-2.712944e-06	-5.972335e-11	-1.983598e+01	-3.800305e+00
3.100000e-07	-2.680020e-06	-4.872064e-11	-1.959525e+01	-3.719508e+00
3.200000e-07	-2.645747e-06	-5.984822e-11	-1.934466e+01	-3.632368e+00
3.300000e-07	-2.610364e-06	-5.404363e-11	-1.908596e+01	-3.542887e+00
3.400000e-07	-2.574208e-06	-6.006384e-11	-1.882159e+01	-3.455255e+00
3.500000e-07	-2.537146e-06	-6.433157e-11	-1.855062e+01	-3.369811e+00
3.600000e-07	-2.499100e-06	-6.346449e-11	-1.827244e+01	-3.281007e+00
3.700000e-07	-2.460176e-06	-5.179725e-11	-1.798784e+01	-3.179233e+00
3.800000e-07	-2.420599e-06	-5.325507e-11	-1.769847e+01	-3.056112e+00
3.900000e-07	-2.380450e-06	-4.829425e-11	-1.740491e+01	-2.910664e+00
4.000000e-07	-2.339260e-06	-3.509610e-11	-1.710375e+01	-2.752780e+00
4.100000e-07	-2.296759e-06	-4.462251e-11	-1.679300e+01	-2.601481e+00
4.200000e-07	-2.253370e-06	-5.739337e-11	-1.647575e+01	-2.478004e+00
4.300000e-07	-2.209350e-06	-3.560736e-11	-1.615390e+01	-2.396576e+00
4.400000e-07	-2.164577e-06	-2.465500e-11	-1.582654e+01	-2.357318e+00
4.500000e-07	-2.119005e-06	-4.249893e-11	-1.549333e+01	-2.345089e+00
4.600000e-07	-2.072692e-06	-4.353777e-11	-1.515471e+01	-2.335385e+00
4.700000e-07	-2.025696e-06	-4.186205e-11	-1.481109e+01	-2.304961e+00
4.800000e-07	-1.978106e-06	-4.121915e-11	-1.446313e+01	-2.242309e+00
4.900000e-07	-1.929769e-06	-3.973210e-11	-1.410971e+01	-2.152882e+00
5.000000e-07	-1.880390e-06	-2.734761e-11	-1.374867e+01	-2.056292e+00
5.100000e-07	-1.829906e-06	-1.925332e-11	-1.337955e+01	-1.976490e+00
5.200000e-07	-1.778551e-06	-2.884470e-11	-1.300407e+01	-1.929460e+00
5.300000e-07	-1.726535e-06	-3.823115e-11	-1.262374e+01	-1.914343e+00
5.400000e-07	-1.673858e-06	-3.195607e-11	-1.223859e+01	-1.912471e+00
5.500000e-07	-1.620608e-06	-2.584884e-11	-1.184925e+01	-1.895129e+00
5.600000e-07	-1.566817e-06	-3.433580e-11	-1.145595e+01	-1.836654e+00
5.700000e-07	-1.512390e-06	-3.356300e-11	-1.105800e+01	-1.726849e+00
5.800000e-07	-1.457418e-06	-2.469264e-11	-1.065607e+01	-1.576826e+00
5.900000e-07	-1.402106e-06	-1.991350e-11	-1.025165e+01	-1.415387e+00
6.000000e-07	-1.346471e-06	-1.954614e-11	-9.844863e+00	-1.277436e+00
6.100000e-07	-1.290433e-06	-1.705860e-11	-9.435141e+00	-1.189588e+00
6.200000e-07	-1.233949e-06	-1.868649e-11	-9.022149e+00	-1.159482e+00
6.300000e-07	-1.176864e-06	-2.007178e-11	-8.604769e+00	-1.173519e+00
6.400000e-07	-1.119054e-06	-1.683985e-11	-8.182081e+00	-1.203854e+00
6.500000e-07	-1.060507e-06	-1.694369e-11	-7.754009e+00	-1.221263e+00
6.600000e-07	-1.001433e-06	-1.855823e-11	-7.322086e+00	-1.207932e+00
6.700000e-07	-9.421053e-07	-2.126699e-11	-6.888303e+00	-1.164486e+00
6.800000e-07	-8.825706e-07	-2.106714e-11	-6.453009e+00	-1.108396e+00
6.900000e-07	-8.228843e-07	-1.827499e-11	-6.016606e+00	-1.064958e+00
7.000000e-07	-7.630782e-07	-1.293106e-11	-5.579327e+00	-1.055245e+00
7.100000e-07	-7.030410e-07	-1.010771e-11	-5.140359e+00	-1.086560e+00
7.200000e-07	-6.427217e-07	-1.291885e-11	-4.699328e+00	-1.149378e+00
7.300000e-07	-5.821983e-07	-1.771069e-11	-4.256805e+00	-1.221613e+00
7.400000e-07	-5.214806e-07	-2.021643e-11	-3.812861e+00	-1.277744e+00
7.500000e-07	-4.605776e-07	-1.925143e-11	-3.367562e+00	-1.298495e+00
7.600000e-07	-3.995351e-07	-2.060105e-11	-2.921243e+00	-1.277032e+00
7.700000e-07	-3.383331e-07	-2.241032e-11	-2.473758e+00	-1.219662e+00
7.800000e-07	-2.770242e-07	-2.199124e-11	-2.025492e+00	-1.141680e+00
7.900000e-07	-2.156792e-07	-1.729003e-11	-1.576961e+00	-1.060890e+00
8.000000e-07	-1.542921e-07	-1.260635e-11	-1.128123e+00	-9.917861e-01
8.100000e-07	-9.285722e-08	-1.061419e-11	-6.789354e-01	-9.422970e-01
8.200000e-07	-3.134339e-08	-1.162685e-11	-2.291705e-01	-9.133568e-01
8.300000e-07	3.020955e-08	-1.574650e-11	2.208804e-01	-9.002329e-01
8.400000e-07	9.172657e-08	-1.834779e-11	6.706685e-01	-8.942438e-01
8.500000e-07	1.532624e-07	-1.883754e-11	1.120594e+00	-8.841635e-01
8.600000e-07	2.148175e-07	-1.750577e-11	1.570661e+00	-8.576019e-01
8.700000e-07	2.763089e-07	-1.766465e-11	2.020262e+00	-8.031536e-01
8.800000e-07	3.377422e-07	-1.672772e-11	2.469438e+00	-7.136912e-01
8.900000e-07	3.990055e-07	-1.347803e-11	2.917371e+00	-5.900498e-01
9.000000e-07	4.600938e-07	-9.726733e-12	3.364025e+00	-4.432783e-01
9.100000e-07	5.210449e-07	-6.587890e-12	3.809675e+00	-2.934690e-01
9.200000e-07	5.817981e-07	-4.328046e-12	4.253878e+00	-1.643257e-01
9.300000e-07	6.422737e-07	-3.720686e-12	4.696052e+00	-7.470409e-02
9.400000e-07	7.024531e-07	-4.652742e-12	5.136060e+00	-3.033114e-02
9.500000e-07	7.624660e-07	-4.119529e-12	5.574851e+00	-1.960862e-02
9.600000e-07	8.222934e-07	-3.479615e-12	6.012286e+00	-1.619408e-02
9.700000e-07	8.819050e-07	-2.689740e-12	6.448142e+00	1.175774e-02
9.800000e-07	9.413386e-07	-2.146558e-12	6.882697e+00	8.899610e-02
9.900000e-07	1.000525e-06	-1.276616e-13	7.315444e+00	2.225077e-01
1.000000e-06	1.059353e-06	3.389827e-12	7.745570e+00	3.977245e-01
1.010000e-06	1.117696e-06	6.439902e-12	8.172153e+00	5.837993e-01
1.020000e-06	1.175288e-06	9.038713e-12	8.593243e+00	7.461271e-01
1.030000e-06	1.232107e-06	1.134802e-11	9.008678e+00	8.608521e-01
1.040000e-06	1.288344e-06	1.291947e-11	9.419867e+00	9.249325e-01
1.050000e-06	1.344166e-06	1.260722e-11	9.828016e+00	9.571194e-01
1.060000e-06	1.399707e-06	1.327586e-11	1.023411e+01	9.892332e-01
1.070000e-06	1.454873e-06	1.538742e-11	1.063746e+01	1.051561e+00
1.080000e-06	1.509509e-06	1.753326e-11	1.103693e+01	1.158974e+00
1.090000e-06	1.563578e-06	1.900770e-11	1.143227e+01	1.304103e+00
1.100000e-06	1.617161e-06	2.098215e-11	1.182404e+01	1.460713e+00
1.110000e-06	1.670245e-06	2.295500e-11	1.221217e+01	1.595678e+00
1.120000e-06	1.722753e-06	2.352645e-11	1.259609e+01	1.684000e+00
1.130000e-06	1.774639e-06	2.456019e-11	1.297546e+01	1.719881e+00
1.140000e-06	1.825804e-06	2.619676e-11	1.334956e+01	1.718763e+00
1.150000e-06	1.876087e-06	2.672269e-11	1.371721e+01	1.709473e+00
1.160000e-06	1.925323e-06	2.651124e-11	1.407720e+01	1.720251e+00
1.170000e-06	1.973610e-06	2.813348e-11	1.443026e+01	1.765278e+00
1.180000e-06	2.021189e-06	3.012935e-11	1.477814e+01	1.837993e+00
1.190000e-06	2.068111e-06	3.117391e-11	1.512122e+01	1.914291e+00
1.200000e-06	2.114348e-06	3.285478e-11	1.545928e+01	1.964028e+00
1.210000e-06	2.159838e-06	3.471139e-11	1.579188e+01	1.965451e+00
1.220000e-06	2.204539e-06	3.504700e-11	1.611872e+01	1.915866e+00
1.230000e-06	2.248550e-06	3.391800e-11	1.644051e+01	1.833703e+00
1.240000e-06	2.292009e-06	3.245948e-11	1.675826e+01	1.751116e+00
1.250000e-06	2.334791e-06	3.037052e-11	1.707107e+01	1.700558e+00
1.260000e-06	2.376514e-06	2.957579e-11	1.737613e+01	1.701343e+00
1.270000e-06	2.417076e-06	3.206914e-11	1.767271e+01	1.752040e+00
1.280000e-06	2.456720e-06	3.436066e-11	1.796257e+01	1.831730e+00
1.290000e-06	2.495529e-06	3.456685e-11	1.824632e+01	1.909202e+00
1.300000e-06	2.533494e-06	3.407014e-11	1.852391e+01	1.955809e+00
1.310000e-06	2.570621e-06	3.323001e-11	1.879537e+01	1.956460e+00
1.320000e-06	2.606897e-06	3.252369e-11	1.906061e+01	1.914410e+00
1.330000e-06	2.642484e-06	3.296571e-11	1.932080e+01	1.848488e+00
1.340000e-06	2.677307e-06	3.448027e-11	1.957541e+01	1.784616e+00
1.350000e-06	2.710871e-06	3.446603e-11	1.982082e+01	1.745591e+00
1.360000e-06	2.743150e-06	3.280388e-11	2.005683e+01	1.743293e+00
1.370000e-06	2.774515e-06	3.208569e-11	2.028616e+01	1.775949e+00
1.380000e-06	2.805038e-06	3.243365e-11	2.050933e+01	1.830688e+00
1.390000e-06	2.834642e-06	3.386504e-11	2.072578e+01	1.889593e+00
1.400000e-06	2.863320e-06	3.521797e-11	2.093547e+01	1.936449e+00
1.410000e-06	2.891163e-06	3.581529e-11	2.113905e+01	1.961754e+00
1.420000e-06	2.918083e-06	3.377182e-11	2.133588e+01	1.964697e+00
1.430000e-06	2.943735e-06	3.176509e-11	2.152343e+01	1.952185e+00
1.440000e-06	2.968048e-06	3.172972e-11	2.170120e+01	1.935844e+00
1.450000e-06	2.991315e-06	3.060111e-11	2.187132e+01	1.928226e+00
1.460000e-06	3.013642e-06	3.062294e-11	2.203456e+01	1.939225e+00
1.470000e-06	3.034951e-06	3.169029e-11	2.219036e+01	1.973409e+00
1.480000e-06	3.055279e-06	3.177666e-11	2.233900e+01	2.028734e+00
1.490000e-06	3.074731e-06	3.115304e-11	2.248122e+01	2.096998e+00
1.500000e-06	3.093148e-06	3.029051e-11	2.261588e+01	2.166183e+00
1.510000e-06	3.110411e-06	2.977585e-11	2.274210e+01	2.224325e+00
1.520000e-06	3.126552e-06	2.964679e-11	2.286011e+01	2.263912e+00
1.530000e-06	3.141461e-06	2.974381e-11	2.296912e+01	2.285184e+00
1.540000e-06	3.155163e-06	3.028528e-11	2.306931e+01	2.296780e+00
1.550000e-06	3.167772e-06	3.218518e-11	2.316150e+01	2.312924e+00
1.560000e-06	3.179220e-06	3.410937e-11	2.324521e+01	2.347805e+00
1.570000e-06	3.189259e-06	3.385708e-11	2.331860e+01	2.409283e+00
1.580000e-06	3.197865e-06	3.260896e-11	2.338153e+01	2.494731e+00
1.590000e-06	3.205331e-06	3.291805e-11	2.343612e+01	2.591294e+00
1.600000e-06	3.211717e-06	3.421058e-11	2.348281e+01	2.681006e+00
1.610000e-06	3.216929e-06	3.574794e-11	2.352092e+01	2.748922e+00
1.620000e-06	3.221103e-06	3.688055e-11	2.355144e+01	2.790712e+00
1.630000e-06	3.224380e-06	3.695608e-11	2.357540e+01	2.815962e+00
1.640000e-06	3.226431e-06	3.703169e-11	2.359039e+01	2.845124e+00
1.650000e-06	3.227034e-06	3.789745e-11	2.359480e+01	2.900879e+00
1.660000e-06	3.226500e-06	3.791145e-11	2.359090e+01	2.997454e+00
1.670000e-06	3.224997e-06	3.776423e-11	2.357991e+01	3.132743e+00
1.680000e-06	3.222494e-06	4.047683e-11	2.356160e+01	3.287160e+00
1.690000e-06	3.219027e-06	4.321248e-11	2.353626e+01	3.430322e+00
1.700000e-06	3.214758e-06	4.482550e-11	2.350504e+01	3.533044e+00
1.710000e-06	3.209534e-06	4.685234e-11	2.346685e+01	3.579579e+00
1.720000e-06	3.202925e-06	5.125091e-11	2.341853e+01	3.574627e+00
1.730000e-06	3.195115e-06	5.056656e-11	2.336142e+01	3.541837e+00
1.740000e-06	3.186411e-06	2.574284e-11	2.329778e+01	3.514274e+00
1.750000e-06	3.176463e-06	2.983151e-11	2.322504e+01	3.520918e+00
1.760000e-06	3.164714e-06	5.068679e-11	2.313914e+01	3.575112e+00
1.770000e-06	3.151212e-06	7.542778e-11	2.304042e+01	3.669942e+00
1.780000e-06	3.136903e-06	3.519482e-11	2.293580e+01	3.782400e+00
1.790000e-06	3.122241e-06	8.058401e-12	2.282859e+01	3.884175e+00
1.800000e-06	3.106372e-06	9.923758e-11	2.271257e+01	3.954031e+00
1.810000e-06	3.089002e-06	6.228532e-11	2.258557e+01	3.986188e+00
1.820000e-06	3.070906e-06	3.170625e-12	2.245325e+01	3.991217e+00
1.830000e-06	3.052106e-06	1.046072e-10	2.231579e+01	3.989517e+00
1.840000e-06	3.032073e-06	1.174104e-10	2.216933e+01	4.000869e+00
1.850000e-06	3.011085e-06	7.274441e-12	2.201587e+01	4.035135e+00
1.860000e-06	2.989078e-06	7.544448e-11	2.185496e+01	4.088278e+00
1.870000e-06	2.965618e-06	1.328665e-10	2.168343e+01	4.145098e+00
1.880000e-06	2.941079e-06	2.784000e-11	2.150401e+01	4.186806e+00
1.890000e-06	2.915515e-06	7.983563e-11	2.131710e+01	4.199410e+00
1.900000e-06	2.888667e-06	1.469936e-10	2.112079e+01	4.178924e+00
1.910000e-06	2.860859e-06	3.829311e-11	2.091747e+01	4.131302e+00
1.920000e-06	2.832273e-06	4.825888e-11	2.070846e+01	4.067852e+00
1.930000e-06	2.802567e-06	9.452576e-11	2.049126e+01	3.999028e+00
1.940000e-06	2.771654e-06	5.196721e-11	2.026524e+01	3.930009e+00
1.950000e-06	2.739610e-06	8.713172e-11	2.003095e+01	3.860080e+00
1.960000e-06	2.706450e-06	8.471972e-11	1.978849e+01	3.785546e+00
1.970000e-06	2.672488e-06	6.115465e-11	1.954018e+01	3.703873e+00
1.980000e-06	2.637669e-06	9.118867e-11	1.928560e+01	3.616271e+00
1.990000e-06	2.601935e-06	5.681553e-11	1.902432e+01	3.527014e+00
2.000000e-06	2.565570e-06	4.258583e-11	1.875844e+01	3.439971e+00
2.010000e-06	2.528231e-06	8.351504e-11	1.848543e+01	3.354687e+00
2.020000e-06	2.489556e-06	5.846791e-11	1.820266e+01	3.264826e+00
2.030000e-06	2.449854e-06	5.051073e-11	1.791237e+01	3.160571e+00
2.040000e-06	2.409399e-06	5.830569e-11	1.761657e+01	3.034251e+00
2.050000e-06	2.368213e-06	5.504747e-11	1.731544e+01	2.886328e+00
2.060000e-06	2.326272e-06	5.696654e-11	1.700878e+01	2.728241e+00
2.070000e-06	2.283538e-06	2.240638e-11	1.669633e+01	2.579846e+00
2.080000e-06	2.240036e-06	4.753999e-11	1.637826e+01	2.461945e+00
2.090000e-06	2.195931e-06	7.405522e-11	1.605578e+01	2.387077e+00
2.100000e-06	2.151297e-06	3.042205e-11	1.572944e+01	2.353087e+00
2.110000e-06	2.105849e-06	3.032144e-11	1.539714e+01	2.342983e+00
2.120000e-06	2.059488e-06	4.271634e-11	1.505816e+01	2.331734e+00
2.130000e-06	2.012480e-06	3.935661e-11	1.471446e+01	2.297204e+00
2.140000e-06	1.964805e-06	3.084654e-11	1.436588e+01	2.230160e+00
2.150000e-06	1.916306e-06	2.735017e-11	1.401128e+01	2.138444e+00
2.160000e-06	1.866997e-06	5.767421e-11	1.365075e+01	2.043007e+00
2.170000e-06	1.816975e-06	4.852755e-11	1.328501e+01	1.967401e+00
2.180000e-06	1.766344e-06	1.739747e-11	1.291481e+01	1.925598e+00
2.190000e-06	1.715046e-06	3.358024e-11	1.253974e+01	1.914037e+00
2.200000e-06	1.663105e-06	3.854925e-11	1.215997e+01	1.911962e+00
2.210000e-06	1.610575e-06	2.745172e-11	1.177589e+01	1.890235e+00
2.220000e-06	1.557304e-06	2.410382e-11	1.138639e+01	1.824743e+00
2.230000e-06	1.502993e-06	3.222151e-11	1.098929e+01	1.708183e+00
2.240000e-06	1.447723e-06	3.770822e-11	1.058518e+01	1.554637e+00
2.250000e-06	1.391910e-06	1.899423e-11	1.017710e+01	1.394624e+00
2.260000e-06	1.335770e-06	2.044565e-11	9.766620e+00	1.262726e+00
2.270000e-06	1.279315e-06	2.625786e-11	9.353845e+00	1.183342e+00
2.280000e-06	1.222454e-06	1.964289e-11	8.938099e+00	1.160988e+00
2.290000e-06	1.165074e-06	2.114516e-11	8.518563e+00	1.179410e+00
2.300000e-06	1.107246e-06	2.140678e-11	8.095748e+00	1.209711e+00
2.310000e-06	1.049147e-06	2.246610e-11	7.670948e+00	1.223594e+00
2.320000e-06	9.907633e-07	1.766871e-11	7.244071e+00	1.205638e+00
2.330000e-06	9.320253e-07	1.507413e-11	6.814602e+00	1.159176e+00
2.340000e-06	8.728956e-07	2.016067e-11	6.382269e+00	1.103480e+00
2.350000e-06	8.134066e-07	1.899511e-11	5.947309e+00	1.063977e+00
2.360000e-06	7.536978e-07	2.096508e-11	5.510741e+00	1.060240e+00
2.370000e-06	6.938462e-07	2.511973e-11	5.073130e+00	1.097175e+00
2.380000e-06	6.338405e-07	2.101072e-11	4.634392e+00	1.163049e+00
2.390000e-06	5.736968e-07	1.770199e-11	4.194645e+00	1.234664e+00
2.400000e-06	5.134260e-07	1.861057e-11	3.753969e+00	1.286840e+00
2.410000e-06	4.530785e-07	2.040910e-11	3.312731e+00	1.301820e+00
2.420000e-06	3.926634e-07	1.995163e-11	2.871000e+00	1.274735e+00
2.430000e-06	3.321303e-07	2.050580e-11	2.428406e+00	1.213520e+00
2.440000e-06	2.715014e-07	2.336623e-11	1.985111e+00	1.134236e+00
2.450000e-06	2.107572e-07	1.984523e-11	1.540974e+00	1.054527e+00
2.460000e-06	1.498605e-07	1.682364e-11	1.095721e+00	9.880764e-01
2.470000e-06	8.887793e-08	1.875464e-11	6.498404e-01	9.417834e-01
2.480000e-06	2.788935e-08	1.962093e-11	2.039160e-01	9.156688e-01
2.490000e-06	-3.311098e-08	1.490774e-11	-2.420944e-01	9.043352e-01
2.500000e-06	-9.414588e-08	1.223282e-11	-6.883576e-01	8.986593e-01
2.510000e-06	-1.551669e-07	1.602068e-11	-1.134519e+00	8.871554e-01
2.520000e-06	-2.160810e-07	1.512834e-11	-1.579899e+00	8.574156e-01
2.530000e-06	-2.768994e-07	1.192415e-11	-2.024579e+00	7.984206e-01
2.540000e-06	-3.376482e-07	1.156261e-11	-2.468750e+00	7.039650e-01
2.550000e-06	-3.982820e-07	1.115240e-11	-2.912081e+00	5.762662e-01
2.560000e-06	-4.587776e-07	8.897108e-12	-3.354401e+00	4.278350e-01
2.570000e-06	-5.191403e-07	6.046526e-12	-3.795749e+00	2.797071e-01
2.580000e-06	-5.793958e-07	3.606338e-12	-4.236314e+00	1.554490e-01
2.590000e-06	-6.395675e-07	1.534455e-12	-4.676266e+00	7.249377e-02
2.600000e-06	-6.996061e-07	-9.558945e-14	-5.115244e+00	3.421105e-02
2.610000e-06	-7.594668e-07	1.797489e-13	-5.552922e+00	2.656610e-02
2.620000e-06	-8.191526e-07	5.809131e-13	-5.989321e+00	2.173712e-02
2.630000e-06	-8.785320e-07	-6.859923e-14	-6.423480e+00	-1.189526e-02
2.640000e-06	-9.375350e-07	-4.901587e-13	-6.854886e+00	-9.708096e-02
2.650000e-06	-9.961225e-07	-1.867394e-12	-7.283255e+00	-2.377544e-01
2.660000e-06	-1.054315e-06	-4.791678e-12	-7.708738e+00	-4.164910e-01
2.670000e-06	-1.112193e-06	-8.893225e-12	-8.131919e+00	-6.010250e-01
2.680000e-06	-1.169638e-06	-1.159533e-11	-8.551931e+00	-7.574348e-01
2.690000e-06	-1.226600e-06	-1.338325e-11	-8.968414e+00	-8.643984e-01
2.700000e-06	-1.283157e-06	-1.481615e-11	-9.381937e+00	-9.221690e-01
2.710000e-06	-1.339361e-06	-1.449585e-11	-9.792883e+00	-9.520957e-01
2.720000e-06	-1.395215e-06	-1.436065e-11	-1.020126e+01	-9.867348e-01
2.730000e-06	-1.450644e-06	-1.558027e-11	-1.060654e+01	-1.054916e+00
2.740000e-06	-1.505459e-06	-1.770933e-11	-1.100732e+01	-1.168526e+00
2.750000e-06	-1.559425e-06	-1.998332e-11	-1.140190e+01	-1.317055e+00
2.760000e-06	-1.612501e-06	-2.272012e-11	-1.178997e+01	-1.472404e+00
2.770000e-06	-1.664882e-06	-2.550382e-11	-1.217296e+01	-1.601708e+00
2.780000e-06	-1.716704e-06	-2.751832e-11	-1.255186e+01	-1.682204e+00
2.790000e-06	-1.767891e-06	-2.794784e-11	-1.292612e+01	-1.711249e+00
2.800000e-06	-1.818454e-06	-2.721367e-11	-1.329582e+01	-1.706882e+00
2.810000e-06	-1.868391e-06	-2.706912e-11	-1.366094e+01	-1.698764e+00
2.820000e-06	-1.917426e-06	-2.766394e-11	-1.401947e+01	-1.713855e+00
2.830000e-06	-1.965369e-06	-2.753501e-11	-1.437000e+01	-1.763563e+00
2.840000e-06	-2.012444e-06	-2.554537e-11	-1.471420e+01	-1.838393e+00
2.850000e-06	-2.058946e-06	-2.511333e-11	-1.505420e+01	-1.912533e+00
2.860000e-06	-2.104922e-06	-2.732810e-11	-1.539036e+01	-1.956172e+00
2.870000e-06	-2.150235e-06	-2.763558e-11	-1.572167e+01	-1.949789e+00
2.880000e-06	-2.194837e-06	-2.474126e-11	-1.604779e+01	-1.893815e+00
2.890000e-06	-2.238806e-06	-2.377347e-11	-1.636927e+01	-1.809290e+00
2.900000e-06	-2.282104e-06	-2.539818e-11	-1.668585e+01	-1.729302e+00
2.910000e-06	-2.324651e-06	-2.499017e-11	-1.699693e+01	-1.685169e+00
2.920000e-06	-2.366460e-06	-2.298796e-11	-1.730263e+01	-1.693516e+00
2.930000e-06	-2.407459e-06	-2.392253e-11	-1.760239e+01	-1.749838e+00
2.940000e-06	-2.447681e-06	-2.696649e-11	-1.789648e+01	-1.831039e+00
2.950000e-06	-2.487147e-06	-2.808932e-11	-1.818504e+01	-1.905469e+00
2.960000e-06	-2.525484e-06	-2.819070e-11	-1.846534e+01	-1.945857e+00
2.970000e-06	-2.562593e-06	-2.909802e-11	-1.873667e+01	-1.939615e+00
2.980000e-06	-2.598832e-06	-2.893104e-11	-1.900164e+01	-1.892560e+00
2.990000e-06	-2.634301e-06	-2.636027e-11	-1.926097e+01	-1.825143e+00
3.000000e-06	-2.668857e-06	-2.332601e-11	-1.951363e+01	-1.763448e+00
3.010000e-06	-2.702450e-06	-2.190411e-11	-1.975925e+01	-1.729091e+00
3.020000e-06	-2.735168e-06	-2.236531e-11	-1.999847e+01	-1.732037e+00
3.030000e-06	-2.767060e-06	-2.472919e-11	-2.023165e+01	-1.768662e+00
3.040000e-06	-2.797853e-06	-2.648657e-11	-2.045680e+01	-1.824956e+00
3.050000e-06	-2.827398e-06	-2.682086e-11	-2.067282e+01	-1.882851e+00
3.060000e-06	-2.855903e-06	-2.759160e-11	-2.088124e+01	-1.926848e+00
3.070000e-06	-2.883502e-06	-2.822025e-11	-2.108303e+01	-1.948638e+00
3.080000e-06	-2.910132e-06	-2.803624e-11	-2.127774e+01	-1.948635e+00
3.090000e-06	-2.935683e-06	-2.831526e-11	-2.146456e+01	-1.934634e+00
3.100000e-06	-2.960279e-06	-2.892131e-11	-2.164439e+01	-1.918631e+00
3.110000e-06	-2.984074e-06	-2.868179e-11	-2.181838e+01	-1.913000e+00
3.120000e-06	-3.006712e-06	-2.858032e-11	-2.198389e+01	-1.927013e+00
3.130000e-06	-3.027948e-06	-2.944647e-11	-2.213916e+01	-1.964333e+00
3.140000e-06	-3.048109e-06	-3.096113e-11	-2.228657e+01	-2.021965e+00
3.150000e-06	-3.067348e-06	-3.196366e-11	-2.242724e+01	-2.090976e+00
3.160000e-06	-3.085573e-06	-3.227550e-11	-2.256049e+01	-2.159091e+00
3.170000e-06	-3.102772e-06	-3.387291e-11	-2.268625e+01	-2.214722e+00
3.180000e-06	-3.118997e-06	-3.632158e-11	-2.280488e+01	-2.251306e+00
3.190000e-06	-3.134050e-06	-3.738559e-11	-2.291494e+01	-2.270324e+00
3.200000e-06	-3.147659e-06	-3.667617e-11	-2.301444e+01	-2.281463e+00
3.210000e-06	-3.159923e-06	-3.546490e-11	-2.310411e+01	-2.299331e+00
3.220000e-06	-3.171009e-06	-3.608158e-11	-2.318517e+01	-2.337580e+00
3.230000e-06	-3.180998e-06	-3.830016e-11	-2.325821e+01	-2.402742e+00
3.240000e-06	-3.189951e-06	-3.980957e-11	-2.332367e+01	-2.490594e+00
3.250000e-06	-3.197903e-06	-4.096968e-11	-2.338181e+01	-2.587136e+00
3.260000e-06	-3.204583e-06	-4.287123e-11	-2.343065e+01	-2.674304e+00
3.270000e-06	-3.209862e-06	-4.478261e-11	-2.346925e+01	-2.738271e+00
3.280000e-06	-3.214028e-06	-4.569375e-11	-2.349971e+01	-2.776627e+00
3.290000e-06	-3.217139e-06	-4.592065e-11	-2.352245e+01	-2.800852e+00
3.300000e-06	-3.219138e-06	-4.609662e-11	-2.353707e+01	-2.832341e+00
3.310000e-06	-3.220096e-06	-4.722679e-11	-2.354407e+01	-2.893210e+00
