# Temperatura_=_20.0
# Concentracion g/m^3_=_4600.0
# C_Vs_to_Am_M_A/Vsm_=_65563218390.804596
# pendiente_HvsI_1/m_=_3716.3
# ordenada_HvsI_A/m_=_1297.0
# frecuencia_Hz_=_301456.0627140274

Tiempo_(s)	Campo_(V.s)	Magnetizacion_(V.s)	Campo_(kA/m)	Magnetizacion_(A/m)
0.000000e+00	-3.215693e-06	-3.147703e-09	-2.354558e+01	-2.047771e+02
1.000000e-08	-3.214970e-06	-3.151676e-09	-2.354028e+01	-2.048460e+02
2.000000e-08	-3.212848e-06	-3.152868e-09	-2.352474e+01	-2.048917e+02
3.000000e-08	-3.209495e-06	-3.152700e-09	-2.350019e+01	-2.049239e+02
4.000000e-08	-3.205285e-06	-3.153445e-09	-2.346937e+01	-2.049404e+02
5.000000e-08	-3.200136e-06	-3.154241e-09	-2.343166e+01	-2.049283e+02
6.000000e-08	-3.193849e-06	-3.149851e-09	-2.338563e+01	-2.048737e+02
7.000000e-08	-3.186571e-06	-3.136928e-09	-2.333234e+01	-2.047738e+02
8.000000e-08	-3.178474e-06	-3.141904e-09	-2.327305e+01	-2.046444e+02
9.000000e-08	-3.168949e-06	-3.182703e-09	-2.320331e+01	-2.045176e+02
1.000000e-07	-3.157555e-06	-3.197655e-09	-2.311988e+01	-2.044281e+02
1.100000e-07	-3.144718e-06	-3.149268e-09	-2.302589e+01	-2.043951e+02
1.200000e-07	-3.130973e-06	-3.064142e-09	-2.292525e+01	-2.044085e+02
1.300000e-07	-3.116246e-06	-3.120628e-09	-2.281741e+01	-2.044277e+02
1.400000e-07	-3.100027e-06	-3.223228e-09	-2.269866e+01	-2.043945e+02
1.500000e-07	-3.082725e-06	-3.107620e-09	-2.257197e+01	-2.042570e+02
1.600000e-07	-3.064902e-06	-3.088204e-09	-2.244147e+01	-2.039929e+02
1.700000e-07	-3.046054e-06	-3.193854e-09	-2.230346e+01	-2.036219e+02
1.800000e-07	-3.025973e-06	-3.081361e-09	-2.215643e+01	-2.032016e+02
1.900000e-07	-3.005118e-06	-3.007961e-09	-2.200373e+01	-2.028066e+02
2.000000e-07	-2.983371e-06	-3.155846e-09	-2.184449e+01	-2.025004e+02
2.100000e-07	-2.960421e-06	-3.107698e-09	-2.167645e+01	-2.023110e+02
2.200000e-07	-2.936557e-06	-3.011878e-09	-2.150172e+01	-2.022212e+02
2.300000e-07	-2.911767e-06	-3.139525e-09	-2.132021e+01	-2.021760e+02
2.400000e-07	-2.885530e-06	-3.113840e-09	-2.112809e+01	-2.021041e+02
2.500000e-07	-2.858048e-06	-3.017268e-09	-2.092687e+01	-2.019436e+02
2.600000e-07	-2.829671e-06	-3.091671e-09	-2.071909e+01	-2.016612e+02
2.700000e-07	-2.800341e-06	-3.088650e-09	-2.050433e+01	-2.012584e+02
2.800000e-07	-2.770031e-06	-3.036738e-09	-2.028240e+01	-2.007639e+02
2.900000e-07	-2.738783e-06	-3.071828e-09	-2.005360e+01	-2.002178e+02
3.000000e-07	-2.706787e-06	-3.037028e-09	-1.981932e+01	-1.996545e+02
3.100000e-07	-2.673855e-06	-3.025989e-09	-1.957819e+01	-1.990932e+02
3.200000e-07	-2.639574e-06	-3.046640e-09	-1.932718e+01	-1.985364e+02
3.300000e-07	-2.604159e-06	-2.988054e-09	-1.906787e+01	-1.979763e+02
3.400000e-07	-2.567968e-06	-2.988821e-09	-1.880288e+01	-1.974026e+02
3.500000e-07	-2.530920e-06	-3.039282e-09	-1.853161e+01	-1.968089e+02
3.600000e-07	-2.492875e-06	-2.998369e-09	-1.825304e+01	-1.961939e+02
3.700000e-07	-2.453931e-06	-2.958001e-09	-1.796789e+01	-1.955586e+02
3.800000e-07	-2.414331e-06	-2.980288e-09	-1.767793e+01	-1.949034e+02
3.900000e-07	-2.374151e-06	-2.966894e-09	-1.738374e+01	-1.942262e+02
4.000000e-07	-2.333047e-06	-2.932249e-09	-1.708277e+01	-1.935244e+02
4.100000e-07	-2.290679e-06	-2.922095e-09	-1.677254e+01	-1.927979e+02
4.200000e-07	-2.247299e-06	-2.937418e-09	-1.645491e+01	-1.920507e+02
4.300000e-07	-2.203249e-06	-2.926436e-09	-1.613237e+01	-1.912903e+02
4.400000e-07	-2.158479e-06	-2.890027e-09	-1.580457e+01	-1.905235e+02
4.500000e-07	-2.112923e-06	-2.876458e-09	-1.547100e+01	-1.897513e+02
4.600000e-07	-2.066673e-06	-2.886262e-09	-1.513235e+01	-1.889668e+02
4.700000e-07	-2.019725e-06	-2.876356e-09	-1.478860e+01	-1.881568e+02
4.800000e-07	-1.972131e-06	-2.841223e-09	-1.444011e+01	-1.873072e+02
4.900000e-07	-1.923875e-06	-2.836094e-09	-1.408677e+01	-1.864099e+02
5.000000e-07	-1.874614e-06	-2.833174e-09	-1.372608e+01	-1.854662e+02
5.100000e-07	-1.824174e-06	-2.798866e-09	-1.335675e+01	-1.844860e+02
5.200000e-07	-1.772848e-06	-2.773238e-09	-1.298094e+01	-1.834814e+02
5.300000e-07	-1.720885e-06	-2.778957e-09	-1.260046e+01	-1.824591e+02
5.400000e-07	-1.668282e-06	-2.766584e-09	-1.221530e+01	-1.814162e+02
5.500000e-07	-1.615080e-06	-2.734329e-09	-1.182575e+01	-1.803407e+02
5.600000e-07	-1.561319e-06	-2.718614e-09	-1.143211e+01	-1.792182e+02
5.700000e-07	-1.506947e-06	-2.710303e-09	-1.103399e+01	-1.780407e+02
5.800000e-07	-1.451988e-06	-2.687471e-09	-1.063158e+01	-1.768121e+02
5.900000e-07	-1.396615e-06	-2.657684e-09	-1.022613e+01	-1.755478e+02
6.000000e-07	-1.340953e-06	-2.643663e-09	-9.818572e+00	-1.742671e+02
6.100000e-07	-1.284944e-06	-2.627075e-09	-9.408465e+00	-1.729826e+02
6.200000e-07	-1.228467e-06	-2.601364e-09	-8.994942e+00	-1.716922e+02
6.300000e-07	-1.171425e-06	-2.578730e-09	-8.577274e+00	-1.703779e+02
6.400000e-07	-1.113661e-06	-2.561214e-09	-8.154316e+00	-1.690129e+02
6.500000e-07	-1.055196e-06	-2.536849e-09	-7.726237e+00	-1.675738e+02
6.600000e-07	-9.962391e-07	-2.508845e-09	-7.294546e+00	-1.660506e+02
6.700000e-07	-9.369700e-07	-2.489132e-09	-6.860573e+00	-1.644501e+02
6.800000e-07	-8.774602e-07	-2.466967e-09	-6.424837e+00	-1.627898e+02
6.900000e-07	-8.177759e-07	-2.437611e-09	-5.987824e+00	-1.610861e+02
7.000000e-07	-7.579429e-07	-2.406465e-09	-5.549721e+00	-1.593424e+02
7.100000e-07	-6.979136e-07	-2.377031e-09	-5.110182e+00	-1.575444e+02
7.200000e-07	-6.377198e-07	-2.347104e-09	-4.669438e+00	-1.556655e+02
7.300000e-07	-5.773586e-07	-2.320479e-09	-4.227468e+00	-1.536794e+02
7.400000e-07	-5.168175e-07	-2.293588e-09	-3.784181e+00	-1.515734e+02
7.500000e-07	-4.560691e-07	-2.259447e-09	-3.339376e+00	-1.493544e+02
7.600000e-07	-3.950820e-07	-2.222136e-09	-2.892823e+00	-1.470434e+02
7.700000e-07	-3.339081e-07	-2.186218e-09	-2.444903e+00	-1.446608e+02
7.800000e-07	-2.726518e-07	-2.149971e-09	-1.996380e+00	-1.422096e+02
7.900000e-07	-2.113435e-07	-2.105844e-09	-1.547475e+00	-1.396672e+02
8.000000e-07	-1.500051e-07	-2.060223e-09	-1.098350e+00	-1.369890e+02
8.100000e-07	-8.862801e-08	-2.016707e-09	-6.489417e-01	-1.341251e+02
8.200000e-07	-2.717321e-08	-1.970915e-09	-1.989645e-01	-1.310405e+02
8.300000e-07	3.427057e-08	-1.922440e-09	2.509320e-01	-1.277270e+02
8.400000e-07	9.567083e-08	-1.872074e-09	7.005098e-01	-1.242009e+02
8.500000e-07	1.571331e-07	-1.817594e-09	1.150542e+00	-1.204840e+02
8.600000e-07	2.185737e-07	-1.756120e-09	1.600415e+00	-1.165784e+02
8.700000e-07	2.798866e-07	-1.691150e-09	2.049353e+00	-1.124477e+02
8.800000e-07	3.411304e-07	-1.622615e-09	2.497785e+00	-1.080161e+02
8.900000e-07	4.023043e-07	-1.549213e-09	2.945706e+00	-1.031865e+02
9.000000e-07	4.632804e-07	-1.468535e-09	3.392178e+00	-9.786940e+01
9.100000e-07	5.240054e-07	-1.379807e-09	3.836811e+00	-9.200413e+01
9.200000e-07	5.845113e-07	-1.282917e-09	4.279841e+00	-8.555698e+01
9.300000e-07	6.448181e-07	-1.176343e-09	4.721412e+00	-7.849102e+01
9.400000e-07	7.049474e-07	-1.056930e-09	5.161684e+00	-7.071813e+01
9.500000e-07	7.648622e-07	-9.202259e-10	5.600385e+00	-6.205811e+01
9.600000e-07	8.245750e-07	-7.653772e-10	6.037607e+00	-5.223314e+01
9.700000e-07	8.841425e-07	-5.908789e-10	6.473765e+00	-4.091590e+01
9.800000e-07	9.435032e-07	-3.951712e-10	6.908410e+00	-2.782873e+01
9.900000e-07	1.002605e-06	-1.707352e-10	7.341158e+00	-1.286666e+01
1.000000e-06	1.061307e-06	8.333976e-11	7.770982e+00	3.798927e+00
1.010000e-06	1.119362e-06	3.566909e-10	8.196066e+00	2.167948e+01
1.020000e-06	1.176693e-06	6.365696e-10	8.615846e+00	4.001671e+01
1.030000e-06	1.233314e-06	9.090465e-10	9.030428e+00	5.791377e+01
1.040000e-06	1.289388e-06	1.160067e-09	9.441010e+00	7.451456e+01
1.050000e-06	1.345154e-06	1.376872e-09	9.849328e+00	8.917697e+01
1.060000e-06	1.400653e-06	1.558980e-09	1.025570e+01	1.015866e+02
1.070000e-06	1.455782e-06	1.708523e-09	1.065936e+01	1.117787e+02
1.080000e-06	1.510343e-06	1.831634e-09	1.105886e+01	1.200669e+02
1.090000e-06	1.564321e-06	1.935524e-09	1.145409e+01	1.269119e+02
1.100000e-06	1.617842e-06	2.024923e-09	1.184598e+01	1.327768e+02
1.110000e-06	1.670820e-06	2.103841e-09	1.223389e+01	1.380171e+02
1.120000e-06	1.723139e-06	2.175002e-09	1.261697e+01	1.428348e+02
1.130000e-06	1.774813e-06	2.240373e-09	1.299533e+01	1.472960e+02
1.140000e-06	1.825740e-06	2.298729e-09	1.336822e+01	1.513907e+02
1.150000e-06	1.875692e-06	2.351782e-09	1.373397e+01	1.550993e+02
1.160000e-06	1.924595e-06	2.401837e-09	1.409205e+01	1.584371e+02
1.170000e-06	1.972642e-06	2.448446e-09	1.444385e+01	1.614629e+02
1.180000e-06	2.020100e-06	2.490716e-09	1.479134e+01	1.642563e+02
1.190000e-06	2.066978e-06	2.530050e-09	1.513458e+01	1.668846e+02
1.200000e-06	2.113148e-06	2.567196e-09	1.547265e+01	1.693777e+02
1.210000e-06	2.158582e-06	2.600412e-09	1.580532e+01	1.717264e+02
1.220000e-06	2.203220e-06	2.629992e-09	1.613216e+01	1.739005e+02
1.230000e-06	2.247173e-06	2.657495e-09	1.645399e+01	1.758776e+02
1.240000e-06	2.290652e-06	2.683237e-09	1.677234e+01	1.776633e+02
1.250000e-06	2.333403e-06	2.707720e-09	1.708538e+01	1.792947e+02
1.260000e-06	2.374962e-06	2.732689e-09	1.738967e+01	1.808256e+02
1.270000e-06	2.415322e-06	2.757308e-09	1.768519e+01	1.823017e+02
1.280000e-06	2.454846e-06	2.777742e-09	1.797459e+01	1.837414e+02
1.290000e-06	2.493655e-06	2.794683e-09	1.825875e+01	1.851308e+02
1.300000e-06	2.531653e-06	2.812009e-09	1.853698e+01	1.864362e+02
1.310000e-06	2.568736e-06	2.829764e-09	1.880850e+01	1.876257e+02
1.320000e-06	2.604944e-06	2.845861e-09	1.907362e+01	1.886898e+02
1.330000e-06	2.640516e-06	2.860836e-09	1.933408e+01	1.896490e+02
1.340000e-06	2.675232e-06	2.875266e-09	1.958827e+01	1.905449e+02
1.350000e-06	2.708604e-06	2.888954e-09	1.983262e+01	1.914216e+02
1.360000e-06	2.740792e-06	2.901985e-09	2.006831e+01	1.923054e+02
1.370000e-06	2.772126e-06	2.914830e-09	2.029774e+01	1.931946e+02
1.380000e-06	2.802549e-06	2.927096e-09	2.052050e+01	1.940639e+02
1.390000e-06	2.832069e-06	2.938730e-09	2.073665e+01	1.948800e+02
1.400000e-06	2.860690e-06	2.950617e-09	2.094621e+01	1.956200e+02
1.410000e-06	2.888438e-06	2.962577e-09	2.114939e+01	1.962824e+02
1.420000e-06	2.915307e-06	2.971357e-09	2.134612e+01	1.968871e+02
1.430000e-06	2.940842e-06	2.977805e-09	2.153309e+01	1.974629e+02
1.440000e-06	2.965016e-06	2.985070e-09	2.171010e+01	1.980319e+02
1.450000e-06	2.988180e-06	2.993209e-09	2.187970e+01	1.985989e+02
1.460000e-06	3.010367e-06	3.002119e-09	2.204216e+01	1.991512e+02
1.470000e-06	3.031576e-06	3.011390e-09	2.219745e+01	1.996685e+02
1.480000e-06	3.051828e-06	3.019504e-09	2.234574e+01	2.001371e+02
1.490000e-06	3.071212e-06	3.025465e-09	2.248768e+01	2.005599e+02
1.500000e-06	3.089586e-06	3.031265e-09	2.262221e+01	2.009564e+02
1.510000e-06	3.106748e-06	3.037920e-09	2.274787e+01	2.013531e+02
1.520000e-06	3.122758e-06	3.045347e-09	2.286510e+01	2.017683e+02
1.530000e-06	3.137592e-06	3.052548e-09	2.297371e+01	2.022012e+02
1.540000e-06	3.151236e-06	3.058878e-09	2.307362e+01	2.026303e+02
1.550000e-06	3.163762e-06	3.065270e-09	2.316533e+01	2.030225e+02
1.560000e-06	3.175102e-06	3.070840e-09	2.324837e+01	2.033495e+02
1.570000e-06	3.185031e-06	3.075098e-09	2.332107e+01	2.036009e+02
1.580000e-06	3.193524e-06	3.078283e-09	2.338325e+01	2.037903e+02
1.590000e-06	3.200966e-06	3.080593e-09	2.343774e+01	2.039478e+02
1.600000e-06	3.207407e-06	3.082843e-09	2.348490e+01	2.041067e+02
1.610000e-06	3.212634e-06	3.086461e-09	2.352318e+01	2.042875e+02
1.620000e-06	3.216797e-06	3.090091e-09	2.355365e+01	2.044902e+02
1.630000e-06	3.220012e-06	3.093449e-09	2.357720e+01	2.046969e+02
1.640000e-06	3.221923e-06	3.097048e-09	2.359119e+01	2.048822e+02
1.650000e-06	3.222416e-06	3.100518e-09	2.359480e+01	2.050273e+02
1.660000e-06	3.221836e-06	3.103328e-09	2.359055e+01	2.051277e+02
1.670000e-06	3.220292e-06	3.103162e-09	2.357925e+01	2.051925e+02
1.680000e-06	3.217767e-06	3.103698e-09	2.356076e+01	2.052361e+02
1.690000e-06	3.214291e-06	3.104765e-09	2.353531e+01	2.052667e+02
1.700000e-06	3.209952e-06	3.105147e-09	2.350354e+01	2.052802e+02
1.710000e-06	3.204622e-06	3.107129e-09	2.346451e+01	2.052629e+02
1.720000e-06	3.197973e-06	3.114353e-09	2.341583e+01	2.052018e+02
1.730000e-06	3.190196e-06	3.123005e-09	2.335889e+01	2.050964e+02
1.740000e-06	3.181572e-06	3.079805e-09	2.329573e+01	2.049653e+02
1.750000e-06	3.171651e-06	3.045792e-09	2.322309e+01	2.048421e+02
1.760000e-06	3.159821e-06	3.070696e-09	2.313648e+01	2.047602e+02
1.770000e-06	3.146167e-06	3.166255e-09	2.303650e+01	2.047354e+02
1.780000e-06	3.131764e-06	3.148119e-09	2.293104e+01	2.047529e+02
1.790000e-06	3.117109e-06	3.023465e-09	2.282373e+01	2.047685e+02
1.800000e-06	3.101214e-06	3.102344e-09	2.270735e+01	2.047233e+02
1.810000e-06	3.083780e-06	3.171938e-09	2.257970e+01	2.045683e+02
1.820000e-06	3.065683e-06	3.034733e-09	2.244719e+01	2.042868e+02
1.830000e-06	3.046887e-06	3.082041e-09	2.230956e+01	2.039048e+02
1.840000e-06	3.026835e-06	3.244505e-09	2.216274e+01	2.034837e+02
1.850000e-06	3.005880e-06	3.091623e-09	2.200930e+01	2.030983e+02
1.860000e-06	2.983866e-06	3.027206e-09	2.184812e+01	2.028082e+02
1.870000e-06	2.960300e-06	3.183128e-09	2.167556e+01	2.026353e+02
1.880000e-06	2.935720e-06	3.084623e-09	2.149559e+01	2.025561e+02
1.890000e-06	2.910248e-06	3.025513e-09	2.130908e+01	2.025116e+02
1.900000e-06	2.883488e-06	3.183182e-09	2.111314e+01	2.024305e+02
1.910000e-06	2.855743e-06	3.112098e-09	2.090999e+01	2.022540e+02
1.920000e-06	2.827197e-06	3.050164e-09	2.070097e+01	2.019537e+02
1.930000e-06	2.797464e-06	3.117610e-09	2.048326e+01	2.015357e+02
1.940000e-06	2.766526e-06	3.060009e-09	2.025674e+01	2.010316e+02
1.950000e-06	2.734507e-06	3.081910e-09	2.002229e+01	2.004813e+02
1.960000e-06	2.701415e-06	3.103626e-09	1.977998e+01	1.999178e+02
1.970000e-06	2.667500e-06	3.009257e-09	1.953166e+01	1.993575e+02
1.980000e-06	2.632649e-06	3.076994e-09	1.927647e+01	1.988010e+02
1.990000e-06	2.596877e-06	3.085715e-09	1.901455e+01	1.982397e+02
2.000000e-06	2.560527e-06	2.963052e-09	1.874840e+01	1.976635e+02
2.010000e-06	2.523234e-06	3.024494e-09	1.847533e+01	1.970670e+02
2.020000e-06	2.484612e-06	3.043326e-09	1.819254e+01	1.964492e+02
2.030000e-06	2.444923e-06	2.970879e-09	1.790193e+01	1.958112e+02
2.040000e-06	2.404440e-06	2.982336e-09	1.760551e+01	1.951532e+02
2.050000e-06	2.363245e-06	2.992509e-09	1.730388e+01	1.944728e+02
2.060000e-06	2.321373e-06	2.992057e-09	1.699728e+01	1.937676e+02
2.070000e-06	2.278680e-06	2.945192e-09	1.668469e+01	1.930379e+02
2.080000e-06	2.235169e-06	2.914724e-09	1.636610e+01	1.922885e+02
2.090000e-06	2.191095e-06	2.964085e-09	1.604338e+01	1.915271e+02
2.100000e-06	2.146462e-06	2.941580e-09	1.571657e+01	1.907597e+02
2.110000e-06	2.100951e-06	2.887843e-09	1.538334e+01	1.899866e+02
2.120000e-06	2.054537e-06	2.891445e-09	1.504349e+01	1.891995e+02
2.130000e-06	2.007557e-06	2.898962e-09	1.469950e+01	1.883848e+02
2.140000e-06	1.959897e-06	2.879916e-09	1.435053e+01	1.875289e+02
2.150000e-06	1.911336e-06	2.838557e-09	1.399497e+01	1.866248e+02
2.160000e-06	1.861974e-06	2.853405e-09	1.363353e+01	1.856753e+02
2.170000e-06	1.811962e-06	2.869615e-09	1.326734e+01	1.846911e+02
2.180000e-06	1.761334e-06	2.813326e-09	1.289664e+01	1.836839e+02
2.190000e-06	1.710027e-06	2.794876e-09	1.252096e+01	1.826593e+02
2.200000e-06	1.658076e-06	2.797708e-09	1.214057e+01	1.816128e+02
2.210000e-06	1.605550e-06	2.777546e-09	1.175597e+01	1.805316e+02
2.220000e-06	1.552201e-06	2.751508e-09	1.136535e+01	1.794016e+02
2.230000e-06	1.497778e-06	2.734634e-09	1.096685e+01	1.782164e+02
2.240000e-06	1.442497e-06	2.738190e-09	1.056209e+01	1.769818e+02
2.250000e-06	1.386720e-06	2.710952e-09	1.015368e+01	1.757142e+02
2.260000e-06	1.330628e-06	2.677987e-09	9.742973e+00	1.744326e+02
2.270000e-06	1.274223e-06	2.671314e-09	9.329968e+00	1.731480e+02
2.280000e-06	1.217408e-06	2.653451e-09	8.913960e+00	1.718557e+02
2.290000e-06	1.160094e-06	2.629966e-09	8.494309e+00	1.705360e+02
2.300000e-06	1.102408e-06	2.608761e-09	8.071923e+00	1.691619e+02
2.310000e-06	1.044432e-06	2.588988e-09	7.647417e+00	1.677111e+02
2.320000e-06	9.861069e-07	2.566218e-09	7.220358e+00	1.661763e+02
2.330000e-06	9.273604e-07	2.537234e-09	6.790211e+00	1.645661e+02
2.340000e-06	8.681819e-07	2.518343e-09	6.356901e+00	1.628990e+02
2.350000e-06	8.086705e-07	2.494833e-09	5.921153e+00	1.611900e+02
2.360000e-06	7.489482e-07	2.465544e-09	5.483861e+00	1.594400e+02
2.370000e-06	6.891058e-07	2.442033e-09	5.045691e+00	1.576324e+02
2.380000e-06	6.291601e-07	2.409620e-09	4.606763e+00	1.557397e+02
2.390000e-06	5.690980e-07	2.373493e-09	4.166983e+00	1.537370e+02
2.400000e-06	5.089340e-07	2.341367e-09	3.726457e+00	1.516141e+02
2.410000e-06	4.486875e-07	2.310296e-09	3.285327e+00	1.493808e+02
2.420000e-06	3.883389e-07	2.274104e-09	2.843450e+00	1.470587e+02
2.430000e-06	3.279295e-07	2.236313e-09	2.401127e+00	1.446668e+02
2.440000e-06	2.674908e-07	2.205631e-09	1.958590e+00	1.422048e+02
2.450000e-06	2.068982e-07	2.167766e-09	1.514926e+00	1.396462e+02
2.460000e-06	1.461428e-07	2.120617e-09	1.070070e+00	1.369445e+02
2.470000e-06	8.535897e-08	2.076690e-09	6.250055e-01	1.340509e+02
2.480000e-06	2.454854e-08	2.034639e-09	1.797465e-01	1.309336e+02
2.490000e-06	-3.632342e-08	1.984312e-09	-2.659631e-01	1.275885e+02
2.500000e-06	-9.723251e-08	1.927154e-09	-7.119446e-01	1.240342e+02
2.510000e-06	-1.580665e-07	1.869628e-09	-1.157376e+00	1.202911e+02
2.520000e-06	-2.188109e-07	1.807465e-09	-1.602152e+00	1.163567e+02
2.530000e-06	-2.795719e-07	1.741223e-09	-2.047049e+00	1.121887e+02
2.540000e-06	-3.402752e-07	1.674319e-09	-2.491523e+00	1.077064e+02
2.550000e-06	-4.008127e-07	1.602444e-09	-2.934784e+00	1.028123e+02
2.560000e-06	-4.612020e-07	1.519843e-09	-3.376960e+00	9.742003e+01
2.570000e-06	-5.215000e-07	1.428214e-09	-3.818467e+00	9.147349e+01
2.580000e-06	-5.816851e-07	1.330465e-09	-4.259147e+00	8.494102e+01
2.590000e-06	-6.417580e-07	1.223760e-09	-4.699006e+00	7.778143e+01
2.600000e-06	-7.017505e-07	1.101674e-09	-5.138276e+00	6.989546e+01
2.610000e-06	-7.615927e-07	9.645983e-10	-5.576446e+00	6.108814e+01
2.620000e-06	-8.212300e-07	8.111920e-10	-6.013115e+00	5.107030e+01
2.630000e-06	-8.805943e-07	6.359852e-10	-6.447785e+00	3.951470e+01
2.640000e-06	-9.395301e-07	4.364383e-10	-6.879318e+00	2.616076e+01
2.650000e-06	-9.980449e-07	2.100772e-10	-7.307769e+00	1.093768e+01
2.660000e-06	-1.056224e-06	-4.612127e-11	-7.733763e+00	-5.938458e+00
2.670000e-06	-1.114047e-06	-3.264028e-10	-8.157145e+00	-2.393548e+01
2.680000e-06	-1.171446e-06	-6.122382e-10	-8.577425e+00	-4.226567e+01
2.690000e-06	-1.228323e-06	-8.885410e-10	-8.993885e+00	-6.002651e+01
2.700000e-06	-1.284762e-06	-1.142672e-09	-9.407137e+00	-7.638273e+01
2.710000e-06	-1.340920e-06	-1.363025e-09	-9.818327e+00	-9.073402e+01
2.720000e-06	-1.396819e-06	-1.547268e-09	-1.022763e+01	-1.028169e+02
2.730000e-06	-1.452270e-06	-1.700434e-09	-1.063365e+01	-1.127126e+02
2.740000e-06	-1.506998e-06	-1.828546e-09	-1.103437e+01	-1.207647e+02
2.750000e-06	-1.560856e-06	-1.936205e-09	-1.142872e+01	-1.274427e+02
2.760000e-06	-1.613885e-06	-2.028088e-09	-1.181700e+01	-1.331999e+02
2.770000e-06	-1.666275e-06	-2.109939e-09	-1.220060e+01	-1.383709e+02
2.780000e-06	-1.718059e-06	-2.184652e-09	-1.257978e+01	-1.431360e+02
2.790000e-06	-1.769182e-06	-2.251550e-09	-1.295410e+01	-1.475462e+02
2.800000e-06	-1.819651e-06	-2.311549e-09	-1.332364e+01	-1.515863e+02
2.810000e-06	-1.869433e-06	-2.367820e-09	-1.368814e+01	-1.552397e+02
2.820000e-06	-1.918360e-06	-2.422164e-09	-1.404639e+01	-1.585283e+02
2.830000e-06	-1.966253e-06	-2.472022e-09	-1.439707e+01	-1.615158e+02
2.840000e-06	-2.013285e-06	-2.515313e-09	-1.474144e+01	-1.642820e+02
2.850000e-06	-2.059731e-06	-2.555835e-09	-1.508152e+01	-1.668900e+02
2.860000e-06	-2.105594e-06	-2.594771e-09	-1.541734e+01	-1.693636e+02
2.870000e-06	-2.150707e-06	-2.629054e-09	-1.574766e+01	-1.716892e+02
2.880000e-06	-2.195097e-06	-2.658262e-09	-1.607268e+01	-1.738359e+02
2.890000e-06	-2.238976e-06	-2.688929e-09	-1.639397e+01	-1.757843e+02
2.900000e-06	-2.282217e-06	-2.722488e-09	-1.671059e+01	-1.775449e+02
2.910000e-06	-2.324652e-06	-2.751130e-09	-1.702130e+01	-1.791584e+02
2.920000e-06	-2.366269e-06	-2.774567e-09	-1.732602e+01	-1.806789e+02
2.930000e-06	-2.407065e-06	-2.798846e-09	-1.762473e+01	-1.821493e+02
2.940000e-06	-2.447204e-06	-2.822100e-09	-1.791863e+01	-1.835832e+02
2.950000e-06	-2.486618e-06	-2.841133e-09	-1.820722e+01	-1.849628e+02
2.960000e-06	-2.524819e-06	-2.859450e-09	-1.848694e+01	-1.862530e+02
2.970000e-06	-2.561803e-06	-2.880589e-09	-1.875774e+01	-1.874243e+02
2.980000e-06	-2.597980e-06	-2.901118e-09	-1.902263e+01	-1.884714e+02
2.990000e-06	-2.633384e-06	-2.916018e-09	-1.928186e+01	-1.894185e+02
3.000000e-06	-2.667878e-06	-2.929036e-09	-1.953442e+01	-1.903091e+02
3.010000e-06	-2.701388e-06	-2.943340e-09	-1.977979e+01	-1.911856e+02
3.020000e-06	-2.734005e-06	-2.956571e-09	-2.001862e+01	-1.920707e+02
3.030000e-06	-2.765899e-06	-2.968945e-09	-2.025214e+01	-1.929588e+02
3.040000e-06	-2.796741e-06	-2.981181e-09	-2.047797e+01	-1.938224e+02
3.050000e-06	-2.826150e-06	-2.993255e-09	-2.069331e+01	-1.946284e+02
3.060000e-06	-2.854442e-06	-3.005760e-09	-2.090047e+01	-1.953566e+02
3.070000e-06	-2.881927e-06	-3.018743e-09	-2.110171e+01	-1.960091e+02
3.080000e-06	-2.908457e-06	-3.031155e-09	-2.129597e+01	-1.966077e+02
3.090000e-06	-2.933880e-06	-3.040320e-09	-2.148211e+01	-1.971813e+02
3.100000e-06	-2.958354e-06	-3.047359e-09	-2.166132e+01	-1.977500e+02
3.110000e-06	-2.982069e-06	-3.054934e-09	-2.183496e+01	-1.983158e+02
3.120000e-06	-3.004620e-06	-3.062386e-09	-2.200008e+01	-1.988642e+02
3.130000e-06	-3.025698e-06	-3.070017e-09	-2.215441e+01	-1.993750e+02
3.140000e-06	-3.045736e-06	-3.078222e-09	-2.230114e+01	-1.998362e+02
3.150000e-06	-3.064907e-06	-3.085544e-09	-2.244151e+01	-2.002536e+02
3.160000e-06	-3.083046e-06	-3.090603e-09	-2.257432e+01	-2.006484e+02
3.170000e-06	-3.100149e-06	-3.096920e-09	-2.269955e+01	-2.010467e+02
3.180000e-06	-3.116272e-06	-3.104870e-09	-2.281760e+01	-2.014649e+02
3.190000e-06	-3.131214e-06	-3.111462e-09	-2.292702e+01	-2.018988e+02
3.200000e-06	-3.144662e-06	-3.115981e-09	-2.302548e+01	-2.023246e+02
3.210000e-06	-3.156720e-06	-3.119942e-09	-2.311377e+01	-2.027088e+02
3.220000e-06	-3.167592e-06	-3.124717e-09	-2.319337e+01	-2.030248e+02
3.230000e-06	-3.177364e-06	-3.128675e-09	-2.326493e+01	-2.032659e+02
3.240000e-06	-3.186141e-06	-3.131500e-09	-2.332919e+01	-2.034484e+02
3.250000e-06	-3.193967e-06	-3.134553e-09	-2.338649e+01	-2.036041e+02
3.260000e-06	-3.200483e-06	-3.138693e-09	-2.343421e+01	-2.037651e+02
3.270000e-06	-3.205567e-06	-3.142435e-09	-2.347143e+01	-2.039494e+02
3.280000e-06	-3.209625e-06	-3.144000e-09	-2.350114e+01	-2.041539e+02
3.290000e-06	-3.212690e-06	-3.144440e-09	-2.352359e+01	-2.043589e+02
3.300000e-06	-3.214639e-06	-3.144735e-09	-2.353785e+01	-2.045392e+02
3.310000e-06	-3.215539e-06	-3.145045e-09	-2.354445e+01	-2.046776e+02
