# Temperatura_=_20.0
# Concentracion g/m^3_=_8200.0
# C_Vs_to_Am_M_A/Vsm_=_65563218390.804596
# pendiente_HvsI_1/m_=_3716.3
# ordenada_HvsI_A/m_=_1297.0
# frecuencia_Hz_=_302601.9283869996

Tiempo_(s)	Campo_(V.s)	Magnetizacion_(V.s)	Campo_(kA/m)	Magnetizacion_(A/m)
0.000000e+00	-7.951267e-06	-5.048887e-09	-5.756078e+01	-3.314411e+02
1.000000e-08	-7.948578e-06	-5.053248e-09	-5.754131e+01	-3.315097e+02
2.000000e-08	-7.943248e-06	-5.051699e-09	-5.750273e+01	-3.315382e+02
3.000000e-08	-7.935350e-06	-5.053414e-09	-5.744555e+01	-3.314781e+02
4.000000e-08	-7.924652e-06	-5.052993e-09	-5.736811e+01	-3.313040e+02
5.000000e-08	-7.911013e-06	-5.045162e-09	-5.726937e+01	-3.310286e+02
6.000000e-08	-7.894461e-06	-5.036412e-09	-5.714955e+01	-3.306997e+02
7.000000e-08	-7.875433e-06	-5.028268e-09	-5.701180e+01	-3.303809e+02
8.000000e-08	-7.854190e-06	-5.021784e-09	-5.685802e+01	-3.301235e+02
9.000000e-08	-7.830314e-06	-5.071268e-09	-5.668517e+01	-3.299431e+02
1.000000e-07	-7.803371e-06	-5.064775e-09	-5.649013e+01	-3.298110e+02
1.100000e-07	-7.773303e-06	-5.017524e-09	-5.627246e+01	-3.296660e+02
1.200000e-07	-7.740299e-06	-5.010605e-09	-5.603354e+01	-3.294392e+02
1.300000e-07	-7.704558e-06	-5.008208e-09	-5.577481e+01	-3.290827e+02
1.400000e-07	-7.666363e-06	-5.007936e-09	-5.549830e+01	-3.285884e+02
1.500000e-07	-7.625844e-06	-4.982545e-09	-5.520497e+01	-3.279893e+02
1.600000e-07	-7.583011e-06	-5.005412e-09	-5.489490e+01	-3.273446e+02
1.700000e-07	-7.537676e-06	-5.019745e-09	-5.456671e+01	-3.267150e+02
1.800000e-07	-7.489584e-06	-4.930437e-09	-5.421856e+01	-3.261397e+02
1.900000e-07	-7.438710e-06	-4.984728e-09	-5.385028e+01	-3.256251e+02
2.000000e-07	-7.384949e-06	-4.963070e-09	-5.346109e+01	-3.251470e+02
2.100000e-07	-7.328351e-06	-4.909225e-09	-5.305137e+01	-3.246650e+02
2.200000e-07	-7.269089e-06	-4.969176e-09	-5.262236e+01	-3.241398e+02
2.300000e-07	-7.207300e-06	-4.941397e-09	-5.217505e+01	-3.235463e+02
2.400000e-07	-7.142904e-06	-4.945060e-09	-5.170888e+01	-3.228781e+02
2.500000e-07	-7.075741e-06	-4.909981e-09	-5.122267e+01	-3.221432e+02
2.600000e-07	-7.005885e-06	-4.920265e-09	-5.071697e+01	-3.213557e+02
2.700000e-07	-6.933233e-06	-4.888422e-09	-5.019103e+01	-3.205285e+02
2.800000e-07	-6.857745e-06	-4.849936e-09	-4.964455e+01	-3.196694e+02
2.900000e-07	-6.779515e-06	-4.859797e-09	-4.907823e+01	-3.187822e+02
3.000000e-07	-6.698641e-06	-4.856362e-09	-4.849277e+01	-3.178684e+02
3.100000e-07	-6.615328e-06	-4.868104e-09	-4.788965e+01	-3.169289e+02
3.200000e-07	-6.529735e-06	-4.815613e-09	-4.727003e+01	-3.159625e+02
3.300000e-07	-6.441878e-06	-4.791917e-09	-4.663401e+01	-3.149635e+02
3.400000e-07	-6.351649e-06	-4.790664e-09	-4.598083e+01	-3.139216e+02
3.500000e-07	-6.259058e-06	-4.769963e-09	-4.531055e+01	-3.128241e+02
3.600000e-07	-6.164206e-06	-4.744156e-09	-4.462389e+01	-3.116615e+02
3.700000e-07	-6.067131e-06	-4.731599e-09	-4.392115e+01	-3.104337e+02
3.800000e-07	-5.967844e-06	-4.730037e-09	-4.320239e+01	-3.091522e+02
3.900000e-07	-5.866405e-06	-4.696410e-09	-4.246805e+01	-3.078366e+02
4.000000e-07	-5.762828e-06	-4.657063e-09	-4.171824e+01	-3.065053e+02
4.100000e-07	-5.657229e-06	-4.636830e-09	-4.095379e+01	-3.051662e+02
4.200000e-07	-5.549721e-06	-4.636041e-09	-4.017552e+01	-3.038103e+02
4.300000e-07	-5.440287e-06	-4.611707e-09	-3.938330e+01	-3.024134e+02
4.400000e-07	-5.328837e-06	-4.577298e-09	-3.857650e+01	-3.009456e+02
4.500000e-07	-5.215317e-06	-4.564875e-09	-3.775470e+01	-2.993840e+02
4.600000e-07	-5.099781e-06	-4.550694e-09	-3.691831e+01	-2.977226e+02
4.700000e-07	-4.982328e-06	-4.504533e-09	-3.606805e+01	-2.959736e+02
4.800000e-07	-4.863064e-06	-4.465991e-09	-3.520467e+01	-2.941598e+02
4.900000e-07	-4.742039e-06	-4.457696e-09	-3.432854e+01	-2.923016e+02
5.000000e-07	-4.619303e-06	-4.437029e-09	-3.344004e+01	-2.904050e+02
5.100000e-07	-4.494834e-06	-4.390439e-09	-3.253898e+01	-2.884574e+02
5.200000e-07	-4.368680e-06	-4.353911e-09	-3.162573e+01	-2.864329e+02
5.300000e-07	-4.240892e-06	-4.333858e-09	-3.070064e+01	-2.843050e+02
5.400000e-07	-4.111526e-06	-4.292052e-09	-2.976414e+01	-2.820591e+02
5.500000e-07	-3.980716e-06	-4.241639e-09	-2.881718e+01	-2.796974e+02
5.600000e-07	-3.848417e-06	-4.208611e-09	-2.785944e+01	-2.772352e+02
5.700000e-07	-3.714547e-06	-4.181601e-09	-2.689033e+01	-2.746876e+02
5.800000e-07	-3.579186e-06	-4.135582e-09	-2.591043e+01	-2.720568e+02
5.900000e-07	-3.442483e-06	-4.086284e-09	-2.492081e+01	-2.693255e+02
6.000000e-07	-3.304446e-06	-4.044680e-09	-2.392153e+01	-2.664609e+02
6.100000e-07	-3.165102e-06	-3.996516e-09	-2.291279e+01	-2.634287e+02
6.200000e-07	-3.024367e-06	-3.941888e-09	-2.189398e+01	-2.602073e+02
6.300000e-07	-2.882281e-06	-3.892119e-09	-2.086539e+01	-2.567964e+02
6.400000e-07	-2.739149e-06	-3.846931e-09	-1.982923e+01	-2.532132e+02
6.500000e-07	-2.595050e-06	-3.789690e-09	-1.878607e+01	-2.494782e+02
6.600000e-07	-2.450041e-06	-3.726499e-09	-1.773633e+01	-2.455978e+02
6.700000e-07	-2.304178e-06	-3.663565e-09	-1.668040e+01	-2.415534e+02
6.800000e-07	-2.157497e-06	-3.598532e-09	-1.561854e+01	-2.373041e+02
6.900000e-07	-2.010096e-06	-3.529243e-09	-1.455148e+01	-2.328000e+02
7.000000e-07	-1.862050e-06	-3.457407e-09	-1.347974e+01	-2.280005e+02
7.100000e-07	-1.713372e-06	-3.381615e-09	-1.240343e+01	-2.228846e+02
7.200000e-07	-1.564130e-06	-3.297646e-09	-1.132304e+01	-2.174464e+02
7.300000e-07	-1.414468e-06	-3.207466e-09	-1.023961e+01	-2.116768e+02
7.400000e-07	-1.264368e-06	-3.111999e-09	-9.153010e+00	-2.055404e+02
7.500000e-07	-1.113769e-06	-3.011074e-09	-8.062788e+00	-1.989606e+02
7.600000e-07	-9.627484e-07	-2.901824e-09	-6.969524e+00	-1.918254e+02
7.700000e-07	-8.114117e-07	-2.783205e-09	-5.873968e+00	-1.840106e+02
7.800000e-07	-6.598055e-07	-2.652610e-09	-4.776461e+00	-1.754103e+02
7.900000e-07	-5.079719e-07	-2.509524e-09	-3.677308e+00	-1.659537e+02
8.000000e-07	-3.559800e-07	-2.352178e-09	-2.577009e+00	-1.555940e+02
8.100000e-07	-2.038402e-07	-2.177663e-09	-1.475639e+00	-1.442646e+02
8.200000e-07	-5.156612e-08	-1.984653e-09	-3.732972e-01	-1.318211e+02
8.300000e-07	1.007451e-07	-1.770497e-09	7.293134e-01	-1.179986e+02
8.400000e-07	2.530703e-07	-1.532538e-09	1.832025e+00	-1.024163e+02
8.500000e-07	4.053428e-07	-1.263291e-09	2.934356e+00	-8.464954e+01
8.600000e-07	5.574832e-07	-9.583943e-10	4.035730e+00	-6.435866e+01
8.700000e-07	7.095022e-07	-6.133091e-10	5.136225e+00	-4.144110e+01
8.800000e-07	8.613079e-07	-2.284443e-10	6.235177e+00	-1.615171e+01
8.900000e-07	1.012809e-06	1.866894e-10	7.331926e+00	1.085807e+01
9.000000e-07	1.163946e-06	6.142557e-10	8.426033e+00	3.860908e+01
9.100000e-07	1.314693e-06	1.033406e-09	9.517318e+00	6.596086e+01
9.200000e-07	1.465007e-06	1.426972e-09	1.060547e+01	9.182980e+01
9.300000e-07	1.614758e-06	1.779838e-09	1.168955e+01	1.153929e+02
9.400000e-07	1.763859e-06	2.088773e-09	1.276892e+01	1.362162e+02
9.500000e-07	1.912276e-06	2.359695e-09	1.384334e+01	1.542720e+02
9.600000e-07	2.059977e-06	2.597982e-09	1.491258e+01	1.698513e+02
9.700000e-07	2.206924e-06	2.804759e-09	1.597636e+01	1.834097e+02
9.800000e-07	2.353129e-06	2.986972e-09	1.703476e+01	1.954054e+02
9.900000e-07	2.498541e-06	3.151117e-09	1.808743e+01	2.061847e+02
1.000000e-06	2.642967e-06	3.298045e-09	1.913296e+01	2.159410e+02
1.010000e-06	2.786327e-06	3.429874e-09	2.017076e+01	2.247458e+02
1.020000e-06	2.928587e-06	3.548224e-09	2.120061e+01	2.326210e+02
1.030000e-06	3.069668e-06	3.654961e-09	2.222193e+01	2.396103e+02
1.040000e-06	3.209545e-06	3.749572e-09	2.323452e+01	2.458180e+02
1.050000e-06	3.348140e-06	3.835853e-09	2.423784e+01	2.514033e+02
1.060000e-06	3.485426e-06	3.916883e-09	2.523168e+01	2.565393e+02
1.070000e-06	3.621401e-06	3.990653e-09	2.621603e+01	2.613649e+02
1.080000e-06	3.756007e-06	4.057169e-09	2.719047e+01	2.659521e+02
1.090000e-06	3.889173e-06	4.120147e-09	2.815449e+01	2.703058e+02
1.100000e-06	4.020898e-06	4.181581e-09	2.910807e+01	2.743912e+02
1.110000e-06	4.151286e-06	4.238337e-09	3.005197e+01	2.781729e+02
1.120000e-06	4.280283e-06	4.291190e-09	3.098581e+01	2.816457e+02
1.130000e-06	4.407742e-06	4.339939e-09	3.190851e+01	2.848433e+02
1.140000e-06	4.533689e-06	4.384860e-09	3.282026e+01	2.878234e+02
1.150000e-06	4.658132e-06	4.426960e-09	3.372113e+01	2.906415e+02
1.160000e-06	4.780997e-06	4.466835e-09	3.461058e+01	2.933278e+02
1.170000e-06	4.902149e-06	4.502600e-09	3.548762e+01	2.958799e+02
1.180000e-06	5.021483e-06	4.534363e-09	3.635150e+01	2.982740e+02
1.190000e-06	5.138987e-06	4.565760e-09	3.720214e+01	3.004865e+02
1.200000e-06	5.254586e-06	4.595280e-09	3.803898e+01	3.025133e+02
1.210000e-06	5.368127e-06	4.623977e-09	3.886092e+01	3.043773e+02
1.220000e-06	5.479575e-06	4.651758e-09	3.966772e+01	3.061190e+02
1.230000e-06	5.589087e-06	4.677399e-09	4.046049e+01	3.077782e+02
1.240000e-06	5.696674e-06	4.698514e-09	4.123934e+01	3.093759e+02
1.250000e-06	5.802163e-06	4.716895e-09	4.200299e+01	3.109076e+02
1.260000e-06	5.905479e-06	4.737400e-09	4.275091e+01	3.123502e+02
1.270000e-06	6.006673e-06	4.757620e-09	4.348348e+01	3.136793e+02
1.280000e-06	6.105665e-06	4.774721e-09	4.420010e+01	3.148861e+02
1.290000e-06	6.202250e-06	4.790952e-09	4.489930e+01	3.159853e+02
1.300000e-06	6.296542e-06	4.808966e-09	4.558190e+01	3.170101e+02
1.310000e-06	6.388686e-06	4.824939e-09	4.624895e+01	3.179964e+02
1.320000e-06	6.478526e-06	4.838243e-09	4.689932e+01	3.189665e+02
1.330000e-06	6.565969e-06	4.852415e-09	4.753234e+01	3.199197e+02
1.340000e-06	6.651170e-06	4.867201e-09	4.814912e+01	3.208360e+02
1.350000e-06	6.734143e-06	4.881118e-09	4.874978e+01	3.216892e+02
1.360000e-06	6.814648e-06	4.894525e-09	4.933257e+01	3.224631e+02
1.370000e-06	6.892603e-06	4.908111e-09	4.989690e+01	3.231614e+02
1.380000e-06	6.967969e-06	4.919323e-09	5.044249e+01	3.238060e+02
1.390000e-06	7.040680e-06	4.927091e-09	5.096886e+01	3.244257e+02
1.400000e-06	7.110885e-06	4.935192e-09	5.147709e+01	3.250415e+02
1.410000e-06	7.178633e-06	4.945380e-09	5.196753e+01	3.256559e+02
1.420000e-06	7.243755e-06	4.956482e-09	5.243896e+01	3.262540e+02
1.430000e-06	7.306307e-06	4.967699e-09	5.289179e+01	3.268133e+02
1.440000e-06	7.366406e-06	4.976651e-09	5.332686e+01	3.273181e+02
1.450000e-06	7.423873e-06	4.983056e-09	5.374287e+01	3.277690e+02
1.460000e-06	7.478696e-06	4.989603e-09	5.413975e+01	3.281838e+02
1.470000e-06	7.530691e-06	4.997137e-09	5.451614e+01	3.285871e+02
1.480000e-06	7.579547e-06	5.004073e-09	5.486982e+01	3.289972e+02
1.490000e-06	7.625569e-06	5.009872e-09	5.520298e+01	3.294150e+02
1.500000e-06	7.668965e-06	5.016258e-09	5.551714e+01	3.298235e+02
1.510000e-06	7.709523e-06	5.022581e-09	5.581075e+01	3.301973e+02
1.520000e-06	7.747313e-06	5.027867e-09	5.608431e+01	3.305171e+02
1.530000e-06	7.782450e-06	5.033693e-09	5.633867e+01	3.307809e+02
1.540000e-06	7.814800e-06	5.040255e-09	5.657287e+01	3.310061e+02
1.550000e-06	7.844433e-06	5.045940e-09	5.678739e+01	3.312200e+02
1.560000e-06	7.871363e-06	5.051041e-09	5.698234e+01	3.314445e+02
1.570000e-06	7.895333e-06	5.055821e-09	5.715586e+01	3.316831e+02
1.580000e-06	7.916436e-06	5.059331e-09	5.730863e+01	3.319173e+02
1.590000e-06	7.934830e-06	5.062089e-09	5.744179e+01	3.321161e+02
1.600000e-06	7.950280e-06	5.065226e-09	5.755363e+01	3.322523e+02
1.610000e-06	7.962592e-06	5.069348e-09	5.764276e+01	3.323188e+02
1.620000e-06	7.971777e-06	5.072119e-09	5.770925e+01	3.323341e+02
1.630000e-06	7.978050e-06	5.074509e-09	5.775466e+01	3.323342e+02
1.640000e-06	7.981554e-06	5.077334e-09	5.778003e+01	3.323543e+02
1.650000e-06	7.982207e-06	5.082713e-09	5.778476e+01	3.324084e+02
1.660000e-06	7.980107e-06	5.077645e-09	5.776956e+01	3.324792e+02
1.670000e-06	7.975380e-06	5.075586e-09	5.773533e+01	3.325229e+02
1.680000e-06	7.967926e-06	5.075421e-09	5.768138e+01	3.324888e+02
1.690000e-06	7.957801e-06	5.072516e-09	5.760808e+01	3.323439e+02
1.700000e-06	7.944914e-06	5.071046e-09	5.751479e+01	3.320907e+02
1.710000e-06	7.929280e-06	5.071562e-09	5.740161e+01	3.317696e+02
1.720000e-06	7.911201e-06	5.079562e-09	5.727073e+01	3.314427e+02
1.730000e-06	7.890765e-06	5.062481e-09	5.712279e+01	3.311671e+02
1.740000e-06	7.867628e-06	5.001577e-09	5.695529e+01	3.309686e+02
1.750000e-06	7.841148e-06	5.035230e-09	5.676360e+01	3.308294e+02
1.760000e-06	7.811069e-06	5.053554e-09	5.654586e+01	3.306946e+02
1.770000e-06	7.777913e-06	5.036625e-09	5.630583e+01	3.304942e+02
1.780000e-06	7.742373e-06	5.039910e-09	5.604856e+01	3.301728e+02
1.790000e-06	7.704470e-06	5.090292e-09	5.577417e+01	3.297115e+02
1.800000e-06	7.664343e-06	5.025073e-09	5.548368e+01	3.291339e+02
1.810000e-06	7.622287e-06	4.938268e-09	5.517923e+01	3.284948e+02
1.820000e-06	7.577792e-06	5.070036e-09	5.485712e+01	3.278568e+02
1.830000e-06	7.530538e-06	4.974818e-09	5.451504e+01	3.272662e+02
1.840000e-06	7.480493e-06	5.011557e-09	5.415275e+01	3.267379e+02
1.850000e-06	7.427387e-06	5.024579e-09	5.376831e+01	3.262543e+02
1.860000e-06	7.371466e-06	4.922207e-09	5.336349e+01	3.257775e+02
1.870000e-06	7.312873e-06	4.979529e-09	5.293932e+01	3.252664e+02
1.880000e-06	7.251607e-06	4.900626e-09	5.249580e+01	3.246915e+02
1.890000e-06	7.187659e-06	4.960324e-09	5.203287e+01	3.240419e+02
1.900000e-06	7.120933e-06	4.933018e-09	5.154983e+01	3.233226e+02
1.910000e-06	7.051455e-06	4.898541e-09	5.104686e+01	3.225471e+02
1.920000e-06	6.979145e-06	4.934320e-09	5.052340e+01	3.217291e+02
1.930000e-06	6.904162e-06	4.876623e-09	4.998058e+01	3.208778e+02
1.940000e-06	6.826445e-06	4.907167e-09	4.941797e+01	3.199976e+02
1.950000e-06	6.746017e-06	4.828882e-09	4.883574e+01	3.190906e+02
1.960000e-06	6.663179e-06	4.839274e-09	4.823606e+01	3.181578e+02
1.970000e-06	6.577884e-06	4.847866e-09	4.761859e+01	3.171986e+02
1.980000e-06	6.490054e-06	4.807100e-09	4.698277e+01	3.162087e+02
1.990000e-06	6.399862e-06	4.821406e-09	4.632985e+01	3.151790e+02
2.000000e-06	6.307536e-06	4.789963e-09	4.566149e+01	3.140967e+02
2.010000e-06	6.213013e-06	4.784175e-09	4.497721e+01	3.129510e+02
2.020000e-06	6.116207e-06	4.722837e-09	4.427642e+01	3.117391e+02
2.030000e-06	6.017195e-06	4.716223e-09	4.355965e+01	3.104697e+02
2.040000e-06	5.916024e-06	4.729013e-09	4.282726e+01	3.091608e+02
2.050000e-06	5.812741e-06	4.725471e-09	4.207957e+01	3.078324e+02
2.060000e-06	5.707417e-06	4.683335e-09	4.131711e+01	3.064956e+02
2.070000e-06	5.600128e-06	4.645681e-09	4.054042e+01	3.051459e+02
2.080000e-06	5.490867e-06	4.637877e-09	3.974946e+01	3.037623e+02
2.090000e-06	5.379652e-06	4.602639e-09	3.894435e+01	3.023150e+02
2.100000e-06	5.266415e-06	4.575974e-09	3.812461e+01	3.007785e+02
2.110000e-06	5.151140e-06	4.567360e-09	3.729011e+01	2.991417e+02
2.120000e-06	5.033936e-06	4.564298e-09	3.644164e+01	2.974129e+02
2.130000e-06	4.914827e-06	4.509393e-09	3.557939e+01	2.956132e+02
2.140000e-06	4.793875e-06	4.466787e-09	3.470380e+01	2.937651e+02
2.150000e-06	4.671189e-06	4.447642e-09	3.381565e+01	2.918788e+02
2.160000e-06	4.546769e-06	4.425453e-09	3.291495e+01	2.899463e+02
2.170000e-06	4.420661e-06	4.381400e-09	3.200203e+01	2.879439e+02
2.180000e-06	4.292993e-06	4.359269e-09	3.107782e+01	2.858441e+02
2.190000e-06	4.163740e-06	4.348739e-09	3.014213e+01	2.836283e+02
2.200000e-06	4.032929e-06	4.310983e-09	2.919516e+01	2.812947e+02
2.210000e-06	3.900593e-06	4.259725e-09	2.823716e+01	2.788562e+02
2.220000e-06	3.766761e-06	4.221068e-09	2.726832e+01	2.763292e+02
2.230000e-06	3.631580e-06	4.187912e-09	2.628972e+01	2.737203e+02
2.240000e-06	3.495107e-06	4.137807e-09	2.530176e+01	2.710170e+02
2.250000e-06	3.357267e-06	4.098273e-09	2.430391e+01	2.681894e+02
2.260000e-06	3.218068e-06	4.065378e-09	2.329623e+01	2.652020e+02
2.270000e-06	3.077540e-06	4.021305e-09	2.227891e+01	2.620290e+02
2.280000e-06	2.935839e-06	3.958258e-09	2.125311e+01	2.586646e+02
2.290000e-06	2.793160e-06	3.901483e-09	2.022023e+01	2.551226e+02
2.300000e-06	2.649459e-06	3.847434e-09	1.917995e+01	2.514244e+02
2.310000e-06	2.504726e-06	3.787915e-09	1.813220e+01	2.475812e+02
2.320000e-06	2.359096e-06	3.727995e-09	1.707796e+01	2.435811e+02
2.330000e-06	2.212719e-06	3.668855e-09	1.601830e+01	2.393879e+02
2.340000e-06	2.065603e-06	3.601121e-09	1.495331e+01	2.349522e+02
2.350000e-06	1.917753e-06	3.523810e-09	1.388299e+01	2.302296e+02
2.360000e-06	1.769248e-06	3.447011e-09	1.280793e+01	2.251939e+02
2.370000e-06	1.620167e-06	3.369049e-09	1.172871e+01	2.198368e+02
2.380000e-06	1.470617e-06	3.283466e-09	1.064609e+01	2.141522e+02
2.390000e-06	1.320564e-06	3.191332e-09	9.559820e+00	2.081132e+02
2.400000e-06	1.170061e-06	3.093888e-09	8.470299e+00	2.016539e+02
2.410000e-06	1.019248e-06	2.986458e-09	7.378535e+00	1.946694e+02
2.420000e-06	8.681130e-07	2.868613e-09	6.284440e+00	1.870359e+02
2.430000e-06	7.166786e-07	2.740155e-09	5.188177e+00	1.786402e+02
2.440000e-06	5.650184e-07	2.603020e-09	4.090279e+00	1.694028e+02
2.450000e-06	4.131675e-07	2.453449e-09	2.991001e+00	1.592735e+02
2.460000e-06	2.611550e-07	2.287186e-09	1.890552e+00	1.481963e+02
2.470000e-06	1.090119e-07	2.100576e-09	7.891588e-01	1.360513e+02
2.480000e-06	-4.320219e-08	1.893417e-09	-3.127491e-01	1.226056e+02
2.490000e-06	-1.953572e-07	1.662733e-09	-1.414229e+00	1.075034e+02
2.500000e-06	-3.473973e-07	1.399556e-09	-2.514877e+00	9.032076e+01
2.510000e-06	-4.993560e-07	1.099765e-09	-3.614936e+00	7.068250e+01
2.520000e-06	-6.512216e-07	7.624110e-10	-4.714320e+00	4.841333e+01
2.530000e-06	-8.029105e-07	3.890360e-10	-5.812426e+00	2.367121e+01
2.540000e-06	-9.543476e-07	-1.829100e-11	-6.908709e+00	-2.989447e+00
2.550000e-06	-1.105471e-06	-4.469929e-10	-8.002724e+00	-3.065909e+01
2.560000e-06	-1.256210e-06	-8.722932e-10	-9.093950e+00	-5.821811e+01
2.570000e-06	-1.406506e-06	-1.275765e-09	-1.018197e+01	-8.454783e+01
2.580000e-06	-1.556319e-06	-1.645970e-09	-1.126650e+01	-1.087443e+02
2.590000e-06	-1.705570e-06	-1.974718e-09	-1.234695e+01	-1.302699e+02
2.600000e-06	-1.854195e-06	-2.260308e-09	-1.342288e+01	-1.490002e+02
2.610000e-06	-2.002122e-06	-2.508775e-09	-1.449375e+01	-1.651593e+02
2.620000e-06	-2.149286e-06	-2.727947e-09	-1.555910e+01	-1.791773e+02
2.630000e-06	-2.295631e-06	-2.921856e-09	-1.661852e+01	-1.915254e+02
2.640000e-06	-2.441052e-06	-3.092773e-09	-1.767126e+01	-2.025846e+02
2.650000e-06	-2.585489e-06	-3.243723e-09	-1.871686e+01	-2.125859e+02
2.660000e-06	-2.728914e-06	-3.378740e-09	-1.975514e+01	-2.216258e+02
2.670000e-06	-2.871311e-06	-3.499950e-09	-2.078598e+01	-2.297310e+02
2.680000e-06	-3.012557e-06	-3.609625e-09	-2.180849e+01	-2.369343e+02
2.690000e-06	-3.152549e-06	-3.706725e-09	-2.282192e+01	-2.433239e+02
2.700000e-06	-3.291311e-06	-3.795356e-09	-2.382644e+01	-2.490480e+02
2.710000e-06	-3.428822e-06	-3.878985e-09	-2.482191e+01	-2.542810e+02
2.720000e-06	-3.565027e-06	-3.955823e-09	-2.580793e+01	-2.591744e+02
2.730000e-06	-3.699923e-06	-4.026726e-09	-2.678447e+01	-2.638182e+02
2.740000e-06	-3.833479e-06	-4.094675e-09	-2.775130e+01	-2.682324e+02
2.750000e-06	-3.965651e-06	-4.160569e-09	-2.870812e+01	-2.723886e+02
2.760000e-06	-4.096482e-06	-4.220313e-09	-2.965523e+01	-2.762480e+02
2.770000e-06	-4.225917e-06	-4.274253e-09	-3.059224e+01	-2.797961e+02
2.780000e-06	-4.353868e-06	-4.326914e-09	-3.151850e+01	-2.830574e+02
2.790000e-06	-4.480382e-06	-4.377602e-09	-3.243436e+01	-2.860859e+02
2.800000e-06	-4.605351e-06	-4.422698e-09	-3.333904e+01	-2.889402e+02
2.810000e-06	-4.728644e-06	-4.464316e-09	-3.423158e+01	-2.916582e+02
2.820000e-06	-4.850262e-06	-4.505381e-09	-3.511199e+01	-2.942454e+02
2.830000e-06	-4.970113e-06	-4.544934e-09	-3.597962e+01	-2.966814e+02
2.840000e-06	-5.088059e-06	-4.580424e-09	-3.683345e+01	-2.989404e+02
2.850000e-06	-5.203931e-06	-4.613197e-09	-3.767228e+01	-3.010123e+02
2.860000e-06	-5.317656e-06	-4.644007e-09	-3.849555e+01	-3.029134e+02
2.870000e-06	-5.429286e-06	-4.672624e-09	-3.930366e+01	-3.046814e+02
2.880000e-06	-5.538874e-06	-4.699895e-09	-4.009699e+01	-3.063580e+02
2.890000e-06	-5.646502e-06	-4.725992e-09	-4.087613e+01	-3.079703e+02
2.900000e-06	-5.752243e-06	-4.750129e-09	-4.164161e+01	-3.095200e+02
2.910000e-06	-5.855952e-06	-4.773362e-09	-4.239238e+01	-3.109872e+02
2.920000e-06	-5.957431e-06	-4.795494e-09	-4.312700e+01	-3.123462e+02
2.930000e-06	-6.056711e-06	-4.816078e-09	-4.384571e+01	-3.135829e+02
2.940000e-06	-6.153861e-06	-4.834526e-09	-4.454900e+01	-3.147062e+02
2.950000e-06	-6.248806e-06	-4.851820e-09	-4.523633e+01	-3.157458e+02
2.960000e-06	-6.341457e-06	-4.869450e-09	-4.590705e+01	-3.167386e+02
2.970000e-06	-6.431857e-06	-4.882688e-09	-4.656147e+01	-3.177116e+02
2.980000e-06	-6.519975e-06	-4.892833e-09	-4.719937e+01	-3.186702e+02
2.990000e-06	-6.605709e-06	-4.904312e-09	-4.782002e+01	-3.195980e+02
3.000000e-06	-6.689033e-06	-4.917260e-09	-4.842322e+01	-3.204689e+02
3.010000e-06	-6.769975e-06	-4.930127e-09	-4.900917e+01	-3.212629e+02
3.020000e-06	-6.848341e-06	-4.940584e-09	-4.957648e+01	-3.219784e+02
3.030000e-06	-6.923984e-06	-4.949902e-09	-5.012408e+01	-3.226335e+02
3.040000e-06	-6.997124e-06	-4.959472e-09	-5.065355e+01	-3.232567e+02
3.050000e-06	-7.067729e-06	-4.967208e-09	-5.116467e+01	-3.238722e+02
3.060000e-06	-7.135738e-06	-4.973717e-09	-5.165700e+01	-3.244876e+02
3.070000e-06	-7.201298e-06	-4.980519e-09	-5.213161e+01	-3.250916e+02
3.080000e-06	-7.264392e-06	-4.987286e-09	-5.258835e+01	-3.256624e+02
3.090000e-06	-7.324846e-06	-4.993117e-09	-5.302599e+01	-3.261812e+02
3.100000e-06	-7.382687e-06	-4.999099e-09	-5.344471e+01	-3.266443e+02
3.110000e-06	-7.437839e-06	-5.006575e-09	-5.384397e+01	-3.270656e+02
3.120000e-06	-7.490075e-06	-5.013504e-09	-5.422212e+01	-3.274694e+02
3.130000e-06	-7.539196e-06	-5.020307e-09	-5.457772e+01	-3.278767e+02
3.140000e-06	-7.585385e-06	-5.024444e-09	-5.491209e+01	-3.282933e+02
3.150000e-06	-7.629150e-06	-5.027896e-09	-5.522891e+01	-3.287063e+02
3.160000e-06	-7.670524e-06	-5.031952e-09	-5.552843e+01	-3.290908e+02
3.170000e-06	-7.709177e-06	-5.035721e-09	-5.580824e+01	-3.294249e+02
3.180000e-06	-7.745003e-06	-5.040173e-09	-5.606759e+01	-3.297015e+02
3.190000e-06	-7.778098e-06	-5.042116e-09	-5.630717e+01	-3.299337e+02
3.200000e-06	-7.808316e-06	-5.043762e-09	-5.652593e+01	-3.301476e+02
3.210000e-06	-7.835658e-06	-5.044270e-09	-5.672386e+01	-3.303681e+02
3.220000e-06	-7.860207e-06	-5.044944e-09	-5.690158e+01	-3.306039e+02
3.230000e-06	-7.881873e-06	-5.047452e-09	-5.705842e+01	-3.308417e+02
3.240000e-06	-7.900731e-06	-5.051125e-09	-5.719494e+01	-3.310521e+02
3.250000e-06	-7.916691e-06	-5.054417e-09	-5.731047e+01	-3.312054e+02
3.260000e-06	-7.929534e-06	-5.054566e-09	-5.740345e+01	-3.312883e+02
3.270000e-06	-7.939418e-06	-5.051636e-09	-5.747500e+01	-3.313133e+02
3.280000e-06	-7.946421e-06	-5.048814e-09	-5.752569e+01	-3.313133e+02
3.290000e-06	-7.950518e-06	-5.047349e-09	-5.755535e+01	-3.313257e+02
3.300000e-06	-7.951885e-06	-5.046096e-09	-5.756525e+01	-3.313715e+02
