3.029001e+02
3.049002e+02
3.107690e+02
3.071152e+02
3.111657e+02
3.159367e+02
3.150968e+02
3.180160e+02
3.162155e+02
3.187686e+02
3.195814e+02
3.174170e+02
3.157095e+02
3.171516e+02
3.178345e+02
3.186168e+02
3.167413e+02
3.218968e+02
3.151664e+02
3.192139e+02
3.197171e+02
3.212353e+02
3.186128e+02
3.129670e+02
3.186664e+02
3.170965e+02
3.165960e+02
3.155847e+02
3.169709e+02
3.240533e+02
3.130970e+02
3.225287e+02
3.124000e+02
3.128128e+02
3.123760e+02
3.162737e+02
3.167710e+02
3.189247e+02
3.216904e+02
3.145377e+02
3.163763e+02
