# Temperatura_=_20.0
# Concentracion g/m^3_=_8200.0
# C_Vs_to_Am_M_A/Vsm_=_65563218390.804596
# pendiente_HvsI_1/m_=_3716.3
# ordenada_HvsI_A/m_=_1297.0
# frecuencia_Hz_=_302096.1372093429

Tiempo_(s)	Campo_(V.s)	Magnetizacion_(V.s)	Campo_(kA/m)	Magnetizacion_(A/m)
0.000000e+00	-6.291566e-06	-3.168329e-09	-4.558080e+01	-2.034548e+02
1.000000e-08	-6.287999e-06	-3.172113e-09	-4.555496e+01	-2.032815e+02
2.000000e-08	-6.282370e-06	-3.171177e-09	-4.551418e+01	-2.030288e+02
3.000000e-08	-6.274872e-06	-3.168472e-09	-4.545986e+01	-2.027082e+02
4.000000e-08	-6.265232e-06	-3.165577e-09	-4.539002e+01	-2.023386e+02
5.000000e-08	-6.253225e-06	-3.164928e-09	-4.530303e+01	-2.019461e+02
6.000000e-08	-6.238996e-06	-3.168012e-09	-4.519995e+01	-2.015626e+02
7.000000e-08	-6.222496e-06	-3.169533e-09	-4.508041e+01	-2.012236e+02
8.000000e-08	-6.203769e-06	-3.144119e-09	-4.494474e+01	-2.009661e+02
9.000000e-08	-6.182863e-06	-3.120451e-09	-4.479327e+01	-2.008252e+02
1.000000e-07	-6.159520e-06	-3.139477e-09	-4.462416e+01	-2.008315e+02
1.100000e-07	-6.133684e-06	-3.137828e-09	-4.443698e+01	-2.010078e+02
1.200000e-07	-6.105697e-06	-3.111507e-09	-4.423423e+01	-2.013672e+02
1.300000e-07	-6.075960e-06	-3.152780e-09	-4.401879e+01	-2.019107e+02
1.400000e-07	-6.044658e-06	-3.129388e-09	-4.379202e+01	-2.026266e+02
1.500000e-07	-6.011492e-06	-3.032942e-09	-4.355173e+01	-2.034907e+02
1.600000e-07	-5.976227e-06	-3.138131e-09	-4.329625e+01	-2.044667e+02
1.700000e-07	-5.939070e-06	-3.057144e-09	-4.302706e+01	-2.055091e+02
1.800000e-07	-5.899809e-06	-3.055172e-09	-4.274262e+01	-2.065654e+02
1.900000e-07	-5.858320e-06	-3.183903e-09	-4.244204e+01	-2.075800e+02
2.000000e-07	-5.814663e-06	-3.093646e-09	-4.212576e+01	-2.084978e+02
2.100000e-07	-5.768832e-06	-3.160525e-09	-4.179373e+01	-2.092686e+02
2.200000e-07	-5.720810e-06	-3.141629e-09	-4.144582e+01	-2.098500e+02
2.300000e-07	-5.670267e-06	-3.074756e-09	-4.107965e+01	-2.102113e+02
2.400000e-07	-5.617291e-06	-3.117127e-09	-4.069585e+01	-2.103348e+02
2.500000e-07	-5.562237e-06	-3.094974e-09	-4.029700e+01	-2.102172e+02
2.600000e-07	-5.505141e-06	-3.110513e-09	-3.988335e+01	-2.098697e+02
2.700000e-07	-5.445868e-06	-3.121958e-09	-3.945393e+01	-2.093166e+02
2.800000e-07	-5.384561e-06	-3.100695e-09	-3.900978e+01	-2.085927e+02
2.900000e-07	-5.321441e-06	-3.079649e-09	-3.855249e+01	-2.077406e+02
3.000000e-07	-5.256338e-06	-3.046786e-09	-3.808084e+01	-2.068065e+02
3.100000e-07	-5.189085e-06	-3.048995e-09	-3.759360e+01	-2.058366e+02
3.200000e-07	-5.119832e-06	-3.022289e-09	-3.709189e+01	-2.048729e+02
3.300000e-07	-5.048878e-06	-3.047778e-09	-3.657784e+01	-2.039501e+02
3.400000e-07	-4.976246e-06	-3.054378e-09	-3.605164e+01	-2.030924e+02
3.500000e-07	-4.901605e-06	-3.015945e-09	-3.551089e+01	-2.023124e+02
3.600000e-07	-4.824854e-06	-3.024840e-09	-3.495484e+01	-2.016101e+02
3.700000e-07	-4.746119e-06	-2.995382e-09	-3.438443e+01	-2.009734e+02
3.800000e-07	-4.665439e-06	-2.992619e-09	-3.379992e+01	-2.003802e+02
3.900000e-07	-4.583096e-06	-2.986669e-09	-3.320337e+01	-1.998005e+02
4.000000e-07	-4.499366e-06	-2.968325e-09	-3.259677e+01	-1.991997e+02
4.100000e-07	-4.414239e-06	-2.961715e-09	-3.198004e+01	-1.985421e+02
4.200000e-07	-4.327724e-06	-2.943871e-09	-3.135326e+01	-1.977943e+02
4.300000e-07	-4.239771e-06	-2.930900e-09	-3.071607e+01	-1.969285e+02
4.400000e-07	-4.150265e-06	-2.897303e-09	-3.006762e+01	-1.959249e+02
4.500000e-07	-4.059105e-06	-2.892018e-09	-2.940719e+01	-1.947731e+02
4.600000e-07	-3.966475e-06	-2.877324e-09	-2.873611e+01	-1.934729e+02
4.700000e-07	-3.872571e-06	-2.857048e-09	-2.805580e+01	-1.920337e+02
4.800000e-07	-3.777314e-06	-2.836380e-09	-2.736569e+01	-1.904729e+02
4.900000e-07	-3.680759e-06	-2.814101e-09	-2.666616e+01	-1.888138e+02
5.000000e-07	-3.582774e-06	-2.795094e-09	-2.595629e+01	-1.870827e+02
5.100000e-07	-3.483327e-06	-2.764139e-09	-2.523582e+01	-1.853055e+02
5.200000e-07	-3.382572e-06	-2.744016e-09	-2.450588e+01	-1.835048e+02
5.300000e-07	-3.280688e-06	-2.720090e-09	-2.376775e+01	-1.816973e+02
5.400000e-07	-3.177698e-06	-2.693850e-09	-2.302162e+01	-1.798915e+02
5.500000e-07	-3.073486e-06	-2.662459e-09	-2.226662e+01	-1.780870e+02
5.600000e-07	-2.968068e-06	-2.640780e-09	-2.150290e+01	-1.762736e+02
5.700000e-07	-2.861418e-06	-2.609915e-09	-2.073024e+01	-1.744330e+02
5.800000e-07	-2.753666e-06	-2.569427e-09	-1.994961e+01	-1.725400e+02
5.900000e-07	-2.644899e-06	-2.533235e-09	-1.916162e+01	-1.705651e+02
6.000000e-07	-2.535265e-06	-2.500867e-09	-1.836735e+01	-1.684775e+02
6.100000e-07	-2.424822e-06	-2.468216e-09	-1.756722e+01	-1.662482e+02
6.200000e-07	-2.313429e-06	-2.431296e-09	-1.676020e+01	-1.638527e+02
6.300000e-07	-2.201207e-06	-2.398301e-09	-1.594719e+01	-1.612736e+02
6.400000e-07	-2.088111e-06	-2.355970e-09	-1.512783e+01	-1.585018e+02
6.500000e-07	-1.974018e-06	-2.311671e-09	-1.430126e+01	-1.555371e+02
6.600000e-07	-1.859020e-06	-2.266094e-09	-1.346813e+01	-1.523877e+02
6.700000e-07	-1.743328e-06	-2.218389e-09	-1.262997e+01	-1.490685e+02
6.800000e-07	-1.626996e-06	-2.165021e-09	-1.178717e+01	-1.455983e+02
6.900000e-07	-1.510026e-06	-2.110692e-09	-1.093976e+01	-1.419966e+02
7.000000e-07	-1.392542e-06	-2.060537e-09	-1.008862e+01	-1.382799e+02
7.100000e-07	-1.274663e-06	-2.008234e-09	-9.234611e+00	-1.344579e+02
7.200000e-07	-1.156430e-06	-1.954103e-09	-8.378044e+00	-1.305299e+02
7.300000e-07	-1.037821e-06	-1.893756e-09	-7.518751e+00	-1.264827e+02
7.400000e-07	-9.188594e-07	-1.828905e-09	-6.656904e+00	-1.222884e+02
7.500000e-07	-7.995849e-07	-1.753064e-09	-5.792790e+00	-1.179048e+02
7.600000e-07	-6.800720e-07	-1.674881e-09	-4.926950e+00	-1.132761e+02
7.700000e-07	-5.603475e-07	-1.597568e-09	-4.059576e+00	-1.083358e+02
7.800000e-07	-4.404330e-07	-1.515027e-09	-3.190826e+00	-1.030105e+02
7.900000e-07	-3.203503e-07	-1.423064e-09	-2.320857e+00	-9.722493e+01
8.000000e-07	-2.001426e-07	-1.324023e-09	-1.449982e+00	-9.090733e+01
8.100000e-07	-7.992592e-08	-1.223410e-09	-5.790430e-01	-8.399552e+01
8.200000e-07	4.035835e-08	-1.114467e-09	2.923861e-01	-7.644239e+01
8.300000e-07	1.607172e-07	-9.971677e-10	1.164355e+00	-6.822087e+01
8.400000e-07	2.810281e-07	-8.702782e-10	2.035977e+00	-5.932776e+01
8.500000e-07	4.012946e-07	-7.326543e-10	2.907278e+00	-4.978611e+01
8.600000e-07	5.214538e-07	-5.807631e-10	3.777801e+00	-3.964601e+01
8.700000e-07	6.413591e-07	-4.189170e-10	4.646485e+00	-2.898355e+01
8.800000e-07	7.610622e-07	-2.506817e-10	5.513703e+00	-1.789816e+01
8.900000e-07	8.805980e-07	-7.680326e-11	6.379709e+00	-6.508347e+00
9.000000e-07	9.998594e-07	1.005656e-10	7.243728e+00	5.053742e+00
9.100000e-07	1.118821e-06	2.784473e-10	8.105575e+00	1.664862e+01
9.200000e-07	1.237447e-06	4.537954e-10	8.964990e+00	2.813617e+01
9.300000e-07	1.355624e-06	6.275296e-10	9.821155e+00	3.938225e+01
9.400000e-07	1.473320e-06	7.972752e-10	1.067383e+01	5.026478e+01
9.500000e-07	1.590563e-06	9.590178e-10	1.152323e+01	6.067892e+01
9.600000e-07	1.707253e-06	1.108937e-09	1.236862e+01	7.054098e+01
9.700000e-07	1.823215e-06	1.248757e-09	1.320873e+01	7.979081e+01
9.800000e-07	1.938328e-06	1.376202e-09	1.404270e+01	8.839276e+01
9.900000e-07	2.052584e-06	1.488918e-09	1.487045e+01	9.633501e+01
1.000000e-06	2.165930e-06	1.588458e-09	1.569161e+01	1.036275e+02
1.010000e-06	2.278282e-06	1.678699e-09	1.650558e+01	1.102990e+02
1.020000e-06	2.389755e-06	1.763800e-09	1.731317e+01	1.163927e+02
1.030000e-06	2.500457e-06	1.843364e-09	1.811518e+01	1.219621e+02
1.040000e-06	2.610319e-06	1.920945e-09	1.891110e+01	1.270665e+02
1.050000e-06	2.719325e-06	1.990535e-09	1.970082e+01	1.317662e+02
1.060000e-06	2.827428e-06	2.054234e-09	2.048400e+01	1.361192e+02
1.070000e-06	2.934543e-06	2.114321e-09	2.126002e+01	1.401779e+02
1.080000e-06	3.040632e-06	2.175548e-09	2.202861e+01	1.439871e+02
1.090000e-06	3.145522e-06	2.233707e-09	2.278851e+01	1.475825e+02
1.100000e-06	3.249123e-06	2.285789e-09	2.353907e+01	1.509909e+02
1.110000e-06	3.351558e-06	2.334412e-09	2.428119e+01	1.542302e+02
1.120000e-06	3.452876e-06	2.375505e-09	2.501521e+01	1.573111e+02
1.130000e-06	3.553061e-06	2.415787e-09	2.574103e+01	1.602384e+02
1.140000e-06	3.652072e-06	2.453318e-09	2.645834e+01	1.630130e+02
1.150000e-06	3.749777e-06	2.488393e-09	2.716618e+01	1.656339e+02
1.160000e-06	3.845905e-06	2.523340e-09	2.786261e+01	1.680995e+02
1.170000e-06	3.940536e-06	2.557099e-09	2.854819e+01	1.704095e+02
1.180000e-06	4.033962e-06	2.584706e-09	2.922503e+01	1.725654e+02
1.190000e-06	4.126107e-06	2.609031e-09	2.989260e+01	1.745714e+02
1.200000e-06	4.216882e-06	2.632930e-09	3.055024e+01	1.764343e+02
1.210000e-06	4.306108e-06	2.657350e-09	3.119666e+01	1.781631e+02
1.220000e-06	4.393620e-06	2.681274e-09	3.183066e+01	1.797691e+02
1.230000e-06	4.479542e-06	2.702771e-09	3.245314e+01	1.812641e+02
1.240000e-06	4.564045e-06	2.721848e-09	3.306535e+01	1.826605e+02
1.250000e-06	4.647125e-06	2.740644e-09	3.366724e+01	1.839703e+02
1.260000e-06	4.728466e-06	2.761021e-09	3.425654e+01	1.852044e+02
1.270000e-06	4.807942e-06	2.779941e-09	3.483232e+01	1.863722e+02
1.280000e-06	4.885651e-06	2.797124e-09	3.539530e+01	1.874816e+02
1.290000e-06	4.961540e-06	2.812953e-09	3.594510e+01	1.885387e+02
1.300000e-06	5.035449e-06	2.828165e-09	3.648055e+01	1.895483e+02
1.310000e-06	5.107364e-06	2.841678e-09	3.700155e+01	1.905139e+02
1.320000e-06	5.177462e-06	2.852767e-09	3.750940e+01	1.914384e+02
1.330000e-06	5.245810e-06	2.865223e-09	3.800457e+01	1.923239e+02
1.340000e-06	5.312335e-06	2.878096e-09	3.848652e+01	1.931723e+02
1.350000e-06	5.376795e-06	2.889765e-09	3.895351e+01	1.939857e+02
1.360000e-06	5.439276e-06	2.901442e-09	3.940617e+01	1.947657e+02
1.370000e-06	5.500087e-06	2.914222e-09	3.984674e+01	1.955140e+02
1.380000e-06	5.559153e-06	2.925905e-09	4.027466e+01	1.962318e+02
1.390000e-06	5.616073e-06	2.934498e-09	4.068702e+01	1.969200e+02
1.400000e-06	5.670875e-06	2.941888e-09	4.108405e+01	1.975786e+02
1.410000e-06	5.723642e-06	2.950178e-09	4.146633e+01	1.982070e+02
1.420000e-06	5.774008e-06	2.959690e-09	4.183123e+01	1.988035e+02
1.430000e-06	5.821986e-06	2.967700e-09	4.217881e+01	1.993660e+02
1.440000e-06	5.867884e-06	2.974507e-09	4.251134e+01	1.998919e+02
1.450000e-06	5.911893e-06	2.982063e-09	4.283016e+01	2.003786e+02
1.460000e-06	5.953849e-06	2.989454e-09	4.313413e+01	2.008243e+02
1.470000e-06	5.993578e-06	2.995185e-09	4.342195e+01	2.012278e+02
1.480000e-06	6.031217e-06	3.000542e-09	4.369464e+01	2.015896e+02
1.490000e-06	6.066876e-06	3.006086e-09	4.395298e+01	2.019119e+02
1.500000e-06	6.100353e-06	3.011115e-09	4.419551e+01	2.021985e+02
1.510000e-06	6.131637e-06	3.015103e-09	4.442216e+01	2.024554e+02
1.520000e-06	6.160918e-06	3.018277e-09	4.463429e+01	2.026894e+02
1.530000e-06	6.188078e-06	3.020599e-09	4.483106e+01	2.029083e+02
1.540000e-06	6.212804e-06	3.021957e-09	4.501019e+01	2.031196e+02
1.550000e-06	6.235157e-06	3.024458e-09	4.517213e+01	2.033298e+02
1.560000e-06	6.255458e-06	3.027927e-09	4.531921e+01	2.035433e+02
1.570000e-06	6.273642e-06	3.031422e-09	4.545095e+01	2.037617e+02
1.580000e-06	6.289484e-06	3.034364e-09	4.556572e+01	2.039831e+02
1.590000e-06	6.302942e-06	3.036432e-09	4.566322e+01	2.042019e+02
1.600000e-06	6.313934e-06	3.037665e-09	4.574285e+01	2.044090e+02
1.610000e-06	6.322404e-06	3.037730e-09	4.580422e+01	2.045922e+02
1.620000e-06	6.328600e-06	3.037429e-09	4.584911e+01	2.047373e+02
1.630000e-06	6.332711e-06	3.037020e-09	4.587888e+01	2.048299e+02
1.640000e-06	6.334604e-06	3.036966e-09	4.589260e+01	2.048564e+02
1.650000e-06	6.334231e-06	3.037771e-09	4.588990e+01	2.048062e+02
1.660000e-06	6.331727e-06	3.042970e-09	4.587176e+01	2.046737e+02
1.670000e-06	6.327175e-06	3.039149e-09	4.583878e+01	2.044590e+02
1.680000e-06	6.320450e-06	3.038013e-09	4.579006e+01	2.041696e+02
1.690000e-06	6.311623e-06	3.037600e-09	4.572611e+01	2.038209e+02
1.700000e-06	6.300848e-06	3.035028e-09	4.564805e+01	2.034354e+02
1.710000e-06	6.287903e-06	3.030451e-09	4.555426e+01	2.030423e+02
1.720000e-06	6.272688e-06	3.007468e-09	4.544403e+01	2.026757e+02
1.730000e-06	6.255433e-06	3.032164e-09	4.531903e+01	2.023721e+02
1.740000e-06	6.235899e-06	3.022622e-09	4.517751e+01	2.021679e+02
1.750000e-06	6.213383e-06	2.994838e-09	4.501439e+01	2.020964e+02
1.760000e-06	6.187997e-06	3.013095e-09	4.483047e+01	2.021846e+02
1.770000e-06	6.160581e-06	3.021444e-09	4.463185e+01	2.024507e+02
1.780000e-06	6.131721e-06	2.957016e-09	4.442277e+01	2.029020e+02
1.790000e-06	6.101402e-06	3.040912e-09	4.420311e+01	2.035332e+02
1.800000e-06	6.069075e-06	2.961347e-09	4.396891e+01	2.043262e+02
1.810000e-06	6.034570e-06	2.996375e-09	4.371893e+01	2.052507e+02
1.820000e-06	5.998215e-06	3.300162e-09	4.345555e+01	2.062653e+02
1.830000e-06	5.959708e-06	3.245430e-09	4.317658e+01	2.073207e+02
1.840000e-06	5.918949e-06	3.316230e-09	4.288128e+01	2.083623e+02
1.850000e-06	5.876211e-06	3.340889e-09	4.257166e+01	2.093344e+02
1.860000e-06	5.831381e-06	3.234219e-09	4.224687e+01	2.101838e+02
1.870000e-06	5.784476e-06	3.377091e-09	4.190706e+01	2.108637e+02
1.880000e-06	5.735406e-06	3.279835e-09	4.155156e+01	2.113373e+02
1.890000e-06	5.683977e-06	3.281038e-09	4.117897e+01	2.115802e+02
1.900000e-06	5.630248e-06	3.348495e-09	4.078972e+01	2.115818e+02
1.910000e-06	5.574177e-06	3.216547e-09	4.038350e+01	2.113463e+02
1.920000e-06	5.516031e-06	3.296806e-09	3.996225e+01	2.108914e+02
1.930000e-06	5.456001e-06	3.229409e-09	3.952735e+01	2.102472e+02
1.940000e-06	5.393949e-06	3.246565e-09	3.907779e+01	2.094528e+02
1.950000e-06	5.329824e-06	3.267724e-09	3.861323e+01	2.085530e+02
1.960000e-06	5.263667e-06	3.217631e-09	3.813393e+01	2.075946e+02
1.970000e-06	5.195665e-06	3.281078e-09	3.764128e+01	2.066222e+02
1.980000e-06	5.125636e-06	3.193049e-09	3.713394e+01	2.056744e+02
1.990000e-06	5.053530e-06	3.234340e-09	3.661154e+01	2.047810e+02
2.000000e-06	4.979625e-06	3.192672e-09	3.607612e+01	2.039606e+02
2.010000e-06	4.903925e-06	3.137220e-09	3.552770e+01	2.032194e+02
2.020000e-06	4.826256e-06	3.177083e-09	3.496500e+01	2.025513e+02
2.030000e-06	4.746633e-06	3.131626e-09	3.438815e+01	2.019389e+02
2.040000e-06	4.665312e-06	3.170327e-09	3.379901e+01	2.013558e+02
2.050000e-06	4.582489e-06	3.115252e-09	3.319897e+01	2.007692e+02
2.060000e-06	4.498154e-06	3.116703e-09	3.258799e+01	2.001435e+02
2.070000e-06	4.412162e-06	3.112995e-09	3.196499e+01	1.994439e+02
2.080000e-06	4.324486e-06	3.080245e-09	3.132980e+01	1.986393e+02
2.090000e-06	4.235309e-06	3.071404e-09	3.068374e+01	1.977058e+02
2.100000e-06	4.144809e-06	3.032906e-09	3.002809e+01	1.966279e+02
2.110000e-06	4.052992e-06	3.045237e-09	2.936290e+01	1.954005e+02
2.120000e-06	3.959716e-06	3.000110e-09	2.868714e+01	1.940283e+02
2.130000e-06	3.864878e-06	2.980929e-09	2.800006e+01	1.925249e+02
2.140000e-06	3.768655e-06	2.963119e-09	2.730295e+01	1.909110e+02
2.150000e-06	3.671159e-06	2.954572e-09	2.659662e+01	1.892118e+02
2.160000e-06	3.572401e-06	2.933265e-09	2.588114e+01	1.874538e+02
2.170000e-06	3.472356e-06	2.895769e-09	2.515634e+01	1.856615e+02
2.180000e-06	3.370952e-06	2.877422e-09	2.442170e+01	1.838550e+02
2.190000e-06	3.268190e-06	2.844169e-09	2.367721e+01	1.820470e+02
2.200000e-06	3.164229e-06	2.814162e-09	2.292404e+01	1.802417e+02
2.210000e-06	3.059142e-06	2.774990e-09	2.216271e+01	1.784338e+02
2.220000e-06	2.952935e-06	2.754437e-09	2.139326e+01	1.766088e+02
2.230000e-06	2.845760e-06	2.722519e-09	2.061681e+01	1.747447e+02
2.240000e-06	2.737730e-06	2.690677e-09	1.983416e+01	1.728137e+02
2.250000e-06	2.628730e-06	2.658653e-09	1.904448e+01	1.707855e+02
2.260000e-06	2.518624e-06	2.628433e-09	1.824679e+01	1.686297e+02
2.270000e-06	2.407615e-06	2.586986e-09	1.744256e+01	1.663191e+02
2.280000e-06	2.295708e-06	2.539545e-09	1.663182e+01	1.638328e+02
2.290000e-06	2.182923e-06	2.498060e-09	1.581472e+01	1.611571e+02
2.300000e-06	2.069354e-06	2.456418e-09	1.499194e+01	1.582875e+02
2.310000e-06	1.955065e-06	2.418899e-09	1.416395e+01	1.552282e+02
2.320000e-06	1.839969e-06	2.374844e-09	1.333011e+01	1.519909e+02
2.330000e-06	1.724135e-06	2.329997e-09	1.249092e+01	1.485929e+02
2.340000e-06	1.607696e-06	2.277276e-09	1.164735e+01	1.450538e+02
2.350000e-06	1.490611e-06	2.223298e-09	1.079910e+01	1.413921e+02
2.360000e-06	1.372976e-06	2.163865e-09	9.946866e+00	1.376213e+02
2.370000e-06	1.254757e-06	2.100736e-09	9.090399e+00	1.337463e+02
2.380000e-06	1.136116e-06	2.034713e-09	8.230873e+00	1.297605e+02
2.390000e-06	1.017115e-06	1.971518e-09	7.368738e+00	1.256433e+02
2.400000e-06	8.976477e-07	1.905269e-09	6.503230e+00	1.213598e+02
2.410000e-06	7.778411e-07	1.831891e-09	5.635262e+00	1.168605e+02
2.420000e-06	6.578198e-07	1.757954e-09	4.765737e+00	1.120841e+02
2.430000e-06	5.376227e-07	1.677842e-09	3.894940e+00	1.069599e+02
2.440000e-06	4.172794e-07	1.587946e-09	3.023083e+00	1.014130e+02
2.450000e-06	2.968036e-07	1.490055e-09	2.150267e+00	9.536913e+01
2.460000e-06	1.761603e-07	1.387725e-09	1.276237e+00	8.876058e+01
2.470000e-06	5.540117e-08	1.277999e-09	4.013675e-01	8.153206e+01
2.480000e-06	-6.541414e-08	1.157294e-09	-4.739089e-01	7.364591e+01
2.490000e-06	-1.862220e-07	1.027266e-09	-1.349131e+00	6.508659e+01
2.500000e-06	-3.069626e-07	8.910786e-10	-2.223866e+00	5.586384e+01
2.510000e-06	-4.275335e-07	7.471240e-10	-3.097372e+00	4.601424e+01
2.520000e-06	-5.479483e-07	5.936429e-10	-3.969746e+00	3.560111e+01
2.530000e-06	-6.682220e-07	4.284590e-10	-4.841099e+00	2.471266e+01
2.540000e-06	-7.881804e-07	2.553447e-10	-5.710167e+00	1.345845e+01
2.550000e-06	-9.078353e-07	7.567672e-11	-6.577037e+00	1.964570e+00
2.560000e-06	-1.027176e-06	-1.090606e-10	-7.441630e+00	-9.632344e+00
2.570000e-06	-1.146170e-06	-2.953314e-10	-8.303715e+00	-2.119165e+01
2.580000e-06	-1.264826e-06	-4.785033e-10	-9.163342e+00	-3.257540e+01
2.590000e-06	-1.382981e-06	-6.518081e-10	-1.001935e+01	-4.365479e+01
2.600000e-06	-1.500531e-06	-8.164113e-10	-1.087097e+01	-5.431579e+01
2.610000e-06	-1.617346e-06	-9.707121e-10	-1.171726e+01	-6.446371e+01
2.620000e-06	-1.733354e-06	-1.115859e-09	-1.255771e+01	-7.402644e+01
2.630000e-06	-1.848581e-06	-1.254486e-09	-1.339250e+01	-8.295606e+01
2.640000e-06	-1.962937e-06	-1.383358e-09	-1.422098e+01	-9.122901e+01
2.650000e-06	-2.076440e-06	-1.501442e-09	-1.504328e+01	-9.884470e+01
2.660000e-06	-2.189126e-06	-1.606729e-09	-1.585967e+01	-1.058229e+02
2.670000e-06	-2.300963e-06	-1.701884e-09	-1.666989e+01	-1.122001e+02
2.680000e-06	-2.411797e-06	-1.790459e-09	-1.747286e+01	-1.180253e+02
2.690000e-06	-2.521634e-06	-1.875174e-09	-1.826860e+01	-1.233554e+02
2.700000e-06	-2.630612e-06	-1.955783e-09	-1.905812e+01	-1.282508e+02
2.710000e-06	-2.738699e-06	-2.029522e-09	-1.984118e+01	-1.327710e+02
2.720000e-06	-2.845916e-06	-2.097904e-09	-2.061794e+01	-1.369715e+02
2.730000e-06	-2.952233e-06	-2.162967e-09	-2.138818e+01	-1.409012e+02
2.740000e-06	-3.057522e-06	-2.224235e-09	-2.215097e+01	-1.446004e+02
2.750000e-06	-3.161691e-06	-2.281684e-09	-2.290565e+01	-1.481003e+02
2.760000e-06	-3.264726e-06	-2.334325e-09	-2.365211e+01	-1.514232e+02
2.770000e-06	-3.366560e-06	-2.385680e-09	-2.438987e+01	-1.545832e+02
2.780000e-06	-3.467061e-06	-2.435235e-09	-2.511798e+01	-1.575877e+02
2.790000e-06	-3.566321e-06	-2.481262e-09	-2.583709e+01	-1.604396e+02
2.800000e-06	-3.664437e-06	-2.525055e-09	-2.654792e+01	-1.631383e+02
2.810000e-06	-3.761374e-06	-2.563579e-09	-2.725020e+01	-1.656825e+02
2.820000e-06	-3.857054e-06	-2.599497e-09	-2.794338e+01	-1.680711e+02
2.830000e-06	-3.951466e-06	-2.632643e-09	-2.862737e+01	-1.703045e+02
2.840000e-06	-4.044450e-06	-2.665006e-09	-2.930102e+01	-1.723855e+02
2.850000e-06	-4.135911e-06	-2.696857e-09	-2.996363e+01	-1.743197e+02
2.860000e-06	-4.225902e-06	-2.727208e-09	-3.061559e+01	-1.761151e+02
2.870000e-06	-4.314370e-06	-2.756691e-09	-3.125652e+01	-1.777819e+02
2.880000e-06	-4.401259e-06	-2.782700e-09	-3.188601e+01	-1.793316e+02
2.890000e-06	-4.486463e-06	-2.807351e-09	-3.250329e+01	-1.807766e+02
2.900000e-06	-4.570029e-06	-2.829970e-09	-3.310870e+01	-1.821290e+02
2.910000e-06	-4.652043e-06	-2.851266e-09	-3.370288e+01	-1.834005e+02
2.920000e-06	-4.732467e-06	-2.870404e-09	-3.428552e+01	-1.846012e+02
2.930000e-06	-4.811188e-06	-2.887454e-09	-3.485584e+01	-1.857397e+02
2.940000e-06	-4.887833e-06	-2.906254e-09	-3.541111e+01	-1.868230e+02
2.950000e-06	-4.962399e-06	-2.926786e-09	-3.595132e+01	-1.878567e+02
2.960000e-06	-5.035183e-06	-2.943797e-09	-3.647862e+01	-1.888447e+02
2.970000e-06	-5.106183e-06	-2.955437e-09	-3.699300e+01	-1.897902e+02
2.980000e-06	-5.175220e-06	-2.967554e-09	-3.749316e+01	-1.906957e+02
2.990000e-06	-5.242349e-06	-2.981417e-09	-3.797949e+01	-1.915633e+02
3.000000e-06	-5.307739e-06	-2.994106e-09	-3.845323e+01	-1.923948e+02
3.010000e-06	-5.371229e-06	-3.005938e-09	-3.891319e+01	-1.931920e+02
3.020000e-06	-5.432654e-06	-3.018222e-09	-3.935820e+01	-1.939568e+02
3.030000e-06	-5.492048e-06	-3.030971e-09	-3.978850e+01	-1.946905e+02
3.040000e-06	-5.549559e-06	-3.043802e-09	-4.020515e+01	-1.953943e+02
3.050000e-06	-5.605244e-06	-3.054724e-09	-4.060857e+01	-1.960685e+02
3.060000e-06	-5.658827e-06	-3.063986e-09	-4.099677e+01	-1.967129e+02
3.070000e-06	-5.710081e-06	-3.071299e-09	-4.136809e+01	-1.973264e+02
3.080000e-06	-5.758941e-06	-3.077419e-09	-4.172207e+01	-1.979070e+02
3.090000e-06	-5.805541e-06	-3.084602e-09	-4.205967e+01	-1.984523e+02
3.100000e-06	-5.850245e-06	-3.093647e-09	-4.238354e+01	-1.989597e+02
3.110000e-06	-5.893127e-06	-3.105880e-09	-4.269421e+01	-1.994269e+02
3.120000e-06	-5.934090e-06	-3.116844e-09	-4.299098e+01	-1.998524e+02
3.130000e-06	-5.972978e-06	-3.123534e-09	-4.327271e+01	-2.002357e+02
3.140000e-06	-6.009682e-06	-3.129803e-09	-4.353862e+01	-2.005781e+02
3.150000e-06	-6.044243e-06	-3.135771e-09	-4.378901e+01	-2.008827e+02
3.160000e-06	-6.076731e-06	-3.142305e-09	-4.402438e+01	-2.011545e+02
3.170000e-06	-6.107013e-06	-3.146869e-09	-4.424376e+01	-2.013998e+02
3.180000e-06	-6.135007e-06	-3.151196e-09	-4.444657e+01	-2.016260e+02
3.190000e-06	-6.160804e-06	-3.154760e-09	-4.463347e+01	-2.018410e+02
3.200000e-06	-6.184460e-06	-3.157988e-09	-4.480484e+01	-2.020519e+02
3.210000e-06	-6.205850e-06	-3.159602e-09	-4.495981e+01	-2.022641e+02
3.220000e-06	-6.225015e-06	-3.160254e-09	-4.509866e+01	-2.024809e+02
3.230000e-06	-6.242104e-06	-3.163108e-09	-4.522246e+01	-2.027021e+02
3.240000e-06	-6.256773e-06	-3.167907e-09	-4.532874e+01	-2.029239e+02
3.250000e-06	-6.268827e-06	-3.172377e-09	-4.541606e+01	-2.031390e+02
3.260000e-06	-6.278558e-06	-3.173203e-09	-4.548656e+01	-2.033366e+02
3.270000e-06	-6.286100e-06	-3.173924e-09	-4.554120e+01	-2.035034e+02
3.280000e-06	-6.291277e-06	-3.175024e-09	-4.557871e+01	-2.036248e+02
3.290000e-06	-6.294242e-06	-3.174384e-09	-4.560019e+01	-2.036867e+02
3.300000e-06	-6.295212e-06	-3.174089e-09	-4.560722e+01	-2.036767e+02
3.310000e-06	-6.293989e-06	-3.173002e-09	-4.559835e+01	-2.035866e+02
