# Temperatura_=_20.0
# Concentracion g/m^3_=_6600.0
# C_Vs_to_Am_M_A/Vsm_=_65563218390.804596
# pendiente_HvsI_1/m_=_3716.3
# ordenada_HvsI_A/m_=_1297.0
# frecuencia_Hz_=_301503.6756971579

Tiempo_(s)	Campo_(V.s)	Magnetizacion_(V.s)	Campo_(kA/m)	Magnetizacion_(A/m)
0.000000e+00	-4.641194e-06	-4.048334e-09	-3.466923e+01	-2.634503e+02
1.000000e-08	-4.639539e-06	-4.048045e-09	-3.465686e+01	-2.635028e+02
2.000000e-08	-4.636234e-06	-4.047217e-09	-3.463218e+01	-2.635330e+02
3.000000e-08	-4.631526e-06	-4.044578e-09	-3.459701e+01	-2.635447e+02
4.000000e-08	-4.625492e-06	-4.041005e-09	-3.455194e+01	-2.635291e+02
5.000000e-08	-4.618075e-06	-4.038411e-09	-3.449653e+01	-2.634665e+02
6.000000e-08	-4.609095e-06	-4.038628e-09	-3.442945e+01	-2.633376e+02
7.000000e-08	-4.598310e-06	-4.041662e-09	-3.434889e+01	-2.631366e+02
8.000000e-08	-4.585721e-06	-4.039977e-09	-3.425485e+01	-2.628810e+02
9.000000e-08	-4.571182e-06	-4.026765e-09	-3.414625e+01	-2.626096e+02
1.000000e-07	-4.554432e-06	-4.030032e-09	-3.402113e+01	-2.623682e+02
1.100000e-07	-4.535816e-06	-4.027389e-09	-3.388207e+01	-2.621874e+02
1.200000e-07	-4.515810e-06	-4.016000e-09	-3.373262e+01	-2.620645e+02
1.300000e-07	-4.494638e-06	-4.035156e-09	-3.357447e+01	-2.619576e+02
1.400000e-07	-4.472318e-06	-3.992157e-09	-3.340774e+01	-2.617979e+02
1.500000e-07	-4.448714e-06	-3.989054e-09	-3.323143e+01	-2.615172e+02
1.600000e-07	-4.423712e-06	-4.042337e-09	-3.304466e+01	-2.610785e+02
1.700000e-07	-4.397133e-06	-3.960701e-09	-3.284612e+01	-2.604959e+02
1.800000e-07	-4.368870e-06	-3.932824e-09	-3.263500e+01	-2.598344e+02
1.900000e-07	-4.339091e-06	-3.957015e-09	-3.241255e+01	-2.591873e+02
2.000000e-07	-4.307983e-06	-3.891712e-09	-3.218018e+01	-2.586402e+02
2.100000e-07	-4.275344e-06	-3.933542e-09	-3.193637e+01	-2.582352e+02
2.200000e-07	-4.240951e-06	-3.981874e-09	-3.167945e+01	-2.579537e+02
2.300000e-07	-4.205046e-06	-3.918355e-09	-3.141125e+01	-2.577223e+02
2.400000e-07	-4.167718e-06	-3.924592e-09	-3.113241e+01	-2.574429e+02
2.500000e-07	-4.128862e-06	-3.910582e-09	-3.084217e+01	-2.570320e+02
2.600000e-07	-4.088444e-06	-3.855952e-09	-3.054024e+01	-2.564532e+02
2.700000e-07	-4.046340e-06	-3.898767e-09	-3.022573e+01	-2.557305e+02
2.800000e-07	-4.002707e-06	-3.920563e-09	-2.989980e+01	-2.549344e+02
2.900000e-07	-3.957657e-06	-3.865273e-09	-2.956328e+01	-2.541506e+02
3.000000e-07	-3.911164e-06	-3.841683e-09	-2.921598e+01	-2.534428e+02
3.100000e-07	-3.863162e-06	-3.854975e-09	-2.885742e+01	-2.528284e+02
3.200000e-07	-3.813326e-06	-3.839689e-09	-2.848514e+01	-2.522735e+02
3.300000e-07	-3.761682e-06	-3.828981e-09	-2.809936e+01	-2.517117e+02
3.400000e-07	-3.708620e-06	-3.838424e-09	-2.770300e+01	-2.510739e+02
3.500000e-07	-3.654333e-06	-3.801411e-09	-2.729748e+01	-2.503175e+02
3.600000e-07	-3.598942e-06	-3.769536e-09	-2.688372e+01	-2.494414e+02
3.700000e-07	-3.542320e-06	-3.779558e-09	-2.646076e+01	-2.484809e+02
3.800000e-07	-3.484215e-06	-3.772753e-09	-2.602672e+01	-2.474883e+02
3.900000e-07	-3.424724e-06	-3.752211e-09	-2.558233e+01	-2.465067e+02
4.000000e-07	-3.364034e-06	-3.723799e-09	-2.512898e+01	-2.455522e+02
4.100000e-07	-3.302280e-06	-3.709836e-09	-2.466769e+01	-2.446094e+02
4.200000e-07	-3.239487e-06	-3.708839e-09	-2.419863e+01	-2.436420e+02
4.300000e-07	-3.175663e-06	-3.685920e-09	-2.372187e+01	-2.426126e+02
4.400000e-07	-3.110574e-06	-3.665913e-09	-2.323566e+01	-2.414996e+02
4.500000e-07	-3.044013e-06	-3.656727e-09	-2.273846e+01	-2.403061e+02
4.600000e-07	-2.976404e-06	-3.624666e-09	-2.223342e+01	-2.390551e+02
4.700000e-07	-2.908011e-06	-3.588109e-09	-2.172253e+01	-2.377755e+02
4.800000e-07	-2.838698e-06	-3.587134e-09	-2.120478e+01	-2.364864e+02
4.900000e-07	-2.768353e-06	-3.585000e-09	-2.067931e+01	-2.351875e+02
5.000000e-07	-2.697089e-06	-3.545072e-09	-2.014697e+01	-2.338591e+02
5.100000e-07	-2.625017e-06	-3.513010e-09	-1.960860e+01	-2.324721e+02
5.200000e-07	-2.551838e-06	-3.503526e-09	-1.906196e+01	-2.310012e+02
5.300000e-07	-2.477330e-06	-3.482908e-09	-1.850539e+01	-2.294364e+02
5.400000e-07	-2.401691e-06	-3.450955e-09	-1.794038e+01	-2.277862e+02
5.500000e-07	-2.325196e-06	-3.422202e-09	-1.736897e+01	-2.260729e+02
5.600000e-07	-2.247790e-06	-3.394189e-09	-1.679075e+01	-2.243215e+02
5.700000e-07	-2.169218e-06	-3.359214e-09	-1.620383e+01	-2.225491e+02
5.800000e-07	-2.089625e-06	-3.332103e-09	-1.560928e+01	-2.207571e+02
5.900000e-07	-2.009246e-06	-3.317185e-09	-1.500886e+01	-2.189317e+02
6.000000e-07	-1.928172e-06	-3.290640e-09	-1.440324e+01	-2.170486e+02
6.100000e-07	-1.846385e-06	-3.250175e-09	-1.379230e+01	-2.150821e+02
6.200000e-07	-1.763928e-06	-3.217131e-09	-1.317636e+01	-2.130120e+02
6.300000e-07	-1.680994e-06	-3.190171e-09	-1.255685e+01	-2.108287e+02
6.400000e-07	-1.597603e-06	-3.152222e-09	-1.193392e+01	-2.085334e+02
6.500000e-07	-1.513769e-06	-3.111511e-09	-1.130770e+01	-2.061355e+02
6.600000e-07	-1.429571e-06	-3.077122e-09	-1.067874e+01	-2.036480e+02
6.700000e-07	-1.345004e-06	-3.037592e-09	-1.004704e+01	-2.010832e+02
6.800000e-07	-1.259983e-06	-2.992410e-09	-9.411944e+00	-1.984474e+02
6.900000e-07	-1.174516e-06	-2.952543e-09	-8.773510e+00	-1.957382e+02
7.000000e-07	-1.088675e-06	-2.914041e-09	-8.132286e+00	-1.929427e+02
7.100000e-07	-1.002495e-06	-2.868634e-09	-7.488533e+00	-1.900383e+02
7.200000e-07	-9.159926e-07	-2.820128e-09	-6.842368e+00	-1.869970e+02
7.300000e-07	-8.292289e-07	-2.772245e-09	-6.194252e+00	-1.837923e+02
7.400000e-07	-7.422809e-07	-2.719674e-09	-5.544760e+00	-1.804059e+02
7.500000e-07	-6.551608e-07	-2.659238e-09	-4.893982e+00	-1.768337e+02
7.600000e-07	-5.678790e-07	-2.598009e-09	-4.241997e+00	-1.730850e+02
7.700000e-07	-4.804215e-07	-2.539476e-09	-3.588698e+00	-1.691768e+02
7.800000e-07	-3.928234e-07	-2.480443e-09	-2.934349e+00	-1.651227e+02
7.900000e-07	-3.051286e-07	-2.418956e-09	-2.279278e+00	-1.609212e+02
8.000000e-07	-2.173258e-07	-2.355147e-09	-1.623401e+00	-1.565491e+02
8.100000e-07	-1.294796e-07	-2.285106e-09	-9.671991e-01	-1.519617e+02
8.200000e-07	-4.156972e-08	-2.206588e-09	-3.105214e-01	-1.471028e+02
8.300000e-07	4.636568e-08	-2.123696e-09	3.463467e-01	-1.419186e+02
8.400000e-07	1.343200e-07	-2.038530e-09	1.003357e+00	-1.363698e+02
8.500000e-07	2.222973e-07	-1.948957e-09	1.660538e+00	-1.304371e+02
8.600000e-07	3.102134e-07	-1.853627e-09	2.317261e+00	-1.241151e+02
8.700000e-07	3.980663e-07	-1.753123e-09	2.973513e+00	-1.173984e+02
8.800000e-07	4.857663e-07	-1.646456e-09	3.628623e+00	-1.102658e+02
8.900000e-07	5.733117e-07	-1.532125e-09	4.282578e+00	-1.026692e+02
9.000000e-07	6.607618e-07	-1.408359e-09	4.935821e+00	-9.453431e+01
9.100000e-07	7.480255e-07	-1.275257e-09	5.587672e+00	-8.577313e+01
9.200000e-07	8.350271e-07	-1.133172e-09	6.237564e+00	-7.630343e+01
9.300000e-07	9.217490e-07	-9.767176e-10	6.885368e+00	-6.606790e+01
9.400000e-07	1.008199e-06	-8.062728e-10	7.531143e+00	-5.504546e+01
9.500000e-07	1.094324e-06	-6.265136e-10	8.174487e+00	-4.325154e+01
9.600000e-07	1.180049e-06	-4.379812e-10	8.814840e+00	-3.072981e+01
9.700000e-07	1.265338e-06	-2.394941e-10	9.451941e+00	-1.754208e+01
9.800000e-07	1.350161e-06	-3.224887e-11	1.008556e+01	-3.763805e+00
9.900000e-07	1.434534e-06	1.805973e-10	1.071582e+01	1.051079e+01
1.000000e-06	1.518515e-06	4.009986e-10	1.134315e+01	2.515593e+01
1.010000e-06	1.602104e-06	6.279318e-10	1.196754e+01	4.000122e+01
1.020000e-06	1.685207e-06	8.526759e-10	1.258832e+01	5.482791e+01
1.030000e-06	1.767677e-06	1.070830e-09	1.320436e+01	6.938130e+01
1.040000e-06	1.849472e-06	1.283138e-09	1.381536e+01	8.339976e+01
1.050000e-06	1.930623e-06	1.485593e-09	1.442155e+01	9.665327e+01
1.060000e-06	2.011056e-06	1.671358e-09	1.502237e+01	1.089793e+02
1.070000e-06	2.090705e-06	1.840766e-09	1.561734e+01	1.203039e+02
1.080000e-06	2.169510e-06	1.997564e-09	1.620601e+01	1.306408e+02
1.090000e-06	2.247507e-06	2.141411e-09	1.678864e+01	1.400695e+02
1.100000e-06	2.324719e-06	2.271025e-09	1.736541e+01	1.487012e+02
1.110000e-06	2.401101e-06	2.391234e-09	1.793597e+01	1.566452e+02
1.120000e-06	2.476605e-06	2.504061e-09	1.849998e+01	1.639861e+02
1.130000e-06	2.551135e-06	2.606201e-09	1.905671e+01	1.707784e+02
1.140000e-06	2.624531e-06	2.701736e-09	1.960497e+01	1.770555e+02
1.150000e-06	2.696802e-06	2.791596e-09	2.014483e+01	1.828457e+02
1.160000e-06	2.768101e-06	2.871847e-09	2.067743e+01	1.881861e+02
1.170000e-06	2.838436e-06	2.943617e-09	2.120282e+01	1.931264e+02
1.180000e-06	2.907793e-06	3.011000e-09	2.172090e+01	1.977242e+02
1.190000e-06	2.976236e-06	3.073489e-09	2.223217e+01	2.020331e+02
1.200000e-06	3.043759e-06	3.132340e-09	2.273656e+01	2.060916e+02
1.210000e-06	3.110199e-06	3.189355e-09	2.323286e+01	2.099191e+02
1.220000e-06	3.175348e-06	3.242726e-09	2.371952e+01	2.135189e+02
1.230000e-06	3.239285e-06	3.290896e-09	2.419711e+01	2.168879e+02
1.240000e-06	3.302150e-06	3.335662e-09	2.466671e+01	2.200262e+02
1.250000e-06	3.363893e-06	3.377451e-09	2.512793e+01	2.229437e+02
1.260000e-06	3.424540e-06	3.414471e-09	2.558095e+01	2.256596e+02
1.270000e-06	3.484155e-06	3.447623e-09	2.602627e+01	2.281972e+02
1.280000e-06	3.542512e-06	3.479603e-09	2.646219e+01	2.305779e+02
1.290000e-06	3.599339e-06	3.512793e-09	2.688668e+01	2.328166e+02
1.300000e-06	3.654750e-06	3.545004e-09	2.730060e+01	2.349226e+02
1.310000e-06	3.708896e-06	3.573705e-09	2.770507e+01	2.369025e+02
1.320000e-06	3.761720e-06	3.600274e-09	2.809965e+01	2.387639e+02
1.330000e-06	3.813022e-06	3.625636e-09	2.848287e+01	2.405170e+02
1.340000e-06	3.862606e-06	3.649713e-09	2.885326e+01	2.421721e+02
1.350000e-06	3.910525e-06	3.672931e-09	2.921121e+01	2.437364e+02
1.360000e-06	3.957033e-06	3.694731e-09	2.955862e+01	2.452107e+02
1.370000e-06	4.002290e-06	3.715116e-09	2.989668e+01	2.465908e+02
1.380000e-06	4.046298e-06	3.734531e-09	3.022542e+01	2.478726e+02
1.390000e-06	4.088869e-06	3.753112e-09	3.054342e+01	2.490586e+02
1.400000e-06	4.129829e-06	3.770736e-09	3.084938e+01	2.501624e+02
1.410000e-06	4.169244e-06	3.786620e-09	3.114382e+01	2.512077e+02
1.420000e-06	4.207232e-06	3.801511e-09	3.142758e+01	2.522208e+02
1.430000e-06	4.243893e-06	3.816772e-09	3.170143e+01	2.532203e+02
1.440000e-06	4.279157e-06	3.832555e-09	3.196485e+01	2.542089e+02
1.450000e-06	4.312758e-06	3.848019e-09	3.221585e+01	2.551713e+02
1.460000e-06	4.344745e-06	3.861787e-09	3.245479e+01	2.560805e+02
1.470000e-06	4.375289e-06	3.874796e-09	3.268295e+01	2.569107e+02
1.480000e-06	4.404415e-06	3.887554e-09	3.290052e+01	2.576495e+02
1.490000e-06	4.432148e-06	3.899307e-09	3.310768e+01	2.583050e+02
1.500000e-06	4.458238e-06	3.909686e-09	3.330257e+01	2.589026e+02
1.510000e-06	4.482542e-06	3.918639e-09	3.348412e+01	2.594741e+02
1.520000e-06	4.505235e-06	3.926543e-09	3.365363e+01	2.600423e+02
1.530000e-06	4.526452e-06	3.935138e-09	3.381212e+01	2.606108e+02
1.540000e-06	4.546234e-06	3.944854e-09	3.395989e+01	2.611617e+02
1.550000e-06	4.564471e-06	3.952970e-09	3.409611e+01	2.616645e+02
1.560000e-06	4.580997e-06	3.958436e-09	3.421956e+01	2.620901e+02
1.570000e-06	4.595732e-06	3.963619e-09	3.432963e+01	2.624251e+02
1.580000e-06	4.608726e-06	3.969825e-09	3.442670e+01	2.626775e+02
1.590000e-06	4.619974e-06	3.975826e-09	3.451072e+01	2.628730e+02
1.600000e-06	4.629295e-06	3.979908e-09	3.458035e+01	2.630431e+02
1.610000e-06	4.636789e-06	3.983345e-09	3.463633e+01	2.632115e+02
1.620000e-06	4.642730e-06	3.986366e-09	3.468070e+01	2.633855e+02
1.630000e-06	4.647164e-06	3.988917e-09	3.471383e+01	2.635561e+02
1.640000e-06	4.650034e-06	3.991124e-09	3.473526e+01	2.637065e+02
1.650000e-06	4.651163e-06	3.993945e-09	3.474370e+01	2.638230e+02
1.660000e-06	4.650606e-06	3.999170e-09	3.473953e+01	2.639023e+02
1.670000e-06	4.648545e-06	4.001647e-09	3.472414e+01	2.639511e+02
1.680000e-06	4.645073e-06	4.000937e-09	3.469821e+01	2.639789e+02
1.690000e-06	4.640195e-06	4.001974e-09	3.466176e+01	2.639877e+02
1.700000e-06	4.633686e-06	4.002229e-09	3.461315e+01	2.639668e+02
1.710000e-06	4.625601e-06	4.000587e-09	3.455275e+01	2.638959e+02
1.720000e-06	4.616192e-06	3.997918e-09	3.448247e+01	2.637567e+02
1.730000e-06	4.605390e-06	3.990363e-09	3.440178e+01	2.635464e+02
1.740000e-06	4.592970e-06	4.000502e-09	3.430900e+01	2.632859e+02
1.750000e-06	4.578452e-06	3.989618e-09	3.420055e+01	2.630163e+02
1.760000e-06	4.561494e-06	3.976373e-09	3.407388e+01	2.627824e+02
1.770000e-06	4.542509e-06	3.980037e-09	3.393206e+01	2.626111e+02
1.780000e-06	4.522376e-06	3.959047e-09	3.378167e+01	2.624940e+02
1.790000e-06	4.501632e-06	4.007188e-09	3.362672e+01	2.623842e+02
1.800000e-06	4.479658e-06	3.993878e-09	3.346257e+01	2.622111e+02
1.810000e-06	4.455611e-06	3.916786e-09	3.328295e+01	2.619093e+02
1.820000e-06	4.429919e-06	4.000473e-09	3.309103e+01	2.614480e+02
1.830000e-06	4.403052e-06	4.018380e-09	3.289033e+01	2.608492e+02
1.840000e-06	4.374498e-06	3.958472e-09	3.267704e+01	2.601839e+02
1.850000e-06	4.344052e-06	4.004685e-09	3.244961e+01	2.595467e+02
1.860000e-06	4.312059e-06	3.953279e-09	3.221063e+01	2.590188e+02
1.870000e-06	4.278645e-06	3.911401e-09	3.196102e+01	2.586342e+02
1.880000e-06	4.243832e-06	3.971674e-09	3.170098e+01	2.583654e+02
1.890000e-06	4.207541e-06	3.915377e-09	3.142989e+01	2.581334e+02
1.900000e-06	4.169524e-06	3.942453e-09	3.114590e+01	2.578397e+02
1.910000e-06	4.129860e-06	3.996987e-09	3.084962e+01	2.574057e+02
1.920000e-06	4.088670e-06	3.894213e-09	3.054193e+01	2.568038e+02
1.930000e-06	4.046141e-06	3.892213e-09	3.022424e+01	2.560656e+02
1.940000e-06	4.002434e-06	3.915625e-09	2.989776e+01	2.552663e+02
1.950000e-06	3.957328e-06	3.880429e-09	2.956082e+01	2.544904e+02
1.960000e-06	3.910700e-06	3.878965e-09	2.921252e+01	2.537964e+02
1.970000e-06	3.862497e-06	3.877160e-09	2.885245e+01	2.531937e+02
1.980000e-06	3.812821e-06	3.875071e-09	2.848137e+01	2.526424e+02
1.990000e-06	3.761836e-06	3.834328e-09	2.810052e+01	2.520738e+02
2.000000e-06	3.709349e-06	3.833577e-09	2.770845e+01	2.514209e+02
2.010000e-06	3.655173e-06	3.855527e-09	2.730376e+01	2.506466e+02
2.020000e-06	3.599476e-06	3.812044e-09	2.688771e+01	2.497558e+02
2.030000e-06	3.542503e-06	3.807591e-09	2.646212e+01	2.487876e+02
2.040000e-06	3.484286e-06	3.800679e-09	2.602725e+01	2.477944e+02
2.050000e-06	3.424963e-06	3.783755e-09	2.558411e+01	2.468166e+02
2.060000e-06	3.364670e-06	3.760575e-09	2.513373e+01	2.458656e+02
2.070000e-06	3.303090e-06	3.730799e-09	2.467374e+01	2.449218e+02
2.080000e-06	3.240047e-06	3.758968e-09	2.420281e+01	2.439479e+02
2.090000e-06	3.175891e-06	3.725614e-09	2.372357e+01	2.429074e+02
2.100000e-06	3.110725e-06	3.673849e-09	2.323679e+01	2.417823e+02
2.110000e-06	3.044437e-06	3.687458e-09	2.274163e+01	2.405790e+02
2.120000e-06	2.977152e-06	3.692181e-09	2.223901e+01	2.393224e+02
2.130000e-06	2.908967e-06	3.657985e-09	2.172967e+01	2.380407e+02
2.140000e-06	2.839635e-06	3.616146e-09	2.121178e+01	2.367509e+02
2.150000e-06	2.768935e-06	3.620101e-09	2.068365e+01	2.354494e+02
2.160000e-06	2.697095e-06	3.599353e-09	2.014702e+01	2.341147e+02
2.170000e-06	2.624377e-06	3.554241e-09	1.960382e+01	2.327171e+02
2.180000e-06	2.550822e-06	3.543815e-09	1.905437e+01	2.312331e+02
2.190000e-06	2.476392e-06	3.535911e-09	1.849838e+01	2.296553e+02
2.200000e-06	2.401108e-06	3.506570e-09	1.793602e+01	2.279947e+02
2.210000e-06	2.324859e-06	3.466857e-09	1.736645e+01	2.262746e+02
2.220000e-06	2.247495e-06	3.457099e-09	1.678855e+01	2.245196e+02
2.230000e-06	2.168998e-06	3.441144e-09	1.620219e+01	2.227448e+02
2.240000e-06	2.089497e-06	3.393750e-09	1.560832e+01	2.209494e+02
2.250000e-06	2.009274e-06	3.358284e-09	1.500907e+01	2.191174e+02
2.260000e-06	1.928481e-06	3.340155e-09	1.440555e+01	2.172241e+02
2.270000e-06	1.847066e-06	3.315330e-09	1.379739e+01	2.152440e+02
2.280000e-06	1.764946e-06	3.279367e-09	1.318396e+01	2.131582e+02
2.290000e-06	1.682156e-06	3.251001e-09	1.256553e+01	2.109587e+02
2.300000e-06	1.598856e-06	3.216022e-09	1.194328e+01	2.086482e+02
2.310000e-06	1.515179e-06	3.167579e-09	1.131823e+01	2.062367e+02
2.320000e-06	1.431116e-06	3.131490e-09	1.069028e+01	2.037377e+02
2.330000e-06	1.346608e-06	3.105921e-09	1.005902e+01	2.011626e+02
2.340000e-06	1.261650e-06	3.067196e-09	9.424395e+00	1.985169e+02
2.350000e-06	1.176246e-06	3.016537e-09	8.786437e+00	1.957965e+02
2.360000e-06	1.090301e-06	2.971527e-09	8.144437e+00	1.929871e+02
2.370000e-06	1.003824e-06	2.929063e-09	7.498463e+00	1.900651e+02
2.380000e-06	9.169349e-07	2.881700e-09	6.849407e+00	1.870021e+02
2.390000e-06	8.296651e-07	2.835847e-09	6.197511e+00	1.837724e+02
2.400000e-06	7.420631e-07	2.791142e-09	5.543133e+00	1.803595e+02
2.410000e-06	6.542093e-07	2.735601e-09	4.886875e+00	1.767614e+02
2.420000e-06	5.661802e-07	2.674108e-09	4.229306e+00	1.729889e+02
2.430000e-06	4.780612e-07	2.617264e-09	3.571067e+00	1.690594e+02
2.440000e-06	3.898494e-07	2.558332e-09	2.912134e+00	1.649849e+02
2.450000e-06	3.014676e-07	2.488777e-09	2.251931e+00	1.607612e+02
2.460000e-06	2.129429e-07	2.417049e-09	1.590661e+00	1.563616e+02
2.470000e-06	1.243716e-07	2.350054e-09	9.290430e-01	1.517391e+02
2.480000e-06	3.580001e-08	2.279664e-09	2.674223e-01	1.468369e+02
2.490000e-06	-5.279831e-08	2.200183e-09	-3.943978e-01	1.416027e+02
2.500000e-06	-1.413941e-07	2.114739e-09	-1.056199e+00	1.360000e+02
2.510000e-06	-2.299094e-07	2.023703e-09	-1.717399e+00	1.300120e+02
2.520000e-06	-3.183701e-07	1.924853e-09	-2.378191e+00	1.236343e+02
2.530000e-06	-4.067522e-07	1.820635e-09	-3.038396e+00	1.168602e+02
2.540000e-06	-4.950117e-07	1.711488e-09	-3.697685e+00	1.096650e+02
2.550000e-06	-5.831187e-07	1.593714e-09	-4.355835e+00	1.019967e+02
2.560000e-06	-6.710051e-07	1.463959e-09	-5.012338e+00	9.377792e+01
2.570000e-06	-7.587010e-07	1.323896e-09	-5.667417e+00	8.492030e+01
2.580000e-06	-8.461808e-07	1.178790e-09	-6.320881e+00	7.534406e+01
2.590000e-06	-9.332688e-07	1.025494e-09	-6.971419e+00	6.499664e+01
2.600000e-06	-1.019914e-06	8.566282e-10	-7.618651e+00	5.386241e+01
2.610000e-06	-1.106181e-06	6.733597e-10	-8.263058e+00	4.196146e+01
2.620000e-06	-1.191900e-06	4.801457e-10	-8.903368e+00	2.934060e+01
2.630000e-06	-1.277001e-06	2.747810e-10	-9.539062e+00	1.606369e+01
2.640000e-06	-1.361610e-06	5.718899e-11	-1.017108e+01	2.208298e+00
2.650000e-06	-1.445745e-06	-1.652887e-10	-1.079957e+01	-1.212772e+01
2.660000e-06	-1.529417e-06	-3.904991e-10	-1.142459e+01	-2.681290e+01
2.670000e-06	-1.612611e-06	-6.194972e-10	-1.204603e+01	-4.166985e+01
2.680000e-06	-1.695279e-06	-8.475495e-10	-1.266356e+01	-5.647350e+01
2.690000e-06	-1.777339e-06	-1.067666e-09	-1.327654e+01	-7.096605e+01
2.700000e-06	-1.858749e-06	-1.280362e-09	-1.388466e+01	-8.488795e+01
2.710000e-06	-1.939548e-06	-1.485855e-09	-1.448822e+01	-9.801685e+01
2.720000e-06	-2.019777e-06	-1.675274e-09	-1.508752e+01	-1.102021e+02
2.730000e-06	-2.099368e-06	-1.845188e-09	-1.568206e+01	-1.213827e+02
2.740000e-06	-2.178098e-06	-2.001456e-09	-1.627016e+01	-1.315837e+02
2.750000e-06	-2.255830e-06	-2.146211e-09	-1.685081e+01	-1.408913e+02
2.760000e-06	-2.332524e-06	-2.276713e-09	-1.742371e+01	-1.494184e+02
2.770000e-06	-2.408176e-06	-2.396006e-09	-1.798882e+01	-1.572717e+02
2.780000e-06	-2.482914e-06	-2.507979e-09	-1.854710e+01	-1.645314e+02
2.790000e-06	-2.556829e-06	-2.610403e-09	-1.909924e+01	-1.712481e+02
2.800000e-06	-2.629892e-06	-2.703544e-09	-1.964501e+01	-1.774537e+02
2.810000e-06	-2.702097e-06	-2.791512e-09	-2.018438e+01	-1.831770e+02
2.820000e-06	-2.773463e-06	-2.875769e-09	-2.071748e+01	-1.884567e+02
2.830000e-06	-2.843782e-06	-2.953532e-09	-2.124275e+01	-1.933445e+02
2.840000e-06	-2.912890e-06	-3.024141e-09	-2.175898e+01	-1.978978e+02
2.850000e-06	-2.980934e-06	-3.091534e-09	-2.226726e+01	-2.021689e+02
2.860000e-06	-3.048008e-06	-3.155921e-09	-2.276830e+01	-2.061935e+02
2.870000e-06	-3.114062e-06	-3.214874e-09	-2.326171e+01	-2.099884e+02
2.880000e-06	-3.179110e-06	-3.271198e-09	-2.374762e+01	-2.135554e+02
2.890000e-06	-3.243103e-06	-3.325263e-09	-2.422563e+01	-2.168910e+02
2.900000e-06	-3.305842e-06	-3.376363e-09	-2.469429e+01	-2.199968e+02
2.910000e-06	-3.367222e-06	-3.424942e-09	-2.515279e+01	-2.228840e+02
2.920000e-06	-3.427326e-06	-3.470459e-09	-2.560177e+01	-2.255728e+02
2.930000e-06	-3.486271e-06	-3.512328e-09	-2.604208e+01	-2.280867e+02
2.940000e-06	-3.544020e-06	-3.550225e-09	-2.647346e+01	-2.304462e+02
2.950000e-06	-3.600552e-06	-3.584835e-09	-2.689575e+01	-2.326654e+02
2.960000e-06	-3.655762e-06	-3.617461e-09	-2.730815e+01	-2.347529e+02
2.970000e-06	-3.709390e-06	-3.650104e-09	-2.770875e+01	-2.367152e+02
2.980000e-06	-3.761430e-06	-3.682422e-09	-2.809748e+01	-2.385603e+02
2.990000e-06	-3.811913e-06	-3.710861e-09	-2.847459e+01	-2.402987e+02
3.000000e-06	-3.860715e-06	-3.734324e-09	-2.883913e+01	-2.419404e+02
3.010000e-06	-3.907916e-06	-3.756696e-09	-2.919172e+01	-2.434918e+02
3.020000e-06	-3.953787e-06	-3.779933e-09	-2.953437e+01	-2.449528e+02
3.030000e-06	-3.998438e-06	-3.802780e-09	-2.986791e+01	-2.463189e+02
3.040000e-06	-4.041921e-06	-3.822799e-09	-3.019272e+01	-2.475865e+02
3.050000e-06	-4.084184e-06	-3.840155e-09	-3.050842e+01	-2.487595e+02
3.060000e-06	-4.125120e-06	-3.856628e-09	-3.081421e+01	-2.498532e+02
3.070000e-06	-4.164694e-06	-3.871902e-09	-3.110982e+01	-2.508922e+02
3.080000e-06	-4.202702e-06	-3.886900e-09	-3.139374e+01	-2.519024e+02
3.090000e-06	-4.239111e-06	-3.901941e-09	-3.166571e+01	-2.529005e+02
3.100000e-06	-4.274050e-06	-3.916665e-09	-3.192670e+01	-2.538865e+02
3.110000e-06	-4.307595e-06	-3.931176e-09	-3.217728e+01	-2.548429e+02
3.120000e-06	-4.339686e-06	-3.944485e-09	-3.241700e+01	-2.557422e+02
3.130000e-06	-4.370140e-06	-3.955865e-09	-3.264448e+01	-2.565595e+02
3.140000e-06	-4.398953e-06	-3.965218e-09	-3.285971e+01	-2.572853e+02
3.150000e-06	-4.426259e-06	-3.973283e-09	-3.306369e+01	-2.579305e+02
3.160000e-06	-4.452067e-06	-3.981477e-09	-3.325647e+01	-2.585223e+02
3.170000e-06	-4.476336e-06	-3.991047e-09	-3.343776e+01	-2.590921e+02
3.180000e-06	-4.498988e-06	-4.000513e-09	-3.360697e+01	-2.596606e+02
3.190000e-06	-4.519893e-06	-4.008279e-09	-3.376312e+01	-2.602280e+02
3.200000e-06	-4.539215e-06	-4.014742e-09	-3.390746e+01	-2.607739e+02
3.210000e-06	-4.557040e-06	-4.021645e-09	-3.404061e+01	-2.612671e+02
3.220000e-06	-4.573333e-06	-4.028640e-09	-3.416232e+01	-2.616800e+02
3.230000e-06	-4.587797e-06	-4.034142e-09	-3.427036e+01	-2.620020e+02
3.240000e-06	-4.600262e-06	-4.036268e-09	-3.436347e+01	-2.622443e+02
3.250000e-06	-4.610983e-06	-4.037516e-09	-3.444356e+01	-2.624341e+02
3.260000e-06	-4.620121e-06	-4.039376e-09	-3.451182e+01	-2.626027e+02
3.270000e-06	-4.627679e-06	-4.040447e-09	-3.456828e+01	-2.627718e+02
3.280000e-06	-4.633518e-06	-4.040126e-09	-3.461189e+01	-2.629460e+02
3.290000e-06	-4.637660e-06	-4.039469e-09	-3.464283e+01	-2.631147e+02
3.300000e-06	-4.640281e-06	-4.042658e-09	-3.466241e+01	-2.632607e+02
3.310000e-06	-4.641401e-06	-4.046648e-09	-3.467077e+01	-2.633717e+02
