# Temperatura_=_20.0
# Concentracion g/m^3_=_6600.0
# C_Vs_to_Am_M_A/Vsm_=_65563218390.804596
# pendiente_HvsI_1/m_=_3716.3
# ordenada_HvsI_A/m_=_1297.0
# frecuencia_Hz_=_301516.53345198056

Tiempo_(s)	Campo_(V.s)	Magnetizacion_(V.s)	Campo_(kA/m)	Magnetizacion_(A/m)
0.000000e+00	-4.653511e-06	-3.938111e-09	-3.466598e+01	-2.576194e+02
1.000000e-08	-4.651815e-06	-3.943184e-09	-3.465334e+01	-2.577202e+02
2.000000e-08	-4.648428e-06	-3.941538e-09	-3.462811e+01	-2.577376e+02
3.000000e-08	-4.643644e-06	-3.937910e-09	-3.459247e+01	-2.576725e+02
4.000000e-08	-4.637424e-06	-3.934039e-09	-3.454614e+01	-2.575487e+02
5.000000e-08	-4.629805e-06	-3.930250e-09	-3.448938e+01	-2.574041e+02
6.000000e-08	-4.620695e-06	-3.926999e-09	-3.442151e+01	-2.572774e+02
7.000000e-08	-4.609880e-06	-3.916755e-09	-3.434095e+01	-2.571945e+02
8.000000e-08	-4.597315e-06	-3.916899e-09	-3.424735e+01	-2.571586e+02
9.000000e-08	-4.582687e-06	-3.965116e-09	-3.413837e+01	-2.571491e+02
1.000000e-07	-4.565771e-06	-3.968924e-09	-3.401236e+01	-2.571276e+02
1.100000e-07	-4.547013e-06	-3.943277e-09	-3.387262e+01	-2.570503e+02
1.200000e-07	-4.526889e-06	-3.920251e-09	-3.372272e+01	-2.568820e+02
1.300000e-07	-4.505631e-06	-3.845007e-09	-3.356435e+01	-2.566079e+02
1.400000e-07	-4.483206e-06	-3.936728e-09	-3.339730e+01	-2.562374e+02
1.500000e-07	-4.459458e-06	-3.985441e-09	-3.322039e+01	-2.558020e+02
1.600000e-07	-4.434280e-06	-3.827365e-09	-3.303283e+01	-2.553451e+02
1.700000e-07	-4.407546e-06	-3.897107e-09	-3.283368e+01	-2.549086e+02
1.800000e-07	-4.379114e-06	-3.910422e-09	-3.262188e+01	-2.545199e+02
1.900000e-07	-4.349180e-06	-3.768845e-09	-3.239888e+01	-2.541833e+02
2.000000e-07	-4.317990e-06	-3.893690e-09	-3.216653e+01	-2.538790e+02
2.100000e-07	-4.285206e-06	-3.928839e-09	-3.192231e+01	-2.535693e+02
2.200000e-07	-4.250657e-06	-3.826724e-09	-3.166494e+01	-2.532107e+02
2.300000e-07	-4.214645e-06	-3.890604e-09	-3.139668e+01	-2.527685e+02
2.400000e-07	-4.177156e-06	-3.855038e-09	-3.111741e+01	-2.522279e+02
2.500000e-07	-4.138138e-06	-3.791275e-09	-3.082674e+01	-2.516002e+02
2.600000e-07	-4.097608e-06	-3.841785e-09	-3.052482e+01	-2.509183e+02
2.700000e-07	-4.055384e-06	-3.828570e-09	-3.021027e+01	-2.502265e+02
2.800000e-07	-4.011566e-06	-3.813386e-09	-2.988386e+01	-2.495652e+02
2.900000e-07	-3.966267e-06	-3.789597e-09	-2.954640e+01	-2.489566e+02
3.000000e-07	-3.919509e-06	-3.762742e-09	-2.919809e+01	-2.483974e+02
3.100000e-07	-3.871277e-06	-3.791537e-09	-2.883878e+01	-2.478597e+02
3.200000e-07	-3.821219e-06	-3.799444e-09	-2.846588e+01	-2.473014e+02
3.300000e-07	-3.769355e-06	-3.769473e-09	-2.807953e+01	-2.466816e+02
3.400000e-07	-3.716095e-06	-3.736339e-09	-2.768277e+01	-2.459751e+02
3.500000e-07	-3.661611e-06	-3.736745e-09	-2.727690e+01	-2.451805e+02
3.600000e-07	-3.606059e-06	-3.727911e-09	-2.686306e+01	-2.443188e+02
3.700000e-07	-3.549253e-06	-3.703599e-09	-2.643989e+01	-2.434228e+02
3.800000e-07	-3.490837e-06	-3.710859e-09	-2.600472e+01	-2.425224e+02
3.900000e-07	-3.431054e-06	-3.689532e-09	-2.555937e+01	-2.416307e+02
4.000000e-07	-3.370183e-06	-3.663588e-09	-2.510592e+01	-2.407385e+02
4.100000e-07	-3.308199e-06	-3.656882e-09	-2.464418e+01	-2.398182e+02
4.200000e-07	-3.245142e-06	-3.643236e-09	-2.417444e+01	-2.388359e+02
4.300000e-07	-3.181070e-06	-3.638089e-09	-2.369714e+01	-2.377669e+02
4.400000e-07	-3.115677e-06	-3.616010e-09	-2.321000e+01	-2.366067e+02
4.500000e-07	-3.048865e-06	-3.579857e-09	-2.271229e+01	-2.353742e+02
4.600000e-07	-2.981035e-06	-3.559981e-09	-2.220699e+01	-2.341035e+02
4.700000e-07	-2.912380e-06	-3.551812e-09	-2.169555e+01	-2.328299e+02
4.800000e-07	-2.842812e-06	-3.538558e-09	-2.117731e+01	-2.315749e+02
4.900000e-07	-2.772231e-06	-3.508773e-09	-2.065152e+01	-2.303363e+02
5.000000e-07	-2.700748e-06	-3.491052e-09	-2.011902e+01	-2.290897e+02
5.100000e-07	-2.628337e-06	-3.476192e-09	-1.957959e+01	-2.277982e+02
5.200000e-07	-2.554732e-06	-3.448785e-09	-1.903128e+01	-2.264277e+02
5.300000e-07	-2.479883e-06	-3.427074e-09	-1.847370e+01	-2.249608e+02
5.400000e-07	-2.403959e-06	-3.406708e-09	-1.790811e+01	-2.234029e+02
5.500000e-07	-2.327182e-06	-3.380125e-09	-1.733616e+01	-2.217784e+02
5.600000e-07	-2.249533e-06	-3.341843e-09	-1.675773e+01	-2.201191e+02
5.700000e-07	-2.170739e-06	-3.316077e-09	-1.617075e+01	-2.184498e+02
5.800000e-07	-2.090853e-06	-3.302940e-09	-1.557565e+01	-2.167771e+02
5.900000e-07	-2.010218e-06	-3.278718e-09	-1.497497e+01	-2.150867e+02
6.000000e-07	-1.928887e-06	-3.246760e-09	-1.436910e+01	-2.133494e+02
6.100000e-07	-1.846772e-06	-3.217564e-09	-1.375739e+01	-2.115323e+02
6.200000e-07	-1.764034e-06	-3.190064e-09	-1.314103e+01	-2.096110e+02
6.300000e-07	-1.680892e-06	-3.154489e-09	-1.252168e+01	-2.075763e+02
6.400000e-07	-1.597357e-06	-3.120804e-09	-1.189939e+01	-2.054342e+02
6.500000e-07	-1.513352e-06	-3.090835e-09	-1.127360e+01	-2.031996e+02
6.600000e-07	-1.428937e-06	-3.054003e-09	-1.064476e+01	-2.008869e+02
6.700000e-07	-1.344099e-06	-3.012976e-09	-1.001276e+01	-1.985025e+02
6.800000e-07	-1.258761e-06	-2.976829e-09	-9.377041e+00	-1.960428e+02
6.900000e-07	-1.173009e-06	-2.942274e-09	-8.738239e+00	-1.934963e+02
7.000000e-07	-1.086948e-06	-2.903126e-09	-8.097133e+00	-1.908493e+02
7.100000e-07	-1.000557e-06	-2.860975e-09	-7.453571e+00	-1.880907e+02
7.200000e-07	-9.137608e-07	-2.817237e-09	-6.806991e+00	-1.852142e+02
7.300000e-07	-8.266877e-07	-2.769727e-09	-6.158347e+00	-1.822158e+02
7.400000e-07	-7.394585e-07	-2.718687e-09	-5.508540e+00	-1.790895e+02
7.500000e-07	-6.520571e-07	-2.668506e-09	-4.857450e+00	-1.758235e+02
7.600000e-07	-5.644752e-07	-2.615722e-09	-4.205015e+00	-1.723998e+02
7.700000e-07	-4.767691e-07	-2.561369e-09	-3.551655e+00	-1.687970e+02
7.800000e-07	-3.890231e-07	-2.505479e-09	-2.897998e+00	-1.649948e+02
7.900000e-07	-3.011886e-07	-2.446276e-09	-2.243681e+00	-1.609785e+02
8.000000e-07	-2.132210e-07	-2.381378e-09	-1.588374e+00	-1.567381e+02
8.100000e-07	-1.251942e-07	-2.310388e-09	-9.326247e-01	-1.522644e+02
8.200000e-07	-3.708038e-08	-2.237465e-09	-2.762275e-01	-1.475409e+02
8.300000e-07	5.113513e-08	-2.161820e-09	3.809273e-01	-1.425377e+02
8.400000e-07	1.393151e-07	-2.081303e-09	1.037817e+00	-1.372089e+02
8.500000e-07	2.274320e-07	-1.992590e-09	1.694237e+00	-1.314960e+02
8.600000e-07	3.155304e-07	-1.897947e-09	2.350520e+00	-1.253355e+02
8.700000e-07	4.035487e-07	-1.797833e-09	3.006206e+00	-1.186677e+02
8.800000e-07	4.914206e-07	-1.689146e-09	3.660801e+00	-1.114412e+02
8.900000e-07	5.791828e-07	-1.571528e-09	4.314578e+00	-1.036105e+02
9.000000e-07	6.667982e-07	-1.443606e-09	4.967262e+00	-9.512844e+01
9.100000e-07	7.542148e-07	-1.303376e-09	5.618466e+00	-8.593577e+01
9.200000e-07	8.414712e-07	-1.150652e-09	6.268475e+00	-7.595559e+01
9.300000e-07	9.284980e-07	-9.842983e-10	6.916775e+00	-6.509757e+01
9.400000e-07	1.015174e-06	-8.030956e-10	7.562465e+00	-5.327409e+01
9.500000e-07	1.101511e-06	-6.092851e-10	8.205625e+00	-4.042594e+01
9.600000e-07	1.187509e-06	-4.006474e-10	8.846255e+00	-2.655062e+01
9.700000e-07	1.273106e-06	-1.753405e-10	9.483908e+00	-1.172473e+01
9.800000e-07	1.358206e-06	6.330200e-11	1.011785e+01	3.886759e+00
9.900000e-07	1.442765e-06	3.095683e-10	1.074777e+01	2.003806e+01
1.000000e-06	1.526861e-06	5.583454e-10	1.137424e+01	3.642509e+01
1.010000e-06	1.610536e-06	8.064361e-10	1.199757e+01	5.271746e+01
1.020000e-06	1.693800e-06	1.047110e-09	1.261783e+01	6.859244e+01
1.030000e-06	1.776522e-06	1.274657e-09	1.323406e+01	8.376411e+01
1.040000e-06	1.858435e-06	1.487226e-09	1.384427e+01	9.800396e+01
1.050000e-06	1.939576e-06	1.684961e-09	1.444873e+01	1.111521e+02
1.060000e-06	2.020118e-06	1.866290e-09	1.504871e+01	1.231206e+02
1.070000e-06	2.099945e-06	2.031468e-09	1.564338e+01	1.338915e+02
1.080000e-06	2.178909e-06	2.177650e-09	1.623162e+01	1.435106e+02
1.090000e-06	2.257023e-06	2.306345e-09	1.681352e+01	1.520767e+02
1.100000e-06	2.334316e-06	2.421677e-09	1.738931e+01	1.597272e+02
1.110000e-06	2.410778e-06	2.524871e-09	1.795891e+01	1.666183e+02
1.120000e-06	2.486459e-06	2.620416e-09	1.852269e+01	1.729032e+02
1.130000e-06	2.561218e-06	2.708020e-09	1.907960e+01	1.787118e+02
1.140000e-06	2.634801e-06	2.789537e-09	1.962775e+01	1.841357e+02
1.150000e-06	2.707233e-06	2.865283e-09	2.016732e+01	1.892242e+02
1.160000e-06	2.778731e-06	2.936688e-09	2.069995e+01	1.939907e+02
1.170000e-06	2.849300e-06	3.003019e-09	2.122565e+01	1.984281e+02
1.180000e-06	2.918831e-06	3.061545e-09	2.174361e+01	2.025276e+02
1.190000e-06	2.987377e-06	3.113443e-09	2.225424e+01	2.062945e+02
1.200000e-06	3.055039e-06	3.162833e-09	2.275828e+01	2.097553e+02
1.210000e-06	3.121670e-06	3.210521e-09	2.325464e+01	2.129544e+02
1.220000e-06	3.186931e-06	3.253792e-09	2.374080e+01	2.159431e+02
1.230000e-06	3.250911e-06	3.293246e-09	2.421741e+01	2.187649e+02
1.240000e-06	3.313844e-06	3.330884e-09	2.468623e+01	2.214447e+02
1.250000e-06	3.375675e-06	3.366570e-09	2.514683e+01	2.239842e+02
1.260000e-06	3.436405e-06	3.398687e-09	2.559924e+01	2.263684e+02
1.270000e-06	3.496133e-06	3.427976e-09	2.604418e+01	2.285766e+02
1.280000e-06	3.554644e-06	3.457063e-09	2.648005e+01	2.305960e+02
1.290000e-06	3.611555e-06	3.485966e-09	2.690401e+01	2.324318e+02
1.300000e-06	3.667015e-06	3.512335e-09	2.731715e+01	2.341081e+02
1.310000e-06	3.721231e-06	3.535168e-09	2.772103e+01	2.356627e+02
1.320000e-06	3.774132e-06	3.555957e-09	2.811511e+01	2.371349e+02
1.330000e-06	3.825565e-06	3.576895e-09	2.849825e+01	2.385532e+02
1.340000e-06	3.875277e-06	3.597657e-09	2.886858e+01	2.399282e+02
1.350000e-06	3.923326e-06	3.617697e-09	2.922652e+01	2.412515e+02
1.360000e-06	3.969966e-06	3.636863e-09	2.957396e+01	2.425022e+02
1.370000e-06	4.015277e-06	3.654108e-09	2.991150e+01	2.436588e+02
1.380000e-06	4.059333e-06	3.669615e-09	3.023969e+01	2.447100e+02
1.390000e-06	4.101977e-06	3.684474e-09	3.055737e+01	2.456614e+02
1.400000e-06	4.142916e-06	3.699927e-09	3.086234e+01	2.465354e+02
1.410000e-06	4.182340e-06	3.714712e-09	3.115602e+01	2.473644e+02
1.420000e-06	4.220434e-06	3.727227e-09	3.143980e+01	2.481794e+02
1.430000e-06	4.257135e-06	3.737834e-09	3.171320e+01	2.489998e+02
1.440000e-06	4.292467e-06	3.749489e-09	3.197640e+01	2.498267e+02
1.450000e-06	4.326193e-06	3.763007e-09	3.222764e+01	2.506435e+02
1.460000e-06	4.358250e-06	3.774956e-09	3.246645e+01	2.514232e+02
1.470000e-06	4.388834e-06	3.785889e-09	3.269429e+01	2.521390e+02
1.480000e-06	4.417962e-06	3.797173e-09	3.291127e+01	2.527751e+02
1.490000e-06	4.445729e-06	3.807245e-09	3.311812e+01	2.533330e+02
1.500000e-06	4.471800e-06	3.815054e-09	3.331234e+01	2.538303e+02
1.510000e-06	4.496021e-06	3.822641e-09	3.349276e+01	2.542940e+02
1.520000e-06	4.518684e-06	3.829877e-09	3.366159e+01	2.547493e+02
1.530000e-06	4.539812e-06	3.836763e-09	3.381899e+01	2.552092e+02
1.540000e-06	4.559499e-06	3.843874e-09	3.396564e+01	2.556687e+02
1.550000e-06	4.577657e-06	3.850155e-09	3.410091e+01	2.561067e+02
1.560000e-06	4.594118e-06	3.855754e-09	3.422353e+01	2.564941e+02
1.570000e-06	4.608862e-06	3.861217e-09	3.433336e+01	2.568058e+02
1.580000e-06	4.621930e-06	3.865004e-09	3.443071e+01	2.570315e+02
1.590000e-06	4.633207e-06	3.868477e-09	3.451472e+01	2.571815e+02
1.600000e-06	4.642484e-06	3.873134e-09	3.458383e+01	2.572841e+02
1.610000e-06	4.649966e-06	3.877534e-09	3.463957e+01	2.573764e+02
1.620000e-06	4.655834e-06	3.880631e-09	3.468328e+01	2.574907e+02
1.630000e-06	4.660169e-06	3.882373e-09	3.471557e+01	2.576431e+02
1.640000e-06	4.662948e-06	3.885306e-09	3.473628e+01	2.578267e+02
1.650000e-06	4.663945e-06	3.890887e-09	3.474370e+01	2.580145e+02
1.660000e-06	4.663278e-06	3.892770e-09	3.473874e+01	2.581691e+02
1.670000e-06	4.661128e-06	3.889181e-09	3.472272e+01	2.582563e+02
1.680000e-06	4.657614e-06	3.889565e-09	3.469654e+01	2.582585e+02
1.690000e-06	4.652690e-06	3.891113e-09	3.465986e+01	2.581811e+02
1.700000e-06	4.646011e-06	3.891263e-09	3.461010e+01	2.580509e+02
1.710000e-06	4.637772e-06	3.889902e-09	3.454873e+01	2.579072e+02
1.720000e-06	4.628242e-06	3.894717e-09	3.447773e+01	2.577873e+02
1.730000e-06	4.617295e-06	3.910585e-09	3.439618e+01	2.577136e+02
1.740000e-06	4.604802e-06	3.863110e-09	3.430312e+01	2.576850e+02
1.750000e-06	4.590143e-06	3.836272e-09	3.419392e+01	2.576768e+02
1.760000e-06	4.572913e-06	3.857389e-09	3.406556e+01	2.576488e+02
1.770000e-06	4.553709e-06	3.875561e-09	3.392251e+01	2.575577e+02
1.780000e-06	4.533469e-06	3.956552e-09	3.377173e+01	2.573713e+02
1.790000e-06	4.512756e-06	3.855614e-09	3.361743e+01	2.570789e+02
1.800000e-06	4.490788e-06	3.787299e-09	3.345378e+01	2.566943e+02
1.810000e-06	4.466589e-06	3.952442e-09	3.327351e+01	2.562521e+02
1.820000e-06	4.440757e-06	3.860444e-09	3.308108e+01	2.557964e+02
1.830000e-06	4.413692e-06	3.843359e-09	3.287946e+01	2.553674e+02
1.840000e-06	4.384821e-06	4.029829e-09	3.266439e+01	2.549887e+02
1.850000e-06	4.354179e-06	3.889112e-09	3.243612e+01	2.546603e+02
1.860000e-06	4.322049e-06	3.845959e-09	3.219678e+01	2.543586e+02
1.870000e-06	4.288387e-06	3.969810e-09	3.194601e+01	2.540436e+02
1.880000e-06	4.253354e-06	3.835156e-09	3.168504e+01	2.536725e+02
1.890000e-06	4.216834e-06	3.878758e-09	3.141298e+01	2.532134e+02
1.900000e-06	4.178560e-06	3.939088e-09	3.112787e+01	2.526561e+02
1.910000e-06	4.138689e-06	3.824653e-09	3.083085e+01	2.520160e+02
1.920000e-06	4.097275e-06	3.891190e-09	3.052234e+01	2.513294e+02
1.930000e-06	4.054532e-06	3.842829e-09	3.020393e+01	2.506408e+02
1.940000e-06	4.010628e-06	3.823443e-09	2.987687e+01	2.499883e+02
1.950000e-06	3.965258e-06	3.891385e-09	2.953889e+01	2.493900e+02
1.960000e-06	3.918375e-06	3.795518e-09	2.918964e+01	2.488375e+02
1.970000e-06	3.869988e-06	3.802659e-09	2.882918e+01	2.482997e+02
1.980000e-06	3.820124e-06	3.808833e-09	2.845772e+01	2.477335e+02
1.990000e-06	3.768887e-06	3.790440e-09	2.807604e+01	2.470998e+02
2.000000e-06	3.716127e-06	3.806723e-09	2.768301e+01	2.463773e+02
2.010000e-06	3.661753e-06	3.756031e-09	2.727795e+01	2.455690e+02
2.020000e-06	3.605894e-06	3.793390e-09	2.686183e+01	2.446990e+02
2.030000e-06	3.548758e-06	3.750192e-09	2.643620e+01	2.438007e+02
2.040000e-06	3.490379e-06	3.705497e-09	2.600131e+01	2.429019e+02
2.050000e-06	3.430850e-06	3.744007e-09	2.555785e+01	2.420117e+02
2.060000e-06	3.370347e-06	3.705523e-09	2.510714e+01	2.411173e+02
2.070000e-06	3.308522e-06	3.715296e-09	2.464658e+01	2.401886e+02
2.080000e-06	3.245198e-06	3.667575e-09	2.417485e+01	2.391925e+02
2.090000e-06	3.180718e-06	3.647858e-09	2.369452e+01	2.381072e+02
2.100000e-06	3.115203e-06	3.673410e-09	2.320647e+01	2.369325e+02
2.110000e-06	3.048696e-06	3.622495e-09	2.271103e+01	2.356908e+02
2.120000e-06	2.981242e-06	3.614939e-09	2.220854e+01	2.344176e+02
2.130000e-06	2.912862e-06	3.591748e-09	2.169914e+01	2.331467e+02
2.140000e-06	2.843275e-06	3.586582e-09	2.118076e+01	2.318957e+02
2.150000e-06	2.772274e-06	3.559391e-09	2.065184e+01	2.306584e+02
2.160000e-06	2.700222e-06	3.520666e-09	2.011510e+01	2.294070e+02
2.170000e-06	2.627280e-06	3.530689e-09	1.957172e+01	2.281039e+02
2.180000e-06	2.553493e-06	3.498704e-09	1.902205e+01	2.267172e+02
2.190000e-06	2.478831e-06	3.470789e-09	1.846586e+01	2.252333e+02
2.200000e-06	2.403214e-06	3.448303e-09	1.790256e+01	2.236617e+02
2.210000e-06	2.326648e-06	3.442803e-09	1.733219e+01	2.220290e+02
2.220000e-06	2.248929e-06	3.422894e-09	1.675323e+01	2.203669e+02
2.230000e-06	2.170039e-06	3.372909e-09	1.616554e+01	2.186975e+02
2.240000e-06	2.090302e-06	3.351356e-09	1.557155e+01	2.170235e+02
2.250000e-06	2.009959e-06	3.329616e-09	1.497304e+01	2.153275e+02
2.260000e-06	1.928959e-06	3.300716e-09	1.436963e+01	2.135786e+02
2.270000e-06	1.847266e-06	3.269536e-09	1.376107e+01	2.117447e+02
2.280000e-06	1.764916e-06	3.250522e-09	1.314761e+01	2.098036e+02
2.290000e-06	1.681911e-06	3.223596e-09	1.252927e+01	2.077493e+02
2.300000e-06	1.598416e-06	3.175696e-09	1.190728e+01	2.055899e+02
2.310000e-06	1.514575e-06	3.144556e-09	1.128271e+01	2.033407e+02
2.320000e-06	1.430360e-06	3.121658e-09	1.065536e+01	2.010154e+02
2.330000e-06	1.345682e-06	3.087671e-09	1.002455e+01	1.986185e+02
2.340000e-06	1.260489e-06	3.041445e-09	9.389915e+00	1.961446e+02
2.350000e-06	1.174688e-06	2.998210e-09	8.750747e+00	1.935815e+02
2.360000e-06	1.088225e-06	2.960630e-09	8.106646e+00	1.909155e+02
2.370000e-06	1.001305e-06	2.916660e-09	7.459145e+00	1.881366e+02
2.380000e-06	9.140873e-07	2.872122e-09	6.809424e+00	1.852390e+02
2.390000e-06	8.265502e-07	2.831632e-09	6.157323e+00	1.822186e+02
2.400000e-06	7.386955e-07	2.787160e-09	5.502856e+00	1.790687e+02
2.410000e-06	6.506192e-07	2.734984e-09	4.846738e+00	1.757764e+02
2.420000e-06	5.624206e-07	2.680847e-09	4.189709e+00	1.723227e+02
2.430000e-06	4.741367e-07	2.625941e-09	3.532045e+00	1.686860e+02
2.440000e-06	3.857210e-07	2.567820e-09	2.873399e+00	1.648469e+02
2.450000e-06	2.971720e-07	2.504968e-09	2.213760e+00	1.607915e+02
2.460000e-06	2.085241e-07	2.438430e-09	1.553384e+00	1.565106e+02
2.470000e-06	1.198323e-07	2.370857e-09	8.926817e-01	1.519941e+02
2.480000e-06	3.113770e-08	2.299243e-09	2.319579e-01	1.472236e+02
2.490000e-06	-5.755373e-08	2.222290e-09	-4.287421e-01	1.421665e+02
2.500000e-06	-1.462531e-07	2.141883e-09	-1.089501e+00	1.367740e+02
2.510000e-06	-2.349073e-07	2.053123e-09	-1.749924e+00	1.309862e+02
2.520000e-06	-3.234876e-07	1.955575e-09	-2.409796e+00	1.247396e+02
2.530000e-06	-4.120221e-07	1.851266e-09	-3.069327e+00	1.179759e+02
2.540000e-06	-5.004357e-07	1.739951e-09	-3.727957e+00	1.106450e+02
2.550000e-06	-5.886922e-07	1.619454e-09	-4.385418e+00	1.027021e+02
2.560000e-06	-6.767863e-07	1.486269e-09	-5.041668e+00	9.409830e+01
2.570000e-06	-7.647132e-07	1.342228e-09	-5.696673e+00	8.477150e+01
2.580000e-06	-8.524786e-07	1.188970e-09	-6.350474e+00	7.464173e+01
2.590000e-06	-9.399642e-07	1.022387e-09	-7.002191e+00	6.361763e+01
2.600000e-06	-1.026997e-06	8.380619e-10	-7.650539e+00	5.161459e+01
2.610000e-06	-1.113537e-06	6.363758e-10	-8.295210e+00	3.858151e+01
2.620000e-06	-1.199473e-06	4.195048e-10	-8.935385e+00	2.452865e+01
2.630000e-06	-1.284781e-06	1.895093e-10	-9.570881e+00	9.548200e+00
2.640000e-06	-1.369502e-06	-4.966468e-11	-1.020200e+01	-6.179420e+00
2.650000e-06	-1.453731e-06	-2.943100e-10	-1.082946e+01	-2.239598e+01
2.660000e-06	-1.537578e-06	-5.445925e-10	-1.145407e+01	-3.879021e+01
2.670000e-06	-1.620970e-06	-7.969490e-10	-1.207529e+01	-5.503065e+01
2.680000e-06	-1.703790e-06	-1.041423e-09	-1.269225e+01	-7.079922e+01
2.690000e-06	-1.786017e-06	-1.270984e-09	-1.330480e+01	-8.581903e+01
2.700000e-06	-1.867608e-06	-1.487058e-09	-1.391260e+01	-9.987324e+01
2.710000e-06	-1.948511e-06	-1.688598e-09	-1.451528e+01	-1.128147e+02
2.720000e-06	-2.028809e-06	-1.870359e-09	-1.511346e+01	-1.245684e+02
2.730000e-06	-2.108543e-06	-2.032741e-09	-1.570743e+01	-1.351283e+02
2.740000e-06	-2.187562e-06	-2.178005e-09	-1.629607e+01	-1.445504e+02
2.750000e-06	-2.265530e-06	-2.306524e-09	-1.687690e+01	-1.529418e+02
2.760000e-06	-2.342293e-06	-2.419780e-09	-1.744874e+01	-1.604447e+02
2.770000e-06	-2.418044e-06	-2.523997e-09	-1.801304e+01	-1.672164e+02
2.780000e-06	-2.492945e-06	-2.621051e-09	-1.857100e+01	-1.734073e+02
2.790000e-06	-2.567011e-06	-2.709572e-09	-1.912275e+01	-1.791413e+02
2.800000e-06	-2.640222e-06	-2.792835e-09	-1.966813e+01	-1.845026e+02
2.810000e-06	-2.712604e-06	-2.871747e-09	-2.020734e+01	-1.895331e+02
2.820000e-06	-2.784129e-06	-2.946588e-09	-2.074016e+01	-1.942413e+02
2.830000e-06	-2.854537e-06	-3.017254e-09	-2.126466e+01	-1.986184e+02
2.840000e-06	-2.923726e-06	-3.082158e-09	-2.178007e+01	-2.026572e+02
2.850000e-06	-2.991881e-06	-3.140078e-09	-2.228779e+01	-2.063666e+02
2.860000e-06	-3.059085e-06	-3.192572e-09	-2.278842e+01	-2.097766e+02
2.870000e-06	-3.125228e-06	-3.244902e-09	-2.328115e+01	-2.129341e+02
2.880000e-06	-3.190320e-06	-3.296066e-09	-2.376604e+01	-2.158898e+02
2.890000e-06	-3.254420e-06	-3.341567e-09	-2.424356e+01	-2.186848e+02
2.900000e-06	-3.317340e-06	-3.382926e-09	-2.471227e+01	-2.213397e+02
2.910000e-06	-3.378797e-06	-3.424799e-09	-2.517009e+01	-2.238526e+02
2.920000e-06	-3.438934e-06	-3.465522e-09	-2.561807e+01	-2.262065e+02
2.930000e-06	-3.497953e-06	-3.502023e-09	-2.605774e+01	-2.283811e+02
2.940000e-06	-3.555743e-06	-3.535111e-09	-2.648824e+01	-2.303664e+02
2.950000e-06	-3.612357e-06	-3.562794e-09	-2.690998e+01	-2.321711e+02
2.960000e-06	-3.667739e-06	-3.585437e-09	-2.732254e+01	-2.338224e+02
2.970000e-06	-3.721474e-06	-3.608754e-09	-2.772284e+01	-2.353592e+02
2.980000e-06	-3.773523e-06	-3.634501e-09	-2.811057e+01	-2.368197e+02
2.990000e-06	-3.824136e-06	-3.657398e-09	-2.848761e+01	-2.382298e+02
3.000000e-06	-3.873127e-06	-3.676491e-09	-2.885256e+01	-2.395963e+02
3.010000e-06	-3.920357e-06	-3.695533e-09	-2.920440e+01	-2.409080e+02
3.020000e-06	-3.966216e-06	-3.715790e-09	-2.954602e+01	-2.421430e+02
3.030000e-06	-4.010971e-06	-3.734302e-09	-2.987942e+01	-2.432808e+02
3.040000e-06	-4.054591e-06	-3.750355e-09	-3.020436e+01	-2.443129e+02
3.050000e-06	-4.096961e-06	-3.765053e-09	-3.052000e+01	-2.452481e+02
3.060000e-06	-4.137994e-06	-3.776486e-09	-3.082567e+01	-2.461112e+02
3.070000e-06	-4.177663e-06	-3.786113e-09	-3.112118e+01	-2.469353e+02
3.080000e-06	-4.215709e-06	-3.797481e-09	-3.140460e+01	-2.477500e+02
3.090000e-06	-4.252096e-06	-3.812143e-09	-3.167566e+01	-2.485717e+02
3.100000e-06	-4.287087e-06	-3.825381e-09	-3.193633e+01	-2.493981e+02
3.110000e-06	-4.320691e-06	-3.835871e-09	-3.218666e+01	-2.502100e+02
3.120000e-06	-4.352845e-06	-3.846722e-09	-3.242619e+01	-2.509797e+02
3.130000e-06	-4.383295e-06	-3.857649e-09	-3.265302e+01	-2.516816e+02
3.140000e-06	-4.412003e-06	-3.867122e-09	-3.286688e+01	-2.523028e+02
3.150000e-06	-4.439227e-06	-3.873698e-09	-3.306969e+01	-2.528478e+02
3.160000e-06	-4.464959e-06	-3.881162e-09	-3.326137e+01	-2.533367e+02
3.170000e-06	-4.489230e-06	-3.888772e-09	-3.344217e+01	-2.537970e+02
3.180000e-06	-4.511853e-06	-3.894277e-09	-3.361071e+01	-2.542523e+02
3.190000e-06	-4.532710e-06	-3.898556e-09	-3.376608e+01	-2.547127e+02
3.200000e-06	-4.552049e-06	-3.905194e-09	-3.391014e+01	-2.551699e+02
3.210000e-06	-4.569873e-06	-3.913896e-09	-3.404292e+01	-2.556007e+02
3.220000e-06	-4.586105e-06	-3.920427e-09	-3.416384e+01	-2.559758e+02
3.230000e-06	-4.600487e-06	-3.923305e-09	-3.427098e+01	-2.562720e+02
3.240000e-06	-4.612923e-06	-3.925237e-09	-3.436361e+01	-2.564825e+02
3.250000e-06	-4.623618e-06	-3.927921e-09	-3.444329e+01	-2.566212e+02
3.260000e-06	-4.632714e-06	-3.929322e-09	-3.451105e+01	-2.567188e+02
3.270000e-06	-4.640235e-06	-3.927389e-09	-3.456708e+01	-2.568126e+02
3.280000e-06	-4.645966e-06	-3.925393e-09	-3.460977e+01	-2.569329e+02
3.290000e-06	-4.650002e-06	-3.925839e-09	-3.463984e+01	-2.570916e+02
3.300000e-06	-4.652585e-06	-3.928733e-09	-3.465908e+01	-2.572781e+02
3.310000e-06	-4.653686e-06	-3.933430e-09	-3.466728e+01	-2.574625e+02
