# Temperatura_=_20.0
# Concentracion g/m^3_=_6600.0
# C_Vs_to_Am_M_A/Vsm_=_65563218390.804596
# pendiente_HvsI_1/m_=_3716.3
# ordenada_HvsI_A/m_=_1297.0
# frecuencia_Hz_=_301510.1509670759

Tiempo_(s)	Campo_(V.s)	Magnetizacion_(V.s)	Campo_(kA/m)	Magnetizacion_(A/m)
0.000000e+00	-4.641501e-06	-4.376638e-09	-3.466387e+01	-2.849653e+02
1.000000e-08	-4.639989e-06	-4.377640e-09	-3.465258e+01	-2.850940e+02
2.000000e-08	-4.636736e-06	-4.378362e-09	-3.462828e+01	-2.852086e+02
3.000000e-08	-4.632002e-06	-4.379662e-09	-3.459293e+01	-2.852642e+02
4.000000e-08	-4.625854e-06	-4.381039e-09	-3.454701e+01	-2.852366e+02
5.000000e-08	-4.618354e-06	-4.380953e-09	-3.449100e+01	-2.851344e+02
6.000000e-08	-4.609390e-06	-4.376619e-09	-3.442406e+01	-2.849948e+02
7.000000e-08	-4.598649e-06	-4.359487e-09	-3.434384e+01	-2.848635e+02
8.000000e-08	-4.586115e-06	-4.336581e-09	-3.425024e+01	-2.847696e+02
9.000000e-08	-4.571601e-06	-4.346782e-09	-3.414184e+01	-2.847071e+02
1.000000e-07	-4.554806e-06	-4.360516e-09	-3.401641e+01	-2.846356e+02
1.100000e-07	-4.536091e-06	-4.369655e-09	-3.387665e+01	-2.844992e+02
1.200000e-07	-4.516054e-06	-4.379125e-09	-3.372700e+01	-2.842580e+02
1.300000e-07	-4.494885e-06	-4.323660e-09	-3.356891e+01	-2.839152e+02
1.400000e-07	-4.472591e-06	-4.338822e-09	-3.340241e+01	-2.835265e+02
1.500000e-07	-4.449005e-06	-4.385358e-09	-3.322626e+01	-2.831854e+02
1.600000e-07	-4.424034e-06	-4.302304e-09	-3.303977e+01	-2.829870e+02
1.700000e-07	-4.397554e-06	-4.336442e-09	-3.284201e+01	-2.829871e+02
1.800000e-07	-4.369277e-06	-4.391344e-09	-3.263083e+01	-2.831725e+02
1.900000e-07	-4.339425e-06	-4.331920e-09	-3.240789e+01	-2.834584e+02
2.000000e-07	-4.308321e-06	-4.363322e-09	-3.217560e+01	-2.837136e+02
2.100000e-07	-4.275724e-06	-4.357861e-09	-3.193216e+01	-2.838060e+02
2.200000e-07	-4.241365e-06	-4.306129e-09	-3.167556e+01	-2.836490e+02
2.300000e-07	-4.205509e-06	-4.359477e-09	-3.140778e+01	-2.832299e+02
2.400000e-07	-4.168202e-06	-4.340885e-09	-3.112916e+01	-2.826097e+02
2.500000e-07	-4.129307e-06	-4.271904e-09	-3.083868e+01	-2.818951e+02
2.600000e-07	-4.088881e-06	-4.292052e-09	-3.053677e+01	-2.811950e+02
2.700000e-07	-4.046779e-06	-4.284139e-09	-3.022234e+01	-2.805797e+02
2.800000e-07	-4.003131e-06	-4.266245e-09	-2.989637e+01	-2.800596e+02
2.900000e-07	-3.958064e-06	-4.258972e-09	-2.955979e+01	-2.795893e+02
3.000000e-07	-3.911495e-06	-4.246593e-09	-2.921201e+01	-2.790939e+02
3.100000e-07	-3.863474e-06	-4.246604e-09	-2.885337e+01	-2.785039e+02
3.200000e-07	-3.813700e-06	-4.236960e-09	-2.848165e+01	-2.777836e+02
3.300000e-07	-3.762088e-06	-4.221717e-09	-2.809620e+01	-2.769419e+02
3.400000e-07	-3.708996e-06	-4.193844e-09	-2.769969e+01	-2.760228e+02
3.500000e-07	-3.654658e-06	-4.178677e-09	-2.729388e+01	-2.750829e+02
3.600000e-07	-3.599217e-06	-4.180632e-09	-2.687984e+01	-2.741665e+02
3.700000e-07	-3.542645e-06	-4.153649e-09	-2.645734e+01	-2.732893e+02
3.800000e-07	-3.484602e-06	-4.125799e-09	-2.602386e+01	-2.724365e+02
3.900000e-07	-3.425076e-06	-4.128399e-09	-2.557931e+01	-2.715734e+02
4.000000e-07	-3.364427e-06	-4.132583e-09	-2.512637e+01	-2.706619e+02
4.100000e-07	-3.302683e-06	-4.101120e-09	-2.466525e+01	-2.696751e+02
4.200000e-07	-3.239776e-06	-4.059360e-09	-2.419544e+01	-2.686048e+02
4.300000e-07	-3.175901e-06	-4.066330e-09	-2.371841e+01	-2.674587e+02
4.400000e-07	-3.110920e-06	-4.063091e-09	-2.323312e+01	-2.662535e+02
4.500000e-07	-3.044456e-06	-4.005392e-09	-2.273675e+01	-2.650062e+02
4.600000e-07	-2.976812e-06	-3.972640e-09	-2.223156e+01	-2.637286e+02
4.700000e-07	-2.908389e-06	-3.989100e-09	-2.172057e+01	-2.624258e+02
4.800000e-07	-2.839079e-06	-3.981259e-09	-2.120294e+01	-2.610982e+02
4.900000e-07	-2.768696e-06	-3.922941e-09	-2.067730e+01	-2.597432e+02
5.000000e-07	-2.697313e-06	-3.898858e-09	-2.014420e+01	-2.583556e+02
5.100000e-07	-2.625122e-06	-3.910563e-09	-1.960506e+01	-2.569264e+02
5.200000e-07	-2.551964e-06	-3.882088e-09	-1.905870e+01	-2.554433e+02
5.300000e-07	-2.477496e-06	-3.831086e-09	-1.850255e+01	-2.538915e+02
5.400000e-07	-2.401810e-06	-3.811631e-09	-1.793731e+01	-2.522587e+02
5.500000e-07	-2.325278e-06	-3.802886e-09	-1.736575e+01	-2.505408e+02
5.600000e-07	-2.247847e-06	-3.761366e-09	-1.678747e+01	-2.487445e+02
5.700000e-07	-2.169376e-06	-3.717802e-09	-1.620143e+01	-2.468869e+02
5.800000e-07	-2.089939e-06	-3.702617e-09	-1.560818e+01	-2.449885e+02
5.900000e-07	-2.009597e-06	-3.683158e-09	-1.500817e+01	-2.430648e+02
6.000000e-07	-1.928508e-06	-3.640489e-09	-1.440257e+01	-2.411178e+02
6.100000e-07	-1.846714e-06	-3.604705e-09	-1.379171e+01	-2.391335e+02
6.200000e-07	-1.764283e-06	-3.583193e-09	-1.317610e+01	-2.370866e+02
6.300000e-07	-1.681319e-06	-3.549746e-09	-1.255650e+01	-2.349492e+02
6.400000e-07	-1.597826e-06	-3.507052e-09	-1.193296e+01	-2.327015e+02
6.500000e-07	-1.513909e-06	-3.473547e-09	-1.130625e+01	-2.303376e+02
6.600000e-07	-1.429692e-06	-3.441436e-09	-1.067729e+01	-2.278651e+02
6.700000e-07	-1.345146e-06	-3.396101e-09	-1.004588e+01	-2.252976e+02
6.800000e-07	-1.260068e-06	-3.350059e-09	-9.410494e+00	-2.226450e+02
6.900000e-07	-1.174462e-06	-3.311447e-09	-8.771170e+00	-2.199056e+02
7.000000e-07	-1.088557e-06	-3.270363e-09	-8.129608e+00	-2.170644e+02
7.100000e-07	-1.002398e-06	-3.221469e-09	-7.486155e+00	-2.140982e+02
7.200000e-07	-9.159677e-07	-3.171215e-09	-6.840672e+00	-2.109834e+02
7.300000e-07	-8.292559e-07	-3.125694e-09	-6.193087e+00	-2.077041e+02
7.400000e-07	-7.422538e-07	-3.076287e-09	-5.543334e+00	-2.042542e+02
7.500000e-07	-6.550399e-07	-3.019624e-09	-4.891999e+00	-2.006345e+02
7.600000e-07	-5.676354e-07	-2.960780e-09	-4.239240e+00	-1.968449e+02
7.700000e-07	-4.800363e-07	-2.900684e-09	-3.585029e+00	-1.928769e+02
7.800000e-07	-3.923106e-07	-2.838267e-09	-2.929872e+00	-1.887102e+02
7.900000e-07	-3.044544e-07	-2.771897e-09	-2.273741e+00	-1.843137e+02
8.000000e-07	-2.164999e-07	-2.698766e-09	-1.616875e+00	-1.796511e+02
8.100000e-07	-1.284880e-07	-2.621083e-09	-9.595800e-01	-1.746851e+02
8.200000e-07	-4.046713e-08	-2.540294e-09	-3.022185e-01	-1.693802e+02
8.300000e-07	4.753799e-08	-2.456139e-09	3.550254e-01	-1.636992e+02
8.400000e-07	1.355598e-07	-2.364757e-09	1.012394e+00	-1.575977e+02
8.500000e-07	2.235860e-07	-2.262885e-09	1.669795e+00	-1.510198e+02
8.600000e-07	3.115645e-07	-2.155426e-09	2.326840e+00	-1.438965e+02
8.700000e-07	3.994358e-07	-2.038807e-09	2.983085e+00	-1.361491e+02
8.800000e-07	4.872285e-07	-1.910184e-09	3.638742e+00	-1.276944e+02
8.900000e-07	5.749256e-07	-1.769660e-09	4.293686e+00	-1.184464e+02
9.000000e-07	6.624646e-07	-1.615068e-09	4.947449e+00	-1.083141e+02
9.100000e-07	7.498119e-07	-1.443885e-09	5.599780e+00	-9.719365e+01
9.200000e-07	8.369521e-07	-1.254806e-09	6.250564e+00	-8.496283e+01
9.300000e-07	9.238005e-07	-1.050041e-09	6.899169e+00	-7.148547e+01
9.400000e-07	1.010315e-06	-8.275216e-10	7.545284e+00	-5.663268e+01
9.500000e-07	1.096496e-06	-5.812259e-10	8.188902e+00	-4.032197e+01
9.600000e-07	1.182292e-06	-3.101337e-10	8.829646e+00	-2.256651e+01
9.700000e-07	1.267648e-06	-2.124294e-11	9.467103e+00	-3.519383e+00
9.800000e-07	1.352559e-06	2.811546e-10	1.010125e+01	1.650443e+01
9.900000e-07	1.437007e-06	5.957811e-10	1.073192e+01	3.704136e+01
1.000000e-06	1.521056e-06	9.124357e-10	1.135962e+01	5.753027e+01
1.010000e-06	1.604751e-06	1.213509e-09	1.198467e+01	7.739100e+01
1.020000e-06	1.687881e-06	1.491291e-09	1.260551e+01	9.611071e+01
1.030000e-06	1.770347e-06	1.748445e-09	1.322138e+01	1.133148e+02
1.040000e-06	1.852129e-06	1.982196e-09	1.383216e+01	1.288046e+02
1.050000e-06	1.933261e-06	2.187704e-09	1.443807e+01	1.425545e+02
1.060000e-06	2.013741e-06	2.369277e-09	1.503912e+01	1.546757e+02
1.070000e-06	2.093411e-06	2.533131e-09	1.563411e+01	1.653604e+02
1.080000e-06	2.172173e-06	2.677486e-09	1.622232e+01	1.748263e+02
1.090000e-06	2.250072e-06	2.802939e-09	1.680409e+01	1.832762e+02
1.100000e-06	2.327190e-06	2.915764e-09	1.738003e+01	1.908781e+02
1.110000e-06	2.403611e-06	3.020425e-09	1.795076e+01	1.977639e+02
1.120000e-06	2.479229e-06	3.115563e-09	1.851549e+01	2.040377e+02
1.130000e-06	2.553699e-06	3.201588e-09	1.907165e+01	2.097851e+02
1.140000e-06	2.626928e-06	3.281290e-09	1.961854e+01	2.150784e+02
1.150000e-06	2.699085e-06	3.353463e-09	2.015743e+01	2.199762e+02
1.160000e-06	2.770335e-06	3.418237e-09	2.068954e+01	2.245214e+02
1.170000e-06	2.840651e-06	3.479470e-09	2.121468e+01	2.287420e+02
1.180000e-06	2.909978e-06	3.537841e-09	2.173243e+01	2.326564e+02
1.190000e-06	2.978412e-06	3.591202e-09	2.224351e+01	2.362810e+02
1.200000e-06	3.045985e-06	3.639966e-09	2.274816e+01	2.396376e+02
1.210000e-06	3.112482e-06	3.684343e-09	2.324478e+01	2.427550e+02
1.220000e-06	3.177572e-06	3.724686e-09	2.373089e+01	2.456653e+02
1.230000e-06	3.241400e-06	3.762204e-09	2.420757e+01	2.483960e+02
1.240000e-06	3.304249e-06	3.799250e-09	2.467694e+01	2.509631e+02
1.250000e-06	3.366021e-06	3.834050e-09	2.513827e+01	2.533693e+02
1.260000e-06	3.426658e-06	3.864857e-09	2.559113e+01	2.556089e+02
1.270000e-06	3.486267e-06	3.893895e-09	2.603630e+01	2.576774e+02
1.280000e-06	3.544571e-06	3.921772e-09	2.647173e+01	2.595803e+02
1.290000e-06	3.601282e-06	3.947237e-09	2.689526e+01	2.613371e+02
1.300000e-06	3.656625e-06	3.970195e-09	2.730857e+01	2.629779e+02
1.310000e-06	3.710749e-06	3.993242e-09	2.771279e+01	2.645335e+02
1.320000e-06	3.763563e-06	4.017070e-09	2.810721e+01	2.660247e+02
1.330000e-06	3.814830e-06	4.038900e-09	2.849008e+01	2.674564e+02
1.340000e-06	3.864385e-06	4.058264e-09	2.886018e+01	2.688186e+02
1.350000e-06	3.912375e-06	4.077485e-09	2.921858e+01	2.700950e+02
1.360000e-06	3.958926e-06	4.096157e-09	2.956623e+01	2.712738e+02
1.370000e-06	4.004092e-06	4.112086e-09	2.990355e+01	2.723556e+02
1.380000e-06	4.048018e-06	4.126913e-09	3.023159e+01	2.733541e+02
1.390000e-06	4.090487e-06	4.141335e-09	3.054876e+01	2.742905e+02
1.400000e-06	4.131285e-06	4.154641e-09	3.085345e+01	2.751839e+02
1.410000e-06	4.170674e-06	4.167680e-09	3.114762e+01	2.760430e+02
1.420000e-06	4.208697e-06	4.179620e-09	3.143158e+01	2.768656e+02
1.430000e-06	4.245355e-06	4.189421e-09	3.170535e+01	2.776424e+02
1.440000e-06	4.280636e-06	4.199071e-09	3.196884e+01	2.783665e+02
1.450000e-06	4.314226e-06	4.210873e-09	3.221970e+01	2.790392e+02
1.460000e-06	4.346217e-06	4.223561e-09	3.245862e+01	2.796718e+02
1.470000e-06	4.376776e-06	4.233499e-09	3.268684e+01	2.802794e+02
1.480000e-06	4.405860e-06	4.242096e-09	3.290404e+01	2.808716e+02
1.490000e-06	4.433623e-06	4.250582e-09	3.311138e+01	2.814459e+02
1.500000e-06	4.459743e-06	4.257791e-09	3.330646e+01	2.819866e+02
1.510000e-06	4.484002e-06	4.264853e-09	3.348763e+01	2.824729e+02
1.520000e-06	4.506679e-06	4.271621e-09	3.365698e+01	2.828899e+02
1.530000e-06	4.527867e-06	4.276809e-09	3.381522e+01	2.832390e+02
1.540000e-06	4.547610e-06	4.281433e-09	3.396267e+01	2.835398e+02
1.550000e-06	4.565816e-06	4.286697e-09	3.409863e+01	2.838222e+02
1.560000e-06	4.582340e-06	4.291940e-09	3.422204e+01	2.841123e+02
1.570000e-06	4.597098e-06	4.296060e-09	3.433226e+01	2.844183e+02
1.580000e-06	4.610113e-06	4.299065e-09	3.442946e+01	2.847251e+02
1.590000e-06	4.621330e-06	4.302624e-09	3.451323e+01	2.849998e+02
1.600000e-06	4.630553e-06	4.305978e-09	3.458211e+01	2.852083e+02
1.610000e-06	4.638001e-06	4.307513e-09	3.463773e+01	2.853328e+02
1.620000e-06	4.643895e-06	4.308606e-09	3.468175e+01	2.853833e+02
1.630000e-06	4.648277e-06	4.311108e-09	3.471448e+01	2.853951e+02
1.640000e-06	4.651110e-06	4.313913e-09	3.473563e+01	2.854136e+02
1.650000e-06	4.652190e-06	4.316780e-09	3.474370e+01	2.854735e+02
1.660000e-06	4.651595e-06	4.319208e-09	3.473925e+01	2.855810e+02
1.670000e-06	4.649517e-06	4.319329e-09	3.472374e+01	2.857109e+02
1.680000e-06	4.646074e-06	4.319824e-09	3.469802e+01	2.858182e+02
1.690000e-06	4.641191e-06	4.319364e-09	3.466155e+01	2.858601e+02
1.700000e-06	4.634576e-06	4.318595e-09	3.461215e+01	2.858177e+02
1.710000e-06	4.626375e-06	4.317983e-09	3.455091e+01	2.857058e+02
1.720000e-06	4.616858e-06	4.322367e-09	3.447983e+01	2.855648e+02
1.730000e-06	4.606028e-06	4.346713e-09	3.439895e+01	2.854392e+02
1.740000e-06	4.593668e-06	4.349869e-09	3.430664e+01	2.853526e+02
1.750000e-06	4.579073e-06	4.331497e-09	3.419764e+01	2.852925e+02
1.760000e-06	4.561929e-06	4.313875e-09	3.406961e+01	2.852137e+02
1.770000e-06	4.542777e-06	4.293576e-09	3.392657e+01	2.850609e+02
1.780000e-06	4.522534e-06	4.349609e-09	3.377540e+01	2.848000e+02
1.790000e-06	4.501865e-06	4.332604e-09	3.362104e+01	2.844437e+02
1.800000e-06	4.480002e-06	4.271903e-09	3.345776e+01	2.840563e+02
1.810000e-06	4.455890e-06	4.358724e-09	3.327768e+01	2.837346e+02
1.820000e-06	4.430177e-06	4.294900e-09	3.308565e+01	2.835695e+02
1.830000e-06	4.403362e-06	4.209006e-09	3.288539e+01	2.836061e+02
1.840000e-06	4.374696e-06	4.318258e-09	3.267130e+01	2.838177e+02
1.850000e-06	4.344135e-06	4.321807e-09	3.244307e+01	2.841086e+02
1.860000e-06	4.312125e-06	4.320960e-09	3.220401e+01	2.843439e+02
1.870000e-06	4.278604e-06	4.365327e-09	3.195367e+01	2.843965e+02
1.880000e-06	4.243809e-06	4.259481e-09	3.169381e+01	2.841916e+02
1.890000e-06	4.207594e-06	4.280619e-09	3.142335e+01	2.837305e+02
1.900000e-06	4.169484e-06	4.355148e-09	3.113873e+01	2.830852e+02
1.910000e-06	4.129698e-06	4.287994e-09	3.084160e+01	2.823661e+02
1.920000e-06	4.088371e-06	4.312643e-09	3.053296e+01	2.816778e+02
1.930000e-06	4.045778e-06	4.309444e-09	3.021486e+01	2.810808e+02
1.940000e-06	4.002122e-06	4.272184e-09	2.988883e+01	2.805745e+02
1.950000e-06	3.956931e-06	4.295798e-09	2.955133e+01	2.801057e+02
1.960000e-06	3.910127e-06	4.261601e-09	2.920179e+01	2.795980e+02
1.970000e-06	3.861848e-06	4.252812e-09	2.884123e+01	2.789864e+02
1.980000e-06	3.812163e-06	4.253164e-09	2.847017e+01	2.782428e+02
1.990000e-06	3.761157e-06	4.239131e-09	2.808925e+01	2.773836e+02
2.000000e-06	3.708520e-06	4.244114e-09	2.769614e+01	2.764569e+02
2.010000e-06	3.654194e-06	4.198748e-09	2.729042e+01	2.755189e+02
2.020000e-06	3.598479e-06	4.218444e-09	2.687432e+01	2.746095e+02
2.030000e-06	3.541544e-06	4.228435e-09	2.644912e+01	2.737387e+02
2.040000e-06	3.483386e-06	4.159244e-09	2.601478e+01	2.728872e+02
2.050000e-06	3.424069e-06	4.137563e-09	2.557179e+01	2.720183e+02
2.060000e-06	3.363816e-06	4.156945e-09	2.512180e+01	2.710951e+02
2.070000e-06	3.302299e-06	4.182736e-09	2.466238e+01	2.700937e+02
2.080000e-06	3.239244e-06	4.114482e-09	2.419147e+01	2.690091e+02
2.090000e-06	3.175010e-06	4.065843e-09	2.371176e+01	2.678514e+02
2.100000e-06	3.109793e-06	4.123098e-09	2.322470e+01	2.666378e+02
2.110000e-06	3.043567e-06	4.105960e-09	2.273011e+01	2.653847e+02
2.120000e-06	2.976284e-06	4.028972e-09	2.222762e+01	2.641026e+02
2.130000e-06	2.908050e-06	4.007329e-09	2.171803e+01	2.627957e+02
2.140000e-06	2.838659e-06	4.047448e-09	2.119981e+01	2.614637e+02
2.150000e-06	2.767859e-06	4.020640e-09	2.067105e+01	2.601036e+02
2.160000e-06	2.695979e-06	3.938349e-09	2.013424e+01	2.587095e+02
2.170000e-06	2.623297e-06	3.942146e-09	1.959143e+01	2.572720e+02
2.180000e-06	2.549763e-06	3.962245e-09	1.904226e+01	2.557779e+02
2.190000e-06	2.475278e-06	3.912834e-09	1.848599e+01	2.542126e+02
2.200000e-06	2.399886e-06	3.852920e-09	1.792294e+01	2.525650e+02
2.210000e-06	2.323582e-06	3.856635e-09	1.735308e+01	2.508324e+02
2.220000e-06	2.246141e-06	3.860992e-09	1.677474e+01	2.490240e+02
2.230000e-06	2.167551e-06	3.802383e-09	1.618781e+01	2.471578e+02
2.240000e-06	2.088044e-06	3.758194e-09	1.559403e+01	2.452544e+02
2.250000e-06	2.007874e-06	3.755491e-09	1.499530e+01	2.433270e+02
2.260000e-06	1.927072e-06	3.736151e-09	1.439185e+01	2.413750e+02
2.270000e-06	1.845568e-06	3.683923e-09	1.378316e+01	2.393819e+02
2.280000e-06	1.763453e-06	3.647194e-09	1.316990e+01	2.373210e+02
2.290000e-06	1.680701e-06	3.632614e-09	1.255189e+01	2.351652e+02
2.300000e-06	1.597352e-06	3.597901e-09	1.192942e+01	2.328970e+02
2.310000e-06	1.513621e-06	3.551440e-09	1.130409e+01	2.305131e+02
2.320000e-06	1.429544e-06	3.518115e-09	1.067619e+01	2.280229e+02
2.330000e-06	1.344975e-06	3.488170e-09	1.004460e+01	2.254400e+02
2.340000e-06	1.259983e-06	3.443607e-09	9.409865e+00	2.227726e+02
2.350000e-06	1.174600e-06	3.392805e-09	8.772201e+00	2.200167e+02
2.360000e-06	1.088614e-06	3.351901e-09	8.130037e+00	2.171553e+02
2.370000e-06	1.001950e-06	3.312341e-09	7.482808e+00	2.141644e+02
2.380000e-06	9.148306e-07	3.264006e-09	6.832180e+00	2.110213e+02
2.390000e-06	8.274204e-07	3.209195e-09	6.179379e+00	2.077120e+02
2.400000e-06	7.397265e-07	3.153123e-09	5.524459e+00	2.042318e+02
2.410000e-06	6.518420e-07	3.098313e-09	4.868116e+00	2.005822e+02
2.420000e-06	5.638667e-07	3.042975e-09	4.211095e+00	1.967619e+02
2.430000e-06	4.758241e-07	2.981685e-09	3.553571e+00	1.927605e+02
2.440000e-06	3.877037e-07	2.912940e-09	2.895467e+00	1.885555e+02
2.450000e-06	2.994912e-07	2.844411e-09	2.236674e+00	1.841145e+02
2.460000e-06	2.111401e-07	2.776225e-09	1.576846e+00	1.794006e+02
2.470000e-06	1.226956e-07	2.700423e-09	9.163211e-01	1.743770e+02
2.480000e-06	3.426968e-08	2.615448e-09	2.559344e-01	1.690080e+02
2.490000e-06	-5.420175e-08	2.528023e-09	-4.047920e-01	1.632557e+02
2.500000e-06	-1.427331e-07	2.436579e-09	-1.065966e+00	1.570738e+02
2.510000e-06	-2.311849e-07	2.333362e-09	-1.726546e+00	1.504042e+02
2.520000e-06	-3.195157e-07	2.218682e-09	-2.386222e+00	1.431756e+02
2.530000e-06	-4.077891e-07	2.098763e-09	-3.045469e+00	1.353084e+02
2.540000e-06	-4.960418e-07	1.969528e-09	-3.704562e+00	1.267186e+02
2.550000e-06	-5.841908e-07	1.823495e-09	-4.362881e+00	1.173200e+02
2.560000e-06	-6.721826e-07	1.665960e-09	-5.020025e+00	1.070195e+02
2.570000e-06	-7.599503e-07	1.497953e-09	-5.675495e+00	9.571052e+01
2.580000e-06	-8.474394e-07	1.311244e-09	-6.328886e+00	8.326751e+01
2.590000e-06	-9.346793e-07	1.097384e-09	-6.980414e+00	6.955350e+01
2.600000e-06	-1.021621e-06	8.608332e-10	-7.629716e+00	5.444456e+01
2.610000e-06	-1.108050e-06	6.095705e-10	-8.275192e+00	3.787160e+01
2.620000e-06	-1.193750e-06	3.377445e-10	-8.915222e+00	1.986994e+01
2.630000e-06	-1.278782e-06	4.200254e-11	-9.550257e+00	6.208716e-01
2.640000e-06	-1.363287e-06	-2.668612e-10	-1.018136e+01	-1.953201e+01
2.650000e-06	-1.447367e-06	-5.784681e-10	-1.080929e+01	-4.010297e+01
2.660000e-06	-1.531049e-06	-8.896928e-10	-1.143425e+01	-6.052117e+01
2.670000e-06	-1.614209e-06	-1.194611e-09	-1.205531e+01	-8.021231e+01
2.680000e-06	-1.696771e-06	-1.480609e-09	-1.267190e+01	-9.868381e+01
2.690000e-06	-1.778772e-06	-1.739953e-09	-1.328431e+01	-1.155909e+02
2.700000e-06	-1.860153e-06	-1.975415e-09	-1.389208e+01	-1.307670e+02
2.710000e-06	-1.940792e-06	-2.185100e-09	-1.449431e+01	-1.442146e+02
2.720000e-06	-2.020882e-06	-2.368057e-09	-1.509245e+01	-1.560636e+02
2.730000e-06	-2.100547e-06	-2.529945e-09	-1.568740e+01	-1.665144e+02
2.740000e-06	-2.179422e-06	-2.671000e-09	-1.627646e+01	-1.757846e+02
2.750000e-06	-2.257101e-06	-2.795060e-09	-1.685658e+01	-1.840716e+02
2.760000e-06	-2.333629e-06	-2.910364e-09	-1.742812e+01	-1.915367e+02
2.770000e-06	-2.409237e-06	-3.017695e-09	-1.799278e+01	-1.983060e+02
2.780000e-06	-2.484008e-06	-3.113473e-09	-1.855118e+01	-2.044796e+02
2.790000e-06	-2.557962e-06	-3.200751e-09	-1.910349e+01	-2.101408e+02
2.800000e-06	-2.631030e-06	-3.284941e-09	-1.964918e+01	-2.153594e+02
2.810000e-06	-2.703276e-06	-3.363492e-09	-2.018873e+01	-2.201913e+02
2.820000e-06	-2.774771e-06	-3.431527e-09	-2.072267e+01	-2.246765e+02
2.830000e-06	-2.845138e-06	-3.492940e-09	-2.124819e+01	-2.288410e+02
2.840000e-06	-2.914166e-06	-3.554819e-09	-2.176371e+01	-2.327021e+02
2.850000e-06	-2.982163e-06	-3.613590e-09	-2.227153e+01	-2.362769e+02
2.860000e-06	-3.049217e-06	-3.666689e-09	-2.277230e+01	-2.395882e+02
2.870000e-06	-3.115226e-06	-3.719288e-09	-2.326527e+01	-2.426661e+02
2.880000e-06	-3.180173e-06	-3.769216e-09	-2.375031e+01	-2.455423e+02
2.890000e-06	-3.244129e-06	-3.811270e-09	-2.422795e+01	-2.482427e+02
2.900000e-06	-3.306918e-06	-3.849184e-09	-2.469688e+01	-2.507810e+02
2.910000e-06	-3.368221e-06	-3.888692e-09	-2.515470e+01	-2.531578e+02
2.920000e-06	-3.428209e-06	-3.926540e-09	-2.560271e+01	-2.553668e+02
2.930000e-06	-3.487086e-06	-3.959147e-09	-2.604241e+01	-2.574046e+02
2.940000e-06	-3.544783e-06	-3.990615e-09	-2.647331e+01	-2.592793e+02
2.950000e-06	-3.601231e-06	-4.020922e-09	-2.689488e+01	-2.610128e+02
2.960000e-06	-3.656414e-06	-4.046788e-09	-2.730700e+01	-2.626361e+02
2.970000e-06	-3.710046e-06	-4.069344e-09	-2.770754e+01	-2.641788e+02
2.980000e-06	-3.762009e-06	-4.091816e-09	-2.809561e+01	-2.656593e+02
2.990000e-06	-3.812529e-06	-4.113686e-09	-2.847290e+01	-2.670794e+02
3.000000e-06	-3.861441e-06	-4.133996e-09	-2.883819e+01	-2.684272e+02
3.010000e-06	-3.908607e-06	-4.154342e-09	-2.919043e+01	-2.696865e+02
3.020000e-06	-3.954417e-06	-4.173116e-09	-2.953256e+01	-2.708473e+02
3.030000e-06	-3.999056e-06	-4.188747e-09	-2.986594e+01	-2.719126e+02
3.040000e-06	-4.042470e-06	-4.202230e-09	-3.019016e+01	-2.728982e+02
3.050000e-06	-4.084689e-06	-4.217555e-09	-3.050546e+01	-2.738256e+02
3.060000e-06	-4.125589e-06	-4.233325e-09	-3.081091e+01	-2.747122e+02
3.070000e-06	-4.165206e-06	-4.246074e-09	-3.110678e+01	-2.755651e+02
3.080000e-06	-4.203266e-06	-4.258472e-09	-3.139102e+01	-2.763800e+02
3.090000e-06	-4.239642e-06	-4.271838e-09	-3.166269e+01	-2.771475e+02
3.100000e-06	-4.274641e-06	-4.282757e-09	-3.192407e+01	-2.778617e+02
3.110000e-06	-4.308198e-06	-4.290712e-09	-3.217468e+01	-2.785260e+02
3.120000e-06	-4.340321e-06	-4.297971e-09	-3.241459e+01	-2.791528e+02
3.130000e-06	-4.370791e-06	-4.306811e-09	-3.264214e+01	-2.797570e+02
3.140000e-06	-4.399496e-06	-4.316013e-09	-3.285652e+01	-2.803464e+02
3.150000e-06	-4.426743e-06	-4.324942e-09	-3.306001e+01	-2.809158e+02
3.160000e-06	-4.452536e-06	-4.334667e-09	-3.325263e+01	-2.814482e+02
3.170000e-06	-4.476834e-06	-4.342321e-09	-3.343410e+01	-2.819225e+02
3.180000e-06	-4.499484e-06	-4.348774e-09	-3.360325e+01	-2.823265e+02
3.190000e-06	-4.520347e-06	-4.353421e-09	-3.375906e+01	-2.826648e+02
3.200000e-06	-4.539639e-06	-4.357613e-09	-3.390314e+01	-2.829598e+02
3.210000e-06	-4.557442e-06	-4.360953e-09	-3.403610e+01	-2.832418e+02
3.220000e-06	-4.573693e-06	-4.364625e-09	-3.415747e+01	-2.835346e+02
3.230000e-06	-4.588125e-06	-4.370131e-09	-3.426525e+01	-2.838423e+02
3.240000e-06	-4.600573e-06	-4.375304e-09	-3.435821e+01	-2.841457e+02
3.250000e-06	-4.611269e-06	-4.379632e-09	-3.443809e+01	-2.844106e+02
3.260000e-06	-4.620362e-06	-4.382224e-09	-3.450600e+01	-2.846045e+02
3.270000e-06	-4.627969e-06	-4.383589e-09	-3.456281e+01	-2.847140e+02
3.280000e-06	-4.633840e-06	-4.384410e-09	-3.460666e+01	-2.847542e+02
3.290000e-06	-4.637928e-06	-4.383809e-09	-3.463719e+01	-2.847636e+02
3.300000e-06	-4.640554e-06	-4.381689e-09	-3.465680e+01	-2.847874e+02
3.310000e-06	-4.641650e-06	-4.379224e-09	-3.466499e+01	-2.848560e+02
