# Temperatura_=_20.0
# Concentracion g/m^3_=_6200.0
# C_Vs_to_Am_M_A/Vsm_=_65563218390.804596
# pendiente_HvsI_1/m_=_3716.3
# ordenada_HvsI_A/m_=_1297.0
# frecuencia_Hz_=_301428.79825086833

Tiempo_(s)	Campo_(V.s)	Magnetizacion_(V.s)	Campo_(kA/m)	Magnetizacion_(A/m)
0.000000e+00	-3.201805e-06	-3.969098e-09	-2.355394e+01	-2.572826e+02
1.000000e-08	-3.200765e-06	-3.969893e-09	-2.354629e+01	-2.574377e+02
2.000000e-08	-3.198433e-06	-3.972186e-09	-2.352913e+01	-2.575773e+02
3.000000e-08	-3.194986e-06	-3.973776e-09	-2.350377e+01	-2.576797e+02
4.000000e-08	-3.190603e-06	-3.974935e-09	-2.347153e+01	-2.577216e+02
5.000000e-08	-3.185209e-06	-3.974598e-09	-2.343185e+01	-2.576897e+02
6.000000e-08	-3.178800e-06	-3.974851e-09	-2.338470e+01	-2.575888e+02
7.000000e-08	-3.171434e-06	-3.983336e-09	-2.333052e+01	-2.574416e+02
8.000000e-08	-3.162928e-06	-3.968955e-09	-2.326794e+01	-2.572806e+02
9.000000e-08	-3.152868e-06	-3.940747e-09	-2.319394e+01	-2.571362e+02
1.000000e-07	-3.141168e-06	-3.927588e-09	-2.310786e+01	-2.570264e+02
1.100000e-07	-3.128232e-06	-3.983253e-09	-2.301270e+01	-2.569530e+02
1.200000e-07	-3.114418e-06	-4.019019e-09	-2.291108e+01	-2.569052e+02
1.300000e-07	-3.099421e-06	-3.919554e-09	-2.280076e+01	-2.568678e+02
1.400000e-07	-3.083026e-06	-3.891769e-09	-2.268014e+01	-2.568289e+02
1.500000e-07	-3.065746e-06	-4.003795e-09	-2.255303e+01	-2.567831e+02
1.600000e-07	-3.047743e-06	-3.917153e-09	-2.242059e+01	-2.567287e+02
1.700000e-07	-3.028663e-06	-3.832003e-09	-2.228022e+01	-2.566614e+02
1.800000e-07	-3.008530e-06	-3.959297e-09	-2.213212e+01	-2.565686e+02
1.900000e-07	-2.987553e-06	-3.927378e-09	-2.197780e+01	-2.564288e+02
2.000000e-07	-2.965583e-06	-3.835666e-09	-2.181618e+01	-2.562171e+02
2.100000e-07	-2.942522e-06	-3.935522e-09	-2.164653e+01	-2.559152e+02
2.200000e-07	-2.918531e-06	-3.934032e-09	-2.147004e+01	-2.555207e+02
2.300000e-07	-2.893423e-06	-3.816825e-09	-2.128534e+01	-2.550495e+02
2.400000e-07	-2.866940e-06	-3.862290e-09	-2.109052e+01	-2.545311e+02
2.500000e-07	-2.839369e-06	-3.879436e-09	-2.088770e+01	-2.539967e+02
2.600000e-07	-2.810922e-06	-3.853614e-09	-2.067842e+01	-2.534662e+02
2.700000e-07	-2.781499e-06	-3.865146e-09	-2.046197e+01	-2.529404e+02
2.800000e-07	-2.751050e-06	-3.830504e-09	-2.023797e+01	-2.524018e+02
2.900000e-07	-2.719720e-06	-3.828660e-09	-2.000750e+01	-2.518243e+02
3.000000e-07	-2.687609e-06	-3.836769e-09	-1.977127e+01	-2.511869e+02
3.100000e-07	-2.654472e-06	-3.763674e-09	-1.952751e+01	-2.504855e+02
3.200000e-07	-2.620106e-06	-3.786815e-09	-1.927469e+01	-2.497357e+02
3.300000e-07	-2.584681e-06	-3.827810e-09	-1.901409e+01	-2.489666e+02
3.400000e-07	-2.548438e-06	-3.737651e-09	-1.874747e+01	-2.482078e+02
3.500000e-07	-2.511300e-06	-3.734751e-09	-1.847427e+01	-2.474753e+02
3.600000e-07	-2.473136e-06	-3.775798e-09	-1.819352e+01	-2.467639e+02
3.700000e-07	-2.434122e-06	-3.735630e-09	-1.790651e+01	-2.460492e+02
3.800000e-07	-2.394514e-06	-3.705904e-09	-1.761514e+01	-2.452982e+02
3.900000e-07	-2.354265e-06	-3.703679e-09	-1.731904e+01	-2.444834e+02
4.000000e-07	-2.312991e-06	-3.696883e-09	-1.701542e+01	-2.435938e+02
4.100000e-07	-2.270499e-06	-3.696017e-09	-1.670283e+01	-2.426387e+02
4.200000e-07	-2.227102e-06	-3.658904e-09	-1.638358e+01	-2.416412e+02
4.300000e-07	-2.183074e-06	-3.630286e-09	-1.605969e+01	-2.406266e+02
4.400000e-07	-2.138319e-06	-3.651448e-09	-1.573045e+01	-2.396107e+02
4.500000e-07	-2.092799e-06	-3.623500e-09	-1.539558e+01	-2.385927e+02
4.600000e-07	-2.046609e-06	-3.577501e-09	-1.505579e+01	-2.375569e+02
4.700000e-07	-1.999743e-06	-3.587903e-09	-1.471102e+01	-2.364807e+02
4.800000e-07	-1.952224e-06	-3.587017e-09	-1.436145e+01	-2.353454e+02
4.900000e-07	-1.904008e-06	-3.530537e-09	-1.400675e+01	-2.341436e+02
5.000000e-07	-1.854818e-06	-3.506367e-09	-1.364489e+01	-2.328816e+02
5.100000e-07	-1.804526e-06	-3.515475e-09	-1.327492e+01	-2.315743e+02
5.200000e-07	-1.753357e-06	-3.491687e-09	-1.289849e+01	-2.302378e+02
5.300000e-07	-1.701516e-06	-3.455180e-09	-1.251713e+01	-2.288813e+02
5.400000e-07	-1.649007e-06	-3.438437e-09	-1.213085e+01	-2.275041e+02
5.500000e-07	-1.595859e-06	-3.426779e-09	-1.173987e+01	-2.260975e+02
5.600000e-07	-1.542135e-06	-3.396231e-09	-1.134465e+01	-2.246495e+02
5.700000e-07	-1.487832e-06	-3.369028e-09	-1.094517e+01	-2.231513e+02
5.800000e-07	-1.432972e-06	-3.351758e-09	-1.054160e+01	-2.216004e+02
5.900000e-07	-1.377679e-06	-3.324717e-09	-1.013483e+01	-2.200010e+02
6.000000e-07	-1.322084e-06	-3.290457e-09	-9.725853e+00	-2.183606e+02
6.100000e-07	-1.266169e-06	-3.273619e-09	-9.314514e+00	-2.166862e+02
6.200000e-07	-1.209896e-06	-3.255769e-09	-8.900549e+00	-2.149810e+02
6.300000e-07	-1.153117e-06	-3.219597e-09	-8.482854e+00	-2.132440e+02
6.400000e-07	-1.095640e-06	-3.193112e-09	-8.060024e+00	-2.114706e+02
6.500000e-07	-1.037550e-06	-3.172144e-09	-7.632689e+00	-2.096541e+02
6.600000e-07	-9.789461e-07	-3.139134e-09	-7.201574e+00	-2.077871e+02
6.700000e-07	-9.198599e-07	-3.103366e-09	-6.766909e+00	-2.058608e+02
6.800000e-07	-8.604581e-07	-3.078261e-09	-6.329922e+00	-2.038653e+02
6.900000e-07	-8.009189e-07	-3.045921e-09	-5.891924e+00	-2.017897e+02
7.000000e-07	-7.412480e-07	-3.005683e-09	-5.452958e+00	-1.996243e+02
7.100000e-07	-6.813889e-07	-2.977275e-09	-5.012607e+00	-1.973628e+02
7.200000e-07	-6.213842e-07	-2.951382e-09	-4.571185e+00	-1.950042e+02
7.300000e-07	-5.612419e-07	-2.911438e-09	-4.128751e+00	-1.925530e+02
7.400000e-07	-5.008910e-07	-2.866255e-09	-3.684783e+00	-1.900154e+02
7.500000e-07	-4.403617e-07	-2.830604e-09	-3.239501e+00	-1.873952e+02
7.600000e-07	-3.796689e-07	-2.792401e-09	-2.793018e+00	-1.846883e+02
7.700000e-07	-3.187863e-07	-2.745214e-09	-2.345137e+00	-1.818822e+02
7.800000e-07	-2.578072e-07	-2.698190e-09	-1.896547e+00	-1.789579e+02
7.900000e-07	-1.968007e-07	-2.654371e-09	-1.447756e+00	-1.758961e+02
8.000000e-07	-1.357296e-07	-2.604711e-09	-9.984890e-01	-1.726829e+02
8.100000e-07	-7.455409e-08	-2.551155e-09	-5.484539e-01	-1.693136e+02
8.200000e-07	-1.331876e-08	-2.501063e-09	-9.797887e-02	-1.657904e+02
8.300000e-07	4.789266e-08	-2.446415e-09	3.523202e-01	-1.621169e+02
8.400000e-07	1.090270e-07	-2.384902e-09	8.020524e-01	-1.582896e+02
8.500000e-07	1.701136e-07	-2.322251e-09	1.251433e+00	-1.542932e+02
8.600000e-07	2.311950e-07	-2.259541e-09	1.700776e+00	-1.501004e+02
8.700000e-07	2.921972e-07	-2.191340e-09	2.149536e+00	-1.456784e+02
8.800000e-07	3.530794e-07	-2.119736e-09	2.597413e+00	-1.409969e+02
8.900000e-07	4.138775e-07	-2.045741e-09	3.044671e+00	-1.360348e+02
9.000000e-07	4.744421e-07	-1.965747e-09	3.490212e+00	-1.307805e+02
9.100000e-07	5.347232e-07	-1.880481e-09	3.933668e+00	-1.252250e+02
9.200000e-07	5.948883e-07	-1.791293e-09	4.376270e+00	-1.193503e+02
9.300000e-07	6.549310e-07	-1.696720e-09	4.817971e+00	-1.131192e+02
9.400000e-07	7.147743e-07	-1.595197e-09	5.258206e+00	-1.064711e+02
9.500000e-07	7.744577e-07	-1.486729e-09	5.697264e+00	-9.932743e+01
9.600000e-07	8.340313e-07	-1.368192e-09	6.135515e+00	-9.160273e+01
9.700000e-07	8.933862e-07	-1.239687e-09	6.572156e+00	-8.321800e+01
9.800000e-07	9.524745e-07	-1.101415e-09	7.006837e+00	-7.410763e+01
9.900000e-07	1.011219e-06	-9.497703e-10	7.438991e+00	-6.421746e+01
1.000000e-06	1.069349e-06	-7.831319e-10	7.866616e+00	-5.349536e+01
1.010000e-06	1.126735e-06	-6.054831e-10	8.288774e+00	-4.188171e+01
1.020000e-06	1.183448e-06	-4.155774e-10	8.705983e+00	-2.930913e+01
1.030000e-06	1.239612e-06	-2.099791e-10	9.119152e+00	-1.571837e+01
1.040000e-06	1.295387e-06	1.207604e-11	9.529457e+00	-1.090303e+00
1.050000e-06	1.350881e-06	2.508822e-10	9.937699e+00	1.451438e+01
1.060000e-06	1.406051e-06	5.040992e-10	1.034355e+01	3.092221e+01
1.070000e-06	1.460752e-06	7.647035e-10	1.074596e+01	4.783576e+01
1.080000e-06	1.514905e-06	1.023185e-09	1.114433e+01	6.485361e+01
1.090000e-06	1.568561e-06	1.274446e-09	1.153905e+01	8.152028e+01
1.100000e-06	1.621769e-06	1.514464e-09	1.193047e+01	9.739446e+01
1.110000e-06	1.674401e-06	1.736772e-09	1.231766e+01	1.121167e+02
1.120000e-06	1.726319e-06	1.937289e-09	1.269959e+01	1.254577e+02
1.130000e-06	1.777548e-06	2.115637e-09	1.307645e+01	1.373356e+02
1.140000e-06	1.827976e-06	2.273131e-09	1.344742e+01	1.477994e+02
1.150000e-06	1.877366e-06	2.409984e-09	1.381076e+01	1.569895e+02
1.160000e-06	1.925764e-06	2.530869e-09	1.416680e+01	1.650888e+02
1.170000e-06	1.973483e-06	2.638956e-09	1.451784e+01	1.722811e+02
1.180000e-06	2.020634e-06	2.736582e-09	1.486471e+01	1.787243e+02
1.190000e-06	2.067132e-06	2.824260e-09	1.520676e+01	1.845426e+02
1.200000e-06	2.112962e-06	2.902850e-09	1.554391e+01	1.898305e+02
1.210000e-06	2.158062e-06	2.975189e-09	1.587569e+01	1.946623e+02
1.220000e-06	2.202433e-06	3.039026e-09	1.620210e+01	1.990985e+02
1.230000e-06	2.246182e-06	3.097627e-09	1.652394e+01	2.031885e+02
1.240000e-06	2.289278e-06	3.154132e-09	1.684097e+01	2.069701e+02
1.250000e-06	2.331472e-06	3.204389e-09	1.715137e+01	2.104695e+02
1.260000e-06	2.372531e-06	3.248400e-09	1.745342e+01	2.137050e+02
1.270000e-06	2.412565e-06	3.291118e-09	1.774793e+01	2.166938e+02
1.280000e-06	2.451814e-06	3.334396e-09	1.803666e+01	2.194584e+02
1.290000e-06	2.490276e-06	3.374554e-09	1.831961e+01	2.220291e+02
1.300000e-06	2.527896e-06	3.408529e-09	1.859635e+01	2.244405e+02
1.310000e-06	2.564662e-06	3.439222e-09	1.886682e+01	2.267224e+02
1.320000e-06	2.600636e-06	3.468740e-09	1.913147e+01	2.288909e+02
1.330000e-06	2.635859e-06	3.497097e-09	1.939058e+01	2.309441e+02
1.340000e-06	2.670044e-06	3.525017e-09	1.964206e+01	2.328659e+02
1.350000e-06	2.703014e-06	3.552087e-09	1.988460e+01	2.346376e+02
1.360000e-06	2.734909e-06	3.576168e-09	2.011924e+01	2.362515e+02
1.370000e-06	2.765864e-06	3.598680e-09	2.034696e+01	2.377206e+02
1.380000e-06	2.795941e-06	3.620645e-09	2.056822e+01	2.390786e+02
1.390000e-06	2.825123e-06	3.639708e-09	2.078289e+01	2.403693e+02
1.400000e-06	2.853416e-06	3.655518e-09	2.099103e+01	2.416308e+02
1.410000e-06	2.880872e-06	3.671995e-09	2.119301e+01	2.428808e+02
1.420000e-06	2.907345e-06	3.691080e-09	2.138776e+01	2.441104e+02
1.430000e-06	2.932497e-06	3.709761e-09	2.157278e+01	2.452902e+02
1.440000e-06	2.956396e-06	3.725171e-09	2.174860e+01	2.463852e+02
1.450000e-06	2.979273e-06	3.738769e-09	2.191689e+01	2.473724e+02
1.460000e-06	3.001145e-06	3.751675e-09	2.207779e+01	2.482522e+02
1.470000e-06	3.022053e-06	3.763890e-09	2.223160e+01	2.490488e+02
1.480000e-06	3.042058e-06	3.775530e-09	2.237877e+01	2.497996e+02
1.490000e-06	3.061098e-06	3.787483e-09	2.251883e+01	2.505379e+02
1.500000e-06	3.079039e-06	3.800110e-09	2.265081e+01	2.512788e+02
1.510000e-06	3.095827e-06	3.812333e-09	2.277431e+01	2.520137e+02
1.520000e-06	3.111510e-06	3.823399e-09	2.288968e+01	2.527161e+02
1.530000e-06	3.126060e-06	3.833470e-09	2.299672e+01	2.533556e+02
1.540000e-06	3.139424e-06	3.842232e-09	2.309504e+01	2.539134e+02
1.550000e-06	3.151667e-06	3.849162e-09	2.318510e+01	2.543908e+02
1.560000e-06	3.162704e-06	3.855766e-09	2.326629e+01	2.548080e+02
1.570000e-06	3.172245e-06	3.862894e-09	2.333648e+01	2.551939e+02
1.580000e-06	3.180379e-06	3.869134e-09	2.339632e+01	2.555719e+02
1.590000e-06	3.187444e-06	3.873940e-09	2.344829e+01	2.559500e+02
1.600000e-06	3.193469e-06	3.879539e-09	2.349261e+01	2.563188e+02
1.610000e-06	3.198418e-06	3.885901e-09	2.352902e+01	2.566592e+02
1.620000e-06	3.202394e-06	3.890283e-09	2.355827e+01	2.569535e+02
1.630000e-06	3.205356e-06	3.892196e-09	2.358006e+01	2.571954e+02
1.640000e-06	3.207015e-06	3.895434e-09	2.359226e+01	2.573934e+02
1.650000e-06	3.207360e-06	3.900208e-09	2.359480e+01	2.575648e+02
1.660000e-06	3.206644e-06	3.904340e-09	2.358954e+01	2.577256e+02
1.670000e-06	3.204924e-06	3.908168e-09	2.357688e+01	2.578797e+02
1.680000e-06	3.202191e-06	3.909618e-09	2.355678e+01	2.580157e+02
1.690000e-06	3.198568e-06	3.910308e-09	2.353012e+01	2.581111e+02
1.700000e-06	3.194071e-06	3.910647e-09	2.349704e+01	2.581432e+02
1.710000e-06	3.188506e-06	3.908040e-09	2.345610e+01	2.581009e+02
1.720000e-06	3.181679e-06	3.895120e-09	2.340588e+01	2.579919e+02
1.730000e-06	3.173728e-06	3.888203e-09	2.334739e+01	2.578410e+02
1.740000e-06	3.164779e-06	3.923798e-09	2.328156e+01	2.576810e+02
1.750000e-06	3.154405e-06	3.940298e-09	2.320524e+01	2.575411e+02
1.760000e-06	3.142166e-06	3.897438e-09	2.311520e+01	2.574370e+02
1.770000e-06	3.128392e-06	3.837876e-09	2.301388e+01	2.573684e+02
1.780000e-06	3.114045e-06	3.899742e-09	2.290834e+01	2.573233e+02
1.790000e-06	3.099258e-06	3.976571e-09	2.279956e+01	2.572866e+02
1.800000e-06	3.083147e-06	3.855414e-09	2.268104e+01	2.572471e+02
1.810000e-06	3.065687e-06	3.886397e-09	2.255259e+01	2.572004e+02
1.820000e-06	3.047494e-06	4.033004e-09	2.241875e+01	2.571448e+02
1.830000e-06	3.028441e-06	3.915403e-09	2.227859e+01	2.570752e+02
1.840000e-06	3.008346e-06	3.845160e-09	2.213077e+01	2.569775e+02
1.850000e-06	2.987396e-06	3.994797e-09	2.197665e+01	2.568291e+02
1.860000e-06	2.965253e-06	3.939095e-09	2.181375e+01	2.566056e+02
1.870000e-06	2.941678e-06	3.834913e-09	2.164033e+01	2.562906e+02
1.880000e-06	2.917041e-06	3.951799e-09	2.145908e+01	2.558840e+02
1.890000e-06	2.891333e-06	3.943369e-09	2.126997e+01	2.554043e+02
1.900000e-06	2.864399e-06	3.862229e-09	2.107182e+01	2.548821e+02
1.910000e-06	2.836531e-06	3.884613e-09	2.086682e+01	2.543477e+02
1.920000e-06	2.807813e-06	3.854098e-09	2.065555e+01	2.538186e+02
1.930000e-06	2.778045e-06	3.874618e-09	2.043657e+01	2.532927e+02
1.940000e-06	2.747097e-06	3.884050e-09	2.020889e+01	2.527504e+02
1.950000e-06	2.714962e-06	3.798581e-09	1.997250e+01	2.521656e+02
1.960000e-06	2.681883e-06	3.881779e-09	1.972915e+01	2.515192e+02
1.970000e-06	2.647967e-06	3.876664e-09	1.947965e+01	2.508097e+02
1.980000e-06	2.613089e-06	3.737094e-09	1.922307e+01	2.500554e+02
1.990000e-06	2.577383e-06	3.827515e-09	1.896040e+01	2.492865e+02
2.000000e-06	2.540999e-06	3.852678e-09	1.869275e+01	2.485312e+02
2.010000e-06	2.503653e-06	3.734965e-09	1.841801e+01	2.478028e+02
2.020000e-06	2.465089e-06	3.777398e-09	1.813432e+01	2.470930e+02
2.030000e-06	2.425431e-06	3.790081e-09	1.784257e+01	2.463755e+02
2.040000e-06	2.385030e-06	3.747298e-09	1.754537e+01	2.456171e+02
2.050000e-06	2.343962e-06	3.739099e-09	1.724325e+01	2.447920e+02
2.060000e-06	2.302123e-06	3.695632e-09	1.693547e+01	2.438923e+02
2.070000e-06	2.259436e-06	3.731732e-09	1.662144e+01	2.429298e+02
2.080000e-06	2.215965e-06	3.728055e-09	1.630165e+01	2.419287e+02
2.090000e-06	2.171939e-06	3.643140e-09	1.597777e+01	2.409137e+02
2.100000e-06	2.127346e-06	3.667261e-09	1.564973e+01	2.398982e+02
2.110000e-06	2.081953e-06	3.686047e-09	1.531580e+01	2.388791e+02
2.120000e-06	2.035635e-06	3.629385e-09	1.497506e+01	2.378392e+02
2.130000e-06	1.988630e-06	3.591782e-09	1.462927e+01	2.367558e+02
2.140000e-06	1.940940e-06	3.609030e-09	1.427844e+01	2.356114e+02
2.150000e-06	1.892417e-06	3.618512e-09	1.392148e+01	2.344006e+02
2.160000e-06	1.843162e-06	3.560871e-09	1.355914e+01	2.331313e+02
2.170000e-06	1.793246e-06	3.536137e-09	1.319194e+01	2.318193e+02
2.180000e-06	1.742687e-06	3.547325e-09	1.282000e+01	2.304798e+02
2.190000e-06	1.691486e-06	3.512124e-09	1.244334e+01	2.291209e+02
2.200000e-06	1.639680e-06	3.478625e-09	1.206223e+01	2.277405e+02
2.210000e-06	1.587224e-06	3.464341e-09	1.167635e+01	2.263290e+02
2.220000e-06	1.533928e-06	3.456214e-09	1.128427e+01	2.248745e+02
2.230000e-06	1.479672e-06	3.428611e-09	1.088515e+01	2.233690e+02
2.240000e-06	1.424599e-06	3.388490e-09	1.048000e+01	2.218111e+02
2.250000e-06	1.368982e-06	3.382365e-09	1.007085e+01	2.202056e+02
2.260000e-06	1.313017e-06	3.357605e-09	9.659149e+00	2.185603e+02
2.270000e-06	1.256762e-06	3.317395e-09	9.245311e+00	2.168816e+02
2.280000e-06	1.200125e-06	3.297754e-09	8.828669e+00	2.151723e+02
2.290000e-06	1.142994e-06	3.273166e-09	8.408385e+00	2.134308e+02
2.300000e-06	1.085444e-06	3.246257e-09	7.985023e+00	2.116519e+02
2.310000e-06	1.027607e-06	3.220771e-09	7.559547e+00	2.098290e+02
2.320000e-06	9.694527e-07	3.195822e-09	7.131736e+00	2.079543e+02
2.330000e-06	9.109872e-07	3.163134e-09	6.701637e+00	2.060190e+02
2.340000e-06	8.522166e-07	3.126897e-09	6.269294e+00	2.040130e+02
2.350000e-06	7.931077e-07	3.103351e-09	5.834462e+00	2.019255e+02
2.360000e-06	7.337155e-07	3.070875e-09	5.397546e+00	1.997469e+02
2.370000e-06	6.740885e-07	3.026508e-09	4.958902e+00	1.974717e+02
2.380000e-06	6.142653e-07	2.991031e-09	4.518816e+00	1.950998e+02
2.390000e-06	5.543244e-07	2.956485e-09	4.077863e+00	1.926361e+02
2.400000e-06	4.942671e-07	2.913441e-09	3.636054e+00	1.900869e+02
2.410000e-06	4.341239e-07	2.870584e-09	3.193614e+00	1.874550e+02
2.420000e-06	3.739106e-07	2.834492e-09	2.750657e+00	1.847352e+02
2.430000e-06	3.136058e-07	2.792274e-09	2.307027e+00	1.819137e+02
2.440000e-06	2.532924e-07	2.739692e-09	1.863335e+00	1.789712e+02
2.450000e-06	1.929648e-07	2.695515e-09	1.419537e+00	1.758887e+02
2.460000e-06	1.325318e-07	2.654977e-09	9.749641e-01	1.726535e+02
2.470000e-06	7.201068e-08	2.601603e-09	5.297434e-01	1.692622e+02
2.480000e-06	1.145341e-08	2.540838e-09	8.425654e-02	1.657178e+02
2.490000e-06	-4.914050e-08	2.484973e-09	-3.614999e-01	1.620230e+02
2.500000e-06	-1.097097e-07	2.429983e-09	-8.070748e-01	1.581731e+02
2.510000e-06	-1.701963e-07	2.367267e-09	-1.252042e+00	1.541507e+02
2.520000e-06	-2.306435e-07	2.303637e-09	-1.696718e+00	1.499276e+02
2.530000e-06	-2.910502e-07	2.237867e-09	-2.141098e+00	1.454705e+02
2.540000e-06	-3.513880e-07	2.164414e-09	-2.584970e+00	1.407502e+02
2.550000e-06	-4.116472e-07	2.086833e-09	-3.028264e+00	1.357472e+02
2.560000e-06	-4.718506e-07	2.007329e-09	-3.471148e+00	1.304507e+02
2.570000e-06	-5.320003e-07	1.922382e-09	-3.913636e+00	1.248513e+02
2.580000e-06	-5.920418e-07	1.829839e-09	-4.355329e+00	1.189288e+02
2.590000e-06	-6.519779e-07	1.732853e-09	-4.796246e+00	1.126426e+02
2.600000e-06	-7.117674e-07	1.631378e-09	-5.236086e+00	1.059292e+02
2.610000e-06	-7.713123e-07	1.521225e-09	-5.674125e+00	9.870797e+01
2.620000e-06	-8.305612e-07	1.400571e-09	-6.109987e+00	9.089382e+01
2.630000e-06	-8.894558e-07	1.272117e-09	-6.543243e+00	8.240938e+01
2.640000e-06	-9.479969e-07	1.133216e-09	-6.973898e+00	7.319103e+01
2.650000e-06	-1.006231e-06	9.819457e-10	-7.402293e+00	6.318558e+01
2.660000e-06	-1.064117e-06	8.185707e-10	-7.828128e+00	5.234028e+01
2.670000e-06	-1.121610e-06	6.410277e-10	-8.251072e+00	4.059411e+01
2.680000e-06	-1.178621e-06	4.461349e-10	-8.670477e+00	2.787945e+01
2.690000e-06	-1.235176e-06	2.332965e-10	-9.086517e+00	1.414052e+01
2.700000e-06	-1.291380e-06	7.371888e-12	-9.499984e+00	-6.328531e-01
2.710000e-06	-1.347271e-06	-2.293638e-10	-9.911140e+00	-1.636552e+01
2.720000e-06	-1.402776e-06	-4.779522e-10	-1.031946e+01	-3.286632e+01
2.730000e-06	-1.457739e-06	-7.376346e-10	-1.072379e+01	-4.982099e+01
2.740000e-06	-1.511901e-06	-1.000301e-09	-1.112223e+01	-6.681674e+01
2.750000e-06	-1.565225e-06	-1.255925e-09	-1.151451e+01	-8.339572e+01
2.760000e-06	-1.617834e-06	-1.498698e-09	-1.190153e+01	-9.912442e+01
2.770000e-06	-1.669777e-06	-1.722507e-09	-1.228364e+01	-1.136597e+02
2.780000e-06	-1.721121e-06	-1.923253e-09	-1.266135e+01	-1.267931e+02
2.790000e-06	-1.771817e-06	-2.101576e-09	-1.303429e+01	-1.384630e+02
2.800000e-06	-1.821808e-06	-2.261506e-09	-1.340205e+01	-1.487345e+02
2.810000e-06	-1.871090e-06	-2.403932e-09	-1.376459e+01	-1.577568e+02
2.820000e-06	-1.919482e-06	-2.527945e-09	-1.412059e+01	-1.657155e+02
2.830000e-06	-1.966909e-06	-2.637090e-09	-1.446948e+01	-1.727916e+02
2.840000e-06	-2.013644e-06	-2.734099e-09	-1.481328e+01	-1.791384e+02
2.850000e-06	-2.059800e-06	-2.821863e-09	-1.515283e+01	-1.848754e+02
2.860000e-06	-2.105299e-06	-2.900737e-09	-1.548754e+01	-1.900938e+02
2.870000e-06	-2.150140e-06	-2.974175e-09	-1.581741e+01	-1.948653e+02
2.880000e-06	-2.194353e-06	-3.045835e-09	-1.614266e+01	-1.992491e+02
2.890000e-06	-2.237962e-06	-3.113322e-09	-1.646347e+01	-2.032927e+02
2.900000e-06	-2.280910e-06	-3.175506e-09	-1.677941e+01	-2.070323e+02
2.910000e-06	-2.323089e-06	-3.231537e-09	-1.708970e+01	-2.104927e+02
2.920000e-06	-2.364455e-06	-3.280771e-09	-1.739401e+01	-2.136915e+02
2.930000e-06	-2.405039e-06	-3.326215e-09	-1.769256e+01	-2.166465e+02
2.940000e-06	-2.444890e-06	-3.369735e-09	-1.798572e+01	-2.193811e+02
2.950000e-06	-2.483781e-06	-3.409265e-09	-1.827182e+01	-2.219267e+02
2.960000e-06	-2.521452e-06	-3.447039e-09	-1.854895e+01	-2.243177e+02
2.970000e-06	-2.558061e-06	-3.485942e-09	-1.881827e+01	-2.265825e+02
2.980000e-06	-2.593825e-06	-3.524092e-09	-1.908136e+01	-2.287348e+02
2.990000e-06	-2.628771e-06	-3.556728e-09	-1.933844e+01	-2.307702e+02
3.000000e-06	-2.662835e-06	-3.585161e-09	-1.958903e+01	-2.326713e+02
3.010000e-06	-2.695960e-06	-3.611582e-09	-1.983271e+01	-2.344202e+02
3.020000e-06	-2.728240e-06	-3.637647e-09	-2.007017e+01	-2.360119e+02
3.030000e-06	-2.759659e-06	-3.660655e-09	-2.030131e+01	-2.374624e+02
3.040000e-06	-2.789961e-06	-3.681445e-09	-2.052422e+01	-2.388077e+02
3.050000e-06	-2.819068e-06	-3.702711e-09	-2.073835e+01	-2.400920e+02
3.060000e-06	-2.847195e-06	-3.723672e-09	-2.094527e+01	-2.413511e+02
3.070000e-06	-2.874434e-06	-3.744545e-09	-2.114564e+01	-2.425990e+02
3.080000e-06	-2.900635e-06	-3.764664e-09	-2.133839e+01	-2.438234e+02
3.090000e-06	-2.925764e-06	-3.782840e-09	-2.152325e+01	-2.449929e+02
3.100000e-06	-2.950035e-06	-3.798870e-09	-2.170181e+01	-2.460731e+02
3.110000e-06	-2.973440e-06	-3.815030e-09	-2.187398e+01	-2.470440e+02
3.120000e-06	-2.995565e-06	-3.830040e-09	-2.203674e+01	-2.479097e+02
3.130000e-06	-3.016372e-06	-3.843839e-09	-2.218981e+01	-2.486971e+02
3.140000e-06	-3.036188e-06	-3.855883e-09	-2.233558e+01	-2.494441e+02
3.150000e-06	-3.055039e-06	-3.864844e-09	-2.247426e+01	-2.501822e+02
3.160000e-06	-3.072884e-06	-3.873726e-09	-2.260554e+01	-2.509230e+02
3.170000e-06	-3.089742e-06	-3.885984e-09	-2.272955e+01	-2.516549e+02
3.180000e-06	-3.105563e-06	-3.898677e-09	-2.284594e+01	-2.523497e+02
3.190000e-06	-3.120158e-06	-3.909176e-09	-2.295330e+01	-2.529780e+02
3.200000e-06	-3.133328e-06	-3.916593e-09	-2.305019e+01	-2.535234e+02
3.210000e-06	-3.145124e-06	-3.922362e-09	-2.313696e+01	-2.539904e+02
3.220000e-06	-3.155757e-06	-3.927962e-09	-2.321519e+01	-2.544011e+02
3.230000e-06	-3.165332e-06	-3.933634e-09	-2.328562e+01	-2.547845e+02
3.240000e-06	-3.173897e-06	-3.939841e-09	-2.334863e+01	-2.551621e+02
3.250000e-06	-3.181458e-06	-3.945716e-09	-2.340425e+01	-2.555395e+02
3.260000e-06	-3.187733e-06	-3.951141e-09	-2.345042e+01	-2.559053e+02
3.270000e-06	-3.192677e-06	-3.955625e-09	-2.348679e+01	-2.562397e+02
3.280000e-06	-3.196565e-06	-3.959361e-09	-2.351539e+01	-2.565262e+02
3.290000e-06	-3.199405e-06	-3.962726e-09	-2.353628e+01	-2.567608e+02
3.300000e-06	-3.201166e-06	-3.965849e-09	-2.354923e+01	-2.569536e+02
3.310000e-06	-3.201901e-06	-3.968619e-09	-2.355464e+01	-2.571224e+02
