# Temperatura_=_20.0
# Concentracion g/m^3_=_4600.0
# C_Vs_to_Am_M_A/Vsm_=_65563218390.804596
# pendiente_HvsI_1/m_=_3716.3
# ordenada_HvsI_A/m_=_1297.0
# frecuencia_Hz_=_302588.8715625864

Tiempo_(s)	Campo_(V.s)	Magnetizacion_(V.s)	Campo_(kA/m)	Magnetizacion_(A/m)
0.000000e+00	-8.005286e-06	-4.954274e-09	-5.756607e+01	-3.229082e+02
1.000000e-08	-8.002587e-06	-4.957979e-09	-5.754666e+01	-3.228156e+02
2.000000e-08	-7.997226e-06	-4.954342e-09	-5.750811e+01	-3.225903e+02
3.000000e-08	-7.989222e-06	-4.950620e-09	-5.745055e+01	-3.223103e+02
4.000000e-08	-7.978417e-06	-4.947907e-09	-5.737285e+01	-3.220997e+02
5.000000e-08	-7.964669e-06	-4.944217e-09	-5.727399e+01	-3.220213e+02
6.000000e-08	-7.948032e-06	-4.937619e-09	-5.715435e+01	-3.220120e+02
7.000000e-08	-7.928983e-06	-4.925399e-09	-5.701737e+01	-3.219248e+02
8.000000e-08	-7.907683e-06	-4.912992e-09	-5.686420e+01	-3.216482e+02
9.000000e-08	-7.883670e-06	-4.964016e-09	-5.669153e+01	-3.212035e+02
1.000000e-07	-7.856484e-06	-4.956960e-09	-5.649603e+01	-3.207323e+02
1.100000e-07	-7.826219e-06	-4.907168e-09	-5.627839e+01	-3.203785e+02
1.200000e-07	-7.793099e-06	-4.905467e-09	-5.604023e+01	-3.201606e+02
1.300000e-07	-7.757202e-06	-4.909395e-09	-5.578209e+01	-3.199469e+02
1.400000e-07	-7.718856e-06	-4.890109e-09	-5.550635e+01	-3.195641e+02
1.500000e-07	-7.678203e-06	-4.829686e-09	-5.521401e+01	-3.189577e+02
1.600000e-07	-7.635175e-06	-4.867822e-09	-5.490460e+01	-3.182676e+02
1.700000e-07	-7.589598e-06	-4.913764e-09	-5.457685e+01	-3.177459e+02
1.800000e-07	-7.541188e-06	-4.819473e-09	-5.422874e+01	-3.175673e+02
1.900000e-07	-7.489856e-06	-4.873131e-09	-5.385961e+01	-3.176769e+02
2.000000e-07	-7.435663e-06	-4.849396e-09	-5.346990e+01	-3.178001e+02
2.100000e-07	-7.378714e-06	-4.804862e-09	-5.306038e+01	-3.176189e+02
2.200000e-07	-7.319096e-06	-4.842694e-09	-5.263167e+01	-3.169873e+02
2.300000e-07	-7.256934e-06	-4.781905e-09	-5.218466e+01	-3.160245e+02
2.400000e-07	-7.192104e-06	-4.802581e-09	-5.171847e+01	-3.150149e+02
2.500000e-07	-7.124453e-06	-4.764730e-09	-5.123199e+01	-3.141940e+02
2.600000e-07	-7.054090e-06	-4.766642e-09	-5.072601e+01	-3.135832e+02
2.700000e-07	-6.980924e-06	-4.752295e-09	-5.019987e+01	-3.129977e+02
2.800000e-07	-6.904946e-06	-4.741235e-09	-4.965351e+01	-3.122128e+02
2.900000e-07	-6.826170e-06	-4.721704e-09	-4.908703e+01	-3.111517e+02
3.000000e-07	-6.744679e-06	-4.684351e-09	-4.850103e+01	-3.099434e+02
3.100000e-07	-6.660875e-06	-4.708876e-09	-4.789840e+01	-3.088117e+02
3.200000e-07	-6.574874e-06	-4.673666e-09	-4.727997e+01	-3.078883e+02
3.300000e-07	-6.486463e-06	-4.653738e-09	-4.664420e+01	-3.071066e+02
3.400000e-07	-6.395674e-06	-4.647299e-09	-4.599134e+01	-3.062596e+02
3.500000e-07	-6.302645e-06	-4.634012e-09	-4.532236e+01	-3.051716e+02
3.600000e-07	-6.207300e-06	-4.602073e-09	-4.463673e+01	-3.038384e+02
3.700000e-07	-6.109590e-06	-4.575180e-09	-4.393410e+01	-3.024229e+02
3.800000e-07	-6.009655e-06	-4.574645e-09	-4.321547e+01	-3.011111e+02
3.900000e-07	-5.907602e-06	-4.557380e-09	-4.248160e+01	-2.999539e+02
4.000000e-07	-5.803419e-06	-4.526881e-09	-4.173242e+01	-2.988271e+02
4.100000e-07	-5.697175e-06	-4.494813e-09	-4.096842e+01	-2.975437e+02
4.200000e-07	-5.588973e-06	-4.486225e-09	-4.019034e+01	-2.960222e+02
4.300000e-07	-5.478788e-06	-4.466505e-09	-3.939800e+01	-2.943640e+02
4.400000e-07	-5.366451e-06	-4.432721e-09	-3.859018e+01	-2.927728e+02
4.500000e-07	-5.251982e-06	-4.412151e-09	-3.776704e+01	-2.913794e+02
4.600000e-07	-5.135554e-06	-4.405145e-09	-3.692981e+01	-2.901205e+02
4.700000e-07	-5.017297e-06	-4.374706e-09	-3.607942e+01	-2.887779e+02
4.800000e-07	-4.897236e-06	-4.333913e-09	-3.521606e+01	-2.871509e+02
4.900000e-07	-4.775337e-06	-4.315708e-09	-3.433948e+01	-2.852204e+02
5.000000e-07	-4.651708e-06	-4.299002e-09	-3.345046e+01	-2.831672e+02
5.100000e-07	-4.526447e-06	-4.262763e-09	-3.254971e+01	-2.812245e+02
5.200000e-07	-4.399541e-06	-4.224169e-09	-3.163713e+01	-2.794868e+02
5.300000e-07	-4.270950e-06	-4.204752e-09	-3.071243e+01	-2.778326e+02
5.400000e-07	-4.140775e-06	-4.179314e-09	-2.977634e+01	-2.760301e+02
5.500000e-07	-4.009107e-06	-4.139711e-09	-2.882952e+01	-2.739362e+02
5.600000e-07	-3.875943e-06	-4.105217e-09	-2.787193e+01	-2.716201e+02
5.700000e-07	-3.741241e-06	-4.084177e-09	-2.690329e+01	-2.693010e+02
5.800000e-07	-3.605033e-06	-4.049561e-09	-2.592382e+01	-2.671496e+02
5.900000e-07	-3.467380e-06	-4.004655e-09	-2.493395e+01	-2.651220e+02
6.000000e-07	-3.328320e-06	-3.971605e-09	-2.393397e+01	-2.629780e+02
6.100000e-07	-3.187939e-06	-3.942013e-09	-2.292449e+01	-2.604790e+02
6.200000e-07	-3.046234e-06	-3.898807e-09	-2.190549e+01	-2.576050e+02
6.300000e-07	-2.903229e-06	-3.850887e-09	-2.087714e+01	-2.545975e+02
6.400000e-07	-2.759052e-06	-3.815904e-09	-1.984036e+01	-2.517735e+02
6.500000e-07	-2.613927e-06	-3.777539e-09	-1.879677e+01	-2.492524e+02
6.600000e-07	-2.467973e-06	-3.730155e-09	-1.774721e+01	-2.468241e+02
6.700000e-07	-2.321162e-06	-3.680884e-09	-1.669149e+01	-2.440884e+02
6.800000e-07	-2.173527e-06	-3.635227e-09	-1.562985e+01	-2.407719e+02
6.900000e-07	-2.025188e-06	-3.585862e-09	-1.456314e+01	-2.369670e+02
7.000000e-07	-1.876233e-06	-3.530922e-09	-1.349201e+01	-2.330795e+02
7.100000e-07	-1.726689e-06	-3.478710e-09	-1.241663e+01	-2.295032e+02
7.200000e-07	-1.576664e-06	-3.426494e-09	-1.133780e+01	-2.262694e+02
7.300000e-07	-1.426181e-06	-3.365228e-09	-1.025567e+01	-2.229712e+02
7.400000e-07	-1.275168e-06	-3.297426e-09	-9.169738e+00	-2.190514e+02
7.500000e-07	-1.123649e-06	-3.230297e-09	-8.080165e+00	-2.142436e+02
7.600000e-07	-9.716900e-07	-3.158282e-09	-6.987429e+00	-2.088038e+02
7.700000e-07	-8.193235e-07	-3.081376e-09	-5.891761e+00	-2.033053e+02
7.800000e-07	-6.665768e-07	-2.999554e-09	-4.793358e+00	-1.981230e+02
7.900000e-07	-5.135488e-07	-2.910029e-09	-3.692933e+00	-1.930111e+02
8.000000e-07	-3.604153e-07	-2.807352e-09	-2.591749e+00	-1.871542e+02
8.100000e-07	-2.072250e-07	-2.695020e-09	-1.490156e+00	-1.797102e+02
8.200000e-07	-5.391859e-08	-2.572128e-09	-3.877290e-01	-1.704377e+02
8.300000e-07	9.948907e-08	-2.426449e-09	7.154266e-01	-1.598469e+02
8.400000e-07	2.529155e-07	-2.254458e-09	1.818717e+00	-1.486106e+02
8.500000e-07	4.062493e-07	-2.049657e-09	2.921342e+00	-1.365473e+02
8.600000e-07	5.594882e-07	-1.802289e-09	4.023283e+00	-1.219244e+02
8.700000e-07	7.125822e-07	-1.489022e-09	5.124184e+00	-1.017686e+02
8.800000e-07	8.655074e-07	-1.079722e-09	6.223870e+00	-7.326512e+01
8.900000e-07	1.018180e-06	-5.382676e-10	7.321740e+00	-3.556586e+01
9.000000e-07	1.170382e-06	1.534134e-10	8.416225e+00	9.079201e+00
9.100000e-07	1.322056e-06	9.138746e-10	9.506913e+00	5.567149e+01
9.200000e-07	1.473203e-06	1.577610e-09	1.059381e+01	9.826071e+01
9.300000e-07	1.623803e-06	2.052620e-09	1.167677e+01	1.322856e+02
9.400000e-07	1.773826e-06	2.374641e-09	1.275559e+01	1.562150e+02
9.500000e-07	1.923224e-06	2.605373e-09	1.382991e+01	1.716593e+02
9.600000e-07	2.071921e-06	2.786132e-09	1.489920e+01	1.820282e+02
9.700000e-07	2.219879e-06	2.937220e-09	1.596317e+01	1.906161e+02
9.800000e-07	2.367030e-06	3.065820e-09	1.702133e+01	1.992161e+02
9.900000e-07	2.513279e-06	3.178170e-09	1.807300e+01	2.079022e+02
1.000000e-06	2.658637e-06	3.279868e-09	1.911827e+01	2.158274e+02
1.010000e-06	2.803010e-06	3.376367e-09	2.015647e+01	2.223093e+02
1.020000e-06	2.946282e-06	3.466058e-09	2.118673e+01	2.274461e+02
1.030000e-06	3.088429e-06	3.548379e-09	2.220891e+01	2.319710e+02
1.040000e-06	3.229329e-06	3.624251e-09	2.322212e+01	2.366298e+02
1.050000e-06	3.368929e-06	3.695089e-09	2.422599e+01	2.416444e+02
1.060000e-06	3.507216e-06	3.760539e-09	2.522042e+01	2.466559e+02
1.070000e-06	3.644118e-06	3.820217e-09	2.620488e+01	2.511209e+02
1.080000e-06	3.779615e-06	3.877334e-09	2.717924e+01	2.547910e+02
1.090000e-06	3.913763e-06	3.932287e-09	2.814389e+01	2.578936e+02
1.100000e-06	4.046566e-06	3.982521e-09	2.909888e+01	2.609120e+02
1.110000e-06	4.177887e-06	4.027896e-09	3.004321e+01	2.641844e+02
1.120000e-06	4.307734e-06	4.073297e-09	3.097695e+01	2.676607e+02
1.130000e-06	4.436102e-06	4.117412e-09	3.190004e+01	2.709938e+02
1.140000e-06	4.562884e-06	4.160531e-09	3.281173e+01	2.738600e+02
1.150000e-06	4.688147e-06	4.201010e-09	3.371250e+01	2.762308e+02
1.160000e-06	4.811839e-06	4.237865e-09	3.460197e+01	2.783795e+02
1.170000e-06	4.933871e-06	4.271454e-09	3.547950e+01	2.806399e+02
1.180000e-06	5.054112e-06	4.302604e-09	3.634415e+01	2.831304e+02
1.190000e-06	5.172449e-06	4.334605e-09	3.719511e+01	2.856724e+02
1.200000e-06	5.288872e-06	4.365095e-09	3.803231e+01	2.879575e+02
1.210000e-06	5.403227e-06	4.393540e-09	3.885464e+01	2.898147e+02
1.220000e-06	5.515437e-06	4.419085e-09	3.966155e+01	2.913522e+02
1.230000e-06	5.625640e-06	4.444080e-09	4.045402e+01	2.928651e+02
1.240000e-06	5.733888e-06	4.470502e-09	4.123243e+01	2.945927e+02
1.250000e-06	5.840072e-06	4.496605e-09	4.199600e+01	2.965290e+02
1.260000e-06	5.944103e-06	4.521380e-09	4.274408e+01	2.984382e+02
1.270000e-06	6.046004e-06	4.541858e-09	4.347686e+01	3.000541e+02
1.280000e-06	6.145760e-06	4.560118e-09	4.419420e+01	3.012962e+02
1.290000e-06	6.243097e-06	4.577310e-09	4.489415e+01	3.023285e+02
1.300000e-06	6.338044e-06	4.595746e-09	4.557691e+01	3.034213e+02
1.310000e-06	6.430818e-06	4.616213e-09	4.624405e+01	3.047355e+02
1.320000e-06	6.521290e-06	4.636618e-09	4.689464e+01	3.062050e+02
1.330000e-06	6.609341e-06	4.656952e-09	4.752781e+01	3.076054e+02
1.340000e-06	6.695127e-06	4.675075e-09	4.814470e+01	3.087427e+02
1.350000e-06	6.778681e-06	4.691389e-09	4.874554e+01	3.096043e+02
1.360000e-06	6.859707e-06	4.705586e-09	4.932820e+01	3.103541e+02
1.370000e-06	6.938137e-06	4.718453e-09	4.989219e+01	3.111872e+02
1.380000e-06	7.014061e-06	4.729720e-09	5.043816e+01	3.121710e+02
1.390000e-06	7.087318e-06	4.739658e-09	5.096495e+01	3.132051e+02
1.400000e-06	7.157961e-06	4.751182e-09	5.147294e+01	3.141240e+02
1.410000e-06	7.226156e-06	4.764213e-09	5.196334e+01	3.148476e+02
1.420000e-06	7.291719e-06	4.778245e-09	5.243480e+01	3.154486e+02
1.430000e-06	7.354628e-06	4.792604e-09	5.288718e+01	3.160814e+02
1.440000e-06	7.415127e-06	4.805462e-09	5.332223e+01	3.168394e+02
1.450000e-06	7.473078e-06	4.815005e-09	5.373895e+01	3.176652e+02
1.460000e-06	7.528324e-06	4.821971e-09	5.413623e+01	3.183958e+02
1.470000e-06	7.580689e-06	4.827996e-09	5.451278e+01	3.189048e+02
1.480000e-06	7.629898e-06	4.835281e-09	5.486665e+01	3.192211e+02
1.490000e-06	7.676194e-06	4.842745e-09	5.519956e+01	3.195211e+02
1.500000e-06	7.719829e-06	4.850608e-09	5.551334e+01	3.199937e+02
1.510000e-06	7.760677e-06	4.860362e-09	5.580708e+01	3.206871e+02
1.520000e-06	7.798746e-06	4.869990e-09	5.608083e+01	3.214598e+02
1.530000e-06	7.834230e-06	4.877416e-09	5.633600e+01	3.220803e+02
1.540000e-06	7.866963e-06	4.882021e-09	5.657139e+01	3.223967e+02
1.550000e-06	7.896856e-06	4.885727e-09	5.678634e+01	3.224460e+02
1.560000e-06	7.923961e-06	4.887592e-09	5.698126e+01	3.224200e+02
1.570000e-06	7.948088e-06	4.888769e-09	5.715476e+01	3.225195e+02
1.580000e-06	7.969370e-06	4.891336e-09	5.730780e+01	3.228147e+02
1.590000e-06	7.987903e-06	4.897024e-09	5.744106e+01	3.232144e+02
1.600000e-06	8.003455e-06	4.903356e-09	5.755290e+01	3.235588e+02
1.610000e-06	8.015925e-06	4.907662e-09	5.764257e+01	3.237481e+02
1.620000e-06	8.025235e-06	4.911263e-09	5.770952e+01	3.238035e+02
1.630000e-06	8.031552e-06	4.913556e-09	5.775495e+01	3.238182e+02
1.640000e-06	8.035078e-06	4.914161e-09	5.778030e+01	3.238549e+02
1.650000e-06	8.035698e-06	4.915209e-09	5.778476e+01	3.238855e+02
1.660000e-06	8.033601e-06	4.906511e-09	5.776968e+01	3.238262e+02
1.670000e-06	8.028922e-06	4.904843e-09	5.773603e+01	3.236306e+02
1.680000e-06	8.021466e-06	4.904956e-09	5.768242e+01	3.233527e+02
1.690000e-06	8.011302e-06	4.902640e-09	5.760933e+01	3.231147e+02
1.700000e-06	7.998344e-06	4.903033e-09	5.751615e+01	3.230041e+02
1.710000e-06	7.982638e-06	4.908330e-09	5.740320e+01	3.229898e+02
1.720000e-06	7.964516e-06	4.925083e-09	5.727288e+01	3.229362e+02
1.730000e-06	7.944039e-06	4.911190e-09	5.712563e+01	3.227110e+02
1.740000e-06	7.920767e-06	4.843981e-09	5.695829e+01	3.222983e+02
1.750000e-06	7.894067e-06	4.875957e-09	5.676629e+01	3.218178e+02
1.760000e-06	7.863740e-06	4.891842e-09	5.654821e+01	3.214266e+02
1.770000e-06	7.830360e-06	4.857284e-09	5.630817e+01	3.211822e+02
1.780000e-06	7.794682e-06	4.852657e-09	5.605161e+01	3.209849e+02
1.790000e-06	7.756673e-06	4.942423e-09	5.577829e+01	3.206565e+02
1.800000e-06	7.716446e-06	4.886192e-09	5.548902e+01	3.201004e+02
1.810000e-06	7.674193e-06	4.806435e-09	5.518518e+01	3.194091e+02
1.820000e-06	7.629388e-06	4.919723e-09	5.486298e+01	3.188225e+02
1.830000e-06	7.581889e-06	4.790080e-09	5.452142e+01	3.185530e+02
1.840000e-06	7.531531e-06	4.866429e-09	5.415929e+01	3.186098e+02
1.850000e-06	7.478017e-06	4.876463e-09	5.377447e+01	3.187617e+02
1.860000e-06	7.421752e-06	4.831360e-09	5.336987e+01	3.186801e+02
1.870000e-06	7.362898e-06	4.922392e-09	5.294665e+01	3.181601e+02
1.880000e-06	7.301373e-06	4.798040e-09	5.250422e+01	3.172566e+02
1.890000e-06	7.237054e-06	4.853470e-09	5.204170e+01	3.162309e+02
1.900000e-06	7.169877e-06	4.841340e-09	5.155864e+01	3.153511e+02
1.910000e-06	7.099847e-06	4.822783e-09	5.105505e+01	3.146990e+02
1.920000e-06	7.027004e-06	4.810972e-09	5.053123e+01	3.141304e+02
1.930000e-06	6.951566e-06	4.767140e-09	4.998876e+01	3.134108e+02
1.940000e-06	6.873397e-06	4.820793e-09	4.942665e+01	3.124140e+02
1.950000e-06	6.792539e-06	4.739224e-09	4.884519e+01	3.112221e+02
1.960000e-06	6.709186e-06	4.757017e-09	4.824580e+01	3.100524e+02
1.970000e-06	6.623235e-06	4.744808e-09	4.762773e+01	3.090751e+02
1.980000e-06	6.534785e-06	4.713151e-09	4.699169e+01	3.082744e+02
1.990000e-06	6.444078e-06	4.701658e-09	4.633941e+01	3.074647e+02
2.000000e-06	6.351145e-06	4.674747e-09	4.567113e+01	3.064453e+02
2.010000e-06	6.255905e-06	4.704220e-09	4.498625e+01	3.051630e+02
2.020000e-06	6.158497e-06	4.655386e-09	4.428580e+01	3.037484e+02
2.030000e-06	6.058984e-06	4.635136e-09	4.357020e+01	3.023988e+02
2.040000e-06	5.957232e-06	4.604310e-09	4.283850e+01	3.012087e+02
2.050000e-06	5.853317e-06	4.603400e-09	4.209124e+01	3.000923e+02
2.060000e-06	5.747373e-06	4.576158e-09	4.132940e+01	2.988624e+02
2.070000e-06	5.639488e-06	4.547276e-09	4.055359e+01	2.973979e+02
2.080000e-06	5.529606e-06	4.545036e-09	3.976344e+01	2.957560e+02
2.090000e-06	5.417703e-06	4.516570e-09	3.895874e+01	2.941300e+02
2.100000e-06	5.303756e-06	4.484026e-09	3.813935e+01	2.926848e+02
2.110000e-06	5.187741e-06	4.457567e-09	3.730508e+01	2.914090e+02
2.120000e-06	5.069720e-06	4.457670e-09	3.645639e+01	2.901103e+02
2.130000e-06	4.949745e-06	4.422142e-09	3.559365e+01	2.885651e+02
2.140000e-06	4.827973e-06	4.387303e-09	3.471799e+01	2.867000e+02
2.150000e-06	4.704542e-06	4.361830e-09	3.383039e+01	2.846540e+02
2.160000e-06	4.579394e-06	4.349585e-09	3.293045e+01	2.826668e+02
2.170000e-06	4.452489e-06	4.313451e-09	3.201788e+01	2.808813e+02
2.180000e-06	4.323979e-06	4.278016e-09	3.109376e+01	2.792269e+02
2.190000e-06	4.193930e-06	4.256268e-09	3.015858e+01	2.774817e+02
2.200000e-06	4.062383e-06	4.228758e-09	2.921262e+01	2.754630e+02
2.210000e-06	3.929262e-06	4.188711e-09	2.825535e+01	2.731850e+02
2.220000e-06	3.794631e-06	4.156241e-09	2.728721e+01	2.708450e+02
2.230000e-06	3.658604e-06	4.137766e-09	2.630905e+01	2.686460e+02
2.240000e-06	3.521212e-06	4.100033e-09	2.532106e+01	2.666048e+02
2.250000e-06	3.382475e-06	4.053450e-09	2.432340e+01	2.645167e+02
2.260000e-06	3.242371e-06	4.015023e-09	2.331591e+01	2.621195e+02
2.270000e-06	3.100905e-06	3.983307e-09	2.229863e+01	2.593252e+02
2.280000e-06	2.958220e-06	3.936678e-09	2.127258e+01	2.563195e+02
2.290000e-06	2.814527e-06	3.894256e-09	2.023928e+01	2.534266e+02
2.300000e-06	2.669797e-06	3.859661e-09	1.919853e+01	2.508369e+02
2.310000e-06	2.524082e-06	3.819550e-09	1.815069e+01	2.484204e+02
2.320000e-06	2.377577e-06	3.766683e-09	1.709717e+01	2.457978e+02
2.330000e-06	2.230334e-06	3.717250e-09	1.603835e+01	2.426340e+02
2.340000e-06	2.082249e-06	3.674191e-09	1.497347e+01	2.389213e+02
2.350000e-06	1.933356e-06	3.623140e-09	1.390278e+01	2.350102e+02
2.360000e-06	1.783824e-06	3.566038e-09	1.282749e+01	2.313347e+02
2.370000e-06	1.633755e-06	3.509730e-09	1.174834e+01	2.280387e+02
2.380000e-06	1.483142e-06	3.453413e-09	1.066528e+01	2.248107e+02
2.390000e-06	1.332113e-06	3.391636e-09	9.579235e+00	2.210895e+02
2.400000e-06	1.180732e-06	3.325381e-09	8.490649e+00	2.165002e+02
2.410000e-06	1.028929e-06	3.255746e-09	7.399034e+00	2.111695e+02
2.420000e-06	8.767119e-07	3.180631e-09	6.304441e+00	2.056332e+02
2.430000e-06	7.241775e-07	3.097236e-09	5.207565e+00	2.003671e+02
2.440000e-06	5.714243e-07	3.009372e-09	4.109116e+00	1.952981e+02
2.450000e-06	4.184674e-07	2.913248e-09	3.009202e+00	1.897175e+02
2.460000e-06	2.653790e-07	2.805551e-09	1.908342e+00	1.827244e+02
2.470000e-06	1.121660e-07	2.682649e-09	8.065866e-01	1.738862e+02
2.480000e-06	-4.110319e-08	2.540208e-09	-2.955733e-01	1.635519e+02
2.490000e-06	-1.943517e-07	2.375389e-09	-1.397584e+00	1.524433e+02
2.500000e-06	-3.475895e-07	2.181616e-09	-2.499518e+00	1.406846e+02
2.510000e-06	-5.007705e-07	1.951445e-09	-3.601044e+00	1.269487e+02
2.520000e-06	-6.538470e-07	1.663778e-09	-4.701818e+00	1.084777e+02
2.530000e-06	-8.067118e-07	1.288071e-09	-5.801070e+00	8.224586e+01
2.540000e-06	-9.592708e-07	7.902276e-10	-6.898123e+00	4.676257e+01
2.550000e-06	-1.111451e-06	1.406090e-10	-7.992452e+00	3.471181e+00
2.560000e-06	-1.263188e-06	-6.205825e-10	-9.083591e+00	-4.319516e+01
2.570000e-06	-1.414446e-06	-1.341736e-09	-1.017129e+01	-8.730456e+01
2.580000e-06	-1.565189e-06	-1.886019e-09	-1.125528e+01	-1.237475e+02
2.590000e-06	-1.715452e-06	-2.252454e-09	-1.233583e+01	-1.501586e+02
2.600000e-06	-1.865107e-06	-2.507578e-09	-1.341200e+01	-1.674423e+02
2.610000e-06	-2.013959e-06	-2.702173e-09	-1.448239e+01	-1.787355e+02
2.620000e-06	-2.161992e-06	-2.862776e-09	-1.554690e+01	-1.875284e+02
2.630000e-06	-2.309215e-06	-3.002968e-09	-1.660558e+01	-1.960591e+02
2.640000e-06	-2.455595e-06	-3.128232e-09	-1.765820e+01	-2.047864e+02
2.650000e-06	-2.601036e-06	-3.238709e-09	-1.870407e+01	-2.129884e+02
2.660000e-06	-2.745493e-06	-3.338389e-09	-1.974286e+01	-2.198556e+02
2.670000e-06	-2.888905e-06	-3.428727e-09	-2.077413e+01	-2.252759e+02
2.680000e-06	-3.031211e-06	-3.511863e-09	-2.179746e+01	-2.298724e+02
2.690000e-06	-3.172263e-06	-3.590653e-09	-2.281176e+01	-2.344511e+02
2.700000e-06	-3.311969e-06	-3.665072e-09	-2.381639e+01	-2.393919e+02
2.710000e-06	-3.450397e-06	-3.732988e-09	-2.481183e+01	-2.444570e+02
2.720000e-06	-3.587549e-06	-3.794095e-09	-2.579809e+01	-2.490998e+02
2.730000e-06	-3.723399e-06	-3.853871e-09	-2.677498e+01	-2.529649e+02
2.740000e-06	-3.857946e-06	-3.912988e-09	-2.774251e+01	-2.561673e+02
2.750000e-06	-3.991136e-06	-3.970718e-09	-2.870029e+01	-2.591630e+02
2.760000e-06	-4.122849e-06	-4.024613e-09	-2.964743e+01	-2.623602e+02
2.770000e-06	-4.253121e-06	-4.071812e-09	-3.058422e+01	-2.658110e+02
2.780000e-06	-4.381973e-06	-4.118058e-09	-3.151080e+01	-2.692172e+02
2.790000e-06	-4.509316e-06	-4.163048e-09	-3.242652e+01	-2.722169e+02
2.800000e-06	-4.635037e-06	-4.203784e-09	-3.333058e+01	-2.746949e+02
2.810000e-06	-4.759069e-06	-4.242270e-09	-3.422250e+01	-2.768647e+02
2.820000e-06	-4.881482e-06	-4.281456e-09	-3.510277e+01	-2.790742e+02
2.830000e-06	-5.002222e-06	-4.320037e-09	-3.597101e+01	-2.815135e+02
2.840000e-06	-5.121056e-06	-4.354744e-09	-3.682555e+01	-2.840710e+02
2.850000e-06	-5.237822e-06	-4.388288e-09	-3.766522e+01	-2.864458e+02
2.860000e-06	-5.352430e-06	-4.421875e-09	-3.848936e+01	-2.884110e+02
2.870000e-06	-5.464821e-06	-4.451577e-09	-3.929757e+01	-2.900043e+02
2.880000e-06	-5.575070e-06	-4.477619e-09	-4.009036e+01	-2.914943e+02
2.890000e-06	-5.683412e-06	-4.504314e-09	-4.086945e+01	-2.931576e+02
2.900000e-06	-5.789895e-06	-4.531786e-09	-4.163517e+01	-2.950572e+02
2.910000e-06	-5.894327e-06	-4.557928e-09	-4.238615e+01	-2.970013e+02
2.920000e-06	-5.996550e-06	-4.583407e-09	-4.312123e+01	-2.987079e+02
2.930000e-06	-6.096571e-06	-4.609257e-09	-4.384048e+01	-3.000366e+02
2.940000e-06	-6.194427e-06	-4.631861e-09	-4.454417e+01	-3.010964e+02
2.950000e-06	-6.290050e-06	-4.650790e-09	-4.523179e+01	-3.021513e+02
2.960000e-06	-6.383315e-06	-4.668767e-09	-4.590246e+01	-3.034072e+02
2.970000e-06	-6.474274e-06	-4.687251e-09	-4.655655e+01	-3.048555e+02
2.980000e-06	-6.562978e-06	-4.704104e-09	-4.719442e+01	-3.062960e+02
2.990000e-06	-6.649231e-06	-4.719340e-09	-4.781466e+01	-3.075086e+02
3.000000e-06	-6.733047e-06	-4.735799e-09	-4.841739e+01	-3.084289e+02
3.010000e-06	-6.814516e-06	-4.752507e-09	-4.900323e+01	-3.091864e+02
3.020000e-06	-6.893480e-06	-4.766822e-09	-4.957106e+01	-3.099854e+02
3.030000e-06	-6.969716e-06	-4.779983e-09	-5.011927e+01	-3.109352e+02
3.040000e-06	-7.043326e-06	-4.793306e-09	-5.064860e+01	-3.119723e+02
3.050000e-06	-7.114400e-06	-4.806356e-09	-5.115970e+01	-3.129330e+02
3.060000e-06	-7.182899e-06	-4.819326e-09	-5.165228e+01	-3.137044e+02
3.070000e-06	-7.248928e-06	-4.831311e-09	-5.212709e+01	-3.143224e+02
3.080000e-06	-7.312463e-06	-4.842045e-09	-5.258397e+01	-3.149337e+02
3.090000e-06	-7.373395e-06	-4.850045e-09	-5.302213e+01	-3.156594e+02
3.100000e-06	-7.431681e-06	-4.859008e-09	-5.344126e+01	-3.164814e+02
3.110000e-06	-7.487297e-06	-4.869602e-09	-5.384120e+01	-3.172519e+02
3.120000e-06	-7.540051e-06	-4.879267e-09	-5.422056e+01	-3.178206e+02
3.130000e-06	-7.589708e-06	-4.887576e-09	-5.457764e+01	-3.181727e+02
3.140000e-06	-7.636371e-06	-4.894187e-09	-5.491319e+01	-3.184565e+02
3.150000e-06	-7.680478e-06	-4.902501e-09	-5.523037e+01	-3.188739e+02
3.160000e-06	-7.722115e-06	-4.913084e-09	-5.552978e+01	-3.195186e+02
3.170000e-06	-7.760978e-06	-4.922753e-09	-5.580924e+01	-3.202925e+02
3.180000e-06	-7.797040e-06	-4.930479e-09	-5.606857e+01	-3.209711e+02
3.190000e-06	-7.830351e-06	-4.935187e-09	-5.630811e+01	-3.213680e+02
3.200000e-06	-7.860810e-06	-4.940089e-09	-5.652714e+01	-3.214702e+02
3.210000e-06	-7.888344e-06	-4.942255e-09	-5.672513e+01	-3.214415e+02
3.220000e-06	-7.913084e-06	-4.943177e-09	-5.690304e+01	-3.214964e+02
3.230000e-06	-7.934995e-06	-4.944390e-09	-5.706060e+01	-3.217456e+02
3.240000e-06	-7.954001e-06	-4.947355e-09	-5.719728e+01	-3.221339e+02
3.250000e-06	-7.970102e-06	-4.951351e-09	-5.731306e+01	-3.225056e+02
3.260000e-06	-7.983106e-06	-4.956180e-09	-5.740657e+01	-3.227363e+02
3.270000e-06	-7.993103e-06	-4.959513e-09	-5.747846e+01	-3.228175e+02
3.280000e-06	-8.000191e-06	-4.960055e-09	-5.752943e+01	-3.228337e+02
3.290000e-06	-8.004411e-06	-4.960059e-09	-5.755978e+01	-3.228638e+02
3.300000e-06	-8.005888e-06	-4.955759e-09	-5.757039e+01	-3.229030e+02
