# Temperatura_=_20.0
# Concentracion g/m^3_=_4600.0
# C_Vs_to_Am_M_A/Vsm_=_65563218390.804596
# pendiente_HvsI_1/m_=_3716.3
# ordenada_HvsI_A/m_=_1297.0
# frecuencia_Hz_=_301461.8525088788

Tiempo_(s)	Campo_(V.s)	Magnetizacion_(V.s)	Campo_(kA/m)	Magnetizacion_(A/m)
0.000000e+00	-3.208836e-06	-2.826613e-09	-2.354685e+01	-1.849384e+02
1.000000e-08	-3.208165e-06	-2.825865e-09	-2.354194e+01	-1.849717e+02
2.000000e-08	-3.206184e-06	-2.825986e-09	-2.352739e+01	-1.850048e+02
3.000000e-08	-3.202949e-06	-2.825111e-09	-2.350366e+01	-1.850486e+02
4.000000e-08	-3.198779e-06	-2.823405e-09	-2.347306e+01	-1.850973e+02
5.000000e-08	-3.193722e-06	-2.823564e-09	-2.343595e+01	-1.851328e+02
6.000000e-08	-3.187581e-06	-2.825559e-09	-2.339089e+01	-1.851344e+02
7.000000e-08	-3.180398e-06	-2.832188e-09	-2.333818e+01	-1.850913e+02
8.000000e-08	-3.172198e-06	-2.833034e-09	-2.327800e+01	-1.850091e+02
9.000000e-08	-3.162610e-06	-2.809360e-09	-2.320764e+01	-1.849070e+02
1.000000e-07	-3.151362e-06	-2.798956e-09	-2.312511e+01	-1.848074e+02
1.100000e-07	-3.138672e-06	-2.812711e-09	-2.303198e+01	-1.847228e+02
1.200000e-07	-3.124930e-06	-2.857705e-09	-2.293115e+01	-1.846490e+02
1.300000e-07	-3.110124e-06	-2.823306e-09	-2.282250e+01	-1.845660e+02
1.400000e-07	-3.094065e-06	-2.756697e-09	-2.270465e+01	-1.844493e+02
1.500000e-07	-3.076942e-06	-2.829001e-09	-2.257900e+01	-1.842840e+02
1.600000e-07	-3.059021e-06	-2.825292e-09	-2.244750e+01	-1.840748e+02
1.700000e-07	-3.040142e-06	-2.736264e-09	-2.230896e+01	-1.838455e+02
1.800000e-07	-3.020180e-06	-2.808290e-09	-2.216248e+01	-1.836289e+02
1.900000e-07	-2.999381e-06	-2.858906e-09	-2.200985e+01	-1.834495e+02
2.000000e-07	-2.977677e-06	-2.753929e-09	-2.185058e+01	-1.833099e+02
2.100000e-07	-2.954866e-06	-2.806383e-09	-2.168319e+01	-1.831860e+02
2.200000e-07	-2.931093e-06	-2.858100e-09	-2.150875e+01	-1.830351e+02
2.300000e-07	-2.906322e-06	-2.726347e-09	-2.132697e+01	-1.828136e+02
2.400000e-07	-2.880236e-06	-2.749858e-09	-2.113555e+01	-1.824963e+02
2.500000e-07	-2.852908e-06	-2.824398e-09	-2.093501e+01	-1.820877e+02
2.600000e-07	-2.824621e-06	-2.744031e-09	-2.072743e+01	-1.816218e+02
2.700000e-07	-2.795407e-06	-2.749879e-09	-2.051306e+01	-1.811485e+02
2.800000e-07	-2.765225e-06	-2.775651e-09	-2.029158e+01	-1.807130e+02
2.900000e-07	-2.734121e-06	-2.703824e-09	-2.006333e+01	-1.803386e+02
3.000000e-07	-2.702162e-06	-2.742516e-09	-1.982882e+01	-1.800176e+02
3.100000e-07	-2.669212e-06	-2.764173e-09	-1.958702e+01	-1.797158e+02
3.200000e-07	-2.635038e-06	-2.699843e-09	-1.933625e+01	-1.793862e+02
3.300000e-07	-2.599753e-06	-2.728649e-09	-1.907733e+01	-1.789874e+02
3.400000e-07	-2.563628e-06	-2.736102e-09	-1.881224e+01	-1.784975e+02
3.500000e-07	-2.526657e-06	-2.657582e-09	-1.854094e+01	-1.779197e+02
3.600000e-07	-2.488714e-06	-2.685236e-09	-1.826251e+01	-1.772791e+02
3.700000e-07	-2.449859e-06	-2.723542e-09	-1.797739e+01	-1.766112e+02
3.800000e-07	-2.410309e-06	-2.653531e-09	-1.768716e+01	-1.759504e+02
3.900000e-07	-2.370121e-06	-2.641163e-09	-1.739226e+01	-1.753195e+02
4.000000e-07	-2.328977e-06	-2.680559e-09	-1.709033e+01	-1.747247e+02
4.100000e-07	-2.286648e-06	-2.660774e-09	-1.677972e+01	-1.741563e+02
4.200000e-07	-2.243355e-06	-2.624385e-09	-1.646203e+01	-1.735925e+02
4.300000e-07	-2.199378e-06	-2.631448e-09	-1.613932e+01	-1.730060e+02
4.400000e-07	-2.154721e-06	-2.623700e-09	-1.581163e+01	-1.723709e+02
4.500000e-07	-2.109304e-06	-2.604112e-09	-1.547834e+01	-1.716695e+02
4.600000e-07	-2.063106e-06	-2.597645e-09	-1.513934e+01	-1.708969e+02
4.700000e-07	-2.016176e-06	-2.590701e-09	-1.479496e+01	-1.700636e+02
4.800000e-07	-1.968648e-06	-2.583471e-09	-1.444620e+01	-1.691927e+02
4.900000e-07	-1.920472e-06	-2.557953e-09	-1.409267e+01	-1.683128e+02
5.000000e-07	-1.871348e-06	-2.534112e-09	-1.373220e+01	-1.674481e+02
5.100000e-07	-1.821157e-06	-2.534742e-09	-1.336389e+01	-1.666078e+02
5.200000e-07	-1.770091e-06	-2.529842e-09	-1.298916e+01	-1.657810e+02
5.300000e-07	-1.718322e-06	-2.501422e-09	-1.260927e+01	-1.649391e+02
5.400000e-07	-1.665888e-06	-2.485177e-09	-1.222450e+01	-1.640461e+02
5.500000e-07	-1.612866e-06	-2.473630e-09	-1.183542e+01	-1.630733e+02
5.600000e-07	-1.559215e-06	-2.459951e-09	-1.144172e+01	-1.620112e+02
5.700000e-07	-1.504901e-06	-2.450457e-09	-1.104316e+01	-1.608744e+02
5.800000e-07	-1.450092e-06	-2.431029e-09	-1.064096e+01	-1.596947e+02
5.900000e-07	-1.394878e-06	-2.408742e-09	-1.023579e+01	-1.585066e+02
6.000000e-07	-1.339318e-06	-2.393552e-09	-9.828094e+00	-1.573301e+02
6.100000e-07	-1.283431e-06	-2.376739e-09	-9.417984e+00	-1.561609e+02
6.200000e-07	-1.227094e-06	-2.349347e-09	-9.004578e+00	-1.549719e+02
6.300000e-07	-1.170197e-06	-2.330310e-09	-8.587059e+00	-1.537259e+02
6.400000e-07	-1.112699e-06	-2.311538e-09	-8.165129e+00	-1.523943e+02
6.500000e-07	-1.054582e-06	-2.282677e-09	-7.738664e+00	-1.509716e+02
6.600000e-07	-9.958427e-07	-2.259772e-09	-7.307623e+00	-1.494780e+02
6.700000e-07	-9.366637e-07	-2.246052e-09	-6.873361e+00	-1.479487e+02
6.800000e-07	-8.772295e-07	-2.226076e-09	-6.437225e+00	-1.464139e+02
6.900000e-07	-8.176148e-07	-2.195722e-09	-5.999764e+00	-1.448810e+02
7.000000e-07	-7.578699e-07	-2.171234e-09	-5.561348e+00	-1.433271e+02
7.100000e-07	-6.979559e-07	-2.150110e-09	-5.121692e+00	-1.417074e+02
7.200000e-07	-6.378338e-07	-2.121525e-09	-4.680507e+00	-1.399763e+02
7.300000e-07	-5.775205e-07	-2.087780e-09	-4.237921e+00	-1.381092e+02
7.400000e-07	-5.170380e-07	-2.058202e-09	-3.794092e+00	-1.361154e+02
7.500000e-07	-4.563545e-07	-2.028024e-09	-3.348789e+00	-1.340329e+02
7.600000e-07	-3.954900e-07	-1.993829e-09	-2.902158e+00	-1.319071e+02
7.700000e-07	-3.344769e-07	-1.963063e-09	-2.454435e+00	-1.297636e+02
7.800000e-07	-2.733446e-07	-1.932262e-09	-2.005839e+00	-1.275896e+02
7.900000e-07	-2.121478e-07	-1.897004e-09	-1.556768e+00	-1.253327e+02
8.000000e-07	-1.509002e-07	-1.858497e-09	-1.107325e+00	-1.229211e+02
8.100000e-07	-8.962176e-08	-1.818822e-09	-6.576562e-01	-1.202939e+02
8.200000e-07	-2.831923e-08	-1.772875e-09	-2.078102e-01	-1.174270e+02
8.300000e-07	3.304922e-08	-1.723125e-09	2.425195e-01	-1.143400e+02
8.400000e-07	9.437975e-08	-1.674360e-09	6.925709e-01	-1.110792e+02
8.500000e-07	1.556582e-07	-1.623905e-09	1.142240e+00	-1.076838e+02
8.600000e-07	2.169311e-07	-1.570879e-09	1.591869e+00	-1.041520e+02
8.700000e-07	2.781488e-07	-1.514461e-09	2.041092e+00	-1.004249e+02
8.800000e-07	3.392965e-07	-1.453515e-09	2.489802e+00	-9.639764e+01
8.900000e-07	4.003518e-07	-1.384563e-09	2.937833e+00	-9.195288e+01
9.000000e-07	4.612309e-07	-1.308905e-09	3.384573e+00	-8.699823e+01
9.100000e-07	5.218637e-07	-1.226421e-09	3.829504e+00	-8.148529e+01
9.200000e-07	5.822769e-07	-1.134051e-09	4.272824e+00	-7.539538e+01
9.300000e-07	6.424836e-07	-1.028664e-09	4.714629e+00	-6.869393e+01
9.400000e-07	7.024655e-07	-9.123153e-10	5.154783e+00	-6.127471e+01
9.500000e-07	7.622570e-07	-7.814243e-10	5.593541e+00	-5.292560e+01
9.600000e-07	8.219101e-07	-6.294883e-10	6.031283e+00	-4.334478e+01
9.700000e-07	8.814191e-07	-4.581818e-10	6.467968e+00	-3.221691e+01
9.800000e-07	9.407313e-07	-2.663625e-10	6.903209e+00	-1.933294e+01
9.900000e-07	9.997366e-07	-4.783025e-11	7.336197e+00	-4.713179e+00
1.000000e-06	1.058233e-06	1.976238e-10	7.765452e+00	1.131484e+01
1.010000e-06	1.116020e-06	4.568608e-10	8.189500e+00	2.812178e+01
1.020000e-06	1.173051e-06	7.158800e-10	8.607999e+00	4.487494e+01
1.030000e-06	1.229474e-06	9.595463e-10	9.022039e+00	6.070543e+01
1.040000e-06	1.285457e-06	1.172251e-09	9.432851e+00	7.489318e+01
1.050000e-06	1.341116e-06	1.349276e-09	9.841285e+00	8.701101e+01
1.060000e-06	1.396498e-06	1.494348e-09	1.024768e+01	9.698324e+01
1.070000e-06	1.451466e-06	1.614470e-09	1.065105e+01	1.050453e+02
1.080000e-06	1.505868e-06	1.713312e-09	1.105025e+01	1.116254e+02
1.090000e-06	1.559756e-06	1.799766e-09	1.144569e+01	1.171955e+02
1.100000e-06	1.613183e-06	1.877199e-09	1.183774e+01	1.221427e+02
1.110000e-06	1.666004e-06	1.945233e-09	1.222535e+01	1.267002e+02
1.120000e-06	1.718187e-06	2.006393e-09	1.260828e+01	1.309485e+02
1.130000e-06	1.769787e-06	2.063313e-09	1.298693e+01	1.348699e+02
1.140000e-06	1.820644e-06	2.114868e-09	1.336012e+01	1.384223e+02
1.150000e-06	1.870550e-06	2.161028e-09	1.372634e+01	1.415967e+02
1.160000e-06	1.919467e-06	2.203719e-09	1.408530e+01	1.444384e+02
1.170000e-06	1.967545e-06	2.242193e-09	1.443810e+01	1.470307e+02
1.180000e-06	2.015012e-06	2.277038e-09	1.478642e+01	1.494577e+02
1.190000e-06	2.061837e-06	2.310915e-09	1.513003e+01	1.517701e+02
1.200000e-06	2.107932e-06	2.344501e-09	1.546828e+01	1.539731e+02
1.210000e-06	2.153309e-06	2.374306e-09	1.580127e+01	1.560378e+02
1.220000e-06	2.197925e-06	2.399812e-09	1.612866e+01	1.579304e+02
1.230000e-06	2.241904e-06	2.424051e-09	1.645139e+01	1.596397e+02
1.240000e-06	2.285332e-06	2.448722e-09	1.677006e+01	1.611891e+02
1.250000e-06	2.327912e-06	2.471193e-09	1.708253e+01	1.626281e+02
1.260000e-06	2.369296e-06	2.491893e-09	1.738620e+01	1.640093e+02
1.270000e-06	2.409565e-06	2.511911e-09	1.768170e+01	1.653639e+02
1.280000e-06	2.449053e-06	2.531621e-09	1.797147e+01	1.666900e+02
1.290000e-06	2.487818e-06	2.548220e-09	1.825593e+01	1.679588e+02
1.300000e-06	2.525726e-06	2.563601e-09	1.853411e+01	1.691336e+02
1.310000e-06	2.562721e-06	2.580329e-09	1.880558e+01	1.701932e+02
1.320000e-06	2.598910e-06	2.596288e-09	1.907114e+01	1.711447e+02
1.330000e-06	2.634391e-06	2.611247e-09	1.933151e+01	1.720212e+02
1.340000e-06	2.668998e-06	2.625471e-09	1.958546e+01	1.728653e+02
1.350000e-06	2.702395e-06	2.638529e-09	1.983053e+01	1.737081e+02
1.360000e-06	2.734579e-06	2.650886e-09	2.006670e+01	1.745558e+02
1.370000e-06	2.765814e-06	2.662404e-09	2.029590e+01	1.753889e+02
1.380000e-06	2.796204e-06	2.673613e-09	2.051891e+01	1.761758e+02
1.390000e-06	2.825713e-06	2.684838e-09	2.073545e+01	1.768912e+02
1.400000e-06	2.854311e-06	2.695990e-09	2.094530e+01	1.775307e+02
1.410000e-06	2.882108e-06	2.706254e-09	2.114929e+01	1.781127e+02
1.420000e-06	2.908939e-06	2.715165e-09	2.134617e+01	1.786679e+02
1.430000e-06	2.934422e-06	2.723105e-09	2.153317e+01	1.792217e+02
1.440000e-06	2.958657e-06	2.731221e-09	2.171101e+01	1.797806e+02
1.450000e-06	2.981889e-06	2.740893e-09	2.188149e+01	1.803283e+02
1.460000e-06	3.004091e-06	2.750255e-09	2.204441e+01	1.808350e+02
1.470000e-06	3.025241e-06	2.757850e-09	2.219961e+01	1.812745e+02
1.480000e-06	3.045473e-06	2.763548e-09	2.234808e+01	1.816388e+02
1.490000e-06	3.064847e-06	2.768917e-09	2.249025e+01	1.819442e+02
1.500000e-06	3.083198e-06	2.775209e-09	2.262491e+01	1.822236e+02
1.510000e-06	3.100362e-06	2.781364e-09	2.275086e+01	1.825105e+02
1.520000e-06	3.116337e-06	2.785673e-09	2.286808e+01	1.828228e+02
1.530000e-06	3.131112e-06	2.788722e-09	2.297651e+01	1.831537e+02
1.540000e-06	3.144729e-06	2.792501e-09	2.307643e+01	1.834764e+02
1.550000e-06	3.157210e-06	2.796427e-09	2.316802e+01	1.837580e+02
1.560000e-06	3.168458e-06	2.801377e-09	2.325056e+01	1.839768e+02
1.570000e-06	3.178288e-06	2.808477e-09	2.332269e+01	1.841334e+02
1.580000e-06	3.186742e-06	2.815880e-09	2.338473e+01	1.842502e+02
1.590000e-06	3.194089e-06	2.820028e-09	2.343864e+01	1.843599e+02
1.600000e-06	3.200372e-06	2.821027e-09	2.348475e+01	1.844896e+02
1.610000e-06	3.205556e-06	2.821241e-09	2.352279e+01	1.846479e+02
1.620000e-06	3.209745e-06	2.823378e-09	2.355353e+01	1.848224e+02
1.630000e-06	3.212924e-06	2.826611e-09	2.357686e+01	1.849876e+02
1.640000e-06	3.214807e-06	2.828789e-09	2.359067e+01	1.851191e+02
1.650000e-06	3.215369e-06	2.830603e-09	2.359480e+01	1.852062e+02
1.660000e-06	3.214853e-06	2.832122e-09	2.359101e+01	1.852560e+02
1.670000e-06	3.213318e-06	2.834539e-09	2.357975e+01	1.852881e+02
1.680000e-06	3.210773e-06	2.836640e-09	2.356107e+01	1.853226e+02
1.690000e-06	3.207305e-06	2.837790e-09	2.353562e+01	1.853678e+02
1.700000e-06	3.202977e-06	2.837278e-09	2.350386e+01	1.854161e+02
1.710000e-06	3.197604e-06	2.837284e-09	2.346443e+01	1.854479e+02
1.720000e-06	3.191000e-06	2.836059e-09	2.341598e+01	1.854435e+02
1.730000e-06	3.183287e-06	2.827461e-09	2.335938e+01	1.853942e+02
1.740000e-06	3.174575e-06	2.846935e-09	2.329545e+01	1.853078e+02
1.750000e-06	3.164593e-06	2.860562e-09	2.322220e+01	1.852049e+02
1.760000e-06	3.152794e-06	2.850333e-09	2.313561e+01	1.851071e+02
1.770000e-06	3.139253e-06	2.800306e-09	2.303625e+01	1.850248e+02
1.780000e-06	3.124901e-06	2.819177e-09	2.293093e+01	1.849512e+02
1.790000e-06	3.110162e-06	2.888908e-09	2.282277e+01	1.848649e+02
1.800000e-06	3.094323e-06	2.834947e-09	2.270655e+01	1.847419e+02
1.810000e-06	3.077086e-06	2.794848e-09	2.258006e+01	1.845697e+02
1.820000e-06	3.058970e-06	2.881799e-09	2.244712e+01	1.843558e+02
1.830000e-06	3.040078e-06	2.833497e-09	2.230849e+01	1.841264e+02
1.840000e-06	3.020173e-06	2.710757e-09	2.216242e+01	1.839140e+02
1.850000e-06	2.999249e-06	2.811555e-09	2.200888e+01	1.837409e+02
1.860000e-06	2.977214e-06	2.829922e-09	2.184719e+01	1.836057e+02
1.870000e-06	2.953905e-06	2.713810e-09	2.167614e+01	1.834809e+02
1.880000e-06	2.929451e-06	2.806244e-09	2.149670e+01	1.833224e+02
1.890000e-06	2.903934e-06	2.841501e-09	2.130945e+01	1.830883e+02
1.900000e-06	2.877238e-06	2.711303e-09	2.111355e+01	1.827569e+02
1.910000e-06	2.849534e-06	2.774772e-09	2.091025e+01	1.823375e+02
1.920000e-06	2.820928e-06	2.788584e-09	2.070034e+01	1.818675e+02
1.930000e-06	2.791227e-06	2.705744e-09	2.048239e+01	1.813972e+02
1.940000e-06	2.760388e-06	2.782665e-09	2.025609e+01	1.809698e+02
1.950000e-06	2.728425e-06	2.759265e-09	2.002154e+01	1.806043e+02
1.960000e-06	2.695451e-06	2.682350e-09	1.977957e+01	1.802887e+02
1.970000e-06	2.661611e-06	2.768426e-09	1.953125e+01	1.799860e+02
1.980000e-06	2.626893e-06	2.713759e-09	1.927648e+01	1.796488e+02
1.990000e-06	2.591376e-06	2.655286e-09	1.901585e+01	1.792378e+02
2.000000e-06	2.555116e-06	2.771228e-09	1.874978e+01	1.787346e+02
2.010000e-06	2.517886e-06	2.716937e-09	1.847658e+01	1.781461e+02
2.020000e-06	2.479420e-06	2.643584e-09	1.819431e+01	1.774993e+02
2.030000e-06	2.439885e-06	2.705434e-09	1.790419e+01	1.768306e+02
2.040000e-06	2.399554e-06	2.688752e-09	1.760824e+01	1.761732e+02
2.050000e-06	2.358497e-06	2.634898e-09	1.730696e+01	1.755475e+02
2.060000e-06	2.316728e-06	2.636621e-09	1.700045e+01	1.749575e+02
2.070000e-06	2.274147e-06	2.660742e-09	1.668799e+01	1.743913e+02
2.080000e-06	2.230827e-06	2.654217e-09	1.637010e+01	1.738261e+02
2.090000e-06	2.186940e-06	2.612318e-09	1.604805e+01	1.732342e+02
2.100000e-06	2.142414e-06	2.614020e-09	1.572132e+01	1.725906e+02
2.110000e-06	2.097049e-06	2.628225e-09	1.538842e+01	1.718790e+02
2.120000e-06	2.050839e-06	2.599019e-09	1.504932e+01	1.710968e+02
2.130000e-06	2.003950e-06	2.566281e-09	1.470525e+01	1.702565e+02
2.140000e-06	1.956392e-06	2.557607e-09	1.435626e+01	1.693827e+02
2.150000e-06	1.908020e-06	2.574217e-09	1.400130e+01	1.685039e+02
2.160000e-06	1.858811e-06	2.550940e-09	1.364020e+01	1.676426e+02
2.170000e-06	1.808904e-06	2.517757e-09	1.327398e+01	1.668054e+02
2.180000e-06	1.758362e-06	2.533163e-09	1.290309e+01	1.659786e+02
2.190000e-06	1.707182e-06	2.515631e-09	1.252753e+01	1.651317e+02
2.200000e-06	1.655445e-06	2.489586e-09	1.214787e+01	1.642288e+02
2.210000e-06	1.603041e-06	2.483710e-09	1.176332e+01	1.632433e+02
2.220000e-06	1.549756e-06	2.464610e-09	1.137231e+01	1.621692e+02
2.230000e-06	1.495525e-06	2.445663e-09	1.097436e+01	1.610241e+02
2.240000e-06	1.440479e-06	2.420701e-09	1.057042e+01	1.598414e+02
2.250000e-06	1.384889e-06	2.401954e-09	1.016249e+01	1.586543e+02
2.260000e-06	1.328947e-06	2.395832e-09	9.751985e+00	1.574798e+02
2.270000e-06	1.272652e-06	2.380645e-09	9.338889e+00	1.563100e+02
2.280000e-06	1.215944e-06	2.359133e-09	8.922758e+00	1.551152e+02
2.290000e-06	1.158784e-06	2.335478e-09	8.503310e+00	1.538583e+02
2.300000e-06	1.101228e-06	2.318225e-09	8.080952e+00	1.525135e+02
2.310000e-06	1.043388e-06	2.302662e-09	7.656514e+00	1.510790e+02
2.320000e-06	9.852084e-07	2.275975e-09	7.229587e+00	1.495781e+02
2.330000e-06	9.265852e-07	2.254286e-09	6.799403e+00	1.480466e+02
2.340000e-06	8.675459e-07	2.231831e-09	6.366165e+00	1.465124e+02
2.350000e-06	8.082077e-07	2.203899e-09	5.930734e+00	1.449787e+02
2.360000e-06	7.486763e-07	2.178543e-09	5.493884e+00	1.434185e+02
2.370000e-06	6.889767e-07	2.154381e-09	5.055801e+00	1.417855e+02
2.380000e-06	6.291392e-07	2.133998e-09	4.616706e+00	1.400358e+02
2.390000e-06	5.692011e-07	2.105238e-09	4.176872e+00	1.381493e+02
2.400000e-06	5.091580e-07	2.073728e-09	3.736267e+00	1.361401e+02
2.410000e-06	4.489958e-07	2.046630e-09	3.294790e+00	1.340489e+02
2.420000e-06	3.887253e-07	2.013711e-09	2.852517e+00	1.319198e+02
2.430000e-06	3.283645e-07	1.977250e-09	2.409582e+00	1.297739e+02
2.440000e-06	2.679357e-07	1.941621e-09	1.966147e+00	1.275920e+02
2.450000e-06	2.074421e-07	1.904926e-09	1.522237e+00	1.253176e+02
2.460000e-06	1.468691e-07	1.867213e-09	1.077744e+00	1.228784e+02
2.470000e-06	8.622431e-08	1.831562e-09	6.327253e-01	1.202174e+02
2.480000e-06	2.555965e-08	1.793565e-09	1.875600e-01	1.173170e+02
2.490000e-06	-3.514536e-08	1.746361e-09	-2.579013e-01	1.142022e+02
2.500000e-06	-9.588182e-08	1.693470e-09	-7.035933e-01	1.109205e+02
2.510000e-06	-1.565748e-07	1.641629e-09	-1.148966e+00	1.075071e+02
2.520000e-06	-2.172020e-07	1.586988e-09	-1.593857e+00	1.039524e+02
2.530000e-06	-2.777579e-07	1.526452e-09	-2.038223e+00	1.001897e+02
2.540000e-06	-3.382299e-07	1.462478e-09	-2.481975e+00	9.610980e+01
2.550000e-06	-3.986041e-07	1.394126e-09	-2.925009e+00	9.159698e+01
2.560000e-06	-4.588835e-07	1.317081e-09	-3.367347e+00	8.656460e+01
2.570000e-06	-5.190351e-07	1.233658e-09	-3.808747e+00	8.097023e+01
2.580000e-06	-5.790861e-07	1.146711e-09	-4.249410e+00	7.479624e+01
2.590000e-06	-6.390663e-07	1.047443e-09	-4.689552e+00	6.800112e+01
2.600000e-06	-6.989488e-07	9.306366e-10	-5.128978e+00	6.046467e+01
2.610000e-06	-7.586831e-07	7.993397e-10	-5.567316e+00	5.195957e+01
2.620000e-06	-8.182553e-07	6.524824e-10	-6.004464e+00	4.217606e+01
2.630000e-06	-8.775617e-07	4.814329e-10	-6.439662e+00	3.080608e+01
2.640000e-06	-9.364243e-07	2.835527e-10	-6.871603e+00	1.766633e+01
2.650000e-06	-9.948695e-07	6.240172e-11	-7.300482e+00	2.817876e+00
2.660000e-06	-1.052969e-06	-1.808466e-10	-7.726821e+00	-1.336608e+01
2.670000e-06	-1.110696e-06	-4.400071e-10	-8.150434e+00	-3.021912e+01
2.680000e-06	-1.167941e-06	-6.994330e-10	-8.570505e+00	-4.689205e+01
2.690000e-06	-1.224657e-06	-9.406572e-10	-8.986691e+00	-6.252627e+01
2.700000e-06	-1.280975e-06	-1.152458e-09	-9.399964e+00	-7.643636e+01
2.710000e-06	-1.337034e-06	-1.330780e-09	-9.811332e+00	-8.824410e+01
2.720000e-06	-1.392812e-06	-1.479494e-09	-1.022064e+01	-9.792291e+01
2.730000e-06	-1.448106e-06	-1.604100e-09	-1.062639e+01	-1.057443e+02
2.740000e-06	-1.502617e-06	-1.706394e-09	-1.102640e+01	-1.121520e+02
2.750000e-06	-1.556287e-06	-1.792461e-09	-1.142024e+01	-1.176125e+02
2.760000e-06	-1.609179e-06	-1.869290e-09	-1.180836e+01	-1.224936e+02
2.770000e-06	-1.661416e-06	-1.938654e-09	-1.219169e+01	-1.270049e+02
2.780000e-06	-1.713147e-06	-2.000683e-09	-1.257130e+01	-1.312089e+02
2.790000e-06	-1.764240e-06	-2.058612e-09	-1.294623e+01	-1.350798e+02
2.800000e-06	-1.814618e-06	-2.113808e-09	-1.331590e+01	-1.385774e+02
2.810000e-06	-1.864318e-06	-2.164353e-09	-1.368061e+01	-1.417002e+02
2.820000e-06	-1.913129e-06	-2.209259e-09	-1.403879e+01	-1.445007e+02
2.830000e-06	-1.960895e-06	-2.251402e-09	-1.438931e+01	-1.470646e+02
2.840000e-06	-2.007854e-06	-2.291291e-09	-1.473390e+01	-1.494730e+02
2.850000e-06	-2.054181e-06	-2.326969e-09	-1.507385e+01	-1.517705e+02
2.860000e-06	-2.099871e-06	-2.360351e-09	-1.540913e+01	-1.539558e+02
2.870000e-06	-2.144883e-06	-2.390804e-09	-1.573943e+01	-1.559977e+02
2.880000e-06	-2.189238e-06	-2.417621e-09	-1.606492e+01	-1.578639e+02
2.890000e-06	-2.233027e-06	-2.442941e-09	-1.638625e+01	-1.595481e+02
2.900000e-06	-2.276166e-06	-2.469326e-09	-1.670280e+01	-1.610783e+02
2.910000e-06	-2.318493e-06	-2.494871e-09	-1.701340e+01	-1.625060e+02
2.920000e-06	-2.359967e-06	-2.516743e-09	-1.731774e+01	-1.638821e+02
2.930000e-06	-2.400687e-06	-2.538358e-09	-1.761655e+01	-1.652334e+02
2.940000e-06	-2.440733e-06	-2.559845e-09	-1.791042e+01	-1.665535e+02
2.950000e-06	-2.479972e-06	-2.578265e-09	-1.819836e+01	-1.678109e+02
2.960000e-06	-2.518068e-06	-2.593645e-09	-1.847792e+01	-1.689698e+02
2.970000e-06	-2.554951e-06	-2.609757e-09	-1.874856e+01	-1.700128e+02
2.980000e-06	-2.590971e-06	-2.627295e-09	-1.901288e+01	-1.709510e+02
2.990000e-06	-2.626220e-06	-2.641659e-09	-1.927154e+01	-1.718203e+02
3.000000e-06	-2.660556e-06	-2.653763e-09	-1.952351e+01	-1.726627e+02
3.010000e-06	-2.693984e-06	-2.666599e-09	-1.976881e+01	-1.735064e+02
3.020000e-06	-2.726553e-06	-2.678561e-09	-2.000780e+01	-1.743536e+02
3.030000e-06	-2.758276e-06	-2.690184e-09	-2.024059e+01	-1.751820e+02
3.040000e-06	-2.788941e-06	-2.702128e-09	-2.046561e+01	-1.759598e+02
3.050000e-06	-2.818368e-06	-2.713932e-09	-2.068155e+01	-1.766639e+02
3.060000e-06	-2.846732e-06	-2.722996e-09	-2.088969e+01	-1.772936e+02
3.070000e-06	-2.874205e-06	-2.731579e-09	-2.109129e+01	-1.778698e+02
3.080000e-06	-2.900731e-06	-2.742402e-09	-2.128595e+01	-1.784234e+02
3.090000e-06	-2.926191e-06	-2.752106e-09	-2.147277e+01	-1.789781e+02
3.100000e-06	-2.950683e-06	-2.759910e-09	-2.165250e+01	-1.795367e+02
3.110000e-06	-2.974324e-06	-2.766479e-09	-2.182598e+01	-1.800804e+02
3.120000e-06	-2.996840e-06	-2.771942e-09	-2.199120e+01	-1.805788e+02
3.130000e-06	-3.017993e-06	-2.776527e-09	-2.214642e+01	-1.810074e+02
3.140000e-06	-3.038052e-06	-2.781698e-09	-2.229362e+01	-1.813617e+02
3.150000e-06	-3.057220e-06	-2.786708e-09	-2.243428e+01	-1.816610e+02
3.160000e-06	-3.075390e-06	-2.790831e-09	-2.256762e+01	-1.819395e+02
3.170000e-06	-3.092491e-06	-2.794473e-09	-2.269310e+01	-1.822295e+02
3.180000e-06	-3.108584e-06	-2.800148e-09	-2.281120e+01	-1.825453e+02
3.190000e-06	-3.123547e-06	-2.806217e-09	-2.292099e+01	-1.828770e+02
3.200000e-06	-3.137146e-06	-2.810750e-09	-2.302079e+01	-1.831956e+02
3.210000e-06	-3.149355e-06	-2.813946e-09	-2.311038e+01	-1.834691e+02
3.220000e-06	-3.160307e-06	-2.814990e-09	-2.319074e+01	-1.836783e+02
3.230000e-06	-3.170190e-06	-2.813979e-09	-2.326327e+01	-1.838274e+02
3.240000e-06	-3.179040e-06	-2.813025e-09	-2.332821e+01	-1.839410e+02
3.250000e-06	-3.186798e-06	-2.813156e-09	-2.338514e+01	-1.840521e+02
3.260000e-06	-3.193341e-06	-2.814785e-09	-2.343315e+01	-1.841858e+02
3.270000e-06	-3.198580e-06	-2.817651e-09	-2.347160e+01	-1.843475e+02
3.280000e-06	-3.202647e-06	-2.820991e-09	-2.350144e+01	-1.845223e+02
3.290000e-06	-3.205665e-06	-2.824201e-09	-2.352359e+01	-1.846840e+02
3.300000e-06	-3.207642e-06	-2.825257e-09	-2.353810e+01	-1.848093e+02
3.310000e-06	-3.208621e-06	-2.825780e-09	-2.354528e+01	-1.848901e+02
