# Temperatura_=_20.0
# Concentracion g/m^3_=_8200.0
# C_Vs_to_Am_M_A/Vsm_=_65563218390.804596
# pendiente_HvsI_1/m_=_3716.3
# ordenada_HvsI_A/m_=_1297.0
# frecuencia_Hz_=_301521.8210640379

Tiempo_(s)	Campo_(V.s)	Magnetizacion_(V.s)	Campo_(kA/m)	Magnetizacion_(A/m)
0.000000e+00	-4.649979e-06	-4.952686e-09	-3.466752e+01	-3.236288e+02
1.000000e-08	-4.648832e-06	-4.956584e-09	-3.465897e+01	-3.235978e+02
2.000000e-08	-4.645959e-06	-4.959443e-09	-3.463755e+01	-3.235496e+02
3.000000e-08	-4.641645e-06	-4.958052e-09	-3.460539e+01	-3.234879e+02
4.000000e-08	-4.635992e-06	-4.957183e-09	-3.456324e+01	-3.234144e+02
5.000000e-08	-4.628921e-06	-4.953637e-09	-3.451052e+01	-3.233282e+02
6.000000e-08	-4.620428e-06	-4.947367e-09	-3.444720e+01	-3.232261e+02
7.000000e-08	-4.610208e-06	-4.938475e-09	-3.437101e+01	-3.231031e+02
8.000000e-08	-4.598202e-06	-4.919324e-09	-3.428150e+01	-3.229526e+02
9.000000e-08	-4.584407e-06	-4.936748e-09	-3.417866e+01	-3.227671e+02
1.000000e-07	-4.568357e-06	-4.993514e-09	-3.405900e+01	-3.225395e+02
1.100000e-07	-4.550232e-06	-4.970259e-09	-3.392386e+01	-3.222631e+02
1.200000e-07	-4.530566e-06	-4.947027e-09	-3.377725e+01	-3.219327e+02
1.300000e-07	-4.509632e-06	-4.893014e-09	-3.362118e+01	-3.215453e+02
1.400000e-07	-4.487623e-06	-4.800325e-09	-3.345709e+01	-3.210997e+02
1.500000e-07	-4.464361e-06	-4.975232e-09	-3.328366e+01	-3.205973e+02
1.600000e-07	-4.439663e-06	-4.942748e-09	-3.309953e+01	-3.200416e+02
1.700000e-07	-4.413546e-06	-4.765718e-09	-3.290481e+01	-3.194377e+02
1.800000e-07	-4.385814e-06	-4.942581e-09	-3.269806e+01	-3.187918e+02
1.900000e-07	-4.356443e-06	-4.864678e-09	-3.247909e+01	-3.181107e+02
2.000000e-07	-4.325738e-06	-4.723052e-09	-3.225017e+01	-3.174005e+02
2.100000e-07	-4.293616e-06	-4.920105e-09	-3.201069e+01	-3.166666e+02
2.200000e-07	-4.259686e-06	-4.837502e-09	-3.175772e+01	-3.159125e+02
2.300000e-07	-4.224131e-06	-4.740004e-09	-3.149265e+01	-3.151401e+02
2.400000e-07	-4.187122e-06	-4.856609e-09	-3.121673e+01	-3.143487e+02
2.500000e-07	-4.148616e-06	-4.761334e-09	-3.092965e+01	-3.135357e+02
2.600000e-07	-4.108682e-06	-4.753588e-09	-3.063193e+01	-3.126965e+02
2.700000e-07	-4.067032e-06	-4.779791e-09	-3.032141e+01	-3.118253e+02
2.800000e-07	-4.023698e-06	-4.699583e-09	-2.999833e+01	-3.109154e+02
2.900000e-07	-3.978965e-06	-4.713350e-09	-2.966483e+01	-3.099602e+02
3.000000e-07	-3.932815e-06	-4.701364e-09	-2.932076e+01	-3.089534e+02
3.100000e-07	-3.885232e-06	-4.672499e-09	-2.896601e+01	-3.078902e+02
3.200000e-07	-3.835902e-06	-4.693234e-09	-2.859824e+01	-3.067670e+02
3.300000e-07	-3.784722e-06	-4.673001e-09	-2.821667e+01	-3.055824e+02
3.400000e-07	-3.732050e-06	-4.619898e-09	-2.782398e+01	-3.043366e+02
3.500000e-07	-3.678025e-06	-4.588234e-09	-2.742120e+01	-3.030313e+02
3.600000e-07	-3.622814e-06	-4.603762e-09	-2.700958e+01	-3.016696e+02
3.700000e-07	-3.566506e-06	-4.575033e-09	-2.658978e+01	-3.002551e+02
3.800000e-07	-3.508753e-06	-4.529581e-09	-2.615920e+01	-2.987915e+02
3.900000e-07	-3.449479e-06	-4.527394e-09	-2.571729e+01	-2.972817e+02
4.000000e-07	-3.389023e-06	-4.494971e-09	-2.526657e+01	-2.957275e+02
4.100000e-07	-3.327458e-06	-4.476232e-09	-2.480758e+01	-2.941289e+02
4.200000e-07	-3.264768e-06	-4.442596e-09	-2.434020e+01	-2.924842e+02
4.300000e-07	-3.201118e-06	-4.416113e-09	-2.386566e+01	-2.907897e+02
4.400000e-07	-3.136386e-06	-4.412458e-09	-2.338306e+01	-2.890400e+02
4.500000e-07	-3.070197e-06	-4.365469e-09	-2.288959e+01	-2.872284e+02
4.600000e-07	-3.002775e-06	-4.319656e-09	-2.238693e+01	-2.853476e+02
4.700000e-07	-2.934523e-06	-4.299944e-09	-2.187808e+01	-2.833899e+02
4.800000e-07	-2.865430e-06	-4.277438e-09	-2.136297e+01	-2.813485e+02
4.900000e-07	-2.795326e-06	-4.229854e-09	-2.084032e+01	-2.792177e+02
5.000000e-07	-2.724168e-06	-4.192714e-09	-2.030980e+01	-2.769933e+02
5.100000e-07	-2.652105e-06	-4.179487e-09	-1.977254e+01	-2.746728e+02
5.200000e-07	-2.579061e-06	-4.141312e-09	-1.922797e+01	-2.722559e+02
5.300000e-07	-2.504761e-06	-4.086344e-09	-1.867403e+01	-2.697435e+02
5.400000e-07	-2.429267e-06	-4.049194e-09	-1.811119e+01	-2.671377e+02
5.500000e-07	-2.352878e-06	-4.012216e-09	-1.754168e+01	-2.644410e+02
5.600000e-07	-2.275646e-06	-3.961432e-09	-1.696588e+01	-2.616556e+02
5.700000e-07	-2.197375e-06	-3.909612e-09	-1.638234e+01	-2.587823e+02
5.800000e-07	-2.118032e-06	-3.875797e-09	-1.579081e+01	-2.558204e+02
5.900000e-07	-2.037810e-06	-3.837640e-09	-1.519272e+01	-2.527665e+02
6.000000e-07	-1.956859e-06	-3.785562e-09	-1.458919e+01	-2.496145e+02
6.100000e-07	-1.875184e-06	-3.738936e-09	-1.398027e+01	-2.463555e+02
6.200000e-07	-1.792807e-06	-3.688228e-09	-1.336612e+01	-2.429782e+02
6.300000e-07	-1.709919e-06	-3.626092e-09	-1.274816e+01	-2.394691e+02
6.400000e-07	-1.626575e-06	-3.560249e-09	-1.212679e+01	-2.358138e+02
6.500000e-07	-1.542765e-06	-3.504220e-09	-1.150195e+01	-2.319972e+02
6.600000e-07	-1.458577e-06	-3.443941e-09	-1.087430e+01	-2.280051e+02
6.700000e-07	-1.374011e-06	-3.375070e-09	-1.024382e+01	-2.238246e+02
6.800000e-07	-1.288941e-06	-3.311278e-09	-9.609589e+00	-2.194446e+02
6.900000e-07	-1.203386e-06	-3.247912e-09	-8.971744e+00	-2.148567e+02
7.000000e-07	-1.117460e-06	-3.176281e-09	-8.331128e+00	-2.100544e+02
7.100000e-07	-1.031233e-06	-3.097528e-09	-7.688267e+00	-2.050331e+02
7.200000e-07	-9.447529e-07	-3.018658e-09	-7.043525e+00	-1.997887e+02
7.300000e-07	-8.579810e-07	-2.934706e-09	-6.396604e+00	-1.943168e+02
7.400000e-07	-7.709508e-07	-2.844463e-09	-5.747758e+00	-1.886109e+02
7.500000e-07	-6.836867e-07	-2.752781e-09	-5.097168e+00	-1.826606e+02
7.600000e-07	-5.962066e-07	-2.657457e-09	-4.444967e+00	-1.764505e+02
7.700000e-07	-5.085462e-07	-2.557055e-09	-3.791423e+00	-1.699587e+02
7.800000e-07	-4.207362e-07	-2.455054e-09	-3.136763e+00	-1.631559e+02
7.900000e-07	-3.328244e-07	-2.351198e-09	-2.481344e+00	-1.560055e+02
8.000000e-07	-2.448258e-07	-2.236681e-09	-1.825278e+00	-1.484638e+02
8.100000e-07	-1.567392e-07	-2.112461e-09	-1.168555e+00	-1.404816e+02
8.200000e-07	-6.857997e-08	-1.982352e-09	-5.112921e-01	-1.320065e+02
8.300000e-07	1.962303e-08	-1.844094e-09	1.462978e-01	-1.229853e+02
8.400000e-07	1.078370e-07	-1.693592e-09	8.039693e-01	-1.133678e+02
8.500000e-07	1.960260e-07	-1.533388e-09	1.461455e+00	-1.031104e+02
8.600000e-07	2.842036e-07	-1.366770e-09	2.118855e+00	-9.218022e+01
8.700000e-07	3.723174e-07	-1.191555e-09	2.775780e+00	-8.055865e+01
8.800000e-07	4.603359e-07	-1.007367e-09	3.431995e+00	-6.824462e+01
8.900000e-07	5.482486e-07	-8.147176e-10	4.087421e+00	-5.525715e+01
9.000000e-07	6.359918e-07	-6.131668e-10	4.741582e+00	-4.163690e+01
9.100000e-07	7.235601e-07	-3.994671e-10	5.394440e+00	-2.744654e+01
9.200000e-07	8.109159e-07	-1.766295e-10	6.045714e+00	-1.276989e+01
9.300000e-07	8.979859e-07	5.383629e-11	6.694857e+00	2.290136e+00
9.400000e-07	9.847162e-07	2.905446e-10	7.341467e+00	1.761480e+01
9.500000e-07	1.071115e-06	5.294805e-10	7.985606e+00	3.307379e+01
9.600000e-07	1.157164e-06	7.670508e-10	8.627138e+00	4.853013e+01
9.700000e-07	1.242783e-06	1.000991e-09	9.265459e+00	6.384567e+01
9.800000e-07	1.327909e-06	1.229378e-09	9.900115e+00	7.888654e+01
9.900000e-07	1.412578e-06	1.449518e-09	1.053136e+01	9.352841e+01
1.000000e-06	1.496859e-06	1.661623e-09	1.115970e+01	1.076612e+02
1.010000e-06	1.580730e-06	1.863516e-09	1.178499e+01	1.211928e+02
1.020000e-06	1.664131e-06	2.055614e-09	1.240678e+01	1.340519e+02
1.030000e-06	1.746907e-06	2.238358e-09	1.302392e+01	1.461896e+02
1.040000e-06	1.829000e-06	2.409633e-09	1.363595e+01	1.575793e+02
1.050000e-06	1.910395e-06	2.568402e-09	1.424279e+01	1.682160e+02
1.060000e-06	1.991051e-06	2.715944e-09	1.484411e+01	1.781142e+02
1.070000e-06	2.070975e-06	2.857284e-09	1.543998e+01	1.873048e+02
1.080000e-06	2.150138e-06	2.990116e-09	1.603017e+01	1.958313e+02
1.090000e-06	2.228508e-06	3.110773e-09	1.661445e+01	2.037462e+02
1.100000e-06	2.306031e-06	3.220162e-09	1.719242e+01	2.111067e+02
1.110000e-06	2.382727e-06	3.323796e-09	1.776422e+01	2.179708e+02
1.120000e-06	2.458668e-06	3.422904e-09	1.833039e+01	2.243943e+02
1.130000e-06	2.533718e-06	3.515454e-09	1.888992e+01	2.304276e+02
1.140000e-06	2.607568e-06	3.602972e-09	1.944050e+01	2.361144e+02
1.150000e-06	2.680252e-06	3.685034e-09	1.998239e+01	2.414902e+02
1.160000e-06	2.751992e-06	3.760943e-09	2.051724e+01	2.465824e+02
1.170000e-06	2.822829e-06	3.833587e-09	2.104536e+01	2.514107e+02
1.180000e-06	2.892704e-06	3.902989e-09	2.156631e+01	2.559882e+02
1.190000e-06	2.961564e-06	3.965320e-09	2.207969e+01	2.603230e+02
1.200000e-06	3.029505e-06	4.022463e-09	2.258622e+01	2.644199e+02
1.210000e-06	3.096454e-06	4.077880e-09	2.308535e+01	2.682822e+02
1.220000e-06	3.162126e-06	4.131395e-09	2.357496e+01	2.719134e+02
1.230000e-06	3.226517e-06	4.179677e-09	2.405502e+01	2.753181e+02
1.240000e-06	3.289814e-06	4.223769e-09	2.452693e+01	2.785037e+02
1.250000e-06	3.352027e-06	4.266566e-09	2.499075e+01	2.814798e+02
1.260000e-06	3.413108e-06	4.308197e-09	2.544614e+01	2.842590e+02
1.270000e-06	3.473153e-06	4.345750e-09	2.589380e+01	2.868562e+02
1.280000e-06	3.532036e-06	4.378965e-09	2.633279e+01	2.892876e+02
1.290000e-06	3.589391e-06	4.410748e-09	2.676040e+01	2.915704e+02
1.300000e-06	3.645272e-06	4.442515e-09	2.717701e+01	2.937209e+02
1.310000e-06	3.699924e-06	4.473801e-09	2.758447e+01	2.957543e+02
1.320000e-06	3.753274e-06	4.503384e-09	2.798221e+01	2.976835e+02
1.330000e-06	3.805172e-06	4.531614e-09	2.836914e+01	2.995190e+02
1.340000e-06	3.855432e-06	4.559626e-09	2.874384e+01	3.012679e+02
1.350000e-06	3.903949e-06	4.586101e-09	2.910556e+01	3.029347e+02
1.360000e-06	3.950937e-06	4.609001e-09	2.945587e+01	3.045214e+02
1.370000e-06	3.996593e-06	4.629259e-09	2.979626e+01	3.060280e+02
1.380000e-06	4.041000e-06	4.649102e-09	3.012733e+01	3.074536e+02
1.390000e-06	4.084131e-06	4.668575e-09	3.044889e+01	3.087967e+02
1.400000e-06	4.125669e-06	4.687306e-09	3.075857e+01	3.100567e+02
1.410000e-06	4.165598e-06	4.705015e-09	3.105626e+01	3.112338e+02
1.420000e-06	4.204114e-06	4.722467e-09	3.134341e+01	3.123300e+02
1.430000e-06	4.241248e-06	4.739224e-09	3.162026e+01	3.133491e+02
1.440000e-06	4.277066e-06	4.754482e-09	3.188730e+01	3.142966e+02
1.450000e-06	4.311392e-06	4.768676e-09	3.214322e+01	3.151794e+02
1.460000e-06	4.344001e-06	4.781462e-09	3.238633e+01	3.160054e+02
1.470000e-06	4.375063e-06	4.793789e-09	3.261790e+01	3.167828e+02
1.480000e-06	4.404729e-06	4.805714e-09	3.283908e+01	3.175192e+02
1.490000e-06	4.432999e-06	4.817276e-09	3.304984e+01	3.182211e+02
1.500000e-06	4.459707e-06	4.828628e-09	3.324896e+01	3.188933e+02
1.510000e-06	4.484541e-06	4.840485e-09	3.343411e+01	3.195384e+02
1.520000e-06	4.507681e-06	4.852840e-09	3.360663e+01	3.201569e+02
1.530000e-06	4.529344e-06	4.864244e-09	3.376813e+01	3.207468e+02
1.540000e-06	4.549572e-06	4.873129e-09	3.391894e+01	3.213044e+02
1.550000e-06	4.568283e-06	4.879563e-09	3.405845e+01	3.218246e+02
1.560000e-06	4.585246e-06	4.886319e-09	3.418491e+01	3.223017e+02
1.570000e-06	4.600460e-06	4.893120e-09	3.429834e+01	3.227301e+02
1.580000e-06	4.613995e-06	4.898359e-09	3.439925e+01	3.231048e+02
1.590000e-06	4.625823e-06	4.903630e-09	3.448743e+01	3.234224e+02
1.600000e-06	4.635731e-06	4.909027e-09	3.456130e+01	3.236816e+02
1.610000e-06	4.643779e-06	4.913755e-09	3.462130e+01	3.238830e+02
1.620000e-06	4.650203e-06	4.917945e-09	3.466919e+01	3.240296e+02
1.630000e-06	4.655088e-06	4.920842e-09	3.470561e+01	3.241264e+02
1.640000e-06	4.658508e-06	4.922189e-09	3.473111e+01	3.241796e+02
1.650000e-06	4.660197e-06	4.924594e-09	3.474370e+01	3.241967e+02
1.660000e-06	4.660085e-06	4.927609e-09	3.474287e+01	3.241849e+02
1.670000e-06	4.658450e-06	4.925468e-09	3.473067e+01	3.241512e+02
1.680000e-06	4.655411e-06	4.923557e-09	3.470802e+01	3.241009e+02
1.690000e-06	4.651013e-06	4.923232e-09	3.467523e+01	3.240374e+02
1.700000e-06	4.644972e-06	4.921704e-09	3.463019e+01	3.239622e+02
1.710000e-06	4.637257e-06	4.921738e-09	3.457267e+01	3.238739e+02
1.720000e-06	4.628197e-06	4.924447e-09	3.450512e+01	3.237692e+02
1.730000e-06	4.617758e-06	4.937139e-09	3.442730e+01	3.236426e+02
1.740000e-06	4.605802e-06	4.943518e-09	3.433816e+01	3.234875e+02
1.750000e-06	4.591917e-06	4.853569e-09	3.423464e+01	3.232965e+02
1.760000e-06	4.575623e-06	4.855303e-09	3.411316e+01	3.230623e+02
1.770000e-06	4.557083e-06	4.875973e-09	3.397495e+01	3.227784e+02
1.780000e-06	4.537093e-06	4.927128e-09	3.382591e+01	3.224400e+02
1.790000e-06	4.516495e-06	5.007546e-09	3.367234e+01	3.220442e+02
1.800000e-06	4.495090e-06	4.797085e-09	3.351276e+01	3.215904e+02
1.810000e-06	4.471681e-06	4.858878e-09	3.333823e+01	3.210801e+02
1.820000e-06	4.446313e-06	5.016024e-09	3.314911e+01	3.205171e+02
1.830000e-06	4.419847e-06	4.759697e-09	3.295179e+01	3.199068e+02
1.840000e-06	4.391804e-06	4.848195e-09	3.274272e+01	3.192555e+02
1.850000e-06	4.361764e-06	4.992972e-09	3.251876e+01	3.185698e+02
1.860000e-06	4.330182e-06	4.725318e-09	3.228330e+01	3.178559e+02
1.870000e-06	4.297136e-06	4.831376e-09	3.203693e+01	3.171189e+02
1.880000e-06	4.262646e-06	4.894504e-09	3.177979e+01	3.163622e+02
1.890000e-06	4.226845e-06	4.722597e-09	3.151288e+01	3.155871e+02
1.900000e-06	4.189323e-06	4.875373e-09	3.123314e+01	3.147928e+02
1.910000e-06	4.150059e-06	4.786318e-09	3.094041e+01	3.139763e+02
1.920000e-06	4.109260e-06	4.735432e-09	3.063624e+01	3.131329e+02
1.930000e-06	4.066978e-06	4.869634e-09	3.032101e+01	3.122566e+02
1.940000e-06	4.023545e-06	4.691587e-09	2.999719e+01	3.113406e+02
1.950000e-06	3.978770e-06	4.755159e-09	2.966338e+01	3.103783e+02
1.960000e-06	3.932362e-06	4.784049e-09	2.931739e+01	3.093638e+02
1.970000e-06	3.884458e-06	4.629521e-09	2.896025e+01	3.082921e+02
1.980000e-06	3.835121e-06	4.691091e-09	2.859242e+01	3.071602e+02
1.990000e-06	3.784426e-06	4.665950e-09	2.821447e+01	3.059668e+02
2.000000e-06	3.732233e-06	4.684614e-09	2.782534e+01	3.047123e+02
2.010000e-06	3.678385e-06	4.648002e-09	2.742389e+01	3.033987e+02
2.020000e-06	3.623007e-06	4.586233e-09	2.701102e+01	3.020292e+02
2.030000e-06	3.566272e-06	4.644545e-09	2.658804e+01	3.006075e+02
2.040000e-06	3.508303e-06	4.543288e-09	2.615586e+01	2.991371e+02
2.050000e-06	3.449170e-06	4.542150e-09	2.571499e+01	2.976209e+02
2.060000e-06	3.389080e-06	4.553704e-09	2.526699e+01	2.960603e+02
2.070000e-06	3.327876e-06	4.515743e-09	2.481070e+01	2.944553e+02
2.080000e-06	3.265144e-06	4.507531e-09	2.434300e+01	2.928037e+02
2.090000e-06	3.201106e-06	4.401362e-09	2.386557e+01	2.911017e+02
2.100000e-06	3.136018e-06	4.439618e-09	2.338032e+01	2.893435e+02
2.110000e-06	3.069904e-06	4.430241e-09	2.288741e+01	2.875225e+02
2.120000e-06	3.002795e-06	4.348526e-09	2.238708e+01	2.856311e+02
2.130000e-06	2.934742e-06	4.342616e-09	2.187972e+01	2.836619e+02
2.140000e-06	2.865630e-06	4.315775e-09	2.136446e+01	2.816080e+02
2.150000e-06	2.795139e-06	4.307342e-09	2.083892e+01	2.794640e+02
2.160000e-06	2.723460e-06	4.228472e-09	2.030453e+01	2.772259e+02
2.170000e-06	2.650889e-06	4.202118e-09	1.976348e+01	2.748917e+02
2.180000e-06	2.577465e-06	4.197325e-09	1.921607e+01	2.724610e+02
2.190000e-06	2.503150e-06	4.127703e-09	1.866202e+01	2.699350e+02
2.200000e-06	2.427903e-06	4.091774e-09	1.810102e+01	2.673161e+02
2.210000e-06	2.351745e-06	4.062953e-09	1.753323e+01	2.646066e+02
2.220000e-06	2.274510e-06	4.043856e-09	1.695741e+01	2.618086e+02
2.230000e-06	2.196096e-06	3.972344e-09	1.637281e+01	2.589228e+02
2.240000e-06	2.116640e-06	3.915150e-09	1.578043e+01	2.559480e+02
2.250000e-06	2.036481e-06	3.892242e-09	1.518281e+01	2.528804e+02
2.260000e-06	1.955760e-06	3.836895e-09	1.458100e+01	2.497137e+02
2.270000e-06	1.874391e-06	3.783060e-09	1.397436e+01	2.464385e+02
2.280000e-06	1.792375e-06	3.733642e-09	1.336290e+01	2.430432e+02
2.290000e-06	1.709689e-06	3.689855e-09	1.274644e+01	2.395142e+02
2.300000e-06	1.626467e-06	3.622410e-09	1.212598e+01	2.358367e+02
2.310000e-06	1.542814e-06	3.560244e-09	1.150232e+01	2.319959e+02
2.320000e-06	1.458727e-06	3.511729e-09	1.087541e+01	2.279776e+02
2.330000e-06	1.374191e-06	3.443359e-09	1.024516e+01	2.237691e+02
2.340000e-06	1.289170e-06	3.369983e-09	9.611297e+00	2.193599e+02
2.350000e-06	1.203658e-06	3.300352e-09	8.973772e+00	2.147417e+02
2.360000e-06	1.117534e-06	3.231431e-09	8.331680e+00	2.099084e+02
2.370000e-06	1.030864e-06	3.152275e-09	7.685515e+00	2.048554e+02
2.380000e-06	9.438056e-07	3.073769e-09	7.036462e+00	1.995788e+02
2.390000e-06	8.563766e-07	2.997429e-09	6.384642e+00	1.940739e+02
2.400000e-06	7.686715e-07	2.910532e-09	5.730765e+00	1.883338e+02
2.410000e-06	6.807457e-07	2.818911e-09	5.075241e+00	1.823475e+02
2.420000e-06	5.926477e-07	2.729802e-09	4.418434e+00	1.760986e+02
2.430000e-06	5.044202e-07	2.630635e-09	3.760662e+00	1.695643e+02
2.440000e-06	4.161250e-07	2.516114e-09	3.102385e+00	1.627143e+02
2.450000e-06	3.277821e-07	2.400017e-09	2.443752e+00	1.555107e+02
2.460000e-06	2.393316e-07	2.284476e-09	1.784317e+00	1.479092e+02
2.470000e-06	1.507696e-07	2.160420e-09	1.124050e+00	1.398599e+02
2.480000e-06	6.216736e-08	2.027417e-09	4.634834e-01	1.313099e+02
2.490000e-06	-2.644708e-08	1.890950e-09	-1.971739e-01	1.222065e+02
2.500000e-06	-1.150489e-07	1.745888e-09	-8.577374e-01	1.125000e+02
2.510000e-06	-2.036123e-07	1.587788e-09	-1.518014e+00	1.021482e+02
2.520000e-06	-2.921902e-07	1.420450e-09	-2.178399e+00	9.111999e+01
2.530000e-06	-3.806852e-07	1.244866e-09	-2.838166e+00	7.939909e+01
2.540000e-06	-4.690171e-07	1.056118e-09	-3.496717e+00	6.698718e+01
2.550000e-06	-5.572599e-07	8.545859e-10	-4.154604e+00	5.390629e+01
2.560000e-06	-6.454218e-07	6.448126e-10	-4.811887e+00	4.020023e+01
2.570000e-06	-7.334371e-07	4.264726e-10	-5.468078e+00	2.593477e+01
2.580000e-06	-8.212401e-07	2.008326e-10	-6.122685e+00	1.119662e+01
2.590000e-06	-9.087422e-07	-2.967483e-11	-6.775050e+00	-3.908827e+00
2.600000e-06	-9.958334e-07	-2.639528e-10	-7.424351e+00	-1.926090e+01
2.610000e-06	-1.082439e-06	-5.026019e-10	-8.070032e+00	-3.472799e+01
2.620000e-06	-1.168513e-06	-7.423439e-10	-8.711747e+00	-5.017266e+01
2.630000e-06	-1.253961e-06	-9.796969e-10	-9.348800e+00	-6.545702e+01
2.640000e-06	-1.338760e-06	-1.212907e-09	-9.981009e+00	-8.044824e+01
2.650000e-06	-1.423087e-06	-1.438550e-09	-1.060970e+01	-9.502376e+01
2.660000e-06	-1.507041e-06	-1.656903e-09	-1.123562e+01	-1.090758e+02
2.670000e-06	-1.590506e-06	-1.865701e-09	-1.185788e+01	-1.225153e+02
2.680000e-06	-1.673407e-06	-2.061096e-09	-1.247594e+01	-1.352738e+02
2.690000e-06	-1.755735e-06	-2.240059e-09	-1.308973e+01	-1.473058e+02
2.700000e-06	-1.837443e-06	-2.406995e-09	-1.369890e+01	-1.585878e+02
2.710000e-06	-1.918489e-06	-2.567241e-09	-1.430313e+01	-1.691177e+02
2.720000e-06	-1.998942e-06	-2.718159e-09	-1.490294e+01	-1.789126e+02
2.730000e-06	-2.078895e-06	-2.860465e-09	-1.549902e+01	-1.880054e+02
2.740000e-06	-2.158157e-06	-2.993806e-09	-1.608996e+01	-1.964412e+02
2.750000e-06	-2.236396e-06	-3.116053e-09	-1.667326e+01	-2.042734e+02
2.760000e-06	-2.313504e-06	-3.227983e-09	-1.724813e+01	-2.115594e+02
2.770000e-06	-2.389570e-06	-3.331456e-09	-1.781523e+01	-2.183573e+02
2.780000e-06	-2.464733e-06	-3.428173e-09	-1.837561e+01	-2.247221e+02
2.790000e-06	-2.539062e-06	-3.519234e-09	-1.892976e+01	-2.307035e+02
2.800000e-06	-2.612552e-06	-3.605322e-09	-1.947766e+01	-2.363439e+02
2.810000e-06	-2.685160e-06	-3.688203e-09	-2.001898e+01	-2.416777e+02
2.820000e-06	-2.756917e-06	-3.767523e-09	-2.055396e+01	-2.467312e+02
2.830000e-06	-2.827732e-06	-3.842871e-09	-2.108191e+01	-2.515230e+02
2.840000e-06	-2.897308e-06	-3.914843e-09	-2.160063e+01	-2.560655e+02
2.850000e-06	-2.965674e-06	-3.981747e-09	-2.211033e+01	-2.603661e+02
2.860000e-06	-3.033084e-06	-4.044865e-09	-2.261290e+01	-2.644293e+02
2.870000e-06	-3.099559e-06	-4.105675e-09	-2.310850e+01	-2.682584e+02
2.880000e-06	-3.165010e-06	-4.164047e-09	-2.359646e+01	-2.718568e+02
2.890000e-06	-3.229427e-06	-4.216251e-09	-2.407671e+01	-2.752298e+02
2.900000e-06	-3.292778e-06	-4.264432e-09	-2.454902e+01	-2.783848e+02
2.910000e-06	-3.354789e-06	-4.313023e-09	-2.501134e+01	-2.813320e+02
2.920000e-06	-3.415367e-06	-4.359196e-09	-2.546298e+01	-2.840842e+02
2.930000e-06	-3.474769e-06	-4.401002e-09	-2.590584e+01	-2.866567e+02
2.940000e-06	-3.533018e-06	-4.441423e-09	-2.634011e+01	-2.890660e+02
2.950000e-06	-3.589965e-06	-4.480567e-09	-2.676468e+01	-2.913288e+02
2.960000e-06	-3.645671e-06	-4.514615e-09	-2.717998e+01	-2.934617e+02
2.970000e-06	-3.699957e-06	-4.545680e-09	-2.758471e+01	-2.954795e+02
2.980000e-06	-3.752523e-06	-4.576040e-09	-2.797662e+01	-2.973949e+02
2.990000e-06	-3.803598e-06	-4.603803e-09	-2.835740e+01	-2.992176e+02
3.000000e-06	-3.853224e-06	-4.628337e-09	-2.872738e+01	-3.009546e+02
3.010000e-06	-3.901114e-06	-4.653793e-09	-2.908442e+01	-3.026099e+02
3.020000e-06	-3.947455e-06	-4.680302e-09	-2.942991e+01	-3.041852e+02
3.030000e-06	-3.992559e-06	-4.704929e-09	-2.976618e+01	-3.056803e+02
3.040000e-06	-4.036503e-06	-4.726644e-09	-3.009380e+01	-3.070942e+02
3.050000e-06	-4.079255e-06	-4.746876e-09	-3.041254e+01	-3.084256e+02
3.060000e-06	-4.120685e-06	-4.764597e-09	-3.072141e+01	-3.096736e+02
3.070000e-06	-4.160771e-06	-4.778655e-09	-3.102027e+01	-3.108391e+02
3.080000e-06	-4.199330e-06	-4.793527e-09	-3.130774e+01	-3.119240e+02
3.090000e-06	-4.236227e-06	-4.808784e-09	-3.158283e+01	-3.129325e+02
3.100000e-06	-4.271665e-06	-4.824445e-09	-3.184704e+01	-3.138703e+02
3.110000e-06	-4.305724e-06	-4.838185e-09	-3.210096e+01	-3.147445e+02
3.120000e-06	-4.338369e-06	-4.850421e-09	-3.234434e+01	-3.155632e+02
3.130000e-06	-4.369450e-06	-4.862793e-09	-3.257606e+01	-3.163343e+02
3.140000e-06	-4.398780e-06	-4.873896e-09	-3.279473e+01	-3.170654e+02
3.150000e-06	-4.426552e-06	-4.884231e-09	-3.300178e+01	-3.177628e+02
3.160000e-06	-4.452839e-06	-4.892658e-09	-3.319776e+01	-3.184311e+02
3.170000e-06	-4.477600e-06	-4.901790e-09	-3.338237e+01	-3.190724e+02
3.180000e-06	-4.500811e-06	-4.910633e-09	-3.355541e+01	-3.196870e+02
3.190000e-06	-4.522220e-06	-4.918887e-09	-3.371503e+01	-3.202725e+02
3.200000e-06	-4.541977e-06	-4.925185e-09	-3.386232e+01	-3.208252e+02
3.210000e-06	-4.560271e-06	-4.931430e-09	-3.399871e+01	-3.213396e+02
3.220000e-06	-4.577053e-06	-4.937528e-09	-3.412383e+01	-3.218101e+02
3.230000e-06	-4.592112e-06	-4.943443e-09	-3.423610e+01	-3.222311e+02
3.240000e-06	-4.605186e-06	-4.948809e-09	-3.433357e+01	-3.225978e+02
3.250000e-06	-4.616415e-06	-4.951930e-09	-3.441729e+01	-3.229072e+02
3.260000e-06	-4.626042e-06	-4.954097e-09	-3.448906e+01	-3.231581e+02
3.270000e-06	-4.634144e-06	-4.955174e-09	-3.454946e+01	-3.233514e+02
3.280000e-06	-4.640488e-06	-4.955268e-09	-3.459676e+01	-3.234906e+02
3.290000e-06	-4.645079e-06	-4.955575e-09	-3.463099e+01	-3.235807e+02
3.300000e-06	-4.648190e-06	-4.955605e-09	-3.465418e+01	-3.236284e+02
3.310000e-06	-4.649739e-06	-4.953617e-09	-3.466573e+01	-3.236409e+02
