# Temperatura_=_20.0
# Concentracion g/m^3_=_6200.0
# C_Vs_to_Am_M_A/Vsm_=_65563218390.804596
# pendiente_HvsI_1/m_=_3716.3
# ordenada_HvsI_A/m_=_1297.0
# frecuencia_Hz_=_301448.71214852907

Tiempo_(s)	Campo_(V.s)	Magnetizacion_(V.s)	Campo_(kA/m)	Magnetizacion_(A/m)
0.000000e+00	-3.207257e-06	-3.607802e-11	-2.354994e+01	-3.231236e+00
1.000000e-08	-3.206539e-06	-3.704449e-11	-2.354467e+01	-3.288611e+00
2.000000e-08	-3.204422e-06	-3.865107e-11	-2.352913e+01	-3.316637e+00
3.000000e-08	-3.201077e-06	-3.934661e-11	-2.350457e+01	-3.313408e+00
4.000000e-08	-3.196840e-06	-3.866935e-11	-2.347345e+01	-3.294562e+00
5.000000e-08	-3.191648e-06	-3.678421e-11	-2.343533e+01	-3.283535e+00
6.000000e-08	-3.185393e-06	-3.428876e-11	-2.338941e+01	-3.297841e+00
7.000000e-08	-3.178175e-06	-2.609975e-11	-2.333641e+01	-3.338698e+00
8.000000e-08	-3.170076e-06	-9.514740e-12	-2.327694e+01	-3.389678e+00
9.000000e-08	-3.160553e-06	-3.704451e-11	-2.320701e+01	-3.425366e+00
1.000000e-07	-3.149183e-06	-6.946323e-11	-2.312352e+01	-3.425596e+00
1.100000e-07	-3.136361e-06	-7.886968e-11	-2.302938e+01	-3.387564e+00
1.200000e-07	-3.122634e-06	1.548586e-11	-2.292858e+01	-3.328849e+00
1.300000e-07	-3.107972e-06	3.905523e-11	-2.282092e+01	-3.278884e+00
1.400000e-07	-3.091886e-06	-1.056617e-10	-2.270281e+01	-3.262553e+00
1.500000e-07	-3.074648e-06	-6.992241e-11	-2.257624e+01	-3.284202e+00
1.600000e-07	-3.056780e-06	3.403588e-11	-2.244503e+01	-3.320918e+00
1.700000e-07	-3.037964e-06	-9.567834e-11	-2.230688e+01	-3.329857e+00
1.800000e-07	-3.017965e-06	-1.314235e-10	-2.216003e+01	-3.267510e+00
1.900000e-07	-2.997128e-06	4.113048e-11	-2.200703e+01	-3.112399e+00
2.000000e-07	-2.975414e-06	-4.223642e-11	-2.184759e+01	-2.880162e+00
2.100000e-07	-2.952530e-06	-1.044760e-10	-2.167956e+01	-2.622725e+00
2.200000e-07	-2.928747e-06	5.813502e-11	-2.150493e+01	-2.410384e+00
2.300000e-07	-2.904063e-06	-9.798701e-12	-2.132368e+01	-2.303769e+00
2.400000e-07	-2.877951e-06	-1.348038e-10	-2.113195e+01	-2.327943e+00
2.500000e-07	-2.850526e-06	-2.788649e-11	-2.093057e+01	-2.460579e+00
2.600000e-07	-2.822190e-06	-1.051415e-11	-2.072251e+01	-2.640192e+00
2.700000e-07	-2.792902e-06	-5.791419e-11	-2.050746e+01	-2.791369e+00
2.800000e-07	-2.762649e-06	-2.898738e-11	-2.028532e+01	-2.856094e+00
2.900000e-07	-2.731492e-06	-5.596845e-11	-2.005654e+01	-2.817250e+00
3.000000e-07	-2.699560e-06	-4.478691e-11	-1.982208e+01	-2.703842e+00
3.100000e-07	-2.666625e-06	-1.636706e-11	-1.958025e+01	-2.575738e+00
3.200000e-07	-2.632375e-06	-4.641170e-11	-1.932876e+01	-2.495076e+00
3.300000e-07	-2.597059e-06	-2.186319e-11	-1.906944e+01	-2.497512e+00
3.400000e-07	-2.560953e-06	2.502908e-12	-1.880433e+01	-2.576378e+00
3.500000e-07	-2.523985e-06	-6.807204e-11	-1.853288e+01	-2.686696e+00
3.600000e-07	-2.486076e-06	-5.566770e-11	-1.825453e+01	-2.766734e+00
3.700000e-07	-2.447299e-06	1.874861e-12	-1.796979e+01	-2.766772e+00
3.800000e-07	-2.407791e-06	-2.621629e-11	-1.767970e+01	-2.671640e+00
3.900000e-07	-2.367638e-06	-5.439201e-11	-1.738487e+01	-2.506845e+00
4.000000e-07	-2.326591e-06	-3.613874e-11	-1.708347e+01	-2.325914e+00
4.100000e-07	-2.284311e-06	-2.884265e-12	-1.677303e+01	-2.185356e+00
4.200000e-07	-2.240971e-06	-2.481144e-11	-1.645479e+01	-2.119125e+00
4.300000e-07	-2.196984e-06	-4.900444e-11	-1.613181e+01	-2.124276e+00
4.400000e-07	-2.152330e-06	-3.020498e-11	-1.580393e+01	-2.163946e+00
4.500000e-07	-2.106898e-06	-1.853590e-11	-1.547034e+01	-2.185546e+00
4.600000e-07	-2.060770e-06	-4.194710e-11	-1.513163e+01	-2.145217e+00
4.700000e-07	-2.013964e-06	-3.635400e-11	-1.478794e+01	-2.027122e+00
4.800000e-07	-1.966478e-06	-3.218638e-12	-1.443927e+01	-1.849155e+00
4.900000e-07	-1.918358e-06	-1.363206e-11	-1.408594e+01	-1.653270e+00
5.000000e-07	-1.869413e-06	-4.126726e-11	-1.372655e+01	-1.485775e+00
5.100000e-07	-1.819306e-06	-3.000770e-11	-1.335863e+01	-1.377113e+00
5.200000e-07	-1.768179e-06	-1.356963e-12	-1.298322e+01	-1.330203e+00
5.300000e-07	-1.716414e-06	-1.315331e-11	-1.260312e+01	-1.321831e+00
5.400000e-07	-1.664024e-06	-2.688253e-11	-1.221844e+01	-1.315302e+00
5.500000e-07	-1.610975e-06	-2.357695e-11	-1.182892e+01	-1.277658e+00
5.600000e-07	-1.557366e-06	-1.990172e-11	-1.143528e+01	-1.193375e+00
5.700000e-07	-1.503163e-06	-1.984001e-11	-1.103728e+01	-1.068913e+00
5.800000e-07	-1.448348e-06	-1.133034e-11	-1.063479e+01	-9.272932e-01
5.900000e-07	-1.393074e-06	-8.844665e-13	-1.022893e+01	-7.964504e-01
6.000000e-07	-1.337488e-06	-7.992117e-12	-9.820783e+00	-6.973858e-01
6.100000e-07	-1.281621e-06	-9.886086e-12	-9.410568e+00	-6.373014e-01
6.200000e-07	-1.225363e-06	-6.610622e-12	-8.997482e+00	-6.097187e-01
6.300000e-07	-1.168533e-06	-9.137234e-12	-8.580196e+00	-5.999897e-01
6.400000e-07	-1.110967e-06	-1.444205e-11	-8.157506e+00	-5.924228e-01
6.500000e-07	-1.052696e-06	-1.058099e-11	-7.729638e+00	-5.753665e-01
6.600000e-07	-9.939073e-07	-7.496718e-12	-7.297969e+00	-5.426019e-01
6.700000e-07	-9.347199e-07	-8.080020e-12	-6.863373e+00	-4.918888e-01
6.800000e-07	-8.752771e-07	-4.113476e-12	-6.426902e+00	-4.229957e-01
6.900000e-07	-8.157246e-07	-4.800146e-13	-5.989626e+00	-3.372680e-01
7.000000e-07	-7.560620e-07	-5.283314e-13	-5.551541e+00	-2.391031e-01
7.100000e-07	-6.962721e-07	-1.813787e-12	-5.112521e+00	-1.378089e-01
7.200000e-07	-6.363022e-07	4.836583e-12	-4.672180e+00	-4.752094e-02
7.300000e-07	-5.760921e-07	7.249490e-12	-4.230075e+00	1.626172e-02
7.400000e-07	-5.156633e-07	2.519654e-12	-3.786364e+00	4.283427e-02
7.500000e-07	-4.549937e-07	-2.627052e-13	-3.340885e+00	3.235667e-02
7.600000e-07	-3.941183e-07	1.311962e-12	-2.893895e+00	-1.665752e-03
7.700000e-07	-3.331254e-07	1.456911e-12	-2.446042e+00	-3.570794e-02
7.800000e-07	-2.720147e-07	-1.653416e-12	-1.997324e+00	-4.478471e-02
7.900000e-07	-2.108264e-07	9.236254e-15	-1.548036e+00	-1.279737e-02
8.000000e-07	-1.496068e-07	2.778896e-12	-1.098519e+00	6.014749e-02
8.100000e-07	-8.831554e-08	3.909524e-12	-6.484750e-01	1.572354e-01
8.200000e-07	-2.691512e-08	3.121653e-12	-1.976298e-01	2.519719e-01
8.300000e-07	3.451795e-08	4.493514e-12	2.534552e-01	3.197996e-01
8.400000e-07	9.591589e-08	6.353895e-12	7.042822e-01	3.489795e-01
8.500000e-07	1.573197e-07	5.909390e-12	1.155152e+00	3.455845e-01
8.600000e-07	2.186841e-07	5.903470e-12	1.605733e+00	3.301965e-01
8.700000e-07	2.799552e-07	5.896267e-12	2.055629e+00	3.278957e-01
8.800000e-07	3.411360e-07	5.091494e-12	2.504862e+00	3.564062e-01
8.900000e-07	4.021826e-07	3.524615e-12	2.953109e+00	4.181459e-01
9.000000e-07	4.630448e-07	5.914708e-12	3.400002e+00	4.999521e-01
9.100000e-07	5.237528e-07	1.055938e-11	3.845763e+00	5.804058e-01
9.200000e-07	5.842514e-07	1.316237e-11	4.289986e+00	6.408895e-01
9.300000e-07	6.444525e-07	1.185291e-11	4.732026e+00	6.747141e-01
9.400000e-07	7.044152e-07	1.185744e-11	5.172314e+00	6.897463e-01
9.500000e-07	7.642094e-07	1.307356e-11	5.611365e+00	7.033924e-01
9.600000e-07	8.239023e-07	1.210187e-11	6.049673e+00	7.327702e-01
9.700000e-07	8.834727e-07	1.156180e-11	6.487081e+00	7.853853e-01
9.800000e-07	9.428516e-07	1.206966e-11	6.923082e+00	8.553241e-01
9.900000e-07	1.001931e-06	1.124322e-11	7.356884e+00	9.270421e-01
1.000000e-06	1.060525e-06	1.017927e-11	7.787125e+00	9.847747e-01
1.010000e-06	1.118451e-06	1.369951e-11	8.212458e+00	1.022541e+00
1.020000e-06	1.175534e-06	1.693904e-11	8.631600e+00	1.049252e+00
1.030000e-06	1.231914e-06	1.605168e-11	9.045580e+00	1.085858e+00
1.040000e-06	1.287877e-06	1.484768e-11	9.456504e+00	1.155573e+00
1.050000e-06	1.343537e-06	1.685062e-11	9.865196e+00	1.271890e+00
1.060000e-06	1.398898e-06	2.052224e-11	1.027170e+01	1.430472e+00
1.070000e-06	1.453805e-06	2.198259e-11	1.067486e+01	1.609291e+00
1.080000e-06	1.508192e-06	2.355476e-11	1.107421e+01	1.777430e+00
1.090000e-06	1.562108e-06	2.540122e-11	1.147010e+01	1.908653e+00
1.100000e-06	1.615532e-06	2.541457e-11	1.186238e+01	1.993390e+00
1.110000e-06	1.668382e-06	2.586955e-11	1.225044e+01	2.043388e+00
1.120000e-06	1.720618e-06	2.929073e-11	1.263399e+01	2.086660e+00
1.130000e-06	1.772171e-06	3.152637e-11	1.301253e+01	2.154926e+00
1.140000e-06	1.822888e-06	3.085879e-11	1.338493e+01	2.269264e+00
1.150000e-06	1.872639e-06	3.298255e-11	1.375024e+01	2.430487e+00
1.160000e-06	1.921368e-06	3.765313e-11	1.410804e+01	2.618528e+00
1.170000e-06	1.969319e-06	4.113668e-11	1.446013e+01	2.800912e+00
1.180000e-06	2.016691e-06	4.327408e-11	1.480797e+01	2.946331e+00
1.190000e-06	2.063408e-06	4.520708e-11	1.515100e+01	3.037183e+00
1.200000e-06	2.109427e-06	4.524309e-11	1.548890e+01	3.075759e+00
1.210000e-06	2.154691e-06	4.409711e-11	1.582126e+01	3.081828e+00
1.220000e-06	2.199185e-06	4.472472e-11	1.614797e+01	3.083332e+00
1.230000e-06	2.243053e-06	4.635845e-11	1.647008e+01	3.104720e+00
1.240000e-06	2.286376e-06	4.612840e-11	1.678818e+01	3.158029e+00
1.250000e-06	2.328843e-06	4.636146e-11	1.710001e+01	3.240052e+00
1.260000e-06	2.370038e-06	4.873911e-11	1.740250e+01	3.335919e+00
1.270000e-06	2.410150e-06	5.240431e-11	1.769702e+01	3.426629e+00
1.280000e-06	2.449555e-06	5.552533e-11	1.798636e+01	3.496788e+00
1.290000e-06	2.488214e-06	5.591741e-11	1.827022e+01	3.539392e+00
1.300000e-06	2.526070e-06	5.538111e-11	1.854819e+01	3.556406e+00
1.310000e-06	2.563036e-06	5.625642e-11	1.881962e+01	3.555931e+00
1.320000e-06	2.599112e-06	5.860249e-11	1.908452e+01	3.548012e+00
1.330000e-06	2.634493e-06	6.113733e-11	1.934431e+01	3.541127e+00
1.340000e-06	2.668987e-06	6.185168e-11	1.959758e+01	3.540394e+00
1.350000e-06	2.702139e-06	6.153951e-11	1.984101e+01	3.547385e+00
1.360000e-06	2.734131e-06	6.128580e-11	2.007592e+01	3.560740e+00
1.370000e-06	2.765290e-06	6.085160e-11	2.030471e+01	3.576900e+00
1.380000e-06	2.795562e-06	6.064990e-11	2.052699e+01	3.590838e+00
1.390000e-06	2.824946e-06	6.171776e-11	2.074275e+01	3.597184e+00
1.400000e-06	2.853444e-06	6.272960e-11	2.095200e+01	3.592035e+00
1.410000e-06	2.881133e-06	6.217144e-11	2.115532e+01	3.575113e+00
1.420000e-06	2.907915e-06	6.131152e-11	2.135196e+01	3.551200e+00
1.430000e-06	2.933308e-06	6.138681e-11	2.153842e+01	3.529572e+00
1.440000e-06	2.957359e-06	6.088007e-11	2.171502e+01	3.520844e+00
1.450000e-06	2.980483e-06	5.993787e-11	2.188481e+01	3.532062e+00
1.460000e-06	3.002649e-06	5.945200e-11	2.204757e+01	3.562173e+00
1.470000e-06	3.023790e-06	5.788082e-11	2.220280e+01	3.600468e+00
1.480000e-06	3.044005e-06	5.797242e-11	2.235124e+01	3.629545e+00
1.490000e-06	3.063332e-06	5.994008e-11	2.249315e+01	3.632240e+00
1.500000e-06	3.081559e-06	6.244796e-11	2.262698e+01	3.599737e+00
1.510000e-06	3.098626e-06	6.367505e-11	2.275230e+01	3.536921e+00
1.520000e-06	3.114628e-06	6.270456e-11	2.286980e+01	3.461854e+00
1.530000e-06	3.129417e-06	6.139976e-11	2.297839e+01	3.398842e+00
1.540000e-06	3.142988e-06	6.109243e-11	2.307804e+01	3.367718e+00
1.550000e-06	3.155407e-06	6.155942e-11	2.316923e+01	3.374229e+00
1.560000e-06	3.166657e-06	6.145606e-11	2.325183e+01	3.406337e+00
1.570000e-06	3.176522e-06	6.153758e-11	2.332426e+01	3.438774e+00
1.580000e-06	3.184966e-06	6.127493e-11	2.338627e+01	3.444265e+00
1.590000e-06	3.192312e-06	6.067368e-11	2.344021e+01	3.406441e+00
1.600000e-06	3.198609e-06	6.064402e-11	2.348645e+01	3.328299e+00
1.610000e-06	3.203773e-06	6.062772e-11	2.352436e+01	3.231891e+00
1.620000e-06	3.207884e-06	5.915424e-11	2.355455e+01	3.149028e+00
1.630000e-06	3.211031e-06	5.805368e-11	2.357766e+01	3.107166e+00
1.640000e-06	3.212886e-06	5.994065e-11	2.359128e+01	3.117140e+00
1.650000e-06	3.213366e-06	6.406820e-11	2.359480e+01	3.168672e+00
1.660000e-06	3.212802e-06	6.702485e-11	2.359066e+01	3.235874e+00
1.670000e-06	3.211256e-06	6.522995e-11	2.357931e+01	3.290043e+00
1.680000e-06	3.208724e-06	6.274173e-11	2.356072e+01	3.313381e+00
1.690000e-06	3.205237e-06	6.266355e-11	2.353511e+01	3.306767e+00
1.700000e-06	3.200912e-06	6.461537e-11	2.350336e+01	3.287716e+00
1.710000e-06	3.195652e-06	6.750544e-11	2.346473e+01	3.279661e+00
1.720000e-06	3.189110e-06	7.129614e-11	2.341669e+01	3.298257e+00
1.730000e-06	3.181369e-06	9.223833e-11	2.335986e+01	3.342035e+00
1.740000e-06	3.172679e-06	8.232845e-11	2.329605e+01	3.392550e+00
1.750000e-06	3.162715e-06	4.072105e-11	2.322288e+01	3.424228e+00
1.760000e-06	3.150841e-06	1.281514e-11	2.313570e+01	3.418792e+00
1.770000e-06	3.137138e-06	1.002812e-10	2.303509e+01	3.376434e+00
1.780000e-06	3.122671e-06	1.538136e-10	2.292886e+01	3.317201e+00
1.790000e-06	3.107970e-06	4.408686e-11	2.282091e+01	3.270973e+00
1.800000e-06	3.092150e-06	1.943383e-11	2.270475e+01	3.260550e+00
1.810000e-06	3.074805e-06	1.538520e-10	2.257739e+01	3.286490e+00
1.820000e-06	3.056700e-06	4.217231e-11	2.244445e+01	3.322249e+00
1.830000e-06	3.037905e-06	-1.044918e-10	2.230644e+01	3.323514e+00
1.840000e-06	3.017946e-06	9.806565e-11	2.215989e+01	3.248591e+00
1.850000e-06	2.997010e-06	1.042286e-10	2.200616e+01	3.080688e+00
1.860000e-06	2.975009e-06	-7.686673e-11	2.184462e+01	2.841104e+00
1.870000e-06	2.951566e-06	6.749463e-11	2.167249e+01	2.585832e+00
1.880000e-06	2.927056e-06	1.122000e-10	2.149252e+01	2.385599e+00
1.890000e-06	2.901601e-06	-8.374992e-11	2.130561e+01	2.297324e+00
1.900000e-06	2.874870e-06	9.452136e-12	2.110932e+01	2.339582e+00
1.910000e-06	2.847159e-06	9.207518e-11	2.090585e+01	2.483474e+00
1.920000e-06	2.818622e-06	3.857136e-12	2.069631e+01	2.663693e+00
1.930000e-06	2.788947e-06	3.476244e-11	2.047842e+01	2.805429e+00
1.940000e-06	2.758101e-06	3.104866e-11	2.025192e+01	2.855411e+00
1.950000e-06	2.726120e-06	7.100736e-12	2.001710e+01	2.803293e+00
1.960000e-06	2.693063e-06	7.038740e-11	1.977437e+01	2.683849e+00
1.970000e-06	2.659215e-06	-9.024247e-12	1.952583e+01	2.559184e+00
1.980000e-06	2.624538e-06	1.263336e-11	1.927121e+01	2.489235e+00
1.990000e-06	2.588925e-06	1.127535e-10	1.900972e+01	2.504156e+00
2.000000e-06	2.552620e-06	-1.120933e-11	1.874314e+01	2.591080e+00
2.010000e-06	2.515422e-06	-1.304586e-11	1.847000e+01	2.701007e+00
2.020000e-06	2.476941e-06	7.683478e-11	1.818745e+01	2.772164e+00
2.030000e-06	2.437331e-06	2.397652e-11	1.789661e+01	2.758686e+00
2.040000e-06	2.396918e-06	3.948454e-12	1.759986e+01	2.651295e+00
2.050000e-06	2.355842e-06	2.701798e-11	1.729826e+01	2.480670e+00
2.060000e-06	2.314078e-06	4.951559e-11	1.699159e+01	2.302450e+00
2.070000e-06	2.271506e-06	3.406781e-11	1.667900e+01	2.171336e+00
2.080000e-06	2.228131e-06	-2.666693e-11	1.636051e+01	2.116514e+00
2.090000e-06	2.184140e-06	2.434839e-11	1.603750e+01	2.129596e+00
2.100000e-06	2.139585e-06	6.376310e-11	1.571035e+01	2.170090e+00
2.110000e-06	2.094246e-06	-2.889258e-12	1.537744e+01	2.185159e+00
2.120000e-06	2.047978e-06	-1.157704e-13	1.503770e+01	2.134014e+00
2.130000e-06	2.000969e-06	3.831115e-11	1.469253e+01	2.005665e+00
2.140000e-06	1.953297e-06	4.331730e-11	1.434249e+01	1.822353e+00
2.150000e-06	1.904907e-06	3.473201e-12	1.398717e+01	1.627987e+00
2.160000e-06	1.855742e-06	-1.245519e-11	1.362617e+01	1.467730e+00
2.170000e-06	1.805849e-06	3.307475e-11	1.325982e+01	1.368523e+00
2.180000e-06	1.755374e-06	1.385609e-11	1.288920e+01	1.329155e+00
2.190000e-06	1.704248e-06	-1.109001e-11	1.251379e+01	1.323517e+00
2.200000e-06	1.652475e-06	9.851903e-12	1.213364e+01	1.314393e+00
2.210000e-06	1.600070e-06	1.257981e-11	1.174885e+01	1.270648e+00
2.220000e-06	1.546860e-06	-5.279521e-13	1.135814e+01	1.179868e+00
2.230000e-06	1.492684e-06	-6.564688e-12	1.096034e+01	1.051414e+00
2.240000e-06	1.437634e-06	1.277977e-11	1.055613e+01	9.097958e-01
2.250000e-06	1.381979e-06	1.984290e-11	1.014746e+01	7.826107e-01
2.260000e-06	1.325975e-06	-5.543826e-12	9.736246e+00	6.891503e-01
2.270000e-06	1.269680e-06	-6.280117e-12	9.322885e+00	6.344973e-01
2.280000e-06	1.213021e-06	-1.133915e-12	8.906855e+00	6.105852e-01
2.290000e-06	1.155907e-06	-5.918441e-12	8.487485e+00	6.021950e-01
2.300000e-06	1.098354e-06	-2.077786e-12	8.064892e+00	5.939814e-01
2.310000e-06	1.040496e-06	-4.154807e-12	7.640059e+00	5.750695e-01
2.320000e-06	9.823403e-07	-4.124563e-12	7.213036e+00	5.399381e-01
2.330000e-06	9.237902e-07	-8.383504e-12	6.783120e+00	4.867352e-01
2.340000e-06	8.648614e-07	-5.754587e-12	6.350423e+00	4.154308e-01
2.350000e-06	8.055894e-07	1.261840e-13	5.915206e+00	3.276833e-01
2.360000e-06	7.459998e-07	-7.821280e-12	5.477658e+00	2.284982e-01
2.370000e-06	6.862538e-07	-8.990830e-12	5.038960e+00	1.279496e-01
2.380000e-06	6.263782e-07	-7.863780e-12	4.599311e+00	4.066145e-02
2.390000e-06	5.663667e-07	-1.055099e-11	4.158665e+00	-1.813949e-02
2.400000e-06	5.062756e-07	-1.055709e-11	3.717433e+00	-3.897615e-02
2.410000e-06	4.461275e-07	-6.570607e-12	3.275783e+00	-2.388521e-02
2.420000e-06	3.859421e-07	-6.028487e-12	2.833859e+00	1.184987e-02
2.430000e-06	3.256657e-07	-1.301762e-11	2.391268e+00	4.388132e-02
2.440000e-06	2.652903e-07	-1.274294e-11	1.947949e+00	4.787764e-02
2.450000e-06	2.048511e-07	-4.512759e-12	1.504162e+00	9.735806e-03
2.460000e-06	1.443297e-07	-5.347252e-12	1.059771e+00	-6.789608e-02
2.470000e-06	8.377285e-08	-1.231175e-11	6.151195e-01	-1.662359e-01
2.480000e-06	2.317714e-08	-1.324489e-11	1.701829e-01	-2.583086e-01
2.490000e-06	-3.743525e-08	-1.199207e-11	-2.748760e-01	-3.208111e-01
2.500000e-06	-9.801793e-08	-1.403485e-11	-7.197168e-01	-3.444282e-01
2.510000e-06	-1.586099e-07	-1.609822e-11	-1.164626e+00	-3.377005e-01
2.520000e-06	-2.191603e-07	-1.449757e-11	-1.609230e+00	-3.225714e-01
2.530000e-06	-2.796650e-07	-1.511951e-11	-2.053498e+00	-3.237640e-01
2.540000e-06	-3.401228e-07	-1.820233e-11	-2.497422e+00	-3.571492e-01
2.550000e-06	-4.004989e-07	-1.663094e-11	-2.940746e+00	-4.227377e-01
2.560000e-06	-4.607486e-07	-1.257589e-11	-3.383141e+00	-5.055958e-01
2.570000e-06	-5.208921e-07	-1.226252e-11	-3.824758e+00	-5.840100e-01
2.580000e-06	-5.809998e-07	-1.703107e-11	-4.266111e+00	-6.406222e-01
2.590000e-06	-6.410112e-07	-1.804668e-11	-4.706757e+00	-6.708471e-01
2.600000e-06	-7.008651e-07	-1.449431e-11	-5.146246e+00	-6.843808e-01
2.610000e-06	-7.605835e-07	-1.387934e-11	-5.584741e+00	-6.992414e-01
2.620000e-06	-8.200560e-07	-1.560585e-11	-6.021430e+00	-7.316611e-01
2.630000e-06	-8.791104e-07	-1.732020e-11	-6.455050e+00	-7.872887e-01
2.640000e-06	-9.377659e-07	-1.878839e-11	-6.885739e+00	-8.584317e-01
2.650000e-06	-9.960586e-07	-2.083966e-11	-7.313766e+00	-9.288609e-01
2.660000e-06	-1.054048e-06	-2.170515e-11	-7.739562e+00	-9.836570e-01
2.670000e-06	-1.111669e-06	-2.130345e-11	-8.162656e+00	-1.018823e+00
2.680000e-06	-1.168793e-06	-2.177015e-11	-8.582105e+00	-1.045358e+00
2.690000e-06	-1.225457e-06	-2.273652e-11	-8.998168e+00	-1.085250e+00
2.700000e-06	-1.281762e-06	-2.223312e-11	-9.411605e+00	-1.161032e+00
2.710000e-06	-1.337828e-06	-2.235900e-11	-9.823281e+00	-1.283986e+00
2.720000e-06	-1.393583e-06	-2.484918e-11	-1.023267e+01	-1.447020e+00
2.730000e-06	-1.448772e-06	-2.848463e-11	-1.063791e+01	-1.626127e+00
2.740000e-06	-1.503188e-06	-3.232266e-11	-1.103747e+01	-1.790192e+00
2.750000e-06	-1.556718e-06	-3.501236e-11	-1.143052e+01	-1.914745e+00
2.760000e-06	-1.609477e-06	-3.649730e-11	-1.181791e+01	-1.993197e+00
2.770000e-06	-1.661652e-06	-3.613893e-11	-1.220102e+01	-2.040149e+00
2.780000e-06	-1.713220e-06	-3.634111e-11	-1.257967e+01	-2.085027e+00
2.790000e-06	-1.764133e-06	-3.821792e-11	-1.295351e+01	-2.158864e+00
2.800000e-06	-1.814435e-06	-3.978260e-11	-1.332286e+01	-2.280252e+00
2.810000e-06	-1.864126e-06	-4.003055e-11	-1.368773e+01	-2.446827e+00
2.820000e-06	-1.912915e-06	-4.242915e-11	-1.404598e+01	-2.636053e+00
2.830000e-06	-1.960629e-06	-4.672586e-11	-1.439632e+01	-2.814745e+00
2.840000e-06	-2.007509e-06	-4.927912e-11	-1.474055e+01	-2.952885e+00
2.850000e-06	-2.053824e-06	-5.024082e-11	-1.508063e+01	-3.035531e+00
2.860000e-06	-2.099530e-06	-5.084752e-11	-1.541623e+01	-3.067814e+00
2.870000e-06	-2.144484e-06	-5.221010e-11	-1.574632e+01	-3.071353e+00
2.880000e-06	-2.188795e-06	-5.267824e-11	-1.607168e+01	-3.074293e+00
2.890000e-06	-2.232574e-06	-5.239522e-11	-1.639314e+01	-3.099738e+00
2.900000e-06	-2.275637e-06	-5.299062e-11	-1.670933e+01	-3.157557e+00
2.910000e-06	-2.317922e-06	-5.383409e-11	-1.701982e+01	-3.242531e+00
2.920000e-06	-2.359488e-06	-5.566336e-11	-1.732503e+01	-3.338691e+00
2.930000e-06	-2.400265e-06	-5.727354e-11	-1.762444e+01	-3.427121e+00
2.940000e-06	-2.440310e-06	-5.730528e-11	-1.791848e+01	-3.493425e+00
2.950000e-06	-2.479557e-06	-5.632095e-11	-1.820666e+01	-3.531944e+00
2.960000e-06	-2.517606e-06	-5.579163e-11	-1.848604e+01	-3.545748e+00
2.970000e-06	-2.554430e-06	-5.642116e-11	-1.875643e+01	-3.543475e+00
2.980000e-06	-2.590485e-06	-5.602254e-11	-1.902117e+01	-3.535128e+00
2.990000e-06	-2.625814e-06	-5.395483e-11	-1.928058e+01	-3.528771e+00
3.000000e-06	-2.660220e-06	-5.192049e-11	-1.953321e+01	-3.528997e+00
3.010000e-06	-2.693654e-06	-5.260388e-11	-1.977871e+01	-3.536915e+00
3.020000e-06	-2.726198e-06	-5.440151e-11	-2.001767e+01	-3.550807e+00
3.030000e-06	-2.757967e-06	-5.463899e-11	-2.025094e+01	-3.566855e+00
3.040000e-06	-2.788690e-06	-5.408503e-11	-2.047653e+01	-3.579902e+00
3.050000e-06	-2.818047e-06	-5.208303e-11	-2.069209e+01	-3.584659e+00
3.060000e-06	-2.846311e-06	-5.137562e-11	-2.089963e+01	-3.577611e+00
3.070000e-06	-2.873718e-06	-5.139379e-11	-2.110087e+01	-3.559150e+00
3.080000e-06	-2.900120e-06	-5.178668e-11	-2.129473e+01	-3.534795e+00
3.090000e-06	-2.925483e-06	-5.318121e-11	-2.148096e+01	-3.514261e+00
3.100000e-06	-2.949960e-06	-5.366809e-11	-2.166069e+01	-3.507975e+00
3.110000e-06	-2.973588e-06	-5.394630e-11	-2.183418e+01	-3.522059e+00
3.120000e-06	-2.995998e-06	-5.374496e-11	-2.199874e+01	-3.554081e+00
3.130000e-06	-3.017041e-06	-5.466357e-11	-2.215325e+01	-3.592083e+00
3.140000e-06	-3.037102e-06	-5.508894e-11	-2.230055e+01	-3.618206e+00
3.150000e-06	-3.056271e-06	-5.353463e-11	-2.244130e+01	-3.616004e+00
3.160000e-06	-3.074400e-06	-5.253068e-11	-2.257441e+01	-3.578403e+00
3.170000e-06	-3.091478e-06	-5.147248e-11	-2.269981e+01	-3.512359e+00
3.180000e-06	-3.107610e-06	-4.844914e-11	-2.281827e+01	-3.437384e+00
3.190000e-06	-3.122588e-06	-4.600827e-11	-2.292825e+01	-3.377831e+00
3.200000e-06	-3.136096e-06	-4.491168e-11	-2.302743e+01	-3.352019e+00
3.210000e-06	-3.148207e-06	-4.573669e-11	-2.311636e+01	-3.363195e+00
3.220000e-06	-3.159094e-06	-4.725405e-11	-2.319630e+01	-3.396962e+00
3.230000e-06	-3.168893e-06	-4.797549e-11	-2.326825e+01	-3.426973e+00
3.240000e-06	-3.177641e-06	-4.666464e-11	-2.333248e+01	-3.426759e+00
3.250000e-06	-3.185418e-06	-4.504111e-11	-2.338959e+01	-3.382374e+00
3.260000e-06	-3.192006e-06	-4.471611e-11	-2.343796e+01	-3.299785e+00
3.270000e-06	-3.197188e-06	-4.332168e-11	-2.347601e+01	-3.203181e+00
3.280000e-06	-3.201240e-06	-4.133936e-11	-2.350576e+01	-3.124650e+00
3.290000e-06	-3.204265e-06	-3.919133e-11	-2.352798e+01	-3.089895e+00
3.300000e-06	-3.206189e-06	-3.763301e-11	-2.354211e+01	-3.106780e+00
3.310000e-06	-3.207091e-06	-3.704303e-11	-2.354873e+01	-3.162235e+00
