# Temperatura_=_20.0
# Concentracion g/m^3_=_6200.0
# C_Vs_to_Am_M_A/Vsm_=_65563218390.804596
# pendiente_HvsI_1/m_=_3716.3
# ordenada_HvsI_A/m_=_1297.0
# frecuencia_Hz_=_301438.08473670075

Tiempo_(s)	Campo_(V.s)	Magnetizacion_(V.s)	Campo_(kA/m)	Magnetizacion_(A/m)
0.000000e+00	-3.208589e-06	-4.049089e-09	-2.355197e+01	-2.631851e+02
1.000000e-08	-3.207758e-06	-4.052415e-09	-2.354588e+01	-2.633296e+02
2.000000e-08	-3.205544e-06	-4.055756e-09	-2.352962e+01	-2.634257e+02
3.000000e-08	-3.202094e-06	-4.057097e-09	-2.350430e+01	-2.634884e+02
4.000000e-08	-3.197806e-06	-4.055758e-09	-2.347282e+01	-2.635412e+02
5.000000e-08	-3.192538e-06	-4.053832e-09	-2.343415e+01	-2.636013e+02
6.000000e-08	-3.186153e-06	-4.050018e-09	-2.338729e+01	-2.636677e+02
7.000000e-08	-3.178836e-06	-4.037760e-09	-2.333358e+01	-2.637182e+02
8.000000e-08	-3.170594e-06	-4.043390e-09	-2.327308e+01	-2.637197e+02
9.000000e-08	-3.160855e-06	-4.089439e-09	-2.320159e+01	-2.636464e+02
1.000000e-07	-3.149339e-06	-4.116607e-09	-2.311706e+01	-2.634964e+02
1.100000e-07	-3.136423e-06	-4.062023e-09	-2.302225e+01	-2.632979e+02
1.200000e-07	-3.122588e-06	-3.954715e-09	-2.292070e+01	-2.630999e+02
1.300000e-07	-3.107676e-06	-4.008726e-09	-2.281124e+01	-2.629492e+02
1.400000e-07	-3.091319e-06	-4.141358e-09	-2.269117e+01	-2.628662e+02
1.500000e-07	-3.073996e-06	-4.010350e-09	-2.256402e+01	-2.628295e+02
1.600000e-07	-3.056051e-06	-3.982341e-09	-2.243230e+01	-2.627797e+02
1.700000e-07	-3.037042e-06	-4.115830e-09	-2.229277e+01	-2.626424e+02
1.800000e-07	-3.016951e-06	-3.990514e-09	-2.214530e+01	-2.623613e+02
1.900000e-07	-2.996113e-06	-3.911782e-09	-2.199234e+01	-2.619261e+02
2.000000e-07	-2.974309e-06	-4.048335e-09	-2.183229e+01	-2.613816e+02
2.100000e-07	-2.951283e-06	-3.972260e-09	-2.166327e+01	-2.608133e+02
2.200000e-07	-2.927379e-06	-3.869175e-09	-2.148781e+01	-2.603120e+02
2.300000e-07	-2.902520e-06	-4.019433e-09	-2.130534e+01	-2.599351e+02
2.400000e-07	-2.876173e-06	-4.005740e-09	-2.111194e+01	-2.596800e+02
2.500000e-07	-2.848643e-06	-3.915472e-09	-2.090986e+01	-2.594831e+02
2.600000e-07	-2.820230e-06	-3.977302e-09	-2.070130e+01	-2.592455e+02
2.700000e-07	-2.790823e-06	-3.934481e-09	-2.048545e+01	-2.588741e+02
2.800000e-07	-2.760463e-06	-3.885518e-09	-2.026260e+01	-2.583211e+02
2.900000e-07	-2.729206e-06	-3.959795e-09	-2.003317e+01	-2.576030e+02
3.000000e-07	-2.697150e-06	-3.911979e-09	-1.979787e+01	-2.567921e+02
3.100000e-07	-2.664100e-06	-3.872872e-09	-1.955527e+01	-2.559840e+02
3.200000e-07	-2.629691e-06	-3.907090e-09	-1.930270e+01	-2.552552e+02
3.300000e-07	-2.594189e-06	-3.838977e-09	-1.904210e+01	-2.546308e+02
3.400000e-07	-2.557929e-06	-3.822838e-09	-1.877594e+01	-2.540766e+02
3.500000e-07	-2.520868e-06	-3.891113e-09	-1.850390e+01	-2.535165e+02
3.600000e-07	-2.482877e-06	-3.856004e-09	-1.822504e+01	-2.528691e+02
3.700000e-07	-2.443919e-06	-3.783367e-09	-1.793908e+01	-2.520843e+02
3.800000e-07	-2.404258e-06	-3.813328e-09	-1.764795e+01	-2.511641e+02
3.900000e-07	-2.364052e-06	-3.823734e-09	-1.735283e+01	-2.501588e+02
4.000000e-07	-2.322918e-06	-3.767285e-09	-1.705089e+01	-2.491419e+02
4.100000e-07	-2.280504e-06	-3.733444e-09	-1.673956e+01	-2.481756e+02
4.200000e-07	-2.237112e-06	-3.753007e-09	-1.642105e+01	-2.472825e+02
4.300000e-07	-2.193073e-06	-3.757332e-09	-1.609779e+01	-2.464384e+02
4.400000e-07	-2.148282e-06	-3.716292e-09	-1.576901e+01	-2.455851e+02
4.500000e-07	-2.102709e-06	-3.701267e-09	-1.543449e+01	-2.446590e+02
4.600000e-07	-2.056487e-06	-3.714002e-09	-1.509521e+01	-2.436197e+02
4.700000e-07	-2.009577e-06	-3.685506e-09	-1.475088e+01	-2.424664e+02
4.800000e-07	-1.962004e-06	-3.623138e-09	-1.440168e+01	-2.412346e+02
4.900000e-07	-1.913766e-06	-3.628083e-09	-1.404760e+01	-2.399774e+02
5.000000e-07	-1.864581e-06	-3.649583e-09	-1.368656e+01	-2.387395e+02
5.100000e-07	-1.814308e-06	-3.602831e-09	-1.331755e+01	-2.375378e+02
5.200000e-07	-1.763105e-06	-3.558562e-09	-1.294170e+01	-2.363558e+02
5.300000e-07	-1.711213e-06	-3.565657e-09	-1.256080e+01	-2.351536e+02
5.400000e-07	-1.658681e-06	-3.558311e-09	-1.217520e+01	-2.338879e+02
5.500000e-07	-1.605557e-06	-3.520713e-09	-1.178525e+01	-2.325304e+02
5.600000e-07	-1.551846e-06	-3.502803e-09	-1.139100e+01	-2.310780e+02
5.700000e-07	-1.497500e-06	-3.486363e-09	-1.099208e+01	-2.295502e+02
5.800000e-07	-1.442627e-06	-3.448048e-09	-1.058930e+01	-2.279767e+02
5.900000e-07	-1.387334e-06	-3.414128e-09	-1.018343e+01	-2.263828e+02
6.000000e-07	-1.331703e-06	-3.401650e-09	-9.775088e+00	-2.247786e+02
6.100000e-07	-1.275739e-06	-3.377957e-09	-9.364292e+00	-2.231578e+02
6.200000e-07	-1.219409e-06	-3.342386e-09	-8.950814e+00	-2.215029e+02
6.300000e-07	-1.162575e-06	-3.320910e-09	-8.533634e+00	-2.197949e+02
6.400000e-07	-1.105068e-06	-3.303013e-09	-8.111522e+00	-2.180202e+02
6.500000e-07	-1.046892e-06	-3.270557e-09	-7.684493e+00	-2.161723e+02
6.600000e-07	-9.881721e-07	-3.233393e-09	-7.253470e+00	-2.142495e+02
6.700000e-07	-9.290235e-07	-3.206500e-09	-6.819302e+00	-2.122508e+02
6.800000e-07	-8.695272e-07	-3.173779e-09	-6.382582e+00	-2.101736e+02
6.900000e-07	-8.098379e-07	-3.134404e-09	-5.944445e+00	-2.080148e+02
7.000000e-07	-7.500308e-07	-3.102049e-09	-5.505444e+00	-2.057750e+02
7.100000e-07	-6.900881e-07	-3.071093e-09	-5.065446e+00	-2.034604e+02
7.200000e-07	-6.300004e-07	-3.031492e-09	-4.624386e+00	-2.010815e+02
7.300000e-07	-5.697648e-07	-2.993419e-09	-4.182238e+00	-1.986463e+02
7.400000e-07	-5.093101e-07	-2.962747e-09	-3.738484e+00	-1.961527e+02
7.500000e-07	-4.486804e-07	-2.925553e-09	-3.293444e+00	-1.935831e+02
7.600000e-07	-3.879045e-07	-2.881297e-09	-2.847332e+00	-1.909064e+02
7.700000e-07	-3.269114e-07	-2.836212e-09	-2.399625e+00	-1.880873e+02
7.800000e-07	-2.657968e-07	-2.790039e-09	-1.951026e+00	-1.850996e+02
7.900000e-07	-2.046503e-07	-2.738947e-09	-1.502193e+00	-1.819374e+02
8.000000e-07	-1.434614e-07	-2.686512e-09	-1.053049e+00	-1.786168e+02
8.100000e-07	-8.221236e-08	-2.635552e-09	-6.034625e-01	-1.751670e+02
8.200000e-07	-2.091869e-08	-2.582537e-09	-1.535492e-01	-1.716136e+02
8.300000e-07	4.038144e-08	-2.525334e-09	2.964115e-01	-1.679612e+02
8.400000e-07	1.016637e-07	-2.464756e-09	7.462409e-01	-1.641847e+02
8.500000e-07	1.629356e-07	-2.404716e-09	1.195995e+00	-1.602333e+02
8.600000e-07	2.241751e-07	-2.342125e-09	1.645510e+00	-1.560462e+02
8.700000e-07	2.853573e-07	-2.273394e-09	2.094605e+00	-1.515733e+02
8.800000e-07	3.464230e-07	-2.198969e-09	2.542845e+00	-1.467896e+02
8.900000e-07	4.073599e-07	-2.122455e-09	2.990140e+00	-1.416968e+02
9.000000e-07	4.681582e-07	-2.041877e-09	3.436417e+00	-1.363091e+02
9.100000e-07	5.287246e-07	-1.954035e-09	3.880992e+00	-1.306313e+02
9.200000e-07	5.890726e-07	-1.861876e-09	4.323964e+00	-1.246374e+02
9.300000e-07	6.491903e-07	-1.765551e-09	4.765245e+00	-1.182625e+02
9.400000e-07	7.090827e-07	-1.661728e-09	5.204872e+00	-1.114107e+02
9.500000e-07	7.688621e-07	-1.547499e-09	5.643671e+00	-1.039770e+02
9.600000e-07	8.285491e-07	-1.425322e-09	6.081791e+00	-9.587229e+01
9.700000e-07	8.880902e-07	-1.292581e-09	6.518839e+00	-8.703746e+01
9.800000e-07	9.473501e-07	-1.145355e-09	6.953824e+00	-7.744112e+01
9.900000e-07	1.006241e-06	-9.844312e-10	7.386100e+00	-6.705974e+01
1.000000e-06	1.064647e-06	-8.109119e-10	7.814814e+00	-5.585160e+01
1.010000e-06	1.122333e-06	-6.243194e-10	8.238251e+00	-4.373973e+01
1.020000e-06	1.179224e-06	-4.222869e-10	8.655848e+00	-3.061755e+01
1.030000e-06	1.235510e-06	-2.059664e-10	9.068999e+00	-1.638197e+01
1.040000e-06	1.291424e-06	2.794370e-11	9.479425e+00	-9.867277e-01
1.050000e-06	1.347089e-06	2.799181e-10	9.888023e+00	1.550164e+01
1.060000e-06	1.402441e-06	5.452197e-10	1.029432e+01	3.286656e+01
1.070000e-06	1.457335e-06	8.164550e-10	1.069726e+01	5.073977e+01
1.080000e-06	1.511678e-06	1.089084e-09	1.109615e+01	6.864059e+01
1.090000e-06	1.565478e-06	1.355887e-09	1.149106e+01	8.604752e+01
1.100000e-06	1.618832e-06	1.602196e-09	1.188269e+01	1.024825e+02
1.110000e-06	1.671664e-06	1.824311e-09	1.227050e+01	1.175842e+02
1.120000e-06	1.723840e-06	2.027827e-09	1.265349e+01	1.311516e+02
1.130000e-06	1.775342e-06	2.209142e-09	1.303153e+01	1.431479e+02
1.140000e-06	1.826114e-06	2.363649e-09	1.340421e+01	1.536706e+02
1.150000e-06	1.875840e-06	2.502333e-09	1.376921e+01	1.628994e+02
1.160000e-06	1.924446e-06	2.629334e-09	1.412599e+01	1.710414e+02
1.170000e-06	1.972311e-06	2.739652e-09	1.447733e+01	1.782872e+02
1.180000e-06	2.019643e-06	2.834363e-09	1.482476e+01	1.847880e+02
1.190000e-06	2.066320e-06	2.920340e-09	1.516739e+01	1.906526e+02
1.200000e-06	2.112288e-06	2.998686e-09	1.550481e+01	1.959580e+02
1.210000e-06	2.157571e-06	3.069047e-09	1.583719e+01	2.007657e+02
1.220000e-06	2.202068e-06	3.135493e-09	1.616382e+01	2.051337e+02
1.230000e-06	2.245948e-06	3.195885e-09	1.648591e+01	2.091230e+02
1.240000e-06	2.289320e-06	3.247803e-09	1.680427e+01	2.127946e+02
1.250000e-06	2.331791e-06	3.294169e-09	1.711602e+01	2.162038e+02
1.260000e-06	2.373002e-06	3.339187e-09	1.741852e+01	2.193929e+02
1.270000e-06	2.413149e-06	3.383768e-09	1.771321e+01	2.223871e+02
1.280000e-06	2.452557e-06	3.425708e-09	1.800248e+01	2.251962e+02
1.290000e-06	2.491192e-06	3.463700e-09	1.828607e+01	2.278193e+02
1.300000e-06	2.529020e-06	3.498265e-09	1.856374e+01	2.302527e+02
1.310000e-06	2.565973e-06	3.529683e-09	1.883499e+01	2.324983e+02
1.320000e-06	2.602095e-06	3.560083e-09	1.910013e+01	2.345683e+02
1.330000e-06	2.637561e-06	3.589197e-09	1.936046e+01	2.364855e+02
1.340000e-06	2.671978e-06	3.613879e-09	1.961309e+01	2.382800e+02
1.350000e-06	2.705029e-06	3.636530e-09	1.985570e+01	2.399813e+02
1.360000e-06	2.737038e-06	3.659395e-09	2.009065e+01	2.416111e+02
1.370000e-06	2.768189e-06	3.681848e-09	2.031931e+01	2.431779e+02
1.380000e-06	2.798434e-06	3.702118e-09	2.054132e+01	2.446770e+02
1.390000e-06	2.827794e-06	3.722927e-09	2.075682e+01	2.460961e+02
1.400000e-06	2.856266e-06	3.745675e-09	2.096582e+01	2.474229e+02
1.410000e-06	2.883936e-06	3.766093e-09	2.116892e+01	2.486544e+02
1.420000e-06	2.910652e-06	3.783275e-09	2.136503e+01	2.497999e+02
1.430000e-06	2.935978e-06	3.799160e-09	2.155093e+01	2.508797e+02
1.440000e-06	2.960027e-06	3.813870e-09	2.172745e+01	2.519166e+02
1.450000e-06	2.983096e-06	3.826799e-09	2.189679e+01	2.529262e+02
1.460000e-06	3.005174e-06	3.838918e-09	2.205885e+01	2.539096e+02
1.470000e-06	3.026252e-06	3.851507e-09	2.221357e+01	2.548524e+02
1.480000e-06	3.046404e-06	3.866120e-09	2.236149e+01	2.557320e+02
1.490000e-06	3.065718e-06	3.881584e-09	2.250326e+01	2.565286e+02
1.500000e-06	3.083942e-06	3.894922e-09	2.263703e+01	2.572369e+02
1.510000e-06	3.100948e-06	3.905679e-09	2.276186e+01	2.578703e+02
1.520000e-06	3.116846e-06	3.915172e-09	2.287855e+01	2.584573e+02
1.530000e-06	3.131568e-06	3.924667e-09	2.298662e+01	2.590294e+02
1.540000e-06	3.145077e-06	3.933696e-09	2.308578e+01	2.596073e+02
1.550000e-06	3.157403e-06	3.941170e-09	2.317625e+01	2.601911e+02
1.560000e-06	3.168518e-06	3.948109e-09	2.325784e+01	2.607598e+02
1.570000e-06	3.178165e-06	3.956670e-09	2.332865e+01	2.612805e+02
1.580000e-06	3.186457e-06	3.965032e-09	2.338952e+01	2.617243e+02
1.590000e-06	3.193736e-06	3.971802e-09	2.344295e+01	2.620792e+02
1.600000e-06	3.199977e-06	3.978440e-09	2.348876e+01	2.623561e+02
1.610000e-06	3.205046e-06	3.984060e-09	2.352596e+01	2.625834e+02
1.620000e-06	3.209117e-06	3.986805e-09	2.355585e+01	2.627940e+02
1.630000e-06	3.212233e-06	3.990100e-09	2.357872e+01	2.630100e+02
1.640000e-06	3.213996e-06	3.995304e-09	2.359166e+01	2.632340e+02
1.650000e-06	3.214424e-06	4.000477e-09	2.359480e+01	2.634502e+02
1.660000e-06	3.213825e-06	4.002728e-09	2.359041e+01	2.636354e+02
1.670000e-06	3.212209e-06	4.002591e-09	2.357854e+01	2.637730e+02
1.680000e-06	3.209614e-06	4.005510e-09	2.355950e+01	2.638634e+02
1.690000e-06	3.206149e-06	4.009330e-09	2.353406e+01	2.639235e+02
1.700000e-06	3.201808e-06	4.011674e-09	2.350220e+01	2.639769e+02
1.710000e-06	3.196338e-06	4.014545e-09	2.346205e+01	2.640389e+02
1.720000e-06	3.189489e-06	4.024290e-09	2.341177e+01	2.641051e+02
1.730000e-06	3.181576e-06	4.040569e-09	2.335369e+01	2.641510e+02
1.740000e-06	3.172834e-06	3.996494e-09	2.328952e+01	2.641433e+02
1.750000e-06	3.162753e-06	3.954295e-09	2.321552e+01	2.640588e+02
1.760000e-06	3.150732e-06	3.973119e-09	2.312728e+01	2.638998e+02
1.770000e-06	3.136948e-06	4.081002e-09	2.302610e+01	2.636985e+02
1.780000e-06	3.122575e-06	4.076144e-09	2.292061e+01	2.635050e+02
1.790000e-06	3.107947e-06	3.923945e-09	2.281323e+01	2.633639e+02
1.800000e-06	3.091965e-06	4.021790e-09	2.269592e+01	2.632902e+02
1.810000e-06	3.074535e-06	4.106187e-09	2.256798e+01	2.632563e+02
1.820000e-06	3.056514e-06	3.924924e-09	2.243570e+01	2.631988e+02
1.830000e-06	3.037702e-06	3.945262e-09	2.229761e+01	2.630440e+02
1.840000e-06	3.017674e-06	4.117069e-09	2.215060e+01	2.627405e+02
1.850000e-06	2.996741e-06	3.984538e-09	2.199695e+01	2.622860e+02
1.860000e-06	2.974644e-06	3.917025e-09	2.183475e+01	2.617327e+02
1.870000e-06	2.951049e-06	4.069881e-09	2.166156e+01	2.611691e+02
1.880000e-06	2.926452e-06	3.974844e-09	2.148100e+01	2.606836e+02
1.890000e-06	2.900912e-06	3.884777e-09	2.129353e+01	2.603261e+02
1.900000e-06	2.874070e-06	4.011870e-09	2.109651e+01	2.600847e+02
1.910000e-06	2.846260e-06	3.965625e-09	2.089237e+01	2.598887e+02
1.920000e-06	2.817570e-06	3.939520e-09	2.068178e+01	2.596373e+02
1.930000e-06	2.787684e-06	3.995432e-09	2.046241e+01	2.592419e+02
1.940000e-06	2.756705e-06	3.905020e-09	2.023501e+01	2.586630e+02
1.950000e-06	2.724650e-06	3.931161e-09	1.999972e+01	2.579266e+02
1.960000e-06	2.691560e-06	3.955005e-09	1.975683e+01	2.571106e+02
1.970000e-06	2.657657e-06	3.845099e-09	1.950797e+01	2.563104e+02
1.980000e-06	2.622831e-06	3.925148e-09	1.925234e+01	2.555967e+02
1.990000e-06	2.587151e-06	3.969733e-09	1.899043e+01	2.549860e+02
2.000000e-06	2.550853e-06	3.823412e-09	1.872400e+01	2.544365e+02
2.010000e-06	2.513455e-06	3.848821e-09	1.844949e+01	2.538689e+02
2.020000e-06	2.474688e-06	3.898561e-09	1.816493e+01	2.532042e+02
2.030000e-06	2.434981e-06	3.825917e-09	1.787347e+01	2.523990e+02
2.040000e-06	2.394552e-06	3.805682e-09	1.757670e+01	2.514629e+02
2.050000e-06	2.353466e-06	3.832156e-09	1.727512e+01	2.504516e+02
2.060000e-06	2.311647e-06	3.848904e-09	1.696816e+01	2.494393e+02
2.070000e-06	2.268992e-06	3.780735e-09	1.665506e+01	2.484834e+02
2.080000e-06	2.225584e-06	3.729883e-09	1.633643e+01	2.476002e+02
2.090000e-06	2.181614e-06	3.791998e-09	1.601368e+01	2.467591e+02
2.100000e-06	2.137105e-06	3.782545e-09	1.568697e+01	2.458993e+02
2.110000e-06	2.091688e-06	3.702000e-09	1.535360e+01	2.449590e+02
2.120000e-06	2.045367e-06	3.696992e-09	1.501358e+01	2.439029e+02
2.130000e-06	1.998421e-06	3.736812e-09	1.466899e+01	2.427358e+02
2.140000e-06	1.950773e-06	3.709038e-09	1.431924e+01	2.414974e+02
2.150000e-06	1.902313e-06	3.634439e-09	1.396353e+01	2.402410e+02
2.160000e-06	1.853020e-06	3.642605e-09	1.360170e+01	2.390084e+02
2.170000e-06	1.803038e-06	3.663327e-09	1.323482e+01	2.378116e+02
2.180000e-06	1.752431e-06	3.597937e-09	1.286335e+01	2.366297e+02
2.190000e-06	1.701128e-06	3.571266e-09	1.248677e+01	2.354213e+02
2.200000e-06	1.649259e-06	3.587587e-09	1.210604e+01	2.341440e+02
2.210000e-06	1.596815e-06	3.560802e-09	1.172109e+01	2.327728e+02
2.220000e-06	1.543518e-06	3.514397e-09	1.132987e+01	2.313084e+02
2.230000e-06	1.489263e-06	3.498224e-09	1.093162e+01	2.297725e+02
2.240000e-06	1.434196e-06	3.506396e-09	1.052742e+01	2.281952e+02
2.250000e-06	1.378547e-06	3.473746e-09	1.011894e+01	2.265999e+02
2.260000e-06	1.322533e-06	3.430500e-09	9.707776e+00	2.249944e+02
2.270000e-06	1.266217e-06	3.415839e-09	9.294396e+00	2.233702e+02
2.280000e-06	1.209519e-06	3.391629e-09	8.878217e+00	2.217092e+02
2.290000e-06	1.152355e-06	3.359686e-09	8.458621e+00	2.199927e+02
2.300000e-06	1.094734e-06	3.338232e-09	8.035665e+00	2.182080e+02
2.310000e-06	1.036763e-06	3.315858e-09	7.610137e+00	2.163498e+02
2.320000e-06	9.784900e-07	3.280370e-09	7.182400e+00	2.144166e+02
2.330000e-06	9.198691e-07	3.245275e-09	6.752106e+00	2.124072e+02
2.340000e-06	8.608390e-07	3.224105e-09	6.318808e+00	2.103187e+02
2.350000e-06	8.014783e-07	3.193749e-09	5.883083e+00	2.081486e+02
2.360000e-06	7.419324e-07	3.150321e-09	5.445999e+00	2.058979e+02
2.370000e-06	6.822284e-07	3.116857e-09	5.007754e+00	2.035738e+02
2.380000e-06	6.223782e-07	3.082902e-09	4.568437e+00	2.011868e+02
2.390000e-06	5.623747e-07	3.042703e-09	4.127994e+00	1.987440e+02
2.400000e-06	5.022898e-07	3.005872e-09	3.686952e+00	1.962414e+02
2.410000e-06	4.421242e-07	2.970711e-09	3.245320e+00	1.936589e+02
2.420000e-06	3.818427e-07	2.927154e-09	2.802836e+00	1.909643e+02
2.430000e-06	3.214857e-07	2.875966e-09	2.359798e+00	1.881226e+02
2.440000e-06	2.610867e-07	2.833458e-09	1.916452e+00	1.851102e+02
2.450000e-06	2.005824e-07	2.793773e-09	1.472333e+00	1.819243e+02
2.460000e-06	1.399247e-07	2.742871e-09	1.027088e+00	1.785836e+02
2.470000e-06	7.926589e-08	2.686423e-09	5.818346e-01	1.751181e+02
2.480000e-06	1.858732e-08	2.633405e-09	1.364363e-01	1.715512e+02
2.490000e-06	-4.218856e-08	2.580187e-09	-3.096762e-01	1.678837e+02
2.500000e-06	-1.029874e-07	2.522062e-09	-7.559570e-01	1.640861e+02
2.510000e-06	-1.637255e-07	2.459515e-09	-1.201793e+00	1.601050e+02
2.520000e-06	-2.243414e-07	2.393209e-09	-1.646731e+00	1.558800e+02
2.530000e-06	-2.848829e-07	2.323927e-09	-2.091123e+00	1.513639e+02
2.540000e-06	-3.453565e-07	2.250220e-09	-2.535017e+00	1.465358e+02
2.550000e-06	-4.057334e-07	2.174196e-09	-2.978201e+00	1.414002e+02
2.560000e-06	-4.660182e-07	2.094720e-09	-3.420709e+00	1.359716e+02
2.570000e-06	-5.261821e-07	2.006630e-09	-3.862329e+00	1.302515e+02
2.580000e-06	-5.862127e-07	1.909447e-09	-4.302971e+00	1.242084e+02
2.590000e-06	-6.461479e-07	1.809773e-09	-4.742913e+00	1.177720e+02
2.600000e-06	-7.060101e-07	1.707409e-09	-5.182319e+00	1.108437e+02
2.610000e-06	-7.657089e-07	1.593652e-09	-5.620525e+00	1.033193e+02
2.620000e-06	-8.251360e-07	1.467147e-09	-6.056737e+00	9.511345e+01
2.630000e-06	-8.842410e-07	1.331723e-09	-6.490585e+00	8.617163e+01
2.640000e-06	-9.429432e-07	1.186894e-09	-6.921476e+00	7.646505e+01
2.650000e-06	-1.001275e-06	1.026484e-09	-7.349648e+00	6.596916e+01
2.660000e-06	-1.059318e-06	8.520027e-10	-7.775700e+00	5.463783e+01
2.670000e-06	-1.117032e-06	6.663708e-10	-8.199339e+00	4.238888e+01
2.680000e-06	-1.174261e-06	4.639086e-10	-8.619416e+00	2.911359e+01
2.690000e-06	-1.230953e-06	2.426921e-10	-9.035555e+00	1.471344e+01
2.700000e-06	-1.287254e-06	8.513929e-12	-9.448821e+00	-8.449505e-01
2.710000e-06	-1.343275e-06	-2.399820e-10	-9.860029e+00	-1.747519e+01
2.720000e-06	-1.398971e-06	-5.075175e-10	-1.026885e+01	-3.493817e+01
2.730000e-06	-1.454202e-06	-7.856850e-10	-1.067427e+01	-5.284627e+01
2.740000e-06	-1.508782e-06	-1.061332e-09	-1.107490e+01	-7.070804e+01
2.750000e-06	-1.562479e-06	-1.328294e-09	-1.146905e+01	-8.800303e+01
2.760000e-06	-1.615278e-06	-1.580547e-09	-1.185661e+01	-1.042659e+02
2.770000e-06	-1.667413e-06	-1.809273e-09	-1.223930e+01	-1.191565e+02
2.780000e-06	-1.719008e-06	-2.014602e-09	-1.261801e+01	-1.324977e+02
2.790000e-06	-1.769981e-06	-2.198653e-09	-1.299217e+01	-1.442747e+02
2.800000e-06	-1.820331e-06	-2.359657e-09	-1.336176e+01	-1.546000e+02
2.810000e-06	-1.869983e-06	-2.498124e-09	-1.372622e+01	-1.636606e+02
2.820000e-06	-1.918638e-06	-2.622208e-09	-1.408336e+01	-1.716632e+02
2.830000e-06	-1.966206e-06	-2.736413e-09	-1.443252e+01	-1.787941e+02
2.840000e-06	-2.013020e-06	-2.835426e-09	-1.477615e+01	-1.851979e+02
2.850000e-06	-2.059300e-06	-2.922270e-09	-1.511586e+01	-1.909781e+02
2.860000e-06	-2.104945e-06	-3.003063e-09	-1.545091e+01	-1.962086e+02
2.870000e-06	-2.149886e-06	-3.077256e-09	-1.578079e+01	-2.009495e+02
2.880000e-06	-2.194186e-06	-3.144327e-09	-1.610596e+01	-2.052593e+02
2.890000e-06	-2.237938e-06	-3.207155e-09	-1.642712e+01	-2.091992e+02
2.900000e-06	-2.281016e-06	-3.267000e-09	-1.674332e+01	-2.128299e+02
2.910000e-06	-2.323258e-06	-3.320681e-09	-1.705338e+01	-2.162051e+02
2.920000e-06	-2.364709e-06	-3.370082e-09	-1.735765e+01	-2.193648e+02
2.930000e-06	-2.405404e-06	-3.419886e-09	-1.765636e+01	-2.223321e+02
2.940000e-06	-2.445431e-06	-3.466877e-09	-1.795017e+01	-2.251145e+02
2.950000e-06	-2.484639e-06	-3.506059e-09	-1.823797e+01	-2.277102e+02
2.960000e-06	-2.522564e-06	-3.541526e-09	-1.851635e+01	-2.301162e+02
2.970000e-06	-2.559293e-06	-3.579073e-09	-1.878595e+01	-2.323354e+02
2.980000e-06	-2.595238e-06	-3.613075e-09	-1.904980e+01	-2.343816e+02
2.990000e-06	-2.630395e-06	-3.642499e-09	-1.930786e+01	-2.362791e+02
3.000000e-06	-2.664667e-06	-3.673022e-09	-1.955943e+01	-2.380582e+02
3.010000e-06	-2.698001e-06	-3.704014e-09	-1.980411e+01	-2.397479e+02
3.020000e-06	-2.730431e-06	-3.730183e-09	-2.004215e+01	-2.413682e+02
3.030000e-06	-2.762116e-06	-3.752144e-09	-2.027473e+01	-2.429255e+02
3.040000e-06	-2.792778e-06	-3.774835e-09	-2.049980e+01	-2.444138e+02
3.050000e-06	-2.822094e-06	-3.795645e-09	-2.071499e+01	-2.458199e+02
3.060000e-06	-2.850313e-06	-3.815852e-09	-2.092212e+01	-2.471328e+02
3.070000e-06	-2.877662e-06	-3.835326e-09	-2.112288e+01	-2.483507e+02
3.080000e-06	-2.904054e-06	-3.851981e-09	-2.131660e+01	-2.494851e+02
3.090000e-06	-2.929402e-06	-3.868831e-09	-2.150266e+01	-2.505571e+02
3.100000e-06	-2.953806e-06	-3.886952e-09	-2.168179e+01	-2.515891e+02
3.110000e-06	-2.977323e-06	-3.904401e-09	-2.185441e+01	-2.525950e+02
3.120000e-06	-2.999638e-06	-3.919295e-09	-2.201821e+01	-2.535734e+02
3.130000e-06	-3.020605e-06	-3.932803e-09	-2.217211e+01	-2.545083e+02
3.140000e-06	-3.040548e-06	-3.945361e-09	-2.231850e+01	-2.553767e+02
3.150000e-06	-3.059564e-06	-3.956409e-09	-2.245808e+01	-2.561603e+02
3.160000e-06	-3.077532e-06	-3.964750e-09	-2.258998e+01	-2.568563e+02
3.170000e-06	-3.094470e-06	-3.972172e-09	-2.271431e+01	-2.574808e+02
3.180000e-06	-3.110465e-06	-3.980155e-09	-2.283172e+01	-2.580635e+02
3.190000e-06	-3.125289e-06	-3.989092e-09	-2.294052e+01	-2.586353e+02
3.200000e-06	-3.138630e-06	-3.998528e-09	-2.303845e+01	-2.592143e+02
3.210000e-06	-3.150637e-06	-4.008450e-09	-2.312659e+01	-2.597973e+02
3.220000e-06	-3.161467e-06	-4.017647e-09	-2.320608e+01	-2.603608e+02
3.230000e-06	-3.171128e-06	-4.024843e-09	-2.327700e+01	-2.608718e+02
3.240000e-06	-3.179794e-06	-4.029797e-09	-2.334061e+01	-2.613028e+02
3.250000e-06	-3.187548e-06	-4.033308e-09	-2.339753e+01	-2.616450e+02
3.260000e-06	-3.193994e-06	-4.036929e-09	-2.344484e+01	-2.619124e+02
3.270000e-06	-3.198998e-06	-4.039071e-09	-2.348158e+01	-2.621352e+02
3.280000e-06	-3.202910e-06	-4.039459e-09	-2.351028e+01	-2.623453e+02
3.290000e-06	-3.205837e-06	-4.039639e-09	-2.353178e+01	-2.625625e+02
3.300000e-06	-3.207708e-06	-4.042060e-09	-2.354551e+01	-2.627863e+02
3.310000e-06	-3.208543e-06	-4.045840e-09	-2.355163e+01	-2.629992e+02
