# Temperatura_=_20.0
# Concentracion g/m^3_=_6600.0
# C_Vs_to_Am_M_A/Vsm_=_65563218390.804596
# pendiente_HvsI_1/m_=_3716.3
# ordenada_HvsI_A/m_=_1297.0
# frecuencia_Hz_=_302069.99219608726

Tiempo_(s)	Campo_(V.s)	Magnetizacion_(V.s)	Campo_(kA/m)	Magnetizacion_(A/m)
0.000000e+00	-6.280705e-06	-4.741047e-09	-4.560345e+01	-3.092802e+02
1.000000e-08	-6.278734e-06	-4.741078e-09	-4.558914e+01	-3.092882e+02
2.000000e-08	-6.274578e-06	-4.739965e-09	-4.555896e+01	-3.092485e+02
3.000000e-08	-6.268454e-06	-4.738422e-09	-4.551450e+01	-3.091727e+02
4.000000e-08	-6.260368e-06	-4.737344e-09	-4.545579e+01	-3.090832e+02
5.000000e-08	-6.250064e-06	-4.736577e-09	-4.538097e+01	-3.090043e+02
6.000000e-08	-6.237441e-06	-4.735533e-09	-4.528932e+01	-3.089499e+02
7.000000e-08	-6.222573e-06	-4.729735e-09	-4.518136e+01	-3.089141e+02
8.000000e-08	-6.205461e-06	-4.732799e-09	-4.505712e+01	-3.088698e+02
9.000000e-08	-6.186165e-06	-4.750129e-09	-4.491701e+01	-3.087778e+02
1.000000e-07	-6.164618e-06	-4.737044e-09	-4.476056e+01	-3.086045e+02
1.100000e-07	-6.140663e-06	-4.722831e-09	-4.458662e+01	-3.083402e+02
1.200000e-07	-6.114306e-06	-4.722301e-09	-4.439525e+01	-3.080113e+02
1.300000e-07	-6.085862e-06	-4.700068e-09	-4.418872e+01	-3.076777e+02
1.400000e-07	-6.055741e-06	-4.681362e-09	-4.397001e+01	-3.074161e+02
1.500000e-07	-6.024002e-06	-4.721499e-09	-4.373956e+01	-3.072937e+02
1.600000e-07	-5.990283e-06	-4.693085e-09	-4.349473e+01	-3.073409e+02
1.700000e-07	-5.954620e-06	-4.680768e-09	-4.323579e+01	-3.075354e+02
1.800000e-07	-5.917119e-06	-4.713614e-09	-4.296350e+01	-3.078033e+02
1.900000e-07	-5.877408e-06	-4.668705e-09	-4.267516e+01	-3.080378e+02
2.000000e-07	-5.835418e-06	-4.685768e-09	-4.237028e+01	-3.081310e+02
2.100000e-07	-5.791261e-06	-4.693040e-09	-4.204966e+01	-3.080056e+02
2.200000e-07	-5.745011e-06	-4.661897e-09	-4.171384e+01	-3.076374e+02
2.300000e-07	-5.696484e-06	-4.656211e-09	-4.136149e+01	-3.070598e+02
2.400000e-07	-5.645363e-06	-4.638890e-09	-4.099031e+01	-3.063497e+02
2.500000e-07	-5.591868e-06	-4.642903e-09	-4.060188e+01	-3.056004e+02
2.600000e-07	-5.536321e-06	-4.647944e-09	-4.019857e+01	-3.048911e+02
2.700000e-07	-5.478622e-06	-4.624036e-09	-3.977962e+01	-3.042647e+02
2.800000e-07	-5.418840e-06	-4.611061e-09	-3.934555e+01	-3.037185e+02
2.900000e-07	-5.357166e-06	-4.596262e-09	-3.889774e+01	-3.032123e+02
3.000000e-07	-5.293617e-06	-4.592064e-09	-3.843632e+01	-3.026874e+02
3.100000e-07	-5.228048e-06	-4.583227e-09	-3.796024e+01	-3.020899e+02
3.200000e-07	-5.160348e-06	-4.583220e-09	-3.746867e+01	-3.013895e+02
3.300000e-07	-5.090696e-06	-4.573311e-09	-3.696294e+01	-3.005872e+02
3.400000e-07	-5.019358e-06	-4.543366e-09	-3.644496e+01	-2.997107e+02
3.500000e-07	-4.946299e-06	-4.532043e-09	-3.591449e+01	-2.988002e+02
3.600000e-07	-4.871209e-06	-4.511929e-09	-3.536927e+01	-2.978909e+02
3.700000e-07	-4.794048e-06	-4.501797e-09	-3.480901e+01	-2.969989e+02
3.800000e-07	-4.714903e-06	-4.493196e-09	-3.423435e+01	-2.961160e+02
3.900000e-07	-4.633885e-06	-4.478967e-09	-3.364609e+01	-2.952141e+02
4.000000e-07	-4.551286e-06	-4.467544e-09	-3.304635e+01	-2.942576e+02
4.100000e-07	-4.467324e-06	-4.452574e-09	-3.243671e+01	-2.932183e+02
4.200000e-07	-4.382005e-06	-4.433866e-09	-3.181721e+01	-2.920864e+02
4.300000e-07	-4.295240e-06	-4.409114e-09	-3.118723e+01	-2.908732e+02
4.400000e-07	-4.206986e-06	-4.389761e-09	-3.054642e+01	-2.896055e+02
4.500000e-07	-4.117085e-06	-4.369624e-09	-2.989366e+01	-2.883129e+02
4.600000e-07	-4.025591e-06	-4.349395e-09	-2.922934e+01	-2.870144e+02
4.700000e-07	-3.932737e-06	-4.331890e-09	-2.855514e+01	-2.857098e+02
4.800000e-07	-3.838588e-06	-4.312995e-09	-2.787153e+01	-2.843794e+02
4.900000e-07	-3.743167e-06	-4.290046e-09	-2.717869e+01	-2.829917e+02
5.000000e-07	-3.646374e-06	-4.264498e-09	-2.647589e+01	-2.815170e+02
5.100000e-07	-3.548108e-06	-4.240538e-09	-2.576239e+01	-2.799398e+02
5.200000e-07	-3.448519e-06	-4.216934e-09	-2.503929e+01	-2.782647e+02
5.300000e-07	-3.347703e-06	-4.190753e-09	-2.430727e+01	-2.765135e+02
5.400000e-07	-3.245696e-06	-4.163032e-09	-2.356661e+01	-2.747147e+02
5.500000e-07	-3.142561e-06	-4.134177e-09	-2.281776e+01	-2.728896e+02
5.600000e-07	-3.038279e-06	-4.102034e-09	-2.206058e+01	-2.710413e+02
5.700000e-07	-2.932739e-06	-4.070767e-09	-2.129427e+01	-2.691521e+02
5.800000e-07	-2.825954e-06	-4.042331e-09	-2.051891e+01	-2.671899e+02
5.900000e-07	-2.718122e-06	-4.012034e-09	-1.973596e+01	-2.651209e+02
6.000000e-07	-2.609316e-06	-3.977863e-09	-1.894593e+01	-2.629227e+02
6.100000e-07	-2.499623e-06	-3.943250e-09	-1.814947e+01	-2.605914e+02
6.200000e-07	-2.389025e-06	-3.906465e-09	-1.734642e+01	-2.581404e+02
6.300000e-07	-2.277575e-06	-3.866550e-09	-1.653720e+01	-2.555908e+02
6.400000e-07	-2.165363e-06	-3.825797e-09	-1.572244e+01	-2.529582e+02
6.500000e-07	-2.052241e-06	-3.785223e-09	-1.490108e+01	-2.502427e+02
6.600000e-07	-1.938130e-06	-3.742293e-09	-1.407253e+01	-2.474261e+02
6.700000e-07	-1.823197e-06	-3.696224e-09	-1.323802e+01	-2.444781e+02
6.800000e-07	-1.707607e-06	-3.649063e-09	-1.239873e+01	-2.413674e+02
6.900000e-07	-1.591342e-06	-3.598157e-09	-1.155455e+01	-2.380728e+02
7.000000e-07	-1.474470e-06	-3.543746e-09	-1.070595e+01	-2.345874e+02
7.100000e-07	-1.357139e-06	-3.486625e-09	-9.854028e+00	-2.309162e+02
7.200000e-07	-1.239431e-06	-3.430404e-09	-8.999364e+00	-2.270658e+02
7.300000e-07	-1.121377e-06	-3.372801e-09	-8.142184e+00	-2.230338e+02
7.400000e-07	-1.002959e-06	-3.307857e-09	-7.282363e+00	-2.188024e+02
7.500000e-07	-8.841702e-07	-3.237822e-09	-6.419854e+00	-2.143391e+02
7.600000e-07	-7.650477e-07	-3.165130e-09	-5.554920e+00	-2.096036e+02
7.700000e-07	-6.456807e-07	-3.087641e-09	-4.688211e+00	-2.045569e+02
7.800000e-07	-5.260961e-07	-3.004518e-09	-3.819922e+00	-1.991654e+02
7.900000e-07	-4.062945e-07	-2.919917e-09	-2.950056e+00	-1.933981e+02
8.000000e-07	-2.863748e-07	-2.829875e-09	-2.079333e+00	-1.872184e+02
8.100000e-07	-1.663932e-07	-2.729334e-09	-1.208161e+00	-1.805735e+02
8.200000e-07	-4.630970e-08	-2.617302e-09	-3.362492e-01	-1.733902e+02
8.300000e-07	7.385962e-08	-2.496813e-09	5.362859e-01	-1.655796e+02
8.400000e-07	1.940027e-07	-2.366436e-09	1.408630e+00	-1.570493e+02
8.500000e-07	3.140990e-07	-2.222369e-09	2.280636e+00	-1.477177e+02
8.600000e-07	4.341588e-07	-2.067559e-09	3.152375e+00	-1.375201e+02
8.700000e-07	5.541219e-07	-1.900579e-09	4.023413e+00	-1.264014e+02
8.800000e-07	6.739019e-07	-1.718479e-09	4.893122e+00	-1.142971e+02
8.900000e-07	7.934777e-07	-1.518304e-09	5.761347e+00	-1.011106e+02
9.000000e-07	9.128349e-07	-1.298372e-09	6.627985e+00	-8.670302e+01
9.100000e-07	1.031863e-06	-1.058416e-09	7.492237e+00	-7.090787e+01
9.200000e-07	1.150460e-06	-7.963293e-10	8.353355e+00	-5.357660e+01
9.300000e-07	1.268653e-06	-5.078341e-10	9.211539e+00	-3.464602e+01
9.400000e-07	1.386468e-06	-1.935187e-10	1.006698e+01	-1.420807e+01
9.500000e-07	1.503803e-06	1.378723e-10	1.091893e+01	7.444393e+00
9.600000e-07	1.620558e-06	4.770345e-10	1.176668e+01	2.981760e+01
9.700000e-07	1.736698e-06	8.164842e-10	1.260996e+01	5.227106e+01
9.800000e-07	1.852085e-06	1.147804e-09	1.344777e+01	7.411603e+01
9.900000e-07	1.966551e-06	1.459310e-09	1.427889e+01	9.473227e+01
1.000000e-06	2.080111e-06	1.743089e-09	1.510344e+01	1.136696e+02
1.010000e-06	2.192884e-06	1.998711e-09	1.592227e+01	1.307055e+02
1.020000e-06	2.304883e-06	2.226703e-09	1.673548e+01	1.458442e+02
1.030000e-06	2.415998e-06	2.430301e-09	1.754227e+01	1.592632e+02
1.040000e-06	2.526214e-06	2.613569e-09	1.834254e+01	1.712285e+02
1.050000e-06	2.635588e-06	2.777675e-09	1.913669e+01	1.820089e+02
1.060000e-06	2.744137e-06	2.926131e-09	1.992485e+01	1.918151e+02
1.070000e-06	2.851808e-06	3.063065e-09	2.070664e+01	2.007780e+02
1.080000e-06	2.958378e-06	3.185839e-09	2.148043e+01	2.089630e+02
1.090000e-06	3.063746e-06	3.295227e-09	2.224549e+01	2.164055e+02
1.100000e-06	3.167976e-06	3.394531e-09	2.300229e+01	2.231472e+02
1.110000e-06	3.271046e-06	3.488145e-09	2.375067e+01	2.292574e+02
1.120000e-06	3.372971e-06	3.576612e-09	2.449074e+01	2.348320e+02
1.130000e-06	3.473791e-06	3.657249e-09	2.522278e+01	2.399756e+02
1.140000e-06	3.573467e-06	3.730646e-09	2.594652e+01	2.447778e+02
1.150000e-06	3.671770e-06	3.796710e-09	2.666028e+01	2.492966e+02
1.160000e-06	3.768615e-06	3.858944e-09	2.736346e+01	2.535551e+02
1.170000e-06	3.864075e-06	3.918024e-09	2.805659e+01	2.575523e+02
1.180000e-06	3.958198e-06	3.973643e-09	2.874000e+01	2.612804e+02
1.190000e-06	4.051094e-06	4.023184e-09	2.941452e+01	2.647402e+02
1.200000e-06	4.142747e-06	4.066803e-09	3.008000e+01	2.679474e+02
1.210000e-06	4.232876e-06	4.107915e-09	3.073441e+01	2.709293e+02
1.220000e-06	4.321386e-06	4.147916e-09	3.137707e+01	2.737151e+02
1.230000e-06	4.408316e-06	4.186176e-09	3.200826e+01	2.763263e+02
1.240000e-06	4.493690e-06	4.221402e-09	3.262815e+01	2.787727e+02
1.250000e-06	4.577625e-06	4.252781e-09	3.323759e+01	2.810550e+02
1.260000e-06	4.659976e-06	4.280469e-09	3.383553e+01	2.831720e+02
1.270000e-06	4.740591e-06	4.305686e-09	3.442087e+01	2.851281e+02
1.280000e-06	4.819410e-06	4.329211e-09	3.499316e+01	2.869352e+02
1.290000e-06	4.896447e-06	4.352591e-09	3.555252e+01	2.886111e+02
1.300000e-06	4.971616e-06	4.375343e-09	3.609831e+01	2.901733e+02
1.310000e-06	5.044725e-06	4.397043e-09	3.662915e+01	2.916342e+02
1.320000e-06	5.115886e-06	4.417500e-09	3.714584e+01	2.929994e+02
1.330000e-06	5.185286e-06	4.437044e-09	3.764975e+01	2.942718e+02
1.340000e-06	5.252981e-06	4.455383e-09	3.814127e+01	2.954565e+02
1.350000e-06	5.318740e-06	4.471612e-09	3.861873e+01	2.965661e+02
1.360000e-06	5.382467e-06	4.487026e-09	3.908145e+01	2.976195e+02
1.370000e-06	5.444387e-06	4.503084e-09	3.953105e+01	2.986366e+02
1.380000e-06	5.504550e-06	4.518510e-09	3.996788e+01	2.996300e+02
1.390000e-06	5.562738e-06	4.531310e-09	4.039038e+01	3.005987e+02
1.400000e-06	5.618891e-06	4.543335e-09	4.079810e+01	3.015267e+02
1.410000e-06	5.673058e-06	4.555857e-09	4.119140e+01	3.023903e+02
1.420000e-06	5.725042e-06	4.567626e-09	4.156885e+01	3.031681e+02
1.430000e-06	5.774619e-06	4.578117e-09	4.192882e+01	3.038521e+02
1.440000e-06	5.821920e-06	4.587992e-09	4.227227e+01	3.044526e+02
1.450000e-06	5.867258e-06	4.597741e-09	4.260146e+01	3.049958e+02
1.460000e-06	5.910677e-06	4.607674e-09	4.291672e+01	3.055133e+02
1.470000e-06	5.951949e-06	4.618321e-09	4.321639e+01	3.060304e+02
1.480000e-06	5.990991e-06	4.628042e-09	4.349987e+01	3.065562e+02
1.490000e-06	6.028039e-06	4.636715e-09	4.376887e+01	3.070816e+02
1.500000e-06	6.063075e-06	4.644521e-09	4.402327e+01	3.075851e+02
1.510000e-06	6.095846e-06	4.649709e-09	4.426121e+01	3.080433e+02
1.520000e-06	6.126394e-06	4.652776e-09	4.448302e+01	3.084410e+02
1.530000e-06	6.154933e-06	4.657361e-09	4.469024e+01	3.087771e+02
1.540000e-06	6.181295e-06	4.664916e-09	4.488165e+01	3.090627e+02
1.550000e-06	6.205264e-06	4.672521e-09	4.505569e+01	3.093151e+02
1.560000e-06	6.226999e-06	4.678307e-09	4.521350e+01	3.095494e+02
1.570000e-06	6.246722e-06	4.682833e-09	4.535671e+01	3.097734e+02
1.580000e-06	6.264295e-06	4.686495e-09	4.548430e+01	3.099869e+02
1.590000e-06	6.279483e-06	4.689054e-09	4.559458e+01	3.101854e+02
1.600000e-06	6.292250e-06	4.691180e-09	4.568728e+01	3.103649e+02
1.610000e-06	6.302469e-06	4.693298e-09	4.576148e+01	3.105248e+02
1.620000e-06	6.310234e-06	4.696300e-09	4.581786e+01	3.106673e+02
1.630000e-06	6.315824e-06	4.699660e-09	4.585844e+01	3.107934e+02
1.640000e-06	6.319322e-06	4.703029e-09	4.588385e+01	3.108992e+02
1.650000e-06	6.320528e-06	4.706782e-09	4.589260e+01	3.109749e+02
1.660000e-06	6.319466e-06	4.706565e-09	4.588489e+01	3.110088e+02
1.670000e-06	6.316419e-06	4.706458e-09	4.586276e+01	3.109943e+02
1.680000e-06	6.311304e-06	4.706486e-09	4.582563e+01	3.109358e+02
1.690000e-06	6.303997e-06	4.707992e-09	4.577257e+01	3.108507e+02
1.700000e-06	6.294659e-06	4.710370e-09	4.570477e+01	3.107636e+02
1.710000e-06	6.283348e-06	4.711503e-09	4.562264e+01	3.106956e+02
1.720000e-06	6.269794e-06	4.715696e-09	4.552423e+01	3.106521e+02
1.730000e-06	6.254079e-06	4.704971e-09	4.541012e+01	3.106170e+02
1.740000e-06	6.236355e-06	4.680510e-09	4.528143e+01	3.105557e+02
1.750000e-06	6.216098e-06	4.689092e-09	4.513435e+01	3.104293e+02
1.760000e-06	6.192801e-06	4.692565e-09	4.496519e+01	3.102131e+02
1.770000e-06	6.166850e-06	4.695172e-09	4.477676e+01	3.099135e+02
1.780000e-06	6.139063e-06	4.733829e-09	4.457501e+01	3.095736e+02
1.790000e-06	6.109909e-06	4.698184e-09	4.436332e+01	3.092640e+02
1.800000e-06	6.079208e-06	4.676339e-09	4.414041e+01	3.090605e+02
1.810000e-06	6.046350e-06	4.703455e-09	4.390183e+01	3.090162e+02
1.820000e-06	6.011399e-06	4.663352e-09	4.364805e+01	3.091382e+02
1.830000e-06	5.974655e-06	4.727277e-09	4.338126e+01	3.093788e+02
1.840000e-06	5.935617e-06	4.761808e-09	4.309781e+01	3.096455e+02
1.850000e-06	5.894352e-06	4.712337e-09	4.279819e+01	3.098268e+02
1.860000e-06	5.851194e-06	4.762196e-09	4.248482e+01	3.098254e+02
1.870000e-06	5.805951e-06	4.738104e-09	4.215632e+01	3.095869e+02
1.880000e-06	5.758593e-06	4.730920e-09	4.181246e+01	3.091144e+02
1.890000e-06	5.708981e-06	4.745016e-09	4.145223e+01	3.084642e+02
1.900000e-06	5.656994e-06	4.686896e-09	4.107476e+01	3.077247e+02
1.910000e-06	5.602581e-06	4.706042e-09	4.067967e+01	3.069861e+02
1.920000e-06	5.545957e-06	4.691188e-09	4.026853e+01	3.063129e+02
1.930000e-06	5.487536e-06	4.682155e-09	3.984435e+01	3.057269e+02
1.940000e-06	5.427186e-06	4.695244e-09	3.940615e+01	3.052062e+02
1.950000e-06	5.364721e-06	4.661064e-09	3.895260e+01	3.046990e+02
1.960000e-06	5.300190e-06	4.662652e-09	3.848405e+01	3.041462e+02
1.970000e-06	5.233689e-06	4.626766e-09	3.800119e+01	3.035030e+02
1.980000e-06	5.165327e-06	4.636026e-09	3.750482e+01	3.027535e+02
1.990000e-06	5.094876e-06	4.639423e-09	3.699329e+01	3.019123e+02
2.000000e-06	5.022418e-06	4.613790e-09	3.646718e+01	3.010151e+02
2.010000e-06	4.948224e-06	4.616798e-09	3.592847e+01	3.001019e+02
2.020000e-06	4.872192e-06	4.579390e-09	3.537640e+01	2.992003e+02
2.030000e-06	4.794179e-06	4.576055e-09	3.480997e+01	2.983152e+02
2.040000e-06	4.714264e-06	4.558024e-09	3.422971e+01	2.974280e+02
2.050000e-06	4.632715e-06	4.541998e-09	3.363759e+01	2.965052e+02
2.060000e-06	4.549680e-06	4.534288e-09	3.303468e+01	2.955130e+02
2.070000e-06	4.465228e-06	4.511641e-09	3.242149e+01	2.944308e+02
2.080000e-06	4.379064e-06	4.504015e-09	3.179586e+01	2.932588e+02
2.090000e-06	4.291158e-06	4.481567e-09	3.115758e+01	2.920167e+02
2.100000e-06	4.201804e-06	4.466180e-09	3.050880e+01	2.907342e+02
2.110000e-06	4.111084e-06	4.436397e-09	2.985009e+01	2.894378e+02
2.120000e-06	4.019082e-06	4.416654e-09	2.918208e+01	2.881380e+02
2.130000e-06	3.925632e-06	4.403596e-09	2.850354e+01	2.868250e+02
2.140000e-06	3.830716e-06	4.385065e-09	2.781437e+01	2.854723e+02
2.150000e-06	3.734408e-06	4.365158e-09	2.711509e+01	2.840475e+02
2.160000e-06	3.636711e-06	4.338541e-09	2.640572e+01	2.825262e+02
2.170000e-06	3.537781e-06	4.316046e-09	2.568741e+01	2.809019e+02
2.180000e-06	3.437666e-06	4.284217e-09	2.496048e+01	2.791882e+02
2.190000e-06	3.336248e-06	4.258315e-09	2.422410e+01	2.774118e+02
2.200000e-06	3.233433e-06	4.234610e-09	2.347758e+01	2.755993e+02
2.210000e-06	3.129365e-06	4.212845e-09	2.272194e+01	2.737645e+02
2.220000e-06	3.024131e-06	4.183935e-09	2.195785e+01	2.719007e+02
2.230000e-06	2.917815e-06	4.154067e-09	2.118591e+01	2.699822e+02
2.240000e-06	2.810562e-06	4.125623e-09	2.040716e+01	2.679744e+02
2.250000e-06	2.702453e-06	4.092273e-09	1.962219e+01	2.658474e+02
2.260000e-06	2.593414e-06	4.055893e-09	1.883047e+01	2.635868e+02
2.270000e-06	2.483376e-06	4.019875e-09	1.803150e+01	2.611977e+02
2.280000e-06	2.372387e-06	3.986861e-09	1.722562e+01	2.586985e+02
2.290000e-06	2.260468e-06	3.945650e-09	1.641299e+01	2.561095e+02
2.300000e-06	2.147677e-06	3.903194e-09	1.559403e+01	2.534397e+02
2.310000e-06	2.034070e-06	3.862006e-09	1.476914e+01	2.506807e+02
2.320000e-06	1.919734e-06	3.821771e-09	1.393896e+01	2.478074e+02
2.330000e-06	1.804688e-06	3.776524e-09	1.310363e+01	2.447875e+02
2.340000e-06	1.688987e-06	3.727481e-09	1.226353e+01	2.415934e+02
2.350000e-06	1.572688e-06	3.675551e-09	1.141910e+01	2.382104e+02
2.360000e-06	1.455794e-06	3.618674e-09	1.057035e+01	2.346380e+02
2.370000e-06	1.338330e-06	3.560642e-09	9.717453e+00	2.308833e+02
2.380000e-06	1.220323e-06	3.501771e-09	8.860622e+00	2.269499e+02
2.390000e-06	1.101834e-06	3.439273e-09	8.000282e+00	2.228288e+02
2.400000e-06	9.828842e-07	3.372116e-09	7.136605e+00	2.184946e+02
2.410000e-06	8.635303e-07	3.303173e-09	6.269991e+00	2.139102e+02
2.420000e-06	7.438712e-07	3.228383e-09	5.401160e+00	2.090350e+02
2.430000e-06	6.239491e-07	3.147151e-09	4.530420e+00	2.038322e+02
2.440000e-06	5.038285e-07	3.061624e-09	3.658239e+00	1.982704e+02
2.450000e-06	3.835869e-07	2.970796e-09	2.785179e+00	1.923172e+02
2.460000e-06	2.632842e-07	2.872706e-09	1.911675e+00	1.859295e+02
2.470000e-06	1.428712e-07	2.766036e-09	1.037371e+00	1.790451e+02
2.480000e-06	2.233077e-08	2.651774e-09	1.621410e-01	1.715823e+02
2.490000e-06	-9.824817e-08	2.527851e-09	-7.133683e-01	1.634489e+02
2.500000e-06	-2.187618e-07	2.391729e-09	-1.588403e+00	1.545559e+02
2.510000e-06	-3.391999e-07	2.244740e-09	-2.462890e+00	1.448296e+02
2.520000e-06	-4.595920e-07	2.085187e-09	-3.337043e+00	1.342114e+02
2.530000e-06	-5.798594e-07	1.909055e-09	-4.210290e+00	1.226448e+02
2.540000e-06	-6.999822e-07	1.715269e-09	-5.082488e+00	1.100528e+02
2.550000e-06	-8.198511e-07	1.503340e-09	-5.952841e+00	9.631921e+01
2.560000e-06	-9.393874e-07	1.271271e-09	-6.820780e+00	8.128857e+01
2.570000e-06	-1.058519e-06	1.017358e-09	-7.685780e+00	6.479544e+01
2.580000e-06	-1.177114e-06	7.416143e-10	-8.546887e+00	4.672175e+01
2.590000e-06	-1.295121e-06	4.448000e-10	-9.403723e+00	2.706851e+01
2.600000e-06	-1.412540e-06	1.269996e-10	-1.025628e+01	6.017627e+00
2.610000e-06	-1.529458e-06	-2.093491e-10	-1.110521e+01	-1.604145e+01
2.620000e-06	-1.645782e-06	-5.564763e-10	-1.194983e+01	-3.853696e+01
2.630000e-06	-1.761343e-06	-9.005187e-10	-1.278890e+01	-6.079193e+01
2.640000e-06	-1.876153e-06	-1.229933e-09	-1.362253e+01	-8.213500e+01
2.650000e-06	-1.990163e-06	-1.537042e-09	-1.445033e+01	-1.020144e+02
2.660000e-06	-2.103146e-06	-1.815829e-09	-1.527069e+01	-1.200819e+02
2.670000e-06	-2.215150e-06	-2.064629e-09	-1.608394e+01	-1.362240e+02
2.680000e-06	-2.326375e-06	-2.284466e-09	-1.689153e+01	-1.505345e+02
2.690000e-06	-2.436695e-06	-2.480043e-09	-1.769255e+01	-1.632433e+02
2.700000e-06	-2.546033e-06	-2.654793e-09	-1.848644e+01	-1.746274e+02
2.710000e-06	-2.654540e-06	-2.812354e-09	-1.927430e+01	-1.849339e+02
2.720000e-06	-2.762204e-06	-2.956668e-09	-2.005603e+01	-1.943367e+02
2.730000e-06	-2.868958e-06	-3.088271e-09	-2.083116e+01	-2.029329e+02
2.740000e-06	-2.974789e-06	-3.207931e-09	-2.159959e+01	-2.107689e+02
2.750000e-06	-3.079620e-06	-3.317493e-09	-2.236075e+01	-2.178792e+02
2.760000e-06	-3.183289e-06	-3.417450e-09	-2.311348e+01	-2.243171e+02
2.770000e-06	-3.285617e-06	-3.508011e-09	-2.385647e+01	-2.301654e+02
2.780000e-06	-3.386704e-06	-3.590227e-09	-2.459046e+01	-2.355270e+02
2.790000e-06	-3.486661e-06	-3.665938e-09	-2.531623e+01	-2.405025e+02
2.800000e-06	-3.585466e-06	-3.737132e-09	-2.603364e+01	-2.451680e+02
2.810000e-06	-3.683065e-06	-3.803427e-09	-2.674230e+01	-2.495647e+02
2.820000e-06	-3.779437e-06	-3.866279e-09	-2.744204e+01	-2.537026e+02
2.830000e-06	-3.874469e-06	-3.928008e-09	-2.813206e+01	-2.575753e+02
2.840000e-06	-3.968066e-06	-3.987765e-09	-2.881165e+01	-2.611777e+02
2.850000e-06	-4.060311e-06	-4.044579e-09	-2.948144e+01	-2.645172e+02
2.860000e-06	-4.151108e-06	-4.096796e-09	-3.014070e+01	-2.676158e+02
2.870000e-06	-4.240415e-06	-4.143618e-09	-3.078915e+01	-2.705032e+02
2.880000e-06	-4.328256e-06	-4.186383e-09	-3.142695e+01	-2.732057e+02
2.890000e-06	-4.414455e-06	-4.226113e-09	-3.205283e+01	-2.757397e+02
2.900000e-06	-4.499015e-06	-4.264833e-09	-3.266681e+01	-2.781099e+02
2.910000e-06	-4.582019e-06	-4.302481e-09	-3.326949e+01	-2.803152e+02
2.920000e-06	-4.663466e-06	-4.336937e-09	-3.386087e+01	-2.823563e+02
2.930000e-06	-4.743281e-06	-4.368494e-09	-3.444040e+01	-2.842410e+02
2.940000e-06	-4.821168e-06	-4.397693e-09	-3.500593e+01	-2.859847e+02
2.950000e-06	-4.897035e-06	-4.424623e-09	-3.555679e+01	-2.876057e+02
2.960000e-06	-4.971039e-06	-4.450858e-09	-3.609412e+01	-2.891196e+02
2.970000e-06	-5.043287e-06	-4.475172e-09	-3.661871e+01	-2.905355e+02
2.980000e-06	-5.113646e-06	-4.495259e-09	-3.712957e+01	-2.918570e+02
2.990000e-06	-5.182049e-06	-4.511908e-09	-3.762624e+01	-2.930874e+02
3.000000e-06	-5.248597e-06	-4.527883e-09	-3.810944e+01	-2.942351e+02
3.010000e-06	-5.313304e-06	-4.545653e-09	-3.857927e+01	-2.953158e+02
3.020000e-06	-5.376093e-06	-4.564539e-09	-3.903517e+01	-2.963499e+02
3.030000e-06	-5.436857e-06	-4.579247e-09	-3.947637e+01	-2.973550e+02
3.040000e-06	-5.495657e-06	-4.592529e-09	-3.990331e+01	-2.983378e+02
3.050000e-06	-5.552653e-06	-4.607012e-09	-4.031715e+01	-2.992901e+02
3.060000e-06	-5.607711e-06	-4.622480e-09	-4.071692e+01	-3.001911e+02
3.070000e-06	-5.660482e-06	-4.638060e-09	-4.110008e+01	-3.010167e+02
3.080000e-06	-5.710887e-06	-4.650682e-09	-4.146607e+01	-3.017507e+02
3.090000e-06	-5.758977e-06	-4.659420e-09	-4.181525e+01	-3.023933e+02
3.100000e-06	-5.804944e-06	-4.664783e-09	-4.214901e+01	-3.029631e+02
3.110000e-06	-5.849073e-06	-4.669634e-09	-4.246942e+01	-3.034904e+02
3.120000e-06	-5.891360e-06	-4.675801e-09	-4.277647e+01	-3.040052e+02
3.130000e-06	-5.931714e-06	-4.681645e-09	-4.306947e+01	-3.045262e+02
3.140000e-06	-5.969956e-06	-4.688048e-09	-4.334714e+01	-3.050536e+02
3.150000e-06	-6.006022e-06	-4.698473e-09	-4.360901e+01	-3.055717e+02
3.160000e-06	-6.040012e-06	-4.708310e-09	-4.385581e+01	-3.060566e+02
3.170000e-06	-6.071883e-06	-4.717364e-09	-4.408722e+01	-3.064877e+02
3.180000e-06	-6.101455e-06	-4.724041e-09	-4.430194e+01	-3.068559e+02
3.190000e-06	-6.128776e-06	-4.727633e-09	-4.450031e+01	-3.071664e+02
3.200000e-06	-6.154020e-06	-4.730242e-09	-4.468360e+01	-3.074342e+02
3.210000e-06	-6.177038e-06	-4.731161e-09	-4.485074e+01	-3.076764e+02
3.220000e-06	-6.197750e-06	-4.732857e-09	-4.500113e+01	-3.079053e+02
3.230000e-06	-6.216284e-06	-4.732670e-09	-4.513570e+01	-3.081247e+02
3.240000e-06	-6.232635e-06	-4.733518e-09	-4.525442e+01	-3.083317e+02
3.250000e-06	-6.246491e-06	-4.737526e-09	-4.535503e+01	-3.085214e+02
3.260000e-06	-6.257854e-06	-4.742066e-09	-4.543753e+01	-3.086915e+02
3.270000e-06	-6.266980e-06	-4.748314e-09	-4.550380e+01	-3.088428e+02
3.280000e-06	-6.273908e-06	-4.751619e-09	-4.555410e+01	-3.089776e+02
3.290000e-06	-6.278587e-06	-4.751409e-09	-4.558807e+01	-3.090950e+02
3.300000e-06	-6.281084e-06	-4.747658e-09	-4.560621e+01	-3.091881e+02
3.310000e-06	-6.281467e-06	-4.742482e-09	-4.560899e+01	-3.092455e+02
