# Temperatura_=_20.0
# Concentracion g/m^3_=_6600.0
# C_Vs_to_Am_M_A/Vsm_=_65563218390.804596
# pendiente_HvsI_1/m_=_3716.3
# ordenada_HvsI_A/m_=_1297.0
# frecuencia_Hz_=_302081.41648244957

Tiempo_(s)	Campo_(V.s)	Magnetizacion_(V.s)	Campo_(kA/m)	Magnetizacion_(A/m)
0.000000e+00	-6.307109e-06	-5.017619e-09	-4.558314e+01	-3.281023e+02
1.000000e-08	-6.303442e-06	-5.019194e-09	-4.555663e+01	-3.279323e+02
2.000000e-08	-6.297772e-06	-5.016825e-09	-4.551566e+01	-3.277690e+02
3.000000e-08	-6.290162e-06	-5.015006e-09	-4.546066e+01	-3.276731e+02
4.000000e-08	-6.280390e-06	-5.011252e-09	-4.539004e+01	-3.276491e+02
5.000000e-08	-6.268285e-06	-5.006078e-09	-4.530255e+01	-3.276376e+02
6.000000e-08	-6.253915e-06	-5.002650e-09	-4.519869e+01	-3.275460e+02
7.000000e-08	-6.237208e-06	-4.992749e-09	-4.507794e+01	-3.273019e+02
8.000000e-08	-6.218323e-06	-4.997084e-09	-4.494146e+01	-3.269021e+02
9.000000e-08	-6.197221e-06	-5.033628e-09	-4.478895e+01	-3.264294e+02
1.000000e-07	-6.173653e-06	-4.998150e-09	-4.461862e+01	-3.260251e+02
1.100000e-07	-6.147617e-06	-4.958985e-09	-4.443045e+01	-3.258282e+02
1.200000e-07	-6.119455e-06	-4.970050e-09	-4.422691e+01	-3.259087e+02
1.300000e-07	-6.089612e-06	-4.937584e-09	-4.401123e+01	-3.262284e+02
1.400000e-07	-6.058209e-06	-4.890983e-09	-4.378427e+01	-3.266486e+02
1.500000e-07	-6.024855e-06	-5.001464e-09	-4.354321e+01	-3.269840e+02
1.600000e-07	-5.989499e-06	-4.966454e-09	-4.328769e+01	-3.270772e+02
1.700000e-07	-5.952366e-06	-4.897414e-09	-4.301932e+01	-3.268593e+02
1.800000e-07	-5.913053e-06	-4.989436e-09	-4.273519e+01	-3.263693e+02
1.900000e-07	-5.871404e-06	-4.902023e-09	-4.243418e+01	-3.257247e+02
2.000000e-07	-5.827644e-06	-4.922933e-09	-4.211792e+01	-3.250589e+02
2.100000e-07	-5.781746e-06	-4.996937e-09	-4.178620e+01	-3.244574e+02
2.200000e-07	-5.733619e-06	-4.951150e-09	-4.143837e+01	-3.239243e+02
2.300000e-07	-5.683003e-06	-4.946952e-09	-4.107256e+01	-3.233918e+02
2.400000e-07	-5.629886e-06	-4.920171e-09	-4.068867e+01	-3.227680e+02
2.500000e-07	-5.574636e-06	-4.902526e-09	-4.028937e+01	-3.219940e+02
2.600000e-07	-5.517243e-06	-4.896737e-09	-3.987457e+01	-3.210818e+02
2.700000e-07	-5.457784e-06	-4.870450e-09	-3.944485e+01	-3.201125e+02
2.800000e-07	-5.396406e-06	-4.876449e-09	-3.900125e+01	-3.191971e+02
2.900000e-07	-5.333128e-06	-4.850450e-09	-3.854392e+01	-3.184207e+02
3.000000e-07	-5.267815e-06	-4.853350e-09	-3.807188e+01	-3.177982e+02
3.100000e-07	-5.200414e-06	-4.845092e-09	-3.758476e+01	-3.172662e+02
3.200000e-07	-5.131047e-06	-4.838296e-09	-3.708343e+01	-3.167130e+02
3.300000e-07	-5.059867e-06	-4.836393e-09	-3.656899e+01	-3.160315e+02
3.400000e-07	-4.986905e-06	-4.795609e-09	-3.604168e+01	-3.151692e+02
3.500000e-07	-4.911912e-06	-4.795419e-09	-3.549968e+01	-3.141493e+02
3.600000e-07	-4.834861e-06	-4.778227e-09	-3.494282e+01	-3.130543e+02
3.700000e-07	-4.755811e-06	-4.762509e-09	-3.437150e+01	-3.119820e+02
3.800000e-07	-4.674908e-06	-4.747607e-09	-3.378679e+01	-3.109958e+02
3.900000e-07	-4.592460e-06	-4.726005e-09	-3.319092e+01	-3.100958e+02
4.000000e-07	-4.508596e-06	-4.712724e-09	-3.258481e+01	-3.092227e+02
4.100000e-07	-4.423310e-06	-4.700078e-09	-3.196842e+01	-3.082911e+02
4.200000e-07	-4.336592e-06	-4.696419e-09	-3.134169e+01	-3.072334e+02
4.300000e-07	-4.248357e-06	-4.673024e-09	-3.070400e+01	-3.060316e+02
4.400000e-07	-4.158439e-06	-4.644965e-09	-3.005414e+01	-3.047221e+02
4.500000e-07	-4.066975e-06	-4.620003e-09	-2.939310e+01	-3.033721e+02
4.600000e-07	-3.974196e-06	-4.596876e-09	-2.872256e+01	-3.020432e+02
4.700000e-07	-3.880099e-06	-4.582130e-09	-2.804250e+01	-3.007597e+02
4.800000e-07	-3.784608e-06	-4.572056e-09	-2.735236e+01	-2.994989e+02
4.900000e-07	-3.687708e-06	-4.554507e-09	-2.665204e+01	-2.982054e+02
5.000000e-07	-3.589375e-06	-4.523968e-09	-2.594136e+01	-2.968204e+02
5.100000e-07	-3.489667e-06	-4.495230e-09	-2.522074e+01	-2.953087e+02
5.200000e-07	-3.388687e-06	-4.472581e-09	-2.449093e+01	-2.936708e+02
5.300000e-07	-3.286530e-06	-4.445076e-09	-2.375262e+01	-2.919352e+02
5.400000e-07	-3.183253e-06	-4.414060e-09	-2.300621e+01	-2.901376e+02
5.500000e-07	-3.078768e-06	-4.384674e-09	-2.225107e+01	-2.883008e+02
5.600000e-07	-2.973023e-06	-4.355307e-09	-2.148682e+01	-2.864259e+02
5.700000e-07	-2.866040e-06	-4.325192e-09	-2.071363e+01	-2.844978e+02
5.800000e-07	-2.757978e-06	-4.295163e-09	-1.993263e+01	-2.824995e+02
5.900000e-07	-2.648951e-06	-4.268751e-09	-1.914467e+01	-2.804234e+02
6.000000e-07	-2.539029e-06	-4.238287e-09	-1.835023e+01	-2.782727e+02
6.100000e-07	-2.428272e-06	-4.202144e-09	-1.754976e+01	-2.760517e+02
6.200000e-07	-2.316645e-06	-4.164900e-09	-1.674300e+01	-2.737521e+02
6.300000e-07	-2.204074e-06	-4.125477e-09	-1.592942e+01	-2.713481e+02
6.400000e-07	-2.090485e-06	-4.081577e-09	-1.510849e+01	-2.688037e+02
6.500000e-07	-1.975934e-06	-4.036987e-09	-1.428059e+01	-2.660922e+02
6.600000e-07	-1.860576e-06	-3.996324e-09	-1.344687e+01	-2.632136e+02
6.700000e-07	-1.744553e-06	-3.955822e-09	-1.260835e+01	-2.601991e+02
6.800000e-07	-1.627915e-06	-3.912493e-09	-1.176537e+01	-2.570950e+02
6.900000e-07	-1.510671e-06	-3.866175e-09	-1.091802e+01	-2.539311e+02
7.000000e-07	-1.392976e-06	-3.814596e-09	-1.006741e+01	-2.506918e+02
7.100000e-07	-1.274912e-06	-3.757710e-09	-9.214122e+00	-2.473062e+02
7.200000e-07	-1.156416e-06	-3.697731e-09	-8.357726e+00	-2.436691e+02
7.300000e-07	-1.037574e-06	-3.634825e-09	-7.498821e+00	-2.396833e+02
7.400000e-07	-9.184355e-07	-3.567031e-09	-6.637775e+00	-2.353049e+02
7.500000e-07	-7.989596e-07	-3.495879e-09	-5.774291e+00	-2.305621e+02
7.600000e-07	-6.791723e-07	-3.422384e-09	-4.908557e+00	-2.255333e+02
7.700000e-07	-5.591363e-07	-3.343253e-09	-4.041025e+00	-2.202892e+02
7.800000e-07	-4.389056e-07	-3.260279e-09	-3.172087e+00	-2.148251e+02
7.900000e-07	-3.185447e-07	-3.172392e-09	-2.302207e+00	-2.090199e+02
8.000000e-07	-1.980612e-07	-3.073134e-09	-1.431440e+00	-2.026483e+02
8.100000e-07	-7.744498e-08	-2.959732e-09	-5.597153e-01	-1.954471e+02
8.200000e-07	4.326863e-08	-2.832153e-09	3.127138e-01	-1.872049e+02
8.300000e-07	1.640065e-07	-2.691616e-09	1.185318e+00	-1.778264e+02
8.400000e-07	2.847384e-07	-2.533556e-09	2.057879e+00	-1.673260e+02
8.500000e-07	4.054340e-07	-2.358039e-09	2.930179e+00	-1.557407e+02
8.600000e-07	5.259739e-07	-2.163343e-09	3.801352e+00	-1.429902e+02
8.700000e-07	6.463338e-07	-1.940290e-09	4.671225e+00	-1.287528e+02
8.800000e-07	7.664605e-07	-1.685047e-09	5.539412e+00	-1.124337e+02
8.900000e-07	8.862506e-07	-1.388162e-09	6.405167e+00	-9.327160e+01
9.000000e-07	1.005668e-06	-1.044528e-09	7.268224e+00	-7.057691e+01
9.100000e-07	1.124694e-06	-6.482814e-10	8.128458e+00	-4.403034e+01
9.200000e-07	1.243340e-06	-1.959634e-10	8.985949e+00	-1.393194e+01
9.300000e-07	1.361690e-06	3.064893e-10	9.841296e+00	1.870582e+01
9.400000e-07	1.479693e-06	8.336685e-10	1.069413e+01	5.227837e+01
9.500000e-07	1.597185e-06	1.339391e-09	1.154328e+01	8.490332e+01
9.600000e-07	1.713999e-06	1.788941e-09	1.238752e+01	1.148346e+02
9.700000e-07	1.830135e-06	2.168043e-09	1.322687e+01	1.408422e+02
9.800000e-07	1.945602e-06	2.480111e-09	1.406138e+01	1.624337e+02
9.900000e-07	2.060246e-06	2.735450e-09	1.488994e+01	1.798539e+02
1.000000e-06	2.174032e-06	2.950677e-09	1.571230e+01	1.938790e+02
1.010000e-06	2.286882e-06	3.138046e-09	1.652790e+01	2.054956e+02
1.020000e-06	2.398643e-06	3.299710e-09	1.733563e+01	2.155853e+02
1.030000e-06	2.509446e-06	3.440006e-09	1.813643e+01	2.247228e+02
1.040000e-06	2.619458e-06	3.560932e-09	1.893151e+01	2.331340e+02
1.050000e-06	2.728610e-06	3.669767e-09	1.972038e+01	2.407963e+02
1.060000e-06	2.836917e-06	3.768517e-09	2.050314e+01	2.476076e+02
1.070000e-06	2.944318e-06	3.860534e-09	2.127936e+01	2.535366e+02
1.080000e-06	3.050689e-06	3.944539e-09	2.204813e+01	2.586915e+02
1.090000e-06	3.155927e-06	4.017288e-09	2.280872e+01	2.632926e+02
1.100000e-06	3.259809e-06	4.082482e-09	2.355950e+01	2.675813e+02
1.110000e-06	3.362401e-06	4.142507e-09	2.430096e+01	2.717232e+02
1.120000e-06	3.463868e-06	4.200071e-09	2.503429e+01	2.757582e+02
1.130000e-06	3.564240e-06	4.255051e-09	2.575970e+01	2.796173e+02
1.140000e-06	3.663423e-06	4.306491e-09	2.647653e+01	2.831907e+02
1.150000e-06	3.761231e-06	4.354019e-09	2.718341e+01	2.864063e+02
1.160000e-06	3.857539e-06	4.397585e-09	2.787945e+01	2.892759e+02
1.170000e-06	3.952375e-06	4.436911e-09	2.856485e+01	2.918883e+02
1.180000e-06	4.045918e-06	4.474245e-09	2.924092e+01	2.943591e+02
1.190000e-06	4.138297e-06	4.508643e-09	2.990856e+01	2.967680e+02
1.200000e-06	4.229378e-06	4.538887e-09	3.056683e+01	2.991211e+02
1.210000e-06	4.318873e-06	4.566560e-09	3.121363e+01	3.013561e+02
1.220000e-06	4.406606e-06	4.595073e-09	3.184770e+01	3.033874e+02
1.230000e-06	4.492675e-06	4.622008e-09	3.246974e+01	3.051630e+02
1.240000e-06	4.577274e-06	4.645344e-09	3.308116e+01	3.067008e+02
1.250000e-06	4.660373e-06	4.666366e-09	3.368174e+01	3.080852e+02
1.260000e-06	4.741815e-06	4.685670e-09	3.427034e+01	3.094247e+02
1.270000e-06	4.821411e-06	4.705529e-09	3.484561e+01	3.107968e+02
1.280000e-06	4.899177e-06	4.724735e-09	3.540764e+01	3.122087e+02
1.290000e-06	4.975189e-06	4.743200e-09	3.595700e+01	3.135966e+02
1.300000e-06	5.049265e-06	4.761319e-09	3.649237e+01	3.148646e+02
1.310000e-06	5.121318e-06	4.776983e-09	3.701311e+01	3.159401e+02
1.320000e-06	5.191526e-06	4.790817e-09	3.752053e+01	3.168177e+02
1.330000e-06	5.259996e-06	4.803880e-09	3.801538e+01	3.175669e+02
1.340000e-06	5.326618e-06	4.817302e-09	3.849687e+01	3.182985e+02
1.350000e-06	5.391199e-06	4.830855e-09	3.896362e+01	3.191094e+02
1.360000e-06	5.453818e-06	4.845681e-09	3.941618e+01	3.200331e+02
1.370000e-06	5.514645e-06	4.859705e-09	3.985579e+01	3.210231e+02
1.380000e-06	5.573649e-06	4.870541e-09	4.028223e+01	3.219784e+02
1.390000e-06	5.630624e-06	4.880813e-09	4.069400e+01	3.227955e+02
1.400000e-06	5.685557e-06	4.893104e-09	4.109102e+01	3.234225e+02
1.410000e-06	5.738460e-06	4.904771e-09	4.147336e+01	3.238841e+02
1.420000e-06	5.788971e-06	4.913877e-09	4.183842e+01	3.242683e+02
1.430000e-06	5.837026e-06	4.922061e-09	4.218572e+01	3.246791e+02
1.440000e-06	5.882994e-06	4.930087e-09	4.251795e+01	3.251835e+02
1.450000e-06	5.927106e-06	4.937308e-09	4.283676e+01	3.257790e+02
1.460000e-06	5.969167e-06	4.945042e-09	4.314074e+01	3.263987e+02
1.470000e-06	6.008924e-06	4.954195e-09	4.342807e+01	3.269494e+02
1.480000e-06	6.046551e-06	4.963266e-09	4.370002e+01	3.273637e+02
1.490000e-06	6.082252e-06	4.970814e-09	4.395804e+01	3.276352e+02
1.500000e-06	6.115795e-06	4.976278e-09	4.420046e+01	3.278213e+02
1.510000e-06	6.147081e-06	4.978769e-09	4.442658e+01	3.280110e+02
1.520000e-06	6.176283e-06	4.980784e-09	4.463762e+01	3.282758e+02
1.530000e-06	6.203418e-06	4.985504e-09	4.483373e+01	3.286315e+02
1.540000e-06	6.228182e-06	4.992210e-09	4.501271e+01	3.290305e+02
1.550000e-06	6.250535e-06	4.999920e-09	4.517427e+01	3.293877e+02
1.560000e-06	6.270817e-06	5.006581e-09	4.532085e+01	3.296277e+02
1.570000e-06	6.289027e-06	5.011678e-09	4.545245e+01	3.297252e+02
1.580000e-06	6.304898e-06	5.014763e-09	4.556716e+01	3.297186e+02
1.590000e-06	6.318342e-06	5.014968e-09	4.566432e+01	3.296886e+02
1.600000e-06	6.329360e-06	5.015200e-09	4.574395e+01	3.297145e+02
1.610000e-06	6.337861e-06	5.016329e-09	4.580539e+01	3.298310e+02
1.620000e-06	6.344032e-06	5.016383e-09	4.584999e+01	3.300112e+02
1.630000e-06	6.348096e-06	5.017913e-09	4.587936e+01	3.301819e+02
1.640000e-06	6.349928e-06	5.021372e-09	4.589260e+01	3.302658e+02
1.650000e-06	6.349473e-06	5.028128e-09	4.588931e+01	3.302245e+02
1.660000e-06	6.346932e-06	5.027370e-09	4.587095e+01	3.300805e+02
1.670000e-06	6.342421e-06	5.027049e-09	4.583835e+01	3.299030e+02
1.680000e-06	6.335681e-06	5.027941e-09	4.578963e+01	3.297679e+02
1.690000e-06	6.326772e-06	5.025519e-09	4.572525e+01	3.297107e+02
1.700000e-06	6.315942e-06	5.022865e-09	4.564698e+01	3.297026e+02
1.710000e-06	6.302995e-06	5.021881e-09	4.555341e+01	3.296618e+02
1.720000e-06	6.287748e-06	5.030106e-09	4.544321e+01	3.294987e+02
1.730000e-06	6.270432e-06	5.012442e-09	4.531806e+01	3.291707e+02
1.740000e-06	6.250854e-06	4.967757e-09	4.517657e+01	3.287184e+02
1.750000e-06	6.228180e-06	5.002596e-09	4.501270e+01	3.282597e+02
1.760000e-06	6.202616e-06	5.018895e-09	4.482794e+01	3.279437e+02
1.770000e-06	6.175058e-06	5.005196e-09	4.462877e+01	3.278823e+02
1.780000e-06	6.146103e-06	5.082606e-09	4.441950e+01	3.280933e+02
1.790000e-06	6.115764e-06	5.012408e-09	4.420024e+01	3.284842e+02
1.800000e-06	6.083358e-06	4.980899e-09	4.396603e+01	3.288843e+02
1.810000e-06	6.048654e-06	5.159276e-09	4.371521e+01	3.291129e+02
1.820000e-06	6.012173e-06	5.086333e-09	4.345156e+01	3.290513e+02
1.830000e-06	5.973530e-06	5.077687e-09	4.317228e+01	3.286854e+02
1.840000e-06	5.932527e-06	5.095678e-09	4.287594e+01	3.280999e+02
1.850000e-06	5.889612e-06	4.943144e-09	4.256578e+01	3.274287e+02
1.860000e-06	5.844651e-06	5.020763e-09	4.224084e+01	3.267883e+02
1.870000e-06	5.797627e-06	4.978623e-09	4.190098e+01	3.262249e+02
1.880000e-06	5.748396e-06	4.944154e-09	4.154517e+01	3.257025e+02
1.890000e-06	5.696823e-06	4.997668e-09	4.117244e+01	3.251341e+02
1.900000e-06	5.642907e-06	4.921803e-09	4.078278e+01	3.244376e+02
1.910000e-06	5.586588e-06	4.981720e-09	4.037574e+01	3.235872e+02
1.920000e-06	5.528235e-06	4.926493e-09	3.995401e+01	3.226323e+02
1.930000e-06	5.468082e-06	4.893133e-09	3.951927e+01	3.216755e+02
1.940000e-06	5.405832e-06	4.935412e-09	3.906937e+01	3.208217e+02
1.950000e-06	5.341450e-06	4.860171e-09	3.860407e+01	3.201246e+02
1.960000e-06	5.275055e-06	4.896932e-09	3.812421e+01	3.195585e+02
1.970000e-06	5.206853e-06	4.845062e-09	3.763130e+01	3.190301e+02
1.980000e-06	5.136659e-06	4.859978e-09	3.712399e+01	3.184227e+02
1.990000e-06	5.064419e-06	4.867731e-09	3.660189e+01	3.176517e+02
2.000000e-06	4.990428e-06	4.812651e-09	3.606714e+01	3.167023e+02
2.010000e-06	4.914539e-06	4.842602e-09	3.551867e+01	3.156314e+02
2.020000e-06	4.836666e-06	4.787163e-09	3.495586e+01	3.145358e+02
2.030000e-06	4.756819e-06	4.798197e-09	3.437879e+01	3.135013e+02
2.040000e-06	4.675270e-06	4.776015e-09	3.378941e+01	3.125614e+02
2.050000e-06	4.592256e-06	4.760771e-09	3.318944e+01	3.116840e+02
2.060000e-06	4.507788e-06	4.757432e-09	3.257897e+01	3.107913e+02
2.070000e-06	4.421619e-06	4.718075e-09	3.195621e+01	3.098016e+02
2.080000e-06	4.333676e-06	4.722014e-09	3.132062e+01	3.086695e+02
2.090000e-06	4.244289e-06	4.686602e-09	3.067459e+01	3.074056e+02
2.100000e-06	4.153503e-06	4.685388e-09	3.001846e+01	3.060660e+02
2.110000e-06	4.061363e-06	4.663841e-09	2.935254e+01	3.047197e+02
2.120000e-06	3.967814e-06	4.642418e-09	2.867644e+01	3.034126e+02
2.130000e-06	3.872715e-06	4.619702e-09	2.798913e+01	3.021449e+02
2.140000e-06	3.776171e-06	4.592316e-09	2.729138e+01	3.008748e+02
2.150000e-06	3.678292e-06	4.577610e-09	2.658399e+01	2.995410e+02
2.160000e-06	3.579196e-06	4.550550e-09	2.586779e+01	2.980939e+02
2.170000e-06	3.478911e-06	4.539517e-09	2.514300e+01	2.965160e+02
2.180000e-06	3.377304e-06	4.514120e-09	2.440866e+01	2.948238e+02
2.190000e-06	3.274310e-06	4.489310e-09	2.366430e+01	2.930523e+02
2.200000e-06	3.170071e-06	4.457621e-09	2.291094e+01	2.912326e+02
2.210000e-06	3.064683e-06	4.436934e-09	2.214927e+01	2.893770e+02
2.220000e-06	2.958186e-06	4.411026e-09	2.137959e+01	2.874769e+02
2.230000e-06	2.850717e-06	4.377020e-09	2.060288e+01	2.855145e+02
2.240000e-06	2.742377e-06	4.339103e-09	1.981988e+01	2.834765e+02
2.250000e-06	2.633097e-06	4.305439e-09	1.903008e+01	2.813614e+02
2.260000e-06	2.522765e-06	4.274298e-09	1.823269e+01	2.791746e+02
2.270000e-06	2.411476e-06	4.241324e-09	1.742837e+01	2.769155e+02
2.280000e-06	2.299250e-06	4.213939e-09	1.661728e+01	2.745670e+02
2.290000e-06	2.186127e-06	4.176091e-09	1.579972e+01	2.720963e+02
2.300000e-06	2.072218e-06	4.134270e-09	1.497646e+01	2.694695e+02
2.310000e-06	1.957608e-06	4.089203e-09	1.414815e+01	2.666714e+02
2.320000e-06	1.842261e-06	4.048762e-09	1.331450e+01	2.637185e+02
2.330000e-06	1.726203e-06	4.002313e-09	1.247572e+01	2.606527e+02
2.340000e-06	1.609491e-06	3.950324e-09	1.163221e+01	2.575163e+02
2.350000e-06	1.492040e-06	3.897880e-09	1.078337e+01	2.543193e+02
2.360000e-06	1.373963e-06	3.847902e-09	9.929990e+00	2.510178e+02
2.370000e-06	1.255388e-06	3.797885e-09	9.073019e+00	2.475193e+02
2.380000e-06	1.136390e-06	3.740529e-09	8.212990e+00	2.437166e+02
2.390000e-06	1.016998e-06	3.678084e-09	7.350109e+00	2.395346e+02
2.400000e-06	8.972490e-07	3.610220e-09	6.484655e+00	2.349654e+02
2.410000e-06	7.771828e-07	3.539576e-09	5.616905e+00	2.300676e+02
2.420000e-06	6.569117e-07	3.463967e-09	4.747674e+00	2.249247e+02
2.430000e-06	5.364637e-07	3.382717e-09	3.877165e+00	2.195772e+02
2.440000e-06	4.158423e-07	3.293165e-09	3.005402e+00	2.139642e+02
2.450000e-06	2.950174e-07	3.193986e-09	2.132169e+00	2.079075e+02
2.460000e-06	1.740115e-07	3.086321e-09	1.257627e+00	2.011518e+02
2.470000e-06	5.295241e-08	2.969481e-09	3.827010e-01	1.934493e+02
2.480000e-06	-6.811187e-08	2.843663e-09	-4.922624e-01	1.846419e+02
2.490000e-06	-1.891357e-07	2.700468e-09	-1.366934e+00	1.746953e+02
2.500000e-06	-3.100869e-07	2.535880e-09	-2.241080e+00	1.636508e+02
2.510000e-06	-4.309604e-07	2.350107e-09	-3.114665e+00	1.515050e+02
2.520000e-06	-5.517343e-07	2.139872e-09	-3.987529e+00	1.380681e+02
2.530000e-06	-6.723635e-07	1.902573e-09	-4.859348e+00	1.228780e+02
2.540000e-06	-7.927596e-07	1.629352e-09	-5.729482e+00	1.052339e+02
2.550000e-06	-9.128096e-07	1.313170e-09	-6.597116e+00	8.437462e+01
2.560000e-06	-1.032480e-06	9.479703e-10	-7.462005e+00	5.975873e+01
2.570000e-06	-1.151785e-06	5.275002e-10	-8.324254e+00	3.135308e+01
2.580000e-06	-1.270734e-06	5.257502e-11	-9.183932e+00	-1.848836e-01
2.590000e-06	-1.389206e-06	-4.652020e-10	-1.004016e+01	-3.351804e+01
2.600000e-06	-1.507038e-06	-9.925277e-10	-1.089176e+01	-6.685448e+01
2.610000e-06	-1.624092e-06	-1.485523e-09	-1.173774e+01	-9.832710e+01
2.620000e-06	-1.740331e-06	-1.913299e-09	-1.257783e+01	-1.264078e+02
2.630000e-06	-1.855813e-06	-2.269832e-09	-1.341245e+01	-1.502211e+02
2.640000e-06	-1.970557e-06	-2.563495e-09	-1.424173e+01	-1.696573e+02
2.650000e-06	-2.084499e-06	-2.806230e-09	-1.506522e+01	-1.852626e+02
2.660000e-06	-2.197547e-06	-3.010996e-09	-1.588225e+01	-1.979611e+02
2.670000e-06	-2.309633e-06	-3.184302e-09	-1.669233e+01	-2.087213e+02
2.680000e-06	-2.420610e-06	-3.332461e-09	-1.749439e+01	-2.182867e+02
2.690000e-06	-2.530602e-06	-3.463261e-09	-1.828932e+01	-2.270529e+02
2.700000e-06	-2.639823e-06	-3.580090e-09	-1.907869e+01	-2.351025e+02
2.710000e-06	-2.748177e-06	-3.684558e-09	-1.986180e+01	-2.423513e+02
2.720000e-06	-2.855644e-06	-3.778245e-09	-2.063849e+01	-2.487180e+02
2.730000e-06	-2.962215e-06	-3.864209e-09	-2.140871e+01	-2.542387e+02
2.740000e-06	-3.067800e-06	-3.944298e-09	-2.217180e+01	-2.590862e+02
2.750000e-06	-3.172300e-06	-4.018172e-09	-2.292705e+01	-2.635047e+02
2.760000e-06	-3.275535e-06	-4.086568e-09	-2.367316e+01	-2.677077e+02
2.770000e-06	-3.377496e-06	-4.149397e-09	-2.441005e+01	-2.718001e+02
2.780000e-06	-3.478144e-06	-4.207391e-09	-2.513746e+01	-2.757612e+02
2.790000e-06	-3.577575e-06	-4.261572e-09	-2.585607e+01	-2.794913e+02
2.800000e-06	-3.675917e-06	-4.313568e-09	-2.656682e+01	-2.828910e+02
2.810000e-06	-3.773107e-06	-4.362636e-09	-2.726924e+01	-2.859275e+02
2.820000e-06	-3.869053e-06	-4.408364e-09	-2.796267e+01	-2.886551e+02
2.830000e-06	-3.963571e-06	-4.453382e-09	-2.864577e+01	-2.911841e+02
2.840000e-06	-4.056571e-06	-4.496854e-09	-2.931790e+01	-2.936191e+02
2.850000e-06	-4.148152e-06	-4.535999e-09	-2.997979e+01	-2.960052e+02
2.860000e-06	-4.238307e-06	-4.569993e-09	-3.063136e+01	-2.983108e+02
2.870000e-06	-4.326943e-06	-4.600978e-09	-3.127196e+01	-3.004547e+02
2.880000e-06	-4.414017e-06	-4.631224e-09	-3.190126e+01	-3.023616e+02
2.890000e-06	-4.499363e-06	-4.659051e-09	-3.251808e+01	-3.040122e+02
2.900000e-06	-4.583103e-06	-4.684502e-09	-3.312330e+01	-3.054609e+02
2.910000e-06	-4.665369e-06	-4.709534e-09	-3.371785e+01	-3.068109e+02
2.920000e-06	-4.746035e-06	-4.733650e-09	-3.430084e+01	-3.081618e+02
2.930000e-06	-4.824851e-06	-4.755846e-09	-3.487047e+01	-3.095588e+02
2.940000e-06	-4.901629e-06	-4.775336e-09	-3.542536e+01	-3.109708e+02
2.950000e-06	-4.976506e-06	-4.794912e-09	-3.596652e+01	-3.123116e+02
2.960000e-06	-5.049568e-06	-4.814972e-09	-3.649456e+01	-3.134898e+02
2.970000e-06	-5.120749e-06	-4.831648e-09	-3.700901e+01	-3.144629e+02
2.980000e-06	-5.189933e-06	-4.844410e-09	-3.750901e+01	-3.152648e+02
2.990000e-06	-5.257175e-06	-4.855432e-09	-3.799499e+01	-3.159918e+02
3.000000e-06	-5.322638e-06	-4.868439e-09	-3.846811e+01	-3.167550e+02
3.010000e-06	-5.386284e-06	-4.883879e-09	-3.892809e+01	-3.176241e+02
3.020000e-06	-5.447865e-06	-4.898195e-09	-3.937316e+01	-3.185921e+02
3.030000e-06	-5.507359e-06	-4.909059e-09	-3.980314e+01	-3.195799e+02
3.040000e-06	-5.565007e-06	-4.919065e-09	-4.021977e+01	-3.204777e+02
3.050000e-06	-5.620776e-06	-4.929191e-09	-4.062283e+01	-3.212025e+02
3.060000e-06	-5.674335e-06	-4.940251e-09	-4.100992e+01	-3.217399e+02
3.070000e-06	-5.725579e-06	-4.949910e-09	-4.138027e+01	-3.221505e+02
3.080000e-06	-5.774469e-06	-4.956755e-09	-4.173361e+01	-3.225370e+02
3.090000e-06	-5.821110e-06	-4.961488e-09	-4.207069e+01	-3.229911e+02
3.100000e-06	-5.865886e-06	-4.966879e-09	-4.239430e+01	-3.235470e+02
3.110000e-06	-5.908841e-06	-4.973545e-09	-4.270475e+01	-3.241667e+02
3.120000e-06	-5.949881e-06	-4.979687e-09	-4.300136e+01	-3.247640e+02
3.130000e-06	-5.988872e-06	-4.984430e-09	-4.328315e+01	-3.252526e+02
3.140000e-06	-6.025654e-06	-4.990424e-09	-4.354899e+01	-3.255928e+02
3.150000e-06	-6.060302e-06	-4.997487e-09	-4.379940e+01	-3.258123e+02
3.160000e-06	-6.092864e-06	-5.002948e-09	-4.403473e+01	-3.259899e+02
3.170000e-06	-6.123118e-06	-5.007607e-09	-4.425338e+01	-3.262120e+02
3.180000e-06	-6.151135e-06	-5.010673e-09	-4.445587e+01	-3.265254e+02
3.190000e-06	-6.176998e-06	-5.013624e-09	-4.464279e+01	-3.269130e+02
3.200000e-06	-6.200675e-06	-5.015263e-09	-4.481391e+01	-3.273032e+02
3.210000e-06	-6.222030e-06	-5.016195e-09	-4.496825e+01	-3.276097e+02
3.220000e-06	-6.241137e-06	-5.016643e-09	-4.510634e+01	-3.277784e+02
3.230000e-06	-6.258126e-06	-5.017943e-09	-4.522913e+01	-3.278165e+02
3.240000e-06	-6.272689e-06	-5.019675e-09	-4.533437e+01	-3.277880e+02
3.250000e-06	-6.284740e-06	-5.021047e-09	-4.542147e+01	-3.277789e+02
3.260000e-06	-6.294488e-06	-5.022837e-09	-4.549192e+01	-3.278506e+02
3.270000e-06	-6.302058e-06	-5.024086e-09	-4.554663e+01	-3.280069e+02
3.280000e-06	-6.307241e-06	-5.023440e-09	-4.558409e+01	-3.281938e+02
3.290000e-06	-6.310167e-06	-5.021610e-09	-4.560524e+01	-3.283301e+02
3.300000e-06	-6.311062e-06	-5.017200e-09	-4.561171e+01	-3.283534e+02
3.310000e-06	-6.309716e-06	-5.014605e-09	-4.560198e+01	-3.282552e+02
