# Temperatura_=_20.0
# Concentracion g/m^3_=_8200.0
# C_Vs_to_Am_M_A/Vsm_=_65563218390.804596
# pendiente_HvsI_1/m_=_3716.3
# ordenada_HvsI_A/m_=_1297.0
# frecuencia_Hz_=_302599.00568836613

Tiempo_(s)	Campo_(V.s)	Magnetizacion_(V.s)	Campo_(kA/m)	Magnetizacion_(A/m)
0.000000e+00	-7.968775e-06	-6.004632e-09	-5.756250e+01	-3.942392e+02
1.000000e-08	-7.966444e-06	-6.010335e-09	-5.754566e+01	-3.942718e+02
2.000000e-08	-7.961414e-06	-6.006880e-09	-5.750933e+01	-3.942382e+02
3.000000e-08	-7.953835e-06	-6.004708e-09	-5.745458e+01	-3.941140e+02
4.000000e-08	-7.943475e-06	-6.004701e-09	-5.737974e+01	-3.938976e+02
5.000000e-08	-7.930272e-06	-6.000488e-09	-5.728437e+01	-3.936130e+02
6.000000e-08	-7.914180e-06	-5.992572e-09	-5.716813e+01	-3.932994e+02
7.000000e-08	-7.895476e-06	-5.983536e-09	-5.703303e+01	-3.929947e+02
8.000000e-08	-7.874543e-06	-5.968163e-09	-5.688181e+01	-3.927185e+02
9.000000e-08	-7.851029e-06	-6.017292e-09	-5.671196e+01	-3.924651e+02
1.000000e-07	-7.824441e-06	-6.033653e-09	-5.651990e+01	-3.922081e+02
1.100000e-07	-7.794711e-06	-5.970479e-09	-5.630515e+01	-3.919147e+02
1.200000e-07	-7.762139e-06	-5.945545e-09	-5.606986e+01	-3.915618e+02
1.300000e-07	-7.726805e-06	-5.953587e-09	-5.581463e+01	-3.911450e+02
1.400000e-07	-7.688865e-06	-5.964479e-09	-5.554057e+01	-3.906765e+02
1.500000e-07	-7.648586e-06	-5.926367e-09	-5.524962e+01	-3.901735e+02
1.600000e-07	-7.605978e-06	-5.908268e-09	-5.494183e+01	-3.896449e+02
1.700000e-07	-7.560887e-06	-5.967697e-09	-5.461612e+01	-3.890835e+02
1.800000e-07	-7.513085e-06	-5.879297e-09	-5.427082e+01	-3.884703e+02
1.900000e-07	-7.462433e-06	-5.904728e-09	-5.390494e+01	-3.877881e+02
2.000000e-07	-7.408882e-06	-5.940100e-09	-5.351811e+01	-3.870359e+02
2.100000e-07	-7.352536e-06	-5.853786e-09	-5.311109e+01	-3.862367e+02
2.200000e-07	-7.293549e-06	-5.888678e-09	-5.268500e+01	-3.854307e+02
2.300000e-07	-7.232017e-06	-5.858424e-09	-5.224052e+01	-3.846566e+02
2.400000e-07	-7.167866e-06	-5.858710e-09	-5.177713e+01	-3.839292e+02
2.500000e-07	-7.100902e-06	-5.835239e-09	-5.129341e+01	-3.832266e+02
2.600000e-07	-7.031238e-06	-5.834080e-09	-5.079020e+01	-3.824932e+02
2.700000e-07	-6.958880e-06	-5.825081e-09	-5.026751e+01	-3.816616e+02
2.800000e-07	-6.883656e-06	-5.770267e-09	-4.972413e+01	-3.806825e+02
2.900000e-07	-6.805624e-06	-5.765362e-09	-4.916047e+01	-3.795494e+02
3.000000e-07	-6.724886e-06	-5.751309e-09	-4.857726e+01	-3.783044e+02
3.100000e-07	-6.641710e-06	-5.762948e-09	-4.797643e+01	-3.770220e+02
3.200000e-07	-6.556306e-06	-5.734006e-09	-4.735952e+01	-3.757762e+02
3.300000e-07	-6.468530e-06	-5.702107e-09	-4.672547e+01	-3.746058e+02
3.400000e-07	-6.378366e-06	-5.703583e-09	-4.607417e+01	-3.734954e+02
3.500000e-07	-6.285953e-06	-5.679383e-09	-4.540663e+01	-3.723807e+02
3.600000e-07	-6.191289e-06	-5.651806e-09	-4.472282e+01	-3.711767e+02
3.700000e-07	-6.094361e-06	-5.621656e-09	-4.402266e+01	-3.698151e+02
3.800000e-07	-5.995149e-06	-5.607243e-09	-4.330600e+01	-3.682749e+02
3.900000e-07	-5.893704e-06	-5.582458e-09	-4.257321e+01	-3.665906e+02
4.000000e-07	-5.790145e-06	-5.544404e-09	-4.182515e+01	-3.648345e+02
4.100000e-07	-5.684625e-06	-5.517701e-09	-4.106292e+01	-3.630823e+02
4.200000e-07	-5.577145e-06	-5.508712e-09	-4.028655e+01	-3.613785e+02
4.300000e-07	-5.467676e-06	-5.492221e-09	-3.949580e+01	-3.597168e+02
4.400000e-07	-5.356200e-06	-5.446272e-09	-3.869055e+01	-3.580449e+02
4.500000e-07	-5.242624e-06	-5.417590e-09	-3.787013e+01	-3.562898e+02
4.600000e-07	-5.127024e-06	-5.404691e-09	-3.703509e+01	-3.543906e+02
4.700000e-07	-5.009511e-06	-5.370118e-09	-3.618624e+01	-3.523232e+02
4.800000e-07	-4.890166e-06	-5.323580e-09	-3.532414e+01	-3.501053e+02
4.900000e-07	-4.769061e-06	-5.296017e-09	-3.444934e+01	-3.477811e+02
5.000000e-07	-4.646243e-06	-5.269097e-09	-3.356217e+01	-3.453960e+02
5.100000e-07	-4.521742e-06	-5.216967e-09	-3.266284e+01	-3.429723e+02
5.200000e-07	-4.395622e-06	-5.170622e-09	-3.175180e+01	-3.405007e+02
5.300000e-07	-4.267840e-06	-5.143478e-09	-3.082877e+01	-3.379472e+02
5.400000e-07	-4.138485e-06	-5.104253e-09	-2.989438e+01	-3.352728e+02
5.500000e-07	-4.007666e-06	-5.046597e-09	-2.894941e+01	-3.324517e+02
5.600000e-07	-3.875297e-06	-5.000814e-09	-2.799323e+01	-3.294794e+02
5.700000e-07	-3.741347e-06	-4.966336e-09	-2.702564e+01	-3.263676e+02
5.800000e-07	-3.605894e-06	-4.916630e-09	-2.604720e+01	-3.231287e+02
5.900000e-07	-3.469050e-06	-4.860167e-09	-2.505871e+01	-3.197613e+02
6.000000e-07	-3.330900e-06	-4.811158e-09	-2.406078e+01	-3.162454e+02
6.100000e-07	-3.191435e-06	-4.754736e-09	-2.305336e+01	-3.125491e+02
6.200000e-07	-3.050572e-06	-4.684099e-09	-2.203583e+01	-3.086450e+02
6.300000e-07	-2.908391e-06	-4.619683e-09	-2.100878e+01	-3.045234e+02
6.400000e-07	-2.765125e-06	-4.561566e-09	-1.997390e+01	-3.001956e+02
6.500000e-07	-2.620886e-06	-4.490536e-09	-1.893198e+01	-2.956836e+02
6.600000e-07	-2.475758e-06	-4.412626e-09	-1.788365e+01	-2.910009e+02
6.700000e-07	-2.329817e-06	-4.340360e-09	-1.682945e+01	-2.861354e+02
6.800000e-07	-2.183031e-06	-4.267275e-09	-1.576914e+01	-2.810437e+02
6.900000e-07	-2.035431e-06	-4.185264e-09	-1.470295e+01	-2.756614e+02
7.000000e-07	-1.887140e-06	-4.100404e-09	-1.363177e+01	-2.699224e+02
7.100000e-07	-1.738325e-06	-4.011652e-09	-1.255680e+01	-2.637771e+02
7.200000e-07	-1.589027e-06	-3.910942e-09	-1.147835e+01	-2.571984e+02
7.300000e-07	-1.439183e-06	-3.799373e-09	-1.039594e+01	-2.501703e+02
7.400000e-07	-1.288786e-06	-3.683981e-09	-9.309557e+00	-2.426661e+02
7.500000e-07	-1.137890e-06	-3.560307e-09	-8.219555e+00	-2.346278e+02
7.600000e-07	-9.865648e-07	-3.422614e-09	-7.126457e+00	-2.259608e+02
7.700000e-07	-8.348934e-07	-3.275831e-09	-6.030858e+00	-2.165464e+02
7.800000e-07	-6.829616e-07	-3.120611e-09	-4.933377e+00	-2.062661e+02
7.900000e-07	-5.308256e-07	-2.953814e-09	-3.834422e+00	-1.950198e+02
8.000000e-07	-3.785538e-07	-2.770204e-09	-2.734486e+00	-1.827209e+02
8.100000e-07	-2.261294e-07	-2.568353e-09	-1.633447e+00	-1.692626e+02
8.200000e-07	-7.353779e-08	-2.341863e-09	-5.312007e-01	-1.544678e+02
8.300000e-07	7.909395e-08	-2.087261e-09	5.713357e-01	-1.380491e+02
8.400000e-07	2.317387e-07	-1.802721e-09	1.673966e+00	-1.196120e+02
8.500000e-07	3.843894e-07	-1.481146e-09	2.776640e+00	-9.872191e+01
8.600000e-07	5.369466e-07	-1.120676e-09	3.878638e+00	-7.503057e+01
8.700000e-07	6.892859e-07	-7.179332e-10	4.979062e+00	-4.842970e+01
8.800000e-07	8.414401e-07	-2.752561e-10	6.078148e+00	-1.917855e+01
8.900000e-07	9.934090e-07	2.010538e-10	7.175897e+00	1.204670e+01
9.000000e-07	1.145020e-06	6.927994e-10	8.271057e+00	4.421267e+01
9.100000e-07	1.296215e-06	1.179577e-09	9.363216e+00	7.609201e+01
9.200000e-07	1.446930e-06	1.640028e-09	1.045191e+01	1.064870e+02
9.300000e-07	1.597066e-06	2.057664e-09	1.153642e+01	1.344476e+02
9.400000e-07	1.746538e-06	2.431148e-09	1.261613e+01	1.594184e+02
9.500000e-07	1.895313e-06	2.759667e-09	1.369080e+01	1.812755e+02
9.600000e-07	2.043426e-06	3.049033e-09	1.476070e+01	2.002526e+02
9.700000e-07	2.190825e-06	3.303860e-09	1.582544e+01	2.167918e+02
9.800000e-07	2.337395e-06	3.528265e-09	1.688419e+01	2.313784e+02
9.900000e-07	2.483078e-06	3.725654e-09	1.793653e+01	2.444133e+02
1.000000e-06	2.627868e-06	3.899697e-09	1.898242e+01	2.561573e+02
1.010000e-06	2.771706e-06	4.057492e-09	2.002144e+01	2.667467e+02
1.020000e-06	2.914497e-06	4.201877e-09	2.105289e+01	2.762533e+02
1.030000e-06	3.056098e-06	4.331677e-09	2.207575e+01	2.847502e+02
1.040000e-06	3.196454e-06	4.445274e-09	2.308960e+01	2.923510e+02
1.050000e-06	3.335545e-06	4.547161e-09	2.409433e+01	2.992093e+02
1.060000e-06	3.473328e-06	4.643852e-09	2.508961e+01	3.054872e+02
1.070000e-06	3.609807e-06	4.734482e-09	2.607546e+01	3.113156e+02
1.080000e-06	3.744921e-06	4.817148e-09	2.705146e+01	3.167694e+02
1.090000e-06	3.878627e-06	4.892604e-09	2.801729e+01	3.218697e+02
1.100000e-06	4.010942e-06	4.961164e-09	2.897307e+01	3.266086e+02
1.110000e-06	4.141862e-06	5.025772e-09	2.991877e+01	3.309825e+02
1.120000e-06	4.271312e-06	5.087672e-09	3.085385e+01	3.350138e+02
1.130000e-06	4.399273e-06	5.145524e-09	3.177818e+01	3.387521e+02
1.140000e-06	4.525732e-06	5.196524e-09	3.269165e+01	3.422571e+02
1.150000e-06	4.650618e-06	5.241514e-09	3.359377e+01	3.455737e+02
1.160000e-06	4.773927e-06	5.287570e-09	3.448450e+01	3.487162e+02
1.170000e-06	4.895565e-06	5.332203e-09	3.536315e+01	3.516700e+02
1.180000e-06	5.015416e-06	5.372336e-09	3.622889e+01	3.544100e+02
1.190000e-06	5.133426e-06	5.409454e-09	3.708134e+01	3.569247e+02
1.200000e-06	5.249527e-06	5.444741e-09	3.791999e+01	3.592322e+02
1.210000e-06	5.363634e-06	5.477496e-09	3.874425e+01	3.613796e+02
1.220000e-06	5.475696e-06	5.508143e-09	3.955372e+01	3.634240e+02
1.230000e-06	5.585765e-06	5.539979e-09	4.034881e+01	3.654081e+02
1.240000e-06	5.693895e-06	5.570356e-09	4.112989e+01	3.673411e+02
1.250000e-06	5.799996e-06	5.596695e-09	4.189631e+01	3.691976e+02
1.260000e-06	5.903907e-06	5.620378e-09	4.264691e+01	3.709336e+02
1.270000e-06	6.005635e-06	5.643681e-09	4.338175e+01	3.725136e+02
1.280000e-06	6.105179e-06	5.666623e-09	4.410080e+01	3.739324e+02
1.290000e-06	6.202401e-06	5.687637e-09	4.480309e+01	3.752221e+02
1.300000e-06	6.297312e-06	5.706596e-09	4.548867e+01	3.764393e+02
1.310000e-06	6.390018e-06	5.724682e-09	4.615834e+01	3.776397e+02
1.320000e-06	6.480408e-06	5.743853e-09	4.681127e+01	3.788522e+02
1.330000e-06	6.568420e-06	5.764049e-09	4.744703e+01	3.800666e+02
1.340000e-06	6.654105e-06	5.783263e-09	4.806598e+01	3.812401e+02
1.350000e-06	6.737501e-06	5.801286e-09	4.866838e+01	3.823198e+02
1.360000e-06	6.818440e-06	5.818426e-09	4.925305e+01	3.832697e+02
1.370000e-06	6.896823e-06	5.833642e-09	4.981925e+01	3.840889e+02
1.380000e-06	6.972687e-06	5.845785e-09	5.036725e+01	3.848126e+02
1.390000e-06	7.045917e-06	5.855890e-09	5.089623e+01	3.854966e+02
1.400000e-06	7.116577e-06	5.867189e-09	5.140665e+01	3.861922e+02
1.410000e-06	7.184780e-06	5.879166e-09	5.189931e+01	3.869254e+02
1.420000e-06	7.250390e-06	5.890300e-09	5.237324e+01	3.876889e+02
1.430000e-06	7.313412e-06	5.902718e-09	5.282848e+01	3.884497e+02
1.440000e-06	7.373991e-06	5.916402e-09	5.326607e+01	3.891677e+02
1.450000e-06	7.432016e-06	5.929055e-09	5.368522e+01	3.898146e+02
1.460000e-06	7.487407e-06	5.939039e-09	5.408533e+01	3.903851e+02
1.470000e-06	7.539959e-06	5.947236e-09	5.446494e+01	3.908948e+02
1.480000e-06	7.589365e-06	5.954173e-09	5.482183e+01	3.913694e+02
1.490000e-06	7.635814e-06	5.960141e-09	5.515736e+01	3.918303e+02
1.500000e-06	7.679554e-06	5.965890e-09	5.547331e+01	3.922850e+02
1.510000e-06	7.720557e-06	5.971846e-09	5.576949e+01	3.927271e+02
1.520000e-06	7.758884e-06	5.978967e-09	5.604635e+01	3.931430e+02
1.530000e-06	7.794566e-06	5.987327e-09	5.630410e+01	3.935208e+02
1.540000e-06	7.827481e-06	5.995307e-09	5.654186e+01	3.938569e+02
1.550000e-06	7.857639e-06	6.001497e-09	5.675971e+01	3.941546e+02
1.560000e-06	7.885014e-06	6.007196e-09	5.695745e+01	3.944190e+02
1.570000e-06	7.909433e-06	6.012366e-09	5.713384e+01	3.946512e+02
1.580000e-06	7.930979e-06	6.016003e-09	5.728948e+01	3.948464e+02
1.590000e-06	7.949696e-06	6.019363e-09	5.742468e+01	3.949977e+02
1.600000e-06	7.965457e-06	6.021976e-09	5.753853e+01	3.951032e+02
1.610000e-06	7.978234e-06	6.023076e-09	5.763083e+01	3.951717e+02
1.620000e-06	7.987894e-06	6.023282e-09	5.770061e+01	3.952214e+02
1.630000e-06	7.994569e-06	6.024642e-09	5.774883e+01	3.952723e+02
1.640000e-06	7.998488e-06	6.028013e-09	5.777713e+01	3.953349e+02
1.650000e-06	7.999544e-06	6.034455e-09	5.778476e+01	3.954014e+02
1.660000e-06	7.997841e-06	6.031219e-09	5.777246e+01	3.954453e+02
1.670000e-06	7.993497e-06	6.028582e-09	5.774108e+01	3.954315e+02
1.680000e-06	7.986397e-06	6.028523e-09	5.768980e+01	3.953312e+02
1.690000e-06	7.976629e-06	6.023189e-09	5.761923e+01	3.951368e+02
1.700000e-06	7.964148e-06	6.017837e-09	5.752908e+01	3.948661e+02
1.710000e-06	7.948868e-06	6.020300e-09	5.741870e+01	3.945560e+02
1.720000e-06	7.931061e-06	6.030534e-09	5.729008e+01	3.942465e+02
1.730000e-06	7.910912e-06	6.024599e-09	5.714452e+01	3.939629e+02
1.740000e-06	7.888107e-06	5.946465e-09	5.697980e+01	3.937059e+02
1.750000e-06	7.862038e-06	5.965968e-09	5.679148e+01	3.934531e+02
1.760000e-06	7.832342e-06	6.007917e-09	5.657698e+01	3.931718e+02
1.770000e-06	7.799436e-06	5.987124e-09	5.633928e+01	3.928352e+02
1.780000e-06	7.764121e-06	5.965787e-09	5.608418e+01	3.924339e+02
1.790000e-06	7.726492e-06	6.014956e-09	5.581237e+01	3.919768e+02
1.800000e-06	7.686588e-06	6.012134e-09	5.552412e+01	3.914813e+02
1.810000e-06	7.644685e-06	5.877770e-09	5.522143e+01	3.909593e+02
1.820000e-06	7.600352e-06	6.004150e-09	5.490119e+01	3.904077e+02
1.830000e-06	7.553268e-06	5.943831e-09	5.456109e+01	3.898097e+02
1.840000e-06	7.503444e-06	5.906178e-09	5.420118e+01	3.891459e+02
1.850000e-06	7.450576e-06	5.970229e-09	5.381928e+01	3.884101e+02
1.860000e-06	7.394847e-06	5.861233e-09	5.341673e+01	3.876195e+02
1.870000e-06	7.336466e-06	5.938186e-09	5.299501e+01	3.868114e+02
1.880000e-06	7.275423e-06	5.870189e-09	5.255407e+01	3.860268e+02
1.890000e-06	7.211699e-06	5.881036e-09	5.209376e+01	3.852885e+02
1.900000e-06	7.145201e-06	5.898628e-09	5.161341e+01	3.845841e+02
1.910000e-06	7.075978e-06	5.821314e-09	5.111338e+01	3.838649e+02
1.920000e-06	7.003934e-06	5.879362e-09	5.059297e+01	3.830639e+02
1.930000e-06	6.929145e-06	5.835125e-09	5.005273e+01	3.821244e+02
1.940000e-06	6.851649e-06	5.860973e-09	4.949293e+01	3.810278e+02
1.950000e-06	6.771537e-06	5.803891e-09	4.891424e+01	3.798048e+02
1.960000e-06	6.688954e-06	5.768018e-09	4.831771e+01	3.785244e+02
1.970000e-06	6.603833e-06	5.776905e-09	4.770284e+01	3.772641e+02
1.980000e-06	6.516222e-06	5.712966e-09	4.706998e+01	3.760742e+02
1.990000e-06	6.426248e-06	5.732876e-09	4.642004e+01	3.749535e+02
2.000000e-06	6.334013e-06	5.704918e-09	4.575378e+01	3.738479e+02
2.010000e-06	6.239485e-06	5.712337e-09	4.507096e+01	3.726741e+02
2.020000e-06	6.142747e-06	5.669845e-09	4.437218e+01	3.713562e+02
2.030000e-06	6.043904e-06	5.638963e-09	4.365818e+01	3.698597e+02
2.040000e-06	5.942912e-06	5.638404e-09	4.292866e+01	3.682059e+02
2.050000e-06	5.839744e-06	5.624258e-09	4.218343e+01	3.664602e+02
2.060000e-06	5.734467e-06	5.586358e-09	4.142296e+01	3.647013e+02
2.070000e-06	5.627297e-06	5.533322e-09	4.064882e+01	3.629841e+02
2.080000e-06	5.518192e-06	5.530051e-09	3.986070e+01	3.613155e+02
2.090000e-06	5.407037e-06	5.500791e-09	3.905777e+01	3.596530e+02
2.100000e-06	5.293850e-06	5.463149e-09	3.824016e+01	3.579256e+02
2.110000e-06	5.178681e-06	5.432946e-09	3.740823e+01	3.560666e+02
2.120000e-06	5.061560e-06	5.426525e-09	3.656221e+01	3.540413e+02
2.130000e-06	4.942438e-06	5.379677e-09	3.570173e+01	3.518577e+02
2.140000e-06	4.821471e-06	5.330185e-09	3.482793e+01	3.495556e+02
2.150000e-06	4.698814e-06	5.309838e-09	3.394191e+01	3.471826e+02
2.160000e-06	4.574451e-06	5.288235e-09	3.304358e+01	3.447684e+02
2.170000e-06	4.448408e-06	5.233903e-09	3.213311e+01	3.423114e+02
2.180000e-06	4.320764e-06	5.184212e-09	3.121107e+01	3.397824e+02
2.190000e-06	4.191568e-06	5.163320e-09	3.027782e+01	3.371417e+02
2.200000e-06	4.060817e-06	5.124193e-09	2.933334e+01	3.343587e+02
2.210000e-06	3.928505e-06	5.072687e-09	2.837758e+01	3.314237e+02
2.220000e-06	3.794725e-06	5.028069e-09	2.741122e+01	3.283455e+02
2.230000e-06	3.659498e-06	4.990770e-09	2.643441e+01	3.251380e+02
2.240000e-06	3.522833e-06	4.927968e-09	2.544720e+01	3.218042e+02
2.250000e-06	3.384817e-06	4.868057e-09	2.445025e+01	3.183283e+02
2.260000e-06	3.245446e-06	4.819917e-09	2.344350e+01	3.146804e+02
2.270000e-06	3.104815e-06	4.766544e-09	2.242765e+01	3.108302e+02
2.280000e-06	2.962986e-06	4.701184e-09	2.140315e+01	3.067628e+02
2.290000e-06	2.820006e-06	4.640798e-09	2.037033e+01	3.024848e+02
2.300000e-06	2.675962e-06	4.582309e-09	1.932983e+01	2.980171e+02
2.310000e-06	2.530998e-06	4.508909e-09	1.828268e+01	2.933772e+02
2.320000e-06	2.385233e-06	4.430895e-09	1.722975e+01	2.885605e+02
2.330000e-06	2.238699e-06	4.353557e-09	1.617126e+01	2.835311e+02
2.340000e-06	2.091319e-06	4.269097e-09	1.510666e+01	2.782282e+02
2.350000e-06	1.943113e-06	4.175309e-09	1.403609e+01	2.725840e+02
2.360000e-06	1.794357e-06	4.082506e-09	1.296155e+01	2.665438e+02
2.370000e-06	1.645111e-06	3.990332e-09	1.188347e+01	2.600753e+02
2.380000e-06	1.495341e-06	3.886878e-09	1.080161e+01	2.531614e+02
2.390000e-06	1.345079e-06	3.775173e-09	9.716188e+00	2.457804e+02
2.400000e-06	1.194374e-06	3.657832e-09	8.627566e+00	2.378833e+02
2.410000e-06	1.043313e-06	3.527156e-09	7.536376e+00	2.293843e+02
2.420000e-06	8.919554e-07	3.384828e-09	6.443046e+00	2.201684e+02
2.430000e-06	7.402721e-07	3.233258e-09	5.347360e+00	2.101151e+02
2.440000e-06	5.882813e-07	3.069762e-09	4.249454e+00	1.991188e+02
2.450000e-06	4.360995e-07	2.885373e-09	3.150167e+00	1.870916e+02
2.460000e-06	2.837590e-07	2.681236e-09	2.049735e+00	1.739363e+02
2.470000e-06	1.312748e-07	2.458241e-09	9.482642e-01	1.594981e+02
2.480000e-06	-2.131099e-08	2.212906e-09	-1.539401e-01	1.435190e+02
2.490000e-06	-1.739655e-07	1.939117e-09	-1.256641e+00	1.256277e+02
2.500000e-06	-3.265648e-07	1.630840e-09	-2.358943e+00	1.053896e+02
2.510000e-06	-4.790347e-07	1.285466e-09	-3.460310e+00	8.242086e+01
2.520000e-06	-6.313448e-07	8.964596e-10	-4.560523e+00	5.653924e+01
2.530000e-06	-7.834129e-07	4.641489e-10	-5.658988e+00	2.790361e+01
2.540000e-06	-9.352315e-07	-7.998304e-12	-6.755651e+00	-2.912940e+00
2.550000e-06	-1.086792e-06	-5.048317e-10	-7.850447e+00	-3.495459e+01
2.560000e-06	-1.237971e-06	-1.001158e-09	-8.942492e+00	-6.702285e+01
2.570000e-06	-1.388629e-06	-1.477255e-09	-1.003077e+01	-9.789077e+01
2.580000e-06	-1.538715e-06	-1.917755e-09	-1.111492e+01	-1.265288e+02
2.590000e-06	-1.688252e-06	-2.311087e-09	-1.219510e+01	-1.522748e+02
2.600000e-06	-1.837217e-06	-2.655823e-09	-1.327115e+01	-1.749000e+02
2.610000e-06	-1.985530e-06	-2.958870e-09	-1.434249e+01	-1.945607e+02
2.620000e-06	-2.133073e-06	-3.225490e-09	-1.540826e+01	-2.116628e+02
2.630000e-06	-2.279813e-06	-3.458461e-09	-1.646824e+01	-2.266949e+02
2.640000e-06	-2.425707e-06	-3.663893e-09	-1.752211e+01	-2.400873e+02
2.650000e-06	-2.570639e-06	-3.847633e-09	-1.856903e+01	-2.521370e+02
2.660000e-06	-2.714555e-06	-4.012946e-09	-1.960861e+01	-2.630069e+02
2.670000e-06	-2.857407e-06	-4.163199e-09	-2.064050e+01	-2.727781e+02
2.680000e-06	-2.999110e-06	-4.300664e-09	-2.166409e+01	-2.815185e+02
2.690000e-06	-3.139605e-06	-4.424325e-09	-2.267896e+01	-2.893299e+02
2.700000e-06	-3.278871e-06	-4.532182e-09	-2.368495e+01	-2.963581e+02
2.710000e-06	-3.416858e-06	-4.628542e-09	-2.468169e+01	-3.027668e+02
2.720000e-06	-3.553566e-06	-4.719193e-09	-2.566920e+01	-3.086980e+02
2.730000e-06	-3.688979e-06	-4.804052e-09	-2.664736e+01	-3.142415e+02
2.740000e-06	-3.823066e-06	-4.883627e-09	-2.761595e+01	-3.194301e+02
2.750000e-06	-3.955802e-06	-4.958829e-09	-2.857477e+01	-3.242602e+02
2.760000e-06	-4.087093e-06	-5.028070e-09	-2.952315e+01	-3.287243e+02
2.770000e-06	-4.216903e-06	-5.091868e-09	-3.046082e+01	-3.328372e+02
2.780000e-06	-4.345321e-06	-5.153401e-09	-3.138846e+01	-3.366429e+02
2.790000e-06	-4.472329e-06	-5.212217e-09	-3.230590e+01	-3.402009e+02
2.800000e-06	-4.597741e-06	-5.263978e-09	-3.321181e+01	-3.435618e+02
2.810000e-06	-4.721518e-06	-5.311548e-09	-3.410592e+01	-3.467481e+02
2.820000e-06	-4.843609e-06	-5.359143e-09	-3.498785e+01	-3.497512e+02
2.830000e-06	-4.963964e-06	-5.403691e-09	-3.585723e+01	-3.525464e+02
2.840000e-06	-5.082462e-06	-5.442936e-09	-3.671320e+01	-3.551168e+02
2.850000e-06	-5.198932e-06	-5.479975e-09	-3.755452e+01	-3.574725e+02
2.860000e-06	-5.313301e-06	-5.515405e-09	-3.838066e+01	-3.596543e+02
2.870000e-06	-5.425548e-06	-5.547672e-09	-3.919148e+01	-3.617192e+02
2.880000e-06	-5.535733e-06	-5.578065e-09	-3.998740e+01	-3.637159e+02
2.890000e-06	-5.643947e-06	-5.607859e-09	-4.076909e+01	-3.656627e+02
2.900000e-06	-5.750228e-06	-5.636270e-09	-4.153681e+01	-3.675419e+02
2.910000e-06	-5.854439e-06	-5.661973e-09	-4.228958e+01	-3.693120e+02
2.920000e-06	-5.956416e-06	-5.687664e-09	-4.302621e+01	-3.709327e+02
2.930000e-06	-6.056141e-06	-5.712382e-09	-4.374658e+01	-3.723900e+02
2.940000e-06	-6.153739e-06	-5.732735e-09	-4.445157e+01	-3.737070e+02
2.950000e-06	-6.249183e-06	-5.750932e-09	-4.514101e+01	-3.749365e+02
2.960000e-06	-6.342295e-06	-5.769783e-09	-4.581361e+01	-3.761368e+02
2.970000e-06	-6.433061e-06	-5.788095e-09	-4.646926e+01	-3.773454e+02
2.980000e-06	-6.521593e-06	-5.804594e-09	-4.710877e+01	-3.785622e+02
2.990000e-06	-6.607828e-06	-5.820185e-09	-4.773169e+01	-3.797507e+02
3.000000e-06	-6.691647e-06	-5.833930e-09	-4.833716e+01	-3.808581e+02
3.010000e-06	-6.773065e-06	-5.844749e-09	-4.892528e+01	-3.818419e+02
3.020000e-06	-6.851974e-06	-5.855384e-09	-4.949528e+01	-3.826915e+02
3.030000e-06	-6.928203e-06	-5.867425e-09	-5.004592e+01	-3.834341e+02
3.040000e-06	-7.001822e-06	-5.878647e-09	-5.057771e+01	-3.841224e+02
3.050000e-06	-7.072897e-06	-5.888713e-09	-5.109112e+01	-3.848112e+02
3.060000e-06	-7.141363e-06	-5.898781e-09	-5.158569e+01	-3.855342e+02
3.070000e-06	-7.207309e-06	-5.910073e-09	-5.206205e+01	-3.862923e+02
3.080000e-06	-7.270796e-06	-5.921606e-09	-5.252064e+01	-3.870575e+02
3.090000e-06	-7.331716e-06	-5.931449e-09	-5.296070e+01	-3.877894e+02
3.100000e-06	-7.390070e-06	-5.938929e-09	-5.338222e+01	-3.884553e+02
3.110000e-06	-7.445731e-06	-5.947180e-09	-5.378429e+01	-3.890439e+02
3.120000e-06	-7.498498e-06	-5.954652e-09	-5.416545e+01	-3.895663e+02
3.130000e-06	-7.548284e-06	-5.960522e-09	-5.452508e+01	-3.900471e+02
3.140000e-06	-7.595142e-06	-5.966383e-09	-5.486356e+01	-3.905099e+02
3.150000e-06	-7.639400e-06	-5.974014e-09	-5.518326e+01	-3.909661e+02
3.160000e-06	-7.681190e-06	-5.982505e-09	-5.548513e+01	-3.914124e+02
3.170000e-06	-7.720305e-06	-5.989696e-09	-5.576767e+01	-3.918359e+02
3.180000e-06	-7.756617e-06	-5.996131e-09	-5.602998e+01	-3.922237e+02
3.190000e-06	-7.790144e-06	-6.000099e-09	-5.627216e+01	-3.925700e+02
3.200000e-06	-7.820833e-06	-6.001522e-09	-5.649384e+01	-3.928765e+02
3.210000e-06	-7.848668e-06	-6.000690e-09	-5.669491e+01	-3.931487e+02
3.220000e-06	-7.873718e-06	-6.000727e-09	-5.687585e+01	-3.933891e+02
3.230000e-06	-7.895856e-06	-6.003736e-09	-5.703577e+01	-3.935940e+02
3.240000e-06	-7.915141e-06	-6.008003e-09	-5.717507e+01	-3.937565e+02
3.250000e-06	-7.931630e-06	-6.009616e-09	-5.729419e+01	-3.938729e+02
3.260000e-06	-7.945001e-06	-6.010135e-09	-5.739077e+01	-3.939490e+02
3.270000e-06	-7.955269e-06	-6.010937e-09	-5.746494e+01	-3.940012e+02
3.280000e-06	-7.962631e-06	-6.010591e-09	-5.751812e+01	-3.940501e+02
3.290000e-06	-7.967176e-06	-6.008548e-09	-5.755095e+01	-3.941096e+02
3.300000e-06	-7.968991e-06	-6.004801e-09	-5.756406e+01	-3.941767e+02
