# Temperatura_=_20.0
# Concentracion g/m^3_=_8200.0
# C_Vs_to_Am_M_A/Vsm_=_65563218390.804596
# pendiente_HvsI_1/m_=_3716.3
# ordenada_HvsI_A/m_=_1297.0
# frecuencia_Hz_=_302603.3457966684

Tiempo_(s)	Campo_(V.s)	Magnetizacion_(V.s)	Campo_(kA/m)	Magnetizacion_(A/m)
0.000000e+00	-7.948746e-06	-5.498728e-09	-5.754571e+01	-3.605929e+02
1.000000e-08	-7.944017e-06	-5.498887e-09	-5.751147e+01	-3.606585e+02
2.000000e-08	-7.936751e-06	-5.498601e-09	-5.745886e+01	-3.606180e+02
3.000000e-08	-7.926735e-06	-5.500470e-09	-5.738636e+01	-3.604492e+02
4.000000e-08	-7.913793e-06	-5.498960e-09	-5.729266e+01	-3.601741e+02
5.000000e-08	-7.897898e-06	-5.491156e-09	-5.717758e+01	-3.598469e+02
6.000000e-08	-7.879367e-06	-5.481764e-09	-5.704343e+01	-3.595266e+02
7.000000e-08	-7.858704e-06	-5.465855e-09	-5.689383e+01	-3.592482e+02
8.000000e-08	-7.835630e-06	-5.503072e-09	-5.672679e+01	-3.590085e+02
9.000000e-08	-7.809425e-06	-5.527172e-09	-5.653707e+01	-3.587728e+02
1.000000e-07	-7.780031e-06	-5.470420e-09	-5.632428e+01	-3.584977e+02
1.100000e-07	-7.747813e-06	-5.442896e-09	-5.609103e+01	-3.581573e+02
1.200000e-07	-7.712808e-06	-5.455163e-09	-5.583761e+01	-3.577581e+02
1.300000e-07	-7.675195e-06	-5.467480e-09	-5.556531e+01	-3.573340e+02
1.400000e-07	-7.635278e-06	-5.437792e-09	-5.527632e+01	-3.569248e+02
1.500000e-07	-7.593059e-06	-5.414059e-09	-5.497068e+01	-3.565511e+02
1.600000e-07	-7.548301e-06	-5.462353e-09	-5.464664e+01	-3.561994e+02
1.700000e-07	-7.500862e-06	-5.382686e-09	-5.430320e+01	-3.558275e+02
1.800000e-07	-7.450641e-06	-5.404928e-09	-5.393963e+01	-3.553862e+02
1.900000e-07	-7.397532e-06	-5.458318e-09	-5.355514e+01	-3.548467e+02
2.000000e-07	-7.341626e-06	-5.382268e-09	-5.315040e+01	-3.542174e+02
2.100000e-07	-7.283010e-06	-5.406902e-09	-5.272604e+01	-3.535399e+02
2.200000e-07	-7.221792e-06	-5.370828e-09	-5.228285e+01	-3.528649e+02
2.300000e-07	-7.157976e-06	-5.355103e-09	-5.182085e+01	-3.522225e+02
2.400000e-07	-7.091371e-06	-5.355205e-09	-5.133866e+01	-3.516009e+02
2.500000e-07	-7.022091e-06	-5.358672e-09	-5.083710e+01	-3.509483e+02
2.600000e-07	-6.950152e-06	-5.343651e-09	-5.031628e+01	-3.501975e+02
2.700000e-07	-6.875344e-06	-5.289148e-09	-4.977471e+01	-3.493015e+02
2.800000e-07	-6.797757e-06	-5.288540e-09	-4.921301e+01	-3.482610e+02
2.900000e-07	-6.717503e-06	-5.272841e-09	-4.863200e+01	-3.471286e+02
3.000000e-07	-6.634728e-06	-5.281121e-09	-4.803275e+01	-3.459856e+02
3.100000e-07	-6.549660e-06	-5.272498e-09	-4.741689e+01	-3.449017e+02
3.200000e-07	-6.462297e-06	-5.234383e-09	-4.678442e+01	-3.438991e+02
3.300000e-07	-6.372578e-06	-5.225536e-09	-4.613488e+01	-3.429378e+02
3.400000e-07	-6.280552e-06	-5.207902e-09	-4.546866e+01	-3.419326e+02
3.500000e-07	-6.186327e-06	-5.193678e-09	-4.478650e+01	-3.407937e+02
3.600000e-07	-6.089831e-06	-5.163810e-09	-4.408791e+01	-3.394705e+02
3.700000e-07	-5.990997e-06	-5.141210e-09	-4.337239e+01	-3.379771e+02
3.800000e-07	-5.890054e-06	-5.119413e-09	-4.264161e+01	-3.363865e+02
3.900000e-07	-5.787097e-06	-5.085464e-09	-4.189624e+01	-3.347952e+02
4.000000e-07	-5.682037e-06	-5.061047e-09	-4.113565e+01	-3.332755e+02
4.100000e-07	-5.574891e-06	-5.054286e-09	-4.035995e+01	-3.318401e+02
4.200000e-07	-5.465770e-06	-5.045933e-09	-3.956996e+01	-3.304359e+02
4.300000e-07	-5.354710e-06	-4.998990e-09	-3.876593e+01	-3.289694e+02
4.400000e-07	-5.241642e-06	-4.965124e-09	-3.794737e+01	-3.273521e+02
4.500000e-07	-5.126457e-06	-4.956133e-09	-3.711347e+01	-3.255421e+02
4.600000e-07	-5.009318e-06	-4.929526e-09	-3.626544e+01	-3.235609e+02
4.700000e-07	-4.890453e-06	-4.884251e-09	-3.540490e+01	-3.214797e+02
4.800000e-07	-4.769804e-06	-4.856805e-09	-3.453145e+01	-3.193803e+02
4.900000e-07	-4.647347e-06	-4.835572e-09	-3.364491e+01	-3.173136e+02
5.000000e-07	-4.523162e-06	-4.788803e-09	-3.274586e+01	-3.152742e+02
5.100000e-07	-4.397398e-06	-4.747592e-09	-3.183538e+01	-3.132048e+02
5.200000e-07	-4.270035e-06	-4.726933e-09	-3.091333e+01	-3.110255e+02
5.300000e-07	-4.141076e-06	-4.694302e-09	-2.997971e+01	-3.086717e+02
5.400000e-07	-4.010578e-06	-4.639398e-09	-2.903496e+01	-3.061217e+02
5.500000e-07	-3.878549e-06	-4.598081e-09	-2.807912e+01	-3.033998e+02
5.600000e-07	-3.744995e-06	-4.570130e-09	-2.711225e+01	-3.005560e+02
5.700000e-07	-3.610018e-06	-4.525654e-09	-2.613507e+01	-2.976343e+02
5.800000e-07	-3.473775e-06	-4.473323e-09	-2.514873e+01	-2.946477e+02
5.900000e-07	-3.336147e-06	-4.430950e-09	-2.415235e+01	-2.915730e+02
6.000000e-07	-3.197076e-06	-4.383055e-09	-2.314554e+01	-2.883655e+02
6.100000e-07	-3.056651e-06	-4.320072e-09	-2.212892e+01	-2.849841e+02
6.200000e-07	-2.914907e-06	-4.264447e-09	-2.110275e+01	-2.814104e+02
6.300000e-07	-2.771980e-06	-4.215589e-09	-2.006801e+01	-2.776511e+02
6.400000e-07	-2.628039e-06	-4.154981e-09	-1.902594e+01	-2.737222e+02
6.500000e-07	-2.483192e-06	-4.086676e-09	-1.797731e+01	-2.696267e+02
6.600000e-07	-2.337478e-06	-4.023629e-09	-1.692240e+01	-2.653406e+02
6.700000e-07	-2.190899e-06	-3.958182e-09	-1.586122e+01	-2.608164e+02
6.800000e-07	-2.043568e-06	-3.882623e-09	-1.479461e+01	-2.560033e+02
6.900000e-07	-1.895627e-06	-3.806199e-09	-1.372357e+01	-2.508710e+02
7.000000e-07	-1.747127e-06	-3.727450e-09	-1.264849e+01	-2.454195e+02
7.100000e-07	-1.598059e-06	-3.639674e-09	-1.156930e+01	-2.396654e+02
7.200000e-07	-1.448478e-06	-3.543904e-09	-1.048640e+01	-2.336088e+02
7.300000e-07	-1.298500e-06	-3.445080e-09	-9.400616e+00	-2.271978e+02
7.400000e-07	-1.148067e-06	-3.337177e-09	-8.311539e+00	-2.203141e+02
7.500000e-07	-9.971446e-07	-3.216109e-09	-7.218923e+00	-2.127914e+02
7.600000e-07	-8.458567e-07	-3.087299e-09	-6.123660e+00	-2.044621e+02
7.700000e-07	-6.943024e-07	-2.948745e-09	-5.026468e+00	-1.952069e+02
7.800000e-07	-5.425426e-07	-2.797666e-09	-3.927789e+00	-1.849731e+02
7.900000e-07	-3.906224e-07	-2.629820e-09	-2.827948e+00	-1.737400e+02
8.000000e-07	-2.385640e-07	-2.444661e-09	-1.727107e+00	-1.614345e+02
8.100000e-07	-8.640043e-08	-2.234851e-09	-6.255042e-01	-1.478321e+02
8.200000e-07	6.584748e-08	-1.992510e-09	4.767091e-01	-1.324971e+02
8.300000e-07	2.180782e-07	-1.714944e-09	1.578798e+00	-1.148128e+02
8.400000e-07	3.702449e-07	-1.396992e-09	2.680423e+00	-9.411982e+01
8.500000e-07	5.223574e-07	-1.032947e-09	3.781656e+00	-6.993594e+01
8.600000e-07	6.743589e-07	-6.161256e-10	4.882086e+00	-4.218792e+01
8.700000e-07	8.261828e-07	-1.484658e-10	5.981229e+00	-1.136731e+01
8.800000e-07	9.777452e-07	3.553560e-10	7.078479e+00	2.146012e+01
8.900000e-07	1.128988e-06	8.680070e-10	8.173415e+00	5.481352e+01
9.000000e-07	1.279802e-06	1.360687e-09	9.265249e+00	8.708582e+01
9.100000e-07	1.430130e-06	1.809230e-09	1.035356e+01	1.168738e+02
9.200000e-07	1.579905e-06	2.199780e-09	1.143788e+01	1.432446e+02
9.300000e-07	1.729087e-06	2.531487e-09	1.251789e+01	1.658581e+02
9.400000e-07	1.877693e-06	2.814484e-09	1.359374e+01	1.849179e+02
9.500000e-07	2.025636e-06	3.059704e-09	1.466479e+01	2.009859e+02
9.600000e-07	2.172845e-06	3.272297e-09	1.573051e+01	2.147412e+02
9.700000e-07	2.319280e-06	3.458339e-09	1.679065e+01	2.267724e+02
9.800000e-07	2.464825e-06	3.621579e-09	1.784434e+01	2.374672e+02
9.900000e-07	2.609411e-06	3.763255e-09	1.889108e+01	2.470156e+02
1.000000e-06	2.753030e-06	3.886165e-09	1.993082e+01	2.554937e+02
1.010000e-06	2.895539e-06	3.995246e-09	2.096253e+01	2.629688e+02
1.020000e-06	3.036865e-06	4.095085e-09	2.198568e+01	2.695684e+02
1.030000e-06	3.176991e-06	4.186431e-09	2.300013e+01	2.754862e+02
1.040000e-06	3.315845e-06	4.272448e-09	2.400537e+01	2.809320e+02
1.050000e-06	3.453433e-06	4.351415e-09	2.500146e+01	2.860633e+02
1.060000e-06	3.589719e-06	4.422591e-09	2.598811e+01	2.909402e+02
1.070000e-06	3.724626e-06	4.487498e-09	2.696478e+01	2.955292e+02
1.080000e-06	3.858196e-06	4.547557e-09	2.793178e+01	2.997522e+02
1.090000e-06	3.990400e-06	4.600383e-09	2.888888e+01	3.035538e+02
1.100000e-06	4.121215e-06	4.648288e-09	2.983593e+01	3.069499e+02
1.110000e-06	4.250614e-06	4.696900e-09	3.077273e+01	3.100328e+02
1.120000e-06	4.378452e-06	4.745328e-09	3.169822e+01	3.129327e+02
1.130000e-06	4.504749e-06	4.789858e-09	3.261256e+01	3.157572e+02
1.140000e-06	4.629525e-06	4.828284e-09	3.351589e+01	3.185435e+02
1.150000e-06	4.752696e-06	4.865641e-09	3.440760e+01	3.212477e+02
1.160000e-06	4.874204e-06	4.901037e-09	3.528727e+01	3.237768e+02
1.170000e-06	4.993964e-06	4.932626e-09	3.615428e+01	3.260467e+02
1.180000e-06	5.111902e-06	4.961362e-09	3.700810e+01	3.280334e+02
1.190000e-06	5.227972e-06	4.988294e-09	3.784840e+01	3.297927e+02
1.200000e-06	5.342029e-06	5.014913e-09	3.867413e+01	3.314367e+02
1.210000e-06	5.454022e-06	5.042365e-09	3.948491e+01	3.330807e+02
1.220000e-06	5.564017e-06	5.071090e-09	4.028123e+01	3.347889e+02
1.230000e-06	5.672035e-06	5.098750e-09	4.106324e+01	3.365458e+02
1.240000e-06	5.778014e-06	5.122763e-09	4.183048e+01	3.382687e+02
1.250000e-06	5.881853e-06	5.145025e-09	4.258223e+01	3.398535e+02
1.260000e-06	5.983561e-06	5.165814e-09	4.331856e+01	3.412303e+02
1.270000e-06	6.083076e-06	5.184708e-09	4.403901e+01	3.423996e+02
1.280000e-06	6.180268e-06	5.202669e-09	4.474264e+01	3.434319e+02
1.290000e-06	6.275154e-06	5.220058e-09	4.542957e+01	3.444320e+02
1.300000e-06	6.367823e-06	5.235866e-09	4.610046e+01	3.454865e+02
1.310000e-06	6.458202e-06	5.251409e-09	4.675477e+01	3.466228e+02
1.320000e-06	6.546225e-06	5.269580e-09	4.739202e+01	3.477989e+02
1.330000e-06	6.631965e-06	5.289682e-09	4.801274e+01	3.489288e+02
1.340000e-06	6.715394e-06	5.307673e-09	4.861674e+01	3.499283e+02
1.350000e-06	6.796385e-06	5.323495e-09	4.920308e+01	3.507585e+02
1.360000e-06	6.874899e-06	5.336975e-09	4.977148e+01	3.514437e+02
1.370000e-06	6.950844e-06	5.347048e-09	5.032130e+01	3.520571e+02
1.380000e-06	7.024139e-06	5.355684e-09	5.085192e+01	3.526822e+02
1.390000e-06	7.094869e-06	5.365292e-09	5.136398e+01	3.533722e+02
1.400000e-06	7.163166e-06	5.377334e-09	5.185842e+01	3.541265e+02
1.410000e-06	7.228910e-06	5.389603e-09	5.233439e+01	3.548966e+02
1.420000e-06	7.292044e-06	5.402696e-09	5.279145e+01	3.556154e+02
1.430000e-06	7.352719e-06	5.416077e-09	5.323071e+01	3.562343e+02
1.440000e-06	7.410858e-06	5.425959e-09	5.365161e+01	3.567470e+02
1.450000e-06	7.466342e-06	5.433326e-09	5.405330e+01	3.571891e+02
1.460000e-06	7.518997e-06	5.440262e-09	5.443449e+01	3.576155e+02
1.470000e-06	7.568565e-06	5.447120e-09	5.479335e+01	3.580684e+02
1.480000e-06	7.615189e-06	5.452459e-09	5.513089e+01	3.585546e+02
1.490000e-06	7.659142e-06	5.457461e-09	5.544909e+01	3.590434e+02
1.500000e-06	7.700360e-06	5.465490e-09	5.574749e+01	3.594860e+02
1.510000e-06	7.738808e-06	5.473875e-09	5.602584e+01	3.598435e+02
1.520000e-06	7.774600e-06	5.479956e-09	5.628496e+01	3.601095e+02
1.530000e-06	7.807628e-06	5.484338e-09	5.652407e+01	3.603124e+02
1.540000e-06	7.837858e-06	5.488622e-09	5.674292e+01	3.604990e+02
1.550000e-06	7.865339e-06	5.493485e-09	5.694187e+01	3.607072e+02
1.560000e-06	7.889892e-06	5.497500e-09	5.711963e+01	3.609448e+02
1.570000e-06	7.911556e-06	5.501245e-09	5.727646e+01	3.611855e+02
1.580000e-06	7.930491e-06	5.505395e-09	5.741354e+01	3.613850e+02
1.590000e-06	7.946583e-06	5.506525e-09	5.753005e+01	3.615077e+02
1.600000e-06	7.959645e-06	5.505552e-09	5.762461e+01	3.615491e+02
1.610000e-06	7.969590e-06	5.507113e-09	5.769660e+01	3.615404e+02
1.620000e-06	7.976498e-06	5.510508e-09	5.774661e+01	3.615332e+02
1.630000e-06	7.980567e-06	5.513808e-09	5.777608e+01	3.615712e+02
1.640000e-06	7.981767e-06	5.517849e-09	5.778476e+01	3.616650e+02
1.650000e-06	7.980235e-06	5.514590e-09	5.777367e+01	3.617831e+02
1.660000e-06	7.976149e-06	5.511250e-09	5.774409e+01	3.618653e+02
1.670000e-06	7.969358e-06	5.510762e-09	5.769492e+01	3.618512e+02
1.680000e-06	7.959931e-06	5.506819e-09	5.762668e+01	3.617099e+02
1.690000e-06	7.947721e-06	5.502746e-09	5.753828e+01	3.614542e+02
1.700000e-06	7.932616e-06	5.504083e-09	5.742893e+01	3.611333e+02
1.710000e-06	7.915016e-06	5.510065e-09	5.730151e+01	3.608078e+02
1.720000e-06	7.895186e-06	5.510289e-09	5.715795e+01	3.605198e+02
1.730000e-06	7.872760e-06	5.438929e-09	5.699560e+01	3.602743e+02
1.740000e-06	7.847101e-06	5.444932e-09	5.680983e+01	3.600420e+02
1.750000e-06	7.817834e-06	5.489018e-09	5.659796e+01	3.597788e+02
1.760000e-06	7.785267e-06	5.471972e-09	5.636218e+01	3.594535e+02
1.770000e-06	7.750252e-06	5.446746e-09	5.610869e+01	3.590651e+02
1.780000e-06	7.712962e-06	5.481310e-09	5.583873e+01	3.586432e+02
1.790000e-06	7.673425e-06	5.496464e-09	5.555249e+01	3.582285e+02
1.800000e-06	7.631924e-06	5.381579e-09	5.525204e+01	3.578475e+02
1.810000e-06	7.588018e-06	5.490511e-09	5.493418e+01	3.574944e+02
1.820000e-06	7.541356e-06	5.464897e-09	5.459636e+01	3.571315e+02
1.830000e-06	7.492025e-06	5.404993e-09	5.423923e+01	3.567089e+02
1.840000e-06	7.439697e-06	5.471523e-09	5.386039e+01	3.561915e+02
1.850000e-06	7.384414e-06	5.365324e-09	5.346017e+01	3.555793e+02
1.860000e-06	7.326443e-06	5.430509e-09	5.304048e+01	3.549081e+02
1.870000e-06	7.265833e-06	5.408104e-09	5.260169e+01	3.542293e+02
1.880000e-06	7.202519e-06	5.393063e-09	5.214332e+01	3.535798e+02
1.890000e-06	7.136328e-06	5.417776e-09	5.166412e+01	3.529574e+02
1.900000e-06	7.067412e-06	5.345608e-09	5.116521e+01	3.523175e+02
1.910000e-06	6.995753e-06	5.399406e-09	5.064642e+01	3.515933e+02
1.920000e-06	6.921415e-06	5.351125e-09	5.010824e+01	3.507306e+02
1.930000e-06	6.844362e-06	5.369597e-09	4.955041e+01	3.497187e+02
1.940000e-06	6.764518e-06	5.345272e-09	4.897237e+01	3.486000e+02
1.950000e-06	6.682227e-06	5.288443e-09	4.837662e+01	3.474527e+02
1.960000e-06	6.597482e-06	5.305261e-09	4.776310e+01	3.463527e+02
1.970000e-06	6.510210e-06	5.252603e-09	4.713128e+01	3.453344e+02
1.980000e-06	6.420608e-06	5.268648e-09	4.648260e+01	3.443708e+02
1.990000e-06	6.328863e-06	5.239473e-09	4.581840e+01	3.433835e+02
2.000000e-06	6.234901e-06	5.241689e-09	4.513816e+01	3.422799e+02
2.010000e-06	6.138563e-06	5.218083e-09	4.444071e+01	3.409977e+02
2.020000e-06	6.040009e-06	5.177678e-09	4.372722e+01	3.395366e+02
2.030000e-06	5.939380e-06	5.174170e-09	4.299871e+01	3.379593e+02
2.040000e-06	5.836634e-06	5.161784e-09	4.225487e+01	3.363610e+02
2.050000e-06	5.731810e-06	5.133242e-09	4.149598e+01	3.348229e+02
2.060000e-06	5.625032e-06	5.079435e-09	4.072296e+01	3.333723e+02
2.070000e-06	5.516326e-06	5.077486e-09	3.993596e+01	3.319689e+02
2.080000e-06	5.405639e-06	5.063564e-09	3.913464e+01	3.305245e+02
2.090000e-06	5.292934e-06	5.031221e-09	3.831870e+01	3.289455e+02
2.100000e-06	5.178219e-06	4.998544e-09	3.748821e+01	3.271776e+02
2.110000e-06	5.061542e-06	4.991081e-09	3.664352e+01	3.252287e+02
2.120000e-06	4.942884e-06	4.949800e-09	3.578448e+01	3.231621e+02
2.130000e-06	4.822362e-06	4.897434e-09	3.491195e+01	3.210612e+02
2.140000e-06	4.700080e-06	4.877572e-09	3.402667e+01	3.189862e+02
2.150000e-06	4.576103e-06	4.864061e-09	3.312913e+01	3.169447e+02
2.160000e-06	4.450500e-06	4.823166e-09	3.221982e+01	3.148888e+02
2.170000e-06	4.323220e-06	4.777505e-09	3.129836e+01	3.127400e+02
2.180000e-06	4.194316e-06	4.761244e-09	3.036515e+01	3.104275e+02
2.190000e-06	4.063908e-06	4.728011e-09	2.942105e+01	3.079192e+02
2.200000e-06	3.932012e-06	4.678974e-09	2.846618e+01	3.052308e+02
2.210000e-06	3.798643e-06	4.632576e-09	2.750064e+01	3.024091e+02
2.220000e-06	3.663827e-06	4.597110e-09	2.652463e+01	2.995021e+02
2.230000e-06	3.527598e-06	4.541449e-09	2.553838e+01	2.965307e+02
2.240000e-06	3.389971e-06	4.487705e-09	2.454202e+01	2.934787e+02
2.250000e-06	3.251042e-06	4.448848e-09	2.353623e+01	2.903040e+02
2.260000e-06	3.110932e-06	4.404417e-09	2.252189e+01	2.869627e+02
2.270000e-06	2.969526e-06	4.345281e-09	2.149817e+01	2.834309e+02
2.280000e-06	2.826912e-06	4.288541e-09	2.046570e+01	2.797104e+02
2.290000e-06	2.683266e-06	4.238368e-09	1.942576e+01	2.758172e+02
2.300000e-06	2.538722e-06	4.175450e-09	1.837932e+01	2.717589e+02
2.310000e-06	2.393346e-06	4.105674e-09	1.732685e+01	2.675174e+02
2.320000e-06	2.247162e-06	4.034943e-09	1.626854e+01	2.630492e+02
2.330000e-06	2.100192e-06	3.959073e-09	1.520454e+01	2.583020e+02
2.340000e-06	1.952451e-06	3.875407e-09	1.413495e+01	2.532395e+02
2.350000e-06	1.804123e-06	3.793957e-09	1.306112e+01	2.478555e+02
2.360000e-06	1.655316e-06	3.716032e-09	1.198382e+01	2.421655e+02
2.370000e-06	1.506034e-06	3.628630e-09	1.090308e+01	2.361763e+02
2.380000e-06	1.356214e-06	3.531241e-09	9.818440e+00	2.298495e+02
2.390000e-06	1.205835e-06	3.427833e-09	8.729758e+00	2.230804e+02
2.400000e-06	1.054981e-06	3.314794e-09	7.637638e+00	2.157099e+02
2.410000e-06	9.037599e-07	3.188354e-09	6.542856e+00	2.075661e+02
2.420000e-06	7.522711e-07	3.048915e-09	5.446138e+00	1.985164e+02
2.430000e-06	6.005966e-07	2.900693e-09	4.348077e+00	1.884945e+02
2.440000e-06	4.487875e-07	2.738137e-09	3.249040e+00	1.774788e+02
2.450000e-06	2.968043e-07	2.555721e-09	2.148743e+00	1.654158e+02
2.460000e-06	1.446717e-07	2.349918e-09	1.047365e+00	1.521209e+02
2.470000e-06	-7.547049e-09	2.118286e-09	-5.463758e-02	1.372048e+02
2.480000e-06	-1.597708e-07	1.854818e-09	-1.156676e+00	1.200813e+02
2.490000e-06	-3.119548e-07	1.550578e-09	-2.258426e+00	1.000838e+02
2.500000e-06	-4.641153e-07	1.200487e-09	-3.360007e+00	7.667164e+01
2.510000e-06	-6.161735e-07	7.985628e-10	-4.460847e+00	4.966693e+01
2.520000e-06	-7.679992e-07	3.440335e-10	-5.560003e+00	1.943367e+01
2.530000e-06	-9.195574e-07	-1.572565e-10	-6.657224e+00	-1.307757e+01
2.540000e-06	-1.070847e-06	-6.835080e-10	-7.752496e+00	-4.645392e+01
2.550000e-06	-1.221822e-06	-1.195294e-09	-8.845500e+00	-7.908735e+01
2.560000e-06	-1.372306e-06	-1.664108e-09	-9.934937e+00	-1.095048e+02
2.570000e-06	-1.522130e-06	-2.077693e-09	-1.101961e+01	-1.366567e+02
2.580000e-06	-1.671345e-06	-2.430718e-09	-1.209986e+01	-1.600742e+02
2.590000e-06	-1.820004e-06	-2.730924e-09	-1.317609e+01	-1.798564e+02
2.600000e-06	-1.968095e-06	-2.991506e-09	-1.424821e+01	-1.965083e+02
2.610000e-06	-2.115481e-06	-3.219919e-09	-1.531522e+01	-2.107037e+02
2.620000e-06	-2.262062e-06	-3.414453e-09	-1.637642e+01	-2.230637e+02
2.630000e-06	-2.407778e-06	-3.580904e-09	-1.743134e+01	-2.340226e+02
2.640000e-06	-2.552497e-06	-3.728941e-09	-1.847904e+01	-2.438077e+02
2.650000e-06	-2.696215e-06	-3.859559e-09	-1.951951e+01	-2.525102e+02
2.660000e-06	-2.838925e-06	-3.974110e-09	-2.055267e+01	-2.601917e+02
2.670000e-06	-2.980463e-06	-4.078425e-09	-2.157735e+01	-2.669639e+02
2.680000e-06	-3.120765e-06	-4.175552e-09	-2.259307e+01	-2.730093e+02
2.690000e-06	-3.259819e-06	-4.263178e-09	-2.359977e+01	-2.785398e+02
2.700000e-06	-3.397595e-06	-4.343888e-09	-2.459721e+01	-2.837294e+02
2.710000e-06	-3.534105e-06	-4.420903e-09	-2.558549e+01	-2.886605e+02
2.720000e-06	-3.669345e-06	-4.493308e-09	-2.656458e+01	-2.933169e+02
2.730000e-06	-3.803263e-06	-4.558502e-09	-2.753409e+01	-2.976243e+02
2.740000e-06	-3.935838e-06	-4.618121e-09	-2.849387e+01	-3.015173e+02
2.750000e-06	-4.067029e-06	-4.672385e-09	-2.944364e+01	-3.049944e+02
2.760000e-06	-4.196794e-06	-4.721256e-09	-3.038309e+01	-3.081335e+02
2.770000e-06	-4.325090e-06	-4.769512e-09	-3.131190e+01	-3.110614e+02
2.780000e-06	-4.451871e-06	-4.816898e-09	-3.222974e+01	-3.138956e+02
2.790000e-06	-4.577154e-06	-4.859711e-09	-3.313674e+01	-3.166909e+02
2.800000e-06	-4.700828e-06	-4.899808e-09	-3.403209e+01	-3.194192e+02
2.810000e-06	-4.822821e-06	-4.940624e-09	-3.491528e+01	-3.219937e+02
2.820000e-06	-4.943044e-06	-4.977001e-09	-3.578564e+01	-3.243234e+02
2.830000e-06	-5.061349e-06	-5.005750e-09	-3.664211e+01	-3.263683e+02
2.840000e-06	-5.177688e-06	-5.033818e-09	-3.748437e+01	-3.281677e+02
2.850000e-06	-5.291974e-06	-5.063459e-09	-3.831175e+01	-3.298255e+02
2.860000e-06	-5.404174e-06	-5.090125e-09	-3.912403e+01	-3.314613e+02
2.870000e-06	-5.514299e-06	-5.113802e-09	-3.992130e+01	-3.331538e+02
2.880000e-06	-5.622438e-06	-5.137747e-09	-4.070418e+01	-3.349051e+02
2.890000e-06	-5.728649e-06	-5.162633e-09	-4.147310e+01	-3.366437e+02
2.900000e-06	-5.832786e-06	-5.184726e-09	-4.222701e+01	-3.382655e+02
2.910000e-06	-5.934726e-06	-5.205526e-09	-4.296501e+01	-3.396891e+02
2.920000e-06	-6.034475e-06	-5.226286e-09	-4.368716e+01	-3.408986e+02
2.930000e-06	-6.132117e-06	-5.244351e-09	-4.439404e+01	-3.419514e+02
2.940000e-06	-6.227598e-06	-5.260418e-09	-4.508529e+01	-3.429493e+02
2.950000e-06	-6.320768e-06	-5.275948e-09	-4.575981e+01	-3.439870e+02
2.960000e-06	-6.411652e-06	-5.291441e-09	-4.641776e+01	-3.451067e+02
2.970000e-06	-6.500265e-06	-5.305885e-09	-4.705929e+01	-3.462802e+02
2.980000e-06	-6.586503e-06	-5.320555e-09	-4.768361e+01	-3.474275e+02
2.990000e-06	-6.670298e-06	-5.333963e-09	-4.829026e+01	-3.484598e+02
3.000000e-06	-6.751705e-06	-5.344507e-09	-4.887961e+01	-3.493260e+02
3.010000e-06	-6.830631e-06	-5.354385e-09	-4.945100e+01	-3.500370e+02
3.020000e-06	-6.906898e-06	-5.364691e-09	-5.000315e+01	-3.506579e+02
3.030000e-06	-6.980569e-06	-5.374932e-09	-5.053649e+01	-3.512741e+02
3.040000e-06	-7.051725e-06	-5.383803e-09	-5.105164e+01	-3.519478e+02
3.050000e-06	-7.120353e-06	-5.392829e-09	-5.154847e+01	-3.526908e+02
3.060000e-06	-7.186506e-06	-5.403795e-09	-5.202740e+01	-3.534626e+02
3.070000e-06	-7.250173e-06	-5.413855e-09	-5.248832e+01	-3.541972e+02
3.080000e-06	-7.311212e-06	-5.422022e-09	-5.293022e+01	-3.548393e+02
3.090000e-06	-7.369636e-06	-5.427537e-09	-5.335319e+01	-3.553725e+02
3.100000e-06	-7.425449e-06	-5.433519e-09	-5.375725e+01	-3.558249e+02
3.110000e-06	-7.478492e-06	-5.440848e-09	-5.414126e+01	-3.562498e+02
3.120000e-06	-7.528518e-06	-5.448621e-09	-5.450342e+01	-3.566947e+02
3.130000e-06	-7.575471e-06	-5.456038e-09	-5.484334e+01	-3.571748e+02
3.140000e-06	-7.619784e-06	-5.462356e-09	-5.516415e+01	-3.576666e+02
3.150000e-06	-7.661717e-06	-5.468168e-09	-5.546773e+01	-3.581226e+02
3.160000e-06	-7.700979e-06	-5.473396e-09	-5.575197e+01	-3.584998e+02
3.170000e-06	-7.737429e-06	-5.478024e-09	-5.601586e+01	-3.587837e+02
3.180000e-06	-7.771186e-06	-5.480043e-09	-5.626024e+01	-3.589960e+02
3.190000e-06	-7.802085e-06	-5.481318e-09	-5.648393e+01	-3.591818e+02
3.200000e-06	-7.829999e-06	-5.482034e-09	-5.668602e+01	-3.593831e+02
3.210000e-06	-7.855119e-06	-5.482476e-09	-5.686788e+01	-3.596151e+02
3.220000e-06	-7.877391e-06	-5.484566e-09	-5.702912e+01	-3.598582e+02
3.230000e-06	-7.896844e-06	-5.487882e-09	-5.716995e+01	-3.600698e+02
3.240000e-06	-7.913577e-06	-5.491146e-09	-5.729109e+01	-3.602103e+02
3.250000e-06	-7.927256e-06	-5.493252e-09	-5.739013e+01	-3.602672e+02
3.260000e-06	-7.937812e-06	-5.493772e-09	-5.746654e+01	-3.602647e+02
3.270000e-06	-7.945454e-06	-5.493395e-09	-5.752187e+01	-3.602524e+02
3.280000e-06	-7.950251e-06	-5.491464e-09	-5.755660e+01	-3.602780e+02
3.290000e-06	-7.952282e-06	-5.487015e-09	-5.757130e+01	-3.603607e+02
3.300000e-06	-7.951541e-06	-5.488589e-09	-5.756594e+01	-3.604777e+02
