# Temperatura_=_20.0
# Concentracion g/m^3_=_6200.0
# C_Vs_to_Am_M_A/Vsm_=_65563218390.804596
# pendiente_HvsI_1/m_=_3716.3
# ordenada_HvsI_A/m_=_1297.0
# frecuencia_Hz_=_302089.2469101914

Tiempo_(s)	Campo_(V.s)	Magnetizacion_(V.s)	Campo_(kA/m)	Magnetizacion_(A/m)
0.000000e+00	-6.258147e-06	-3.828298e-09	-4.558197e+01	-2.506027e+02
1.000000e-08	-6.254445e-06	-3.824318e-09	-4.555500e+01	-2.505893e+02
2.000000e-08	-6.248841e-06	-3.818648e-09	-4.551419e+01	-2.505966e+02
3.000000e-08	-6.241381e-06	-3.818648e-09	-4.545986e+01	-2.506241e+02
4.000000e-08	-6.231755e-06	-3.821284e-09	-4.538974e+01	-2.506670e+02
5.000000e-08	-6.219736e-06	-3.820503e-09	-4.530220e+01	-2.507161e+02
6.000000e-08	-6.205457e-06	-3.814154e-09	-4.519819e+01	-2.507587e+02
7.000000e-08	-6.188971e-06	-3.813537e-09	-4.507812e+01	-2.507801e+02
8.000000e-08	-6.170316e-06	-3.836466e-09	-4.494224e+01	-2.507645e+02
9.000000e-08	-6.149455e-06	-3.849545e-09	-4.479030e+01	-2.506970e+02
1.000000e-07	-6.126230e-06	-3.839051e-09	-4.462113e+01	-2.505650e+02
1.100000e-07	-6.100401e-06	-3.830073e-09	-4.443300e+01	-2.503597e+02
1.200000e-07	-6.072355e-06	-3.828723e-09	-4.422873e+01	-2.500769e+02
1.300000e-07	-6.042722e-06	-3.804942e-09	-4.401289e+01	-2.497175e+02
1.400000e-07	-6.011572e-06	-3.809256e-09	-4.378601e+01	-2.492875e+02
1.500000e-07	-5.978455e-06	-3.843615e-09	-4.354480e+01	-2.487979e+02
1.600000e-07	-5.943307e-06	-3.818411e-09	-4.328879e+01	-2.482631e+02
1.700000e-07	-5.906417e-06	-3.832644e-09	-4.302010e+01	-2.476996e+02
1.800000e-07	-5.867494e-06	-3.833756e-09	-4.273660e+01	-2.471247e+02
1.900000e-07	-5.826227e-06	-3.775475e-09	-4.243603e+01	-2.465543e+02
2.000000e-07	-5.782726e-06	-3.764673e-09	-4.211918e+01	-2.460017e+02
2.100000e-07	-5.737118e-06	-3.742976e-09	-4.178699e+01	-2.454758e+02
2.200000e-07	-5.689401e-06	-3.735972e-09	-4.143944e+01	-2.449805e+02
2.300000e-07	-5.639256e-06	-3.750791e-09	-4.107420e+01	-2.445141e+02
2.400000e-07	-5.586536e-06	-3.743826e-09	-4.069021e+01	-2.440696e+02
2.500000e-07	-5.531712e-06	-3.736481e-09	-4.029089e+01	-2.436351e+02
2.600000e-07	-5.474785e-06	-3.719098e-09	-3.987626e+01	-2.431950e+02
2.700000e-07	-5.415729e-06	-3.720424e-09	-3.944612e+01	-2.427318e+02
2.800000e-07	-5.354749e-06	-3.711210e-09	-3.900196e+01	-2.422273e+02
2.900000e-07	-5.291859e-06	-3.701965e-09	-3.854389e+01	-2.416649e+02
3.000000e-07	-5.226980e-06	-3.696602e-09	-3.807134e+01	-2.410306e+02
3.100000e-07	-5.160018e-06	-3.664003e-09	-3.758361e+01	-2.403147e+02
3.200000e-07	-5.091126e-06	-3.651964e-09	-3.708183e+01	-2.395124e+02
3.300000e-07	-5.020498e-06	-3.637020e-09	-3.656740e+01	-2.386239e+02
3.400000e-07	-4.948217e-06	-3.619139e-09	-3.604094e+01	-2.376546e+02
3.500000e-07	-4.873951e-06	-3.612121e-09	-3.550001e+01	-2.366137e+02
3.600000e-07	-4.797579e-06	-3.601879e-09	-3.494374e+01	-2.355135e+02
3.700000e-07	-4.719237e-06	-3.590719e-09	-3.437313e+01	-2.343677e+02
3.800000e-07	-4.638933e-06	-3.566235e-09	-3.378823e+01	-2.331897e+02
3.900000e-07	-4.556985e-06	-3.542606e-09	-3.319135e+01	-2.319912e+02
4.000000e-07	-4.473588e-06	-3.515788e-09	-3.258392e+01	-2.307805e+02
4.100000e-07	-4.388784e-06	-3.493588e-09	-3.196624e+01	-2.295622e+02
4.200000e-07	-4.302665e-06	-3.480038e-09	-3.133898e+01	-2.283361e+02
4.300000e-07	-4.215133e-06	-3.464393e-09	-3.070143e+01	-2.270972e+02
4.400000e-07	-4.126091e-06	-3.450519e-09	-3.005288e+01	-2.258369e+02
4.500000e-07	-4.035423e-06	-3.425153e-09	-2.939249e+01	-2.245434e+02
4.600000e-07	-3.943251e-06	-3.395067e-09	-2.872115e+01	-2.232031e+02
4.700000e-07	-3.849811e-06	-3.365836e-09	-2.804057e+01	-2.218025e+02
4.800000e-07	-3.755031e-06	-3.343991e-09	-2.735022e+01	-2.203290e+02
4.900000e-07	-3.658915e-06	-3.325657e-09	-2.665015e+01	-2.187731e+02
5.000000e-07	-3.561426e-06	-3.301216e-09	-2.594007e+01	-2.171286e+02
5.100000e-07	-3.462395e-06	-3.271876e-09	-2.521877e+01	-2.153936e+02
5.200000e-07	-3.362017e-06	-3.238011e-09	-2.448766e+01	-2.135703e+02
5.300000e-07	-3.260606e-06	-3.209471e-09	-2.374902e+01	-2.116647e+02
5.400000e-07	-3.158039e-06	-3.182818e-09	-2.300196e+01	-2.096853e+02
5.500000e-07	-3.054241e-06	-3.155962e-09	-2.224593e+01	-2.076418e+02
5.600000e-07	-2.949412e-06	-3.126986e-09	-2.148240e+01	-2.055438e+02
5.700000e-07	-2.843482e-06	-3.093780e-09	-2.071084e+01	-2.033987e+02
5.800000e-07	-2.736268e-06	-3.056851e-09	-1.992994e+01	-2.012107e+02
5.900000e-07	-2.627987e-06	-3.016459e-09	-1.914126e+01	-1.989795e+02
6.000000e-07	-2.518875e-06	-2.975671e-09	-1.834653e+01	-1.966995e+02
6.100000e-07	-2.408947e-06	-2.937942e-09	-1.754586e+01	-1.943601e+02
6.200000e-07	-2.298118e-06	-2.903347e-09	-1.673862e+01	-1.919461e+02
6.300000e-07	-2.186372e-06	-2.868222e-09	-1.592471e+01	-1.894388e+02
6.400000e-07	-2.073809e-06	-2.828936e-09	-1.510484e+01	-1.868174e+02
6.500000e-07	-1.960505e-06	-2.785509e-09	-1.427958e+01	-1.840611e+02
6.600000e-07	-1.846441e-06	-2.738580e-09	-1.344878e+01	-1.811509e+02
6.700000e-07	-1.731483e-06	-2.686972e-09	-1.261146e+01	-1.780709e+02
6.800000e-07	-1.615692e-06	-2.634569e-09	-1.176809e+01	-1.748102e+02
6.900000e-07	-1.499319e-06	-2.583295e-09	-1.092047e+01	-1.713630e+02
7.000000e-07	-1.382530e-06	-2.529440e-09	-1.006982e+01	-1.677287e+02
7.100000e-07	-1.265317e-06	-2.469460e-09	-9.216091e+00	-1.639112e+02
7.200000e-07	-1.147678e-06	-2.408840e-09	-8.359252e+00	-1.599169e+02
7.300000e-07	-1.029674e-06	-2.349949e-09	-7.499757e+00	-1.557525e+02
7.400000e-07	-9.112813e-07	-2.286708e-09	-6.637427e+00	-1.514224e+02
7.500000e-07	-7.925568e-07	-2.218887e-09	-5.772683e+00	-1.469252e+02
7.600000e-07	-6.735976e-07	-2.148530e-09	-4.906229e+00	-1.422515e+02
7.700000e-07	-5.544058e-07	-2.074149e-09	-4.038082e+00	-1.373808e+02
7.800000e-07	-4.350029e-07	-1.991881e-09	-3.168396e+00	-1.322807e+02
7.900000e-07	-3.154362e-07	-1.903049e-09	-2.297517e+00	-1.269055e+02
8.000000e-07	-1.957659e-07	-1.809621e-09	-1.425885e+00	-1.211976e+02
8.100000e-07	-7.601680e-08	-1.712237e-09	-5.536775e-01	-1.150889e+02
8.200000e-07	4.379825e-08	-1.613004e-09	3.190098e-01	-1.085045e+02
8.300000e-07	1.635910e-07	-1.508522e-09	1.191535e+00	-1.013672e+02
8.400000e-07	2.833694e-07	-1.394931e-09	2.063955e+00	-9.360238e+01
8.500000e-07	4.031223e-07	-1.268701e-09	2.936190e+00	-8.514435e+01
8.600000e-07	5.227620e-07	-1.130202e-09	3.807600e+00	-7.594196e+01
8.700000e-07	6.422167e-07	-9.812743e-10	4.677663e+00	-6.596424e+01
8.800000e-07	7.614862e-07	-8.205542e-10	5.546377e+00	-5.520503e+01
8.900000e-07	8.805669e-07	-6.493828e-10	6.413715e+00	-4.368642e+01
9.000000e-07	9.993861e-07	-4.667133e-10	7.279149e+00	-3.146051e+01
9.100000e-07	1.117847e-06	-2.728061e-10	8.141975e+00	-1.860939e+01
9.200000e-07	1.235832e-06	-7.081798e-11	9.001334e+00	-5.243167e+00
9.300000e-07	1.353347e-06	1.373194e-10	9.857267e+00	8.503815e+00
9.400000e-07	1.470376e-06	3.510552e-10	1.070966e+01	2.247844e+01
9.500000e-07	1.586889e-06	5.682498e-10	1.155830e+01	3.651554e+01
9.600000e-07	1.702804e-06	7.856728e-10	1.240258e+01	5.044552e+01
9.700000e-07	1.817915e-06	9.983499e-10	1.324101e+01	6.410224e+01
9.800000e-07	1.932137e-06	1.200664e-09	1.407295e+01	7.733077e+01
9.900000e-07	2.045569e-06	1.389775e-09	1.489915e+01	8.999438e+01
1.000000e-06	2.158263e-06	1.568013e-09	1.571997e+01	1.019803e+02
1.010000e-06	2.270159e-06	1.738192e-09	1.653497e+01	1.132039e+02
1.020000e-06	2.381207e-06	1.895926e-09	1.734381e+01	1.236110e+02
1.030000e-06	2.491367e-06	2.038862e-09	1.814617e+01	1.331784e+02
1.040000e-06	2.600634e-06	2.166257e-09	1.894203e+01	1.419124e+02
1.050000e-06	2.709070e-06	2.283045e-09	1.973184e+01	1.498454e+02
1.060000e-06	2.816609e-06	2.391217e-09	2.051511e+01	1.570316e+02
1.070000e-06	2.923061e-06	2.492916e-09	2.129047e+01	1.635411e+02
1.080000e-06	3.028402e-06	2.588083e-09	2.205773e+01	1.694541e+02
1.090000e-06	3.132589e-06	2.673913e-09	2.281659e+01	1.748545e+02
1.100000e-06	3.235612e-06	2.752626e-09	2.356697e+01	1.798244e+02
1.110000e-06	3.337518e-06	2.825540e-09	2.430921e+01	1.844389e+02
1.120000e-06	3.438358e-06	2.894983e-09	2.504370e+01	1.887626e+02
1.130000e-06	3.538033e-06	2.959494e-09	2.576969e+01	1.928468e+02
1.140000e-06	3.636378e-06	3.017823e-09	2.648600e+01	1.967288e+02
1.150000e-06	3.733376e-06	3.069309e-09	2.719250e+01	2.004319e+02
1.160000e-06	3.828981e-06	3.117710e-09	2.788885e+01	2.039671e+02
1.170000e-06	3.923186e-06	3.163645e-09	2.857500e+01	2.073352e+02
1.180000e-06	4.016148e-06	3.207679e-09	2.925210e+01	2.105300e+02
1.190000e-06	4.107820e-06	3.251167e-09	2.991980e+01	2.135417e+02
1.200000e-06	4.198034e-06	3.291259e-09	3.057689e+01	2.163597e+02
1.210000e-06	4.286662e-06	3.328008e-09	3.122242e+01	2.189758e+02
1.220000e-06	4.373673e-06	3.361009e-09	3.185618e+01	2.213863e+02
1.230000e-06	4.459233e-06	3.390066e-09	3.247936e+01	2.235932e+02
1.240000e-06	4.543281e-06	3.416323e-09	3.309154e+01	2.256050e+02
1.250000e-06	4.625715e-06	3.441916e-09	3.369195e+01	2.274361e+02
1.260000e-06	4.706420e-06	3.468136e-09	3.427978e+01	2.291060e+02
1.270000e-06	4.785404e-06	3.493424e-09	3.485507e+01	2.306376e+02
1.280000e-06	4.862733e-06	3.515654e-09	3.541830e+01	2.320555e+02
1.290000e-06	4.938217e-06	3.536394e-09	3.596810e+01	2.333833e+02
1.300000e-06	5.011717e-06	3.556718e-09	3.650345e+01	2.346424e+02
1.310000e-06	5.083256e-06	3.575680e-09	3.702451e+01	2.358504e+02
1.320000e-06	5.152958e-06	3.595525e-09	3.753219e+01	2.370195e+02
1.330000e-06	5.220889e-06	3.615331e-09	3.802698e+01	2.381565e+02
1.340000e-06	5.286927e-06	3.631294e-09	3.850797e+01	2.392630e+02
1.350000e-06	5.350979e-06	3.644615e-09	3.897450e+01	2.403358e+02
1.360000e-06	5.413147e-06	3.655463e-09	3.942731e+01	2.413682e+02
1.370000e-06	5.473551e-06	3.666094e-09	3.986727e+01	2.423518e+02
1.380000e-06	5.532102e-06	3.677834e-09	4.029373e+01	2.432774e+02
1.390000e-06	5.588589e-06	3.691030e-09	4.070516e+01	2.441372e+02
1.400000e-06	5.643045e-06	3.705709e-09	4.110180e+01	2.449255e+02
1.410000e-06	5.695391e-06	3.720817e-09	4.148307e+01	2.456401e+02
1.420000e-06	5.745336e-06	3.734821e-09	4.184685e+01	2.462824e+02
1.430000e-06	5.792987e-06	3.747349e-09	4.219392e+01	2.468574e+02
1.440000e-06	5.838633e-06	3.758430e-09	4.252639e+01	2.473733e+02
1.450000e-06	5.882354e-06	3.766581e-09	4.284484e+01	2.478403e+02
1.460000e-06	5.923951e-06	3.772319e-09	4.314782e+01	2.482698e+02
1.470000e-06	5.963315e-06	3.776767e-09	4.343452e+01	2.486730e+02
1.480000e-06	6.000648e-06	3.782468e-09	4.370645e+01	2.490593e+02
1.490000e-06	6.036061e-06	3.789430e-09	4.396438e+01	2.494360e+02
1.500000e-06	6.069259e-06	3.798362e-09	4.420618e+01	2.498067e+02
1.510000e-06	6.100220e-06	3.808298e-09	4.443169e+01	2.501719e+02
1.520000e-06	6.129194e-06	3.815908e-09	4.464273e+01	2.505285e+02
1.530000e-06	6.156092e-06	3.821203e-09	4.483864e+01	2.508705e+02
1.540000e-06	6.180608e-06	3.826181e-09	4.501720e+01	2.511900e+02
1.550000e-06	6.202750e-06	3.830978e-09	4.517848e+01	2.514785e+02
1.560000e-06	6.222862e-06	3.833526e-09	4.532496e+01	2.517277e+02
1.570000e-06	6.240836e-06	3.833993e-09	4.545588e+01	2.519313e+02
1.580000e-06	6.256452e-06	3.834658e-09	4.556963e+01	2.520853e+02
1.590000e-06	6.269750e-06	3.838223e-09	4.566648e+01	2.521894e+02
1.600000e-06	6.280590e-06	3.842952e-09	4.574544e+01	2.522467e+02
1.610000e-06	6.288912e-06	3.845819e-09	4.580605e+01	2.522639e+02
1.620000e-06	6.294996e-06	3.848134e-09	4.585037e+01	2.522504e+02
1.630000e-06	6.299045e-06	3.850057e-09	4.587985e+01	2.522177e+02
1.640000e-06	6.300795e-06	3.852058e-09	4.589260e+01	2.521778e+02
1.650000e-06	6.300218e-06	3.853626e-09	4.588840e+01	2.521420e+02
1.660000e-06	6.297612e-06	3.851296e-09	4.586942e+01	2.521194e+02
1.670000e-06	6.293098e-06	3.849739e-09	4.583654e+01	2.521160e+02
1.680000e-06	6.286418e-06	3.848157e-09	4.578789e+01	2.521336e+02
1.690000e-06	6.277573e-06	3.845952e-09	4.572346e+01	2.521696e+02
1.700000e-06	6.266841e-06	3.846839e-09	4.564529e+01	2.522168e+02
1.710000e-06	6.253943e-06	3.849225e-09	4.555135e+01	2.522642e+02
1.720000e-06	6.238761e-06	3.851245e-09	4.544077e+01	2.522980e+02
1.730000e-06	6.221542e-06	3.822027e-09	4.531535e+01	2.523027e+02
1.740000e-06	6.202032e-06	3.818972e-09	4.517325e+01	2.522628e+02
1.750000e-06	6.179520e-06	3.836821e-09	4.500928e+01	2.521643e+02
1.760000e-06	6.154161e-06	3.837092e-09	4.482457e+01	2.519964e+02
1.770000e-06	6.126831e-06	3.850374e-09	4.462551e+01	2.517524e+02
1.780000e-06	6.098189e-06	3.860182e-09	4.441690e+01	2.514306e+02
1.790000e-06	6.068148e-06	3.805598e-09	4.419809e+01	2.510347e+02
1.800000e-06	6.035980e-06	3.776879e-09	4.396379e+01	2.505732e+02
1.810000e-06	6.001526e-06	3.737561e-09	4.371284e+01	2.500589e+02
1.820000e-06	5.965368e-06	3.701781e-09	4.344948e+01	2.495074e+02
1.830000e-06	5.927091e-06	3.774852e-09	4.317069e+01	2.489360e+02
1.840000e-06	5.886410e-06	3.765424e-09	4.287438e+01	2.483613e+02
1.850000e-06	5.843735e-06	3.757087e-09	4.256355e+01	2.477983e+02
1.860000e-06	5.799037e-06	3.782843e-09	4.223799e+01	2.472580e+02
1.870000e-06	5.752363e-06	3.731177e-09	4.189803e+01	2.467471e+02
1.880000e-06	5.703458e-06	3.748979e-09	4.154183e+01	2.462667e+02
1.890000e-06	5.652195e-06	3.744745e-09	4.116844e+01	2.458124e+02
1.900000e-06	5.598605e-06	3.731483e-09	4.077811e+01	2.453745e+02
1.910000e-06	5.542703e-06	3.742687e-09	4.037094e+01	2.449391e+02
1.920000e-06	5.484865e-06	3.702089e-09	3.994968e+01	2.444896e+02
1.930000e-06	5.425190e-06	3.721639e-09	3.951502e+01	2.440078e+02
1.940000e-06	5.363413e-06	3.686928e-09	3.906507e+01	2.434762e+02
1.950000e-06	5.299544e-06	3.684858e-09	3.859987e+01	2.428792e+02
1.960000e-06	5.233663e-06	3.693807e-09	3.812001e+01	2.422049e+02
1.970000e-06	5.165996e-06	3.665372e-09	3.762716e+01	2.414459e+02
1.980000e-06	5.096329e-06	3.687003e-09	3.711973e+01	2.406000e+02
1.990000e-06	5.024583e-06	3.634280e-09	3.659716e+01	2.396700e+02
2.000000e-06	4.951105e-06	3.617234e-09	3.606197e+01	2.386634e+02
2.010000e-06	4.875789e-06	3.607136e-09	3.551340e+01	2.375911e+02
2.020000e-06	4.798468e-06	3.594774e-09	3.495022e+01	2.364662e+02
2.030000e-06	4.719178e-06	3.601551e-09	3.437270e+01	2.353026e+02
2.040000e-06	4.638265e-06	3.575398e-09	3.378336e+01	2.341129e+02
2.050000e-06	4.555877e-06	3.577505e-09	3.318328e+01	2.329073e+02
2.060000e-06	4.471994e-06	3.536419e-09	3.257231e+01	2.316925e+02
2.070000e-06	4.386517e-06	3.511840e-09	3.194972e+01	2.304704e+02
2.080000e-06	4.299269e-06	3.492771e-09	3.131424e+01	2.292386e+02
2.090000e-06	4.210461e-06	3.476776e-09	3.066740e+01	2.279902e+02
2.100000e-06	4.120323e-06	3.463045e-09	3.001087e+01	2.267148e+02
2.110000e-06	4.028830e-06	3.433988e-09	2.934447e+01	2.253995e+02
2.120000e-06	3.935984e-06	3.428228e-09	2.866822e+01	2.240305e+02
2.130000e-06	3.841748e-06	3.402312e-09	2.798183e+01	2.225948e+02
2.140000e-06	3.745990e-06	3.378166e-09	2.728437e+01	2.210809e+02
2.150000e-06	3.648860e-06	3.348143e-09	2.657691e+01	2.194811e+02
2.160000e-06	3.550544e-06	3.326078e-09	2.586081e+01	2.177911e+02
2.170000e-06	3.450973e-06	3.300309e-09	2.513558e+01	2.160114e+02
2.180000e-06	3.350208e-06	3.274342e-09	2.440165e+01	2.141459e+02
2.190000e-06	3.248136e-06	3.251558e-09	2.365819e+01	2.122020e+02
2.200000e-06	3.144673e-06	3.219929e-09	2.290461e+01	2.101892e+02
2.210000e-06	3.039989e-06	3.186704e-09	2.214213e+01	2.081172e+02
2.220000e-06	2.934254e-06	3.155233e-09	2.137199e+01	2.059947e+02
2.230000e-06	2.827552e-06	3.135596e-09	2.059482e+01	2.038278e+02
2.240000e-06	2.719910e-06	3.109530e-09	1.981080e+01	2.016184e+02
2.250000e-06	2.611350e-06	3.077143e-09	1.902008e+01	1.993637e+02
2.260000e-06	2.501902e-06	3.032573e-09	1.822291e+01	1.970555e+02
2.270000e-06	2.391503e-06	2.986643e-09	1.741880e+01	1.946808e+02
2.280000e-06	2.280071e-06	2.939668e-09	1.660717e+01	1.922225e+02
2.290000e-06	2.167807e-06	2.897135e-09	1.578948e+01	1.896607e+02
2.300000e-06	2.054808e-06	2.859540e-09	1.496644e+01	1.869742e+02
2.310000e-06	1.941060e-06	2.819687e-09	1.413795e+01	1.841430e+02
2.320000e-06	1.826543e-06	2.775717e-09	1.330385e+01	1.811495e+02
2.330000e-06	1.711325e-06	2.728584e-09	1.246464e+01	1.779801e+02
2.340000e-06	1.595519e-06	2.682072e-09	1.162116e+01	1.746263e+02
2.350000e-06	1.479149e-06	2.629947e-09	1.077356e+01	1.710852e+02
2.360000e-06	1.362202e-06	2.574222e-09	9.921763e+00	1.673585e+02
2.370000e-06	1.244781e-06	2.515270e-09	9.066510e+00	1.634516e+02
2.380000e-06	1.126968e-06	2.456687e-09	8.208408e+00	1.593713e+02
2.390000e-06	1.008716e-06	2.397451e-09	7.347102e+00	1.551237e+02
2.400000e-06	8.900503e-07	2.333072e-09	6.482789e+00	1.507105e+02
2.410000e-06	7.710000e-07	2.260861e-09	5.615672e+00	1.461267e+02
2.420000e-06	6.516529e-07	2.185012e-09	4.746393e+00	1.413577e+02
2.430000e-06	5.320372e-07	2.108292e-09	3.875157e+00	1.363770e+02
2.440000e-06	4.121371e-07	2.027420e-09	3.001850e+00	1.311457e+02
2.450000e-06	2.920344e-07	1.941490e-09	2.127067e+00	1.256119e+02
2.460000e-06	1.718539e-07	1.849169e-09	1.251719e+00	1.197125e+02
2.470000e-06	5.160563e-08	1.748166e-09	3.758758e-01	1.133755e+02
2.480000e-06	-6.869745e-08	1.639465e-09	-5.003662e-01	1.065241e+02
2.490000e-06	-1.889666e-07	1.522107e-09	-1.376361e+00	9.908178e+01
2.500000e-06	-3.091856e-07	1.396386e-09	-2.251991e+00	9.097767e+01
2.510000e-06	-4.293149e-07	1.262170e-09	-3.126967e+00	8.215257e+01
2.520000e-06	-5.492296e-07	1.119569e-09	-4.000380e+00	7.256479e+01
2.530000e-06	-6.689359e-07	9.680109e-10	-4.872276e+00	6.219525e+01
2.540000e-06	-7.884090e-07	8.056213e-10	-5.742472e+00	5.105158e+01
2.550000e-06	-9.075177e-07	6.307848e-10	-6.610015e+00	3.917077e+01
2.560000e-06	-1.026152e-06	4.396896e-10	-7.474104e+00	2.662004e+01
2.570000e-06	-1.144339e-06	2.346600e-10	-8.334929e+00	1.349584e+01
2.580000e-06	-1.262108e-06	2.191518e-11	-9.192715e+00	-7.901425e-02
2.590000e-06	-1.379374e-06	-1.950751e-10	-1.004684e+01	-1.396002e+01
2.600000e-06	-1.496092e-06	-4.149357e-10	-1.089696e+01	-2.798713e+01
2.610000e-06	-1.612170e-06	-6.357761e-10	-1.174244e+01	-4.199198e+01
2.620000e-06	-1.727532e-06	-8.526247e-10	-1.258269e+01	-5.580571e+01
2.630000e-06	-1.842157e-06	-1.061377e-09	-1.341758e+01	-6.926686e+01
2.640000e-06	-1.955896e-06	-1.260199e-09	-1.424600e+01	-8.222879e+01
2.650000e-06	-2.068706e-06	-1.447037e-09	-1.506767e+01	-9.456610e+01
2.660000e-06	-2.180731e-06	-1.622720e-09	-1.588362e+01	-1.061797e+02
2.670000e-06	-2.291868e-06	-1.784544e-09	-1.669310e+01	-1.170000e+02
2.680000e-06	-2.402047e-06	-1.931975e-09	-1.749560e+01	-1.269884e+02
2.690000e-06	-2.511430e-06	-2.067574e-09	-1.829230e+01	-1.361368e+02
2.700000e-06	-2.619945e-06	-2.190811e-09	-1.908268e+01	-1.444649e+02
2.710000e-06	-2.727529e-06	-2.302134e-09	-1.986628e+01	-1.520167e+02
2.720000e-06	-2.834229e-06	-2.403530e-09	-2.064345e+01	-1.588551e+02
2.730000e-06	-2.939986e-06	-2.496156e-09	-2.141374e+01	-1.650561e+02
2.740000e-06	-3.044755e-06	-2.582146e-09	-2.217684e+01	-1.707025e+02
2.750000e-06	-3.148380e-06	-2.664512e-09	-2.293161e+01	-1.758779e+02
2.760000e-06	-3.250778e-06	-2.742896e-09	-2.367744e+01	-1.806614e+02
2.770000e-06	-3.351954e-06	-2.816374e-09	-2.441436e+01	-1.851233e+02
2.780000e-06	-3.451862e-06	-2.884598e-09	-2.514205e+01	-1.893218e+02
2.790000e-06	-3.550602e-06	-2.948717e-09	-2.586124e+01	-1.933013e+02
2.800000e-06	-3.648214e-06	-3.008637e-09	-2.657220e+01	-1.970919e+02
2.810000e-06	-3.744628e-06	-3.064503e-09	-2.727445e+01	-2.007106e+02
2.820000e-06	-3.839744e-06	-3.116649e-09	-2.796724e+01	-2.041627e+02
2.830000e-06	-3.933420e-06	-3.166227e-09	-2.864954e+01	-2.074454e+02
2.840000e-06	-4.025665e-06	-3.213357e-09	-2.932142e+01	-2.105502e+02
2.850000e-06	-4.116518e-06	-3.257524e-09	-2.998316e+01	-2.134664e+02
2.860000e-06	-4.205994e-06	-3.300183e-09	-3.063487e+01	-2.161844e+02
2.870000e-06	-4.294007e-06	-3.340435e-09	-3.127592e+01	-2.186980e+02
2.880000e-06	-4.380393e-06	-3.377816e-09	-3.190512e+01	-2.210061e+02
2.890000e-06	-4.465148e-06	-3.412339e-09	-3.252244e+01	-2.231142e+02
2.900000e-06	-4.548335e-06	-3.444111e-09	-3.312835e+01	-2.250336e+02
2.910000e-06	-4.630012e-06	-3.473371e-09	-3.372325e+01	-2.267815e+02
2.920000e-06	-4.709994e-06	-3.500418e-09	-3.430581e+01	-2.283794e+02
2.930000e-06	-4.788036e-06	-3.525486e-09	-3.487424e+01	-2.298512e+02
2.940000e-06	-4.864192e-06	-3.548095e-09	-3.542893e+01	-2.312213e+02
2.950000e-06	-4.938506e-06	-3.570259e-09	-3.597020e+01	-2.325125e+02
2.960000e-06	-5.010963e-06	-3.594280e-09	-3.649795e+01	-2.337443e+02
2.970000e-06	-5.081474e-06	-3.616916e-09	-3.701153e+01	-2.349318e+02
2.980000e-06	-5.150028e-06	-3.634667e-09	-3.751085e+01	-2.360845e+02
2.990000e-06	-5.216756e-06	-3.648938e-09	-3.799688e+01	-2.372065e+02
3.000000e-06	-5.281733e-06	-3.662799e-09	-3.847014e+01	-2.382969e+02
3.010000e-06	-5.344870e-06	-3.677415e-09	-3.893001e+01	-2.393507e+02
3.020000e-06	-5.405971e-06	-3.690557e-09	-3.937504e+01	-2.403599e+02
3.030000e-06	-5.465089e-06	-3.702489e-09	-3.980563e+01	-2.413158e+02
3.040000e-06	-5.522366e-06	-3.714866e-09	-4.022282e+01	-2.422095e+02
3.050000e-06	-5.577729e-06	-3.727983e-09	-4.062607e+01	-2.430342e+02
3.060000e-06	-5.630897e-06	-3.738614e-09	-4.101332e+01	-2.437858e+02
3.070000e-06	-5.681725e-06	-3.747064e-09	-4.138353e+01	-2.444640e+02
3.080000e-06	-5.730207e-06	-3.755140e-09	-4.173665e+01	-2.450720e+02
3.090000e-06	-5.776472e-06	-3.763197e-09	-4.207363e+01	-2.456164e+02
3.100000e-06	-5.820871e-06	-3.772730e-09	-4.239702e+01	-2.461066e+02
3.110000e-06	-5.863475e-06	-3.782853e-09	-4.270733e+01	-2.465535e+02
3.120000e-06	-5.904172e-06	-3.791616e-09	-4.300375e+01	-2.469687e+02
3.130000e-06	-5.942815e-06	-3.798354e-09	-4.328521e+01	-2.473625e+02
3.140000e-06	-5.979223e-06	-3.803301e-09	-4.355039e+01	-2.477435e+02
3.150000e-06	-6.013489e-06	-3.806261e-09	-4.379997e+01	-2.481171e+02
3.160000e-06	-6.045755e-06	-3.808438e-09	-4.403499e+01	-2.484854e+02
3.170000e-06	-6.075826e-06	-3.808931e-09	-4.425401e+01	-2.488470e+02
3.180000e-06	-6.103661e-06	-3.810133e-09	-4.445675e+01	-2.491972e+02
3.190000e-06	-6.129360e-06	-3.813677e-09	-4.464393e+01	-2.495292e+02
3.200000e-06	-6.152862e-06	-3.817069e-09	-4.481511e+01	-2.498344e+02
3.210000e-06	-6.174075e-06	-3.819455e-09	-4.496962e+01	-2.501044e+02
3.220000e-06	-6.193055e-06	-3.821205e-09	-4.510786e+01	-2.503316e+02
3.230000e-06	-6.209892e-06	-3.823273e-09	-4.523050e+01	-2.505108e+02
3.240000e-06	-6.224289e-06	-3.824283e-09	-4.533536e+01	-2.506398e+02
3.250000e-06	-6.236160e-06	-3.823770e-09	-4.542183e+01	-2.507200e+02
3.260000e-06	-6.245787e-06	-3.823352e-09	-4.549194e+01	-2.507564e+02
3.270000e-06	-6.253243e-06	-3.823717e-09	-4.554625e+01	-2.507570e+02
3.280000e-06	-6.258409e-06	-3.825400e-09	-4.558388e+01	-2.507326e+02
3.290000e-06	-6.261354e-06	-3.826343e-09	-4.560532e+01	-2.506950e+02
3.300000e-06	-6.262231e-06	-3.825967e-09	-4.561172e+01	-2.506559e+02
3.310000e-06	-6.260835e-06	-3.826296e-09	-4.560155e+01	-2.506259e+02
