# Temperatura_=_20.0
# Concentracion g/m^3_=_6200.0
# C_Vs_to_Am_M_A/Vsm_=_65563218390.804596
# pendiente_HvsI_1/m_=_3716.3
# ordenada_HvsI_A/m_=_1297.0
# frecuencia_Hz_=_302085.96490970365

Tiempo_(s)	Campo_(V.s)	Magnetizacion_(V.s)	Campo_(kA/m)	Magnetizacion_(A/m)
0.000000e+00	-6.253531e-06	-3.662807e-09	-4.560416e+01	-2.392066e+02
1.000000e-08	-6.251785e-06	-3.661499e-09	-4.559143e+01	-2.391214e+02
2.000000e-08	-6.247823e-06	-3.655815e-09	-4.556253e+01	-2.390485e+02
3.000000e-08	-6.241885e-06	-3.653509e-09	-4.551923e+01	-2.389964e+02
4.000000e-08	-6.234105e-06	-3.651644e-09	-4.546250e+01	-2.389692e+02
5.000000e-08	-6.224228e-06	-3.651401e-09	-4.539047e+01	-2.389666e+02
6.000000e-08	-6.211954e-06	-3.650220e-09	-4.530095e+01	-2.389841e+02
7.000000e-08	-6.197382e-06	-3.645434e-09	-4.519469e+01	-2.390128e+02
8.000000e-08	-6.180551e-06	-3.653036e-09	-4.507195e+01	-2.390413e+02
9.000000e-08	-6.161547e-06	-3.664691e-09	-4.493336e+01	-2.390563e+02
1.000000e-07	-6.140352e-06	-3.638902e-09	-4.477880e+01	-2.390442e+02
1.100000e-07	-6.116758e-06	-3.646629e-09	-4.460674e+01	-2.389926e+02
1.200000e-07	-6.090696e-06	-3.657348e-09	-4.441668e+01	-2.388914e+02
1.300000e-07	-6.062542e-06	-3.631446e-09	-4.421136e+01	-2.387342e+02
1.400000e-07	-6.032772e-06	-3.632776e-09	-4.399426e+01	-2.385182e+02
1.500000e-07	-6.001401e-06	-3.670052e-09	-4.376549e+01	-2.382448e+02
1.600000e-07	-5.968021e-06	-3.598401e-09	-4.352206e+01	-2.379194e+02
1.700000e-07	-5.932622e-06	-3.634338e-09	-4.326391e+01	-2.375500e+02
1.800000e-07	-5.895423e-06	-3.681767e-09	-4.299264e+01	-2.371470e+02
1.900000e-07	-5.856153e-06	-3.597646e-09	-4.270627e+01	-2.367210e+02
2.000000e-07	-5.814643e-06	-3.656781e-09	-4.240355e+01	-2.362821e+02
2.100000e-07	-5.770957e-06	-3.626515e-09	-4.208497e+01	-2.358385e+02
2.200000e-07	-5.725175e-06	-3.567940e-09	-4.175110e+01	-2.353952e+02
2.300000e-07	-5.677209e-06	-3.587191e-09	-4.140131e+01	-2.349539e+02
2.400000e-07	-5.626730e-06	-3.554984e-09	-4.103318e+01	-2.345120e+02
2.500000e-07	-5.573742e-06	-3.562814e-09	-4.064677e+01	-2.340636e+02
2.600000e-07	-5.518601e-06	-3.582574e-09	-4.024465e+01	-2.335996e+02
2.700000e-07	-5.461399e-06	-3.558335e-09	-3.982750e+01	-2.331089e+02
2.800000e-07	-5.402164e-06	-3.551240e-09	-3.939553e+01	-2.325797e+02
2.900000e-07	-5.340963e-06	-3.539102e-09	-3.894922e+01	-2.320006e+02
3.000000e-07	-5.277863e-06	-3.532241e-09	-3.848906e+01	-2.313620e+02
3.100000e-07	-5.212772e-06	-3.501698e-09	-3.801438e+01	-2.306573e+02
3.200000e-07	-5.145582e-06	-3.497917e-09	-3.752439e+01	-2.298832e+02
3.300000e-07	-5.076451e-06	-3.481051e-09	-3.702025e+01	-2.290406e+02
3.400000e-07	-5.005601e-06	-3.449869e-09	-3.650357e+01	-2.281340e+02
3.500000e-07	-4.933145e-06	-3.460640e-09	-3.597519e+01	-2.271711e+02
3.600000e-07	-4.858723e-06	-3.442309e-09	-3.543246e+01	-2.261619e+02
3.700000e-07	-4.782185e-06	-3.438444e-09	-3.487430e+01	-2.251172e+02
3.800000e-07	-4.703677e-06	-3.421100e-09	-3.430178e+01	-2.240475e+02
3.900000e-07	-4.623243e-06	-3.389804e-09	-3.371521e+01	-2.229618e+02
4.000000e-07	-4.541163e-06	-3.370477e-09	-3.311664e+01	-2.218659e+02
4.100000e-07	-4.457694e-06	-3.353449e-09	-3.250794e+01	-2.207620e+02
4.200000e-07	-4.372836e-06	-3.337153e-09	-3.188910e+01	-2.196481e+02
4.300000e-07	-4.286524e-06	-3.316195e-09	-3.125967e+01	-2.185182e+02
4.400000e-07	-4.198872e-06	-3.304621e-09	-3.062047e+01	-2.173627e+02
4.500000e-07	-4.109737e-06	-3.282847e-09	-2.997044e+01	-2.161692e+02
4.600000e-07	-4.018941e-06	-3.258674e-09	-2.930831e+01	-2.149242e+02
4.700000e-07	-3.926708e-06	-3.237949e-09	-2.863570e+01	-2.136142e+02
4.800000e-07	-3.833147e-06	-3.211461e-09	-2.795340e+01	-2.122273e+02
4.900000e-07	-3.738279e-06	-3.184221e-09	-2.726157e+01	-2.107544e+02
5.000000e-07	-3.642105e-06	-3.162756e-09	-2.656022e+01	-2.091903e+02
5.100000e-07	-3.544404e-06	-3.144135e-09	-2.584772e+01	-2.075343e+02
5.200000e-07	-3.445254e-06	-3.118338e-09	-2.512467e+01	-2.057900e+02
5.300000e-07	-3.344897e-06	-3.082977e-09	-2.439282e+01	-2.039648e+02
5.400000e-07	-3.243416e-06	-3.050765e-09	-2.365276e+01	-2.020692e+02
5.500000e-07	-3.140786e-06	-3.023312e-09	-2.290432e+01	-2.001148e+02
5.600000e-07	-3.037041e-06	-2.994251e-09	-2.214776e+01	-1.981133e+02
5.700000e-07	-2.932164e-06	-2.967521e-09	-2.138294e+01	-1.960744e+02
5.800000e-07	-2.826006e-06	-2.939946e-09	-2.060878e+01	-1.940041e+02
5.900000e-07	-2.718715e-06	-2.904002e-09	-1.982635e+01	-1.919037e+02
6.000000e-07	-2.610490e-06	-2.860579e-09	-1.903712e+01	-1.897690e+02
6.100000e-07	-2.501357e-06	-2.821596e-09	-1.824126e+01	-1.875900e+02
6.200000e-07	-2.391336e-06	-2.787185e-09	-1.743893e+01	-1.853516e+02
6.300000e-07	-2.280516e-06	-2.752407e-09	-1.663077e+01	-1.830343e+02
6.400000e-07	-2.168966e-06	-2.716895e-09	-1.581728e+01	-1.806162e+02
6.500000e-07	-2.056621e-06	-2.678749e-09	-1.499800e+01	-1.780746e+02
6.600000e-07	-1.943309e-06	-2.635557e-09	-1.417167e+01	-1.753884e+02
6.700000e-07	-1.829021e-06	-2.588178e-09	-1.333822e+01	-1.725397e+02
6.800000e-07	-1.713953e-06	-2.539420e-09	-1.249908e+01	-1.695155e+02
6.900000e-07	-1.598256e-06	-2.488920e-09	-1.165535e+01	-1.663090e+02
7.000000e-07	-1.481947e-06	-2.438709e-09	-1.080716e+01	-1.629193e+02
7.100000e-07	-1.365128e-06	-2.387736e-09	-9.955259e+00	-1.593510e+02
7.200000e-07	-1.247928e-06	-2.335354e-09	-9.100575e+00	-1.556129e+02
7.300000e-07	-1.130365e-06	-2.279453e-09	-8.243242e+00	-1.517156e+02
7.400000e-07	-1.012404e-06	-2.217906e-09	-7.383002e+00	-1.476683e+02
7.500000e-07	-8.941109e-07	-2.153751e-09	-6.520345e+00	-1.434763e+02
7.600000e-07	-7.755520e-07	-2.088002e-09	-5.655748e+00	-1.391369e+02
7.700000e-07	-6.567484e-07	-2.021053e-09	-4.789368e+00	-1.346374e+02
7.800000e-07	-5.377671e-07	-1.949862e-09	-3.921691e+00	-1.299523e+02
7.900000e-07	-4.185968e-07	-1.871548e-09	-3.052636e+00	-1.250422e+02
8.000000e-07	-2.992658e-07	-1.786495e-09	-2.182409e+00	-1.198540e+02
8.100000e-07	-1.798415e-07	-1.695137e-09	-1.311503e+00	-1.143222e+02
8.200000e-07	-6.032495e-08	-1.599320e-09	-4.399224e-01	-1.083718e+02
8.300000e-07	5.925985e-08	-1.500964e-09	4.321551e-01	-1.019221e+02
8.400000e-07	1.788458e-07	-1.397767e-09	1.304241e+00	-9.489252e+01
8.500000e-07	2.983489e-07	-1.287970e-09	2.175723e+00	-8.720799e+01
8.600000e-07	4.177762e-07	-1.165156e-09	3.046652e+00	-7.880541e+01
8.700000e-07	5.371283e-07	-1.027720e-09	3.917033e+00	-6.963970e+01
8.800000e-07	6.563223e-07	-8.804929e-10	4.786260e+00	-5.968921e+01
8.900000e-07	7.753272e-07	-7.219012e-10	5.654109e+00	-4.895992e+01
9.000000e-07	8.941375e-07	-5.516334e-10	6.520538e+00	-3.748817e+01
9.100000e-07	1.012708e-06	-3.688920e-10	7.385223e+00	-2.534160e+01
9.200000e-07	1.130988e-06	-1.766727e-10	8.247780e+00	-1.261801e+01
9.300000e-07	1.248891e-06	2.212316e-11	9.107596e+00	5.577212e-01
9.400000e-07	1.366289e-06	2.275558e-10	9.963727e+00	1.403852e+01
9.500000e-07	1.483178e-06	4.371293e-10	1.081614e+01	2.766157e+01
9.600000e-07	1.599552e-06	6.462694e-10	1.166481e+01	4.125588e+01
9.700000e-07	1.715321e-06	8.528289e-10	1.250906e+01	5.465043e+01
9.800000e-07	1.830280e-06	1.054739e-09	1.334740e+01	6.768237e+01
9.900000e-07	1.944294e-06	1.245067e-09	1.417885e+01	8.020463e+01
1.000000e-06	2.057471e-06	1.421843e-09	1.500420e+01	9.209257e+01
1.010000e-06	2.169836e-06	1.586503e-09	1.582363e+01	1.032490e+02
1.020000e-06	2.281323e-06	1.739467e-09	1.663665e+01	1.136075e+02
1.030000e-06	2.392028e-06	1.877853e-09	1.744398e+01	1.231335e+02
1.040000e-06	2.501924e-06	2.002114e-09	1.824539e+01	1.318239e+02
1.050000e-06	2.610903e-06	2.115852e-09	1.904013e+01	1.397038e+02
1.060000e-06	2.719115e-06	2.220802e-09	1.982927e+01	1.468226e+02
1.070000e-06	2.826482e-06	2.319574e-09	2.061225e+01	1.532486e+02
1.080000e-06	2.932728e-06	2.410935e-09	2.138705e+01	1.590623e+02
1.090000e-06	3.037808e-06	2.495405e-09	2.215335e+01	1.643501e+02
1.100000e-06	3.141720e-06	2.572269e-09	2.291113e+01	1.691982e+02
1.110000e-06	3.244533e-06	2.644441e-09	2.366090e+01	1.736869e+02
1.120000e-06	3.346225e-06	2.711087e-09	2.440250e+01	1.778860e+02
1.130000e-06	3.446794e-06	2.772324e-09	2.513590e+01	1.818521e+02
1.140000e-06	3.546218e-06	2.828763e-09	2.586096e+01	1.856265e+02
1.150000e-06	3.644228e-06	2.881184e-09	2.657570e+01	1.892355e+02
1.160000e-06	3.740836e-06	2.930386e-09	2.728022e+01	1.926916e+02
1.170000e-06	3.836096e-06	2.976447e-09	2.797491e+01	1.959953e+02
1.180000e-06	3.930033e-06	3.022126e-09	2.865995e+01	1.991389e+02
1.190000e-06	4.022769e-06	3.063476e-09	2.933623e+01	2.021097e+02
1.200000e-06	4.114234e-06	3.100330e-09	3.000324e+01	2.048937e+02
1.210000e-06	4.204150e-06	3.132282e-09	3.065896e+01	2.074786e+02
1.220000e-06	4.292411e-06	3.162423e-09	3.130260e+01	2.098570e+02
1.230000e-06	4.379142e-06	3.191978e-09	3.193509e+01	2.120278e+02
1.240000e-06	4.464370e-06	3.219054e-09	3.255662e+01	2.139973e+02
1.250000e-06	4.548171e-06	3.244951e-09	3.316774e+01	2.157788e+02
1.260000e-06	4.630357e-06	3.270559e-09	3.376709e+01	2.173924e+02
1.270000e-06	4.710736e-06	3.296888e-09	3.435325e+01	2.188624e+02
1.280000e-06	4.789415e-06	3.321180e-09	3.492703e+01	2.202159e+02
1.290000e-06	4.866363e-06	3.340960e-09	3.548817e+01	2.214799e+02
1.300000e-06	4.941471e-06	3.357697e-09	3.603590e+01	2.226797e+02
1.310000e-06	5.014638e-06	3.373824e-09	3.656948e+01	2.238359e+02
1.320000e-06	5.085856e-06	3.391484e-09	3.708884e+01	2.249638e+02
1.330000e-06	5.155235e-06	3.411398e-09	3.759479e+01	2.260724e+02
1.340000e-06	5.222860e-06	3.430912e-09	3.808794e+01	2.271637e+02
1.350000e-06	5.288526e-06	3.446860e-09	3.856682e+01	2.282342e+02
1.360000e-06	5.352154e-06	3.460730e-09	3.903083e+01	2.292754e+02
1.370000e-06	5.413978e-06	3.472331e-09	3.948168e+01	2.302757e+02
1.380000e-06	5.474118e-06	3.484669e-09	3.992025e+01	2.312225e+02
1.390000e-06	5.532393e-06	3.498307e-09	4.034523e+01	2.321035e+02
1.400000e-06	5.588581e-06	3.509998e-09	4.075498e+01	2.329092e+02
1.410000e-06	5.642719e-06	3.519417e-09	4.114978e+01	2.336338e+02
1.420000e-06	5.694698e-06	3.530067e-09	4.152885e+01	2.342759e+02
1.430000e-06	5.744271e-06	3.542292e-09	4.189036e+01	2.348395e+02
1.440000e-06	5.791571e-06	3.554935e-09	4.223530e+01	2.353329e+02
1.450000e-06	5.836916e-06	3.566226e-09	4.256597e+01	2.357682e+02
1.460000e-06	5.880356e-06	3.575106e-09	4.288276e+01	2.361598e+02
1.470000e-06	5.921593e-06	3.581739e-09	4.318349e+01	2.365234e+02
1.480000e-06	5.960654e-06	3.586136e-09	4.346834e+01	2.368734e+02
1.490000e-06	5.997779e-06	3.591374e-09	4.373908e+01	2.372224e+02
1.500000e-06	6.032867e-06	3.597792e-09	4.399495e+01	2.375790e+02
1.510000e-06	6.065733e-06	3.604747e-09	4.423464e+01	2.379477e+02
1.520000e-06	6.096397e-06	3.611244e-09	4.445825e+01	2.383280e+02
1.530000e-06	6.125064e-06	3.618018e-09	4.466731e+01	2.387150e+02
1.540000e-06	6.151613e-06	3.625756e-09	4.486092e+01	2.390998e+02
1.550000e-06	6.175792e-06	3.633468e-09	4.503725e+01	2.394710e+02
1.560000e-06	6.197673e-06	3.639007e-09	4.519681e+01	2.398156e+02
1.570000e-06	6.217522e-06	3.642111e-09	4.534156e+01	2.401211e+02
1.580000e-06	6.235228e-06	3.643890e-09	4.547068e+01	2.403766e+02
1.590000e-06	6.250565e-06	3.644809e-09	4.558253e+01	2.405744e+02
1.600000e-06	6.263563e-06	3.647317e-09	4.567732e+01	2.407106e+02
1.610000e-06	6.274043e-06	3.652026e-09	4.575375e+01	2.407861e+02
1.620000e-06	6.282049e-06	3.654896e-09	4.581213e+01	2.408059e+02
1.630000e-06	6.287878e-06	3.655666e-09	4.585464e+01	2.407793e+02
1.640000e-06	6.291615e-06	3.656268e-09	4.588189e+01	2.407184e+02
1.650000e-06	6.293084e-06	3.659542e-09	4.589260e+01	2.406370e+02
1.660000e-06	6.292272e-06	3.660192e-09	4.588668e+01	2.405493e+02
1.670000e-06	6.289436e-06	3.661573e-09	4.586600e+01	2.404680e+02
1.680000e-06	6.284582e-06	3.660079e-09	4.583060e+01	2.404035e+02
1.690000e-06	6.277554e-06	3.658058e-09	4.577935e+01	2.403622e+02
1.700000e-06	6.268463e-06	3.656920e-09	4.571305e+01	2.403462e+02
1.710000e-06	6.257449e-06	3.655972e-09	4.563273e+01	2.403533e+02
1.720000e-06	6.244262e-06	3.656234e-09	4.553657e+01	2.403768e+02
1.730000e-06	6.228854e-06	3.641917e-09	4.542421e+01	2.404065e+02
1.740000e-06	6.211388e-06	3.629984e-09	4.529683e+01	2.404299e+02
1.750000e-06	6.191494e-06	3.660702e-09	4.515175e+01	2.404335e+02
1.760000e-06	6.168576e-06	3.647648e-09	4.498462e+01	2.404039e+02
1.770000e-06	6.142931e-06	3.642025e-09	4.479761e+01	2.403299e+02
1.780000e-06	6.115466e-06	3.678261e-09	4.459732e+01	2.402028e+02
1.790000e-06	6.086731e-06	3.605684e-09	4.438776e+01	2.400178e+02
1.800000e-06	6.056517e-06	3.635698e-09	4.416743e+01	2.397743e+02
1.810000e-06	6.024071e-06	3.691548e-09	4.393081e+01	2.394754e+02
1.820000e-06	5.989393e-06	3.569876e-09	4.367792e+01	2.391279e+02
1.830000e-06	5.952948e-06	3.632321e-09	4.341215e+01	2.387411e+02
1.840000e-06	5.914343e-06	3.620127e-09	4.313061e+01	2.383255e+02
1.850000e-06	5.873486e-06	3.550650e-09	4.283266e+01	2.378919e+02
1.860000e-06	5.830667e-06	3.661695e-09	4.252040e+01	2.374495e+02
1.870000e-06	5.785776e-06	3.589096e-09	4.219304e+01	2.370051e+02
1.880000e-06	5.738844e-06	3.602023e-09	4.185078e+01	2.365623e+02
1.890000e-06	5.689721e-06	3.627515e-09	4.149255e+01	2.361207e+02
1.900000e-06	5.638356e-06	3.548165e-09	4.111797e+01	2.356763e+02
1.910000e-06	5.584667e-06	3.603372e-09	4.072644e+01	2.352214e+02
1.920000e-06	5.528602e-06	3.551544e-09	4.031758e+01	2.347460e+02
1.930000e-06	5.470584e-06	3.554777e-09	3.989448e+01	2.342384e+02
1.940000e-06	5.410695e-06	3.576184e-09	3.945774e+01	2.336868e+02
1.950000e-06	5.348699e-06	3.528054e-09	3.900563e+01	2.330807e+02
1.960000e-06	5.284569e-06	3.567558e-09	3.853796e+01	2.324115e+02
1.970000e-06	5.218521e-06	3.513810e-09	3.805630e+01	2.316742e+02
1.980000e-06	5.150700e-06	3.540773e-09	3.756171e+01	2.308675e+02
1.990000e-06	5.080846e-06	3.521315e-09	3.705230e+01	2.299939e+02
2.000000e-06	5.008986e-06	3.470715e-09	3.652826e+01	2.290595e+02
2.010000e-06	4.935395e-06	3.486821e-09	3.599159e+01	2.280733e+02
2.020000e-06	4.860034e-06	3.435445e-09	3.544202e+01	2.270457e+02
2.030000e-06	4.782687e-06	3.463570e-09	3.487797e+01	2.259877e+02
2.040000e-06	4.703342e-06	3.444667e-09	3.429934e+01	2.249092e+02
2.050000e-06	4.622351e-06	3.435976e-09	3.370871e+01	2.238177e+02
2.060000e-06	4.539856e-06	3.424743e-09	3.310711e+01	2.227176e+02
2.070000e-06	4.455931e-06	3.381067e-09	3.249508e+01	2.216090e+02
2.080000e-06	4.370361e-06	3.375560e-09	3.187106e+01	2.204882e+02
2.090000e-06	4.283001e-06	3.348191e-09	3.123398e+01	2.193473e+02
2.100000e-06	4.194141e-06	3.349473e-09	3.058596e+01	2.181753e+02
2.110000e-06	4.103939e-06	3.316173e-09	2.992816e+01	2.169591e+02
2.120000e-06	4.012494e-06	3.299401e-09	2.926130e+01	2.156850e+02
2.130000e-06	3.919672e-06	3.285022e-09	2.858439e+01	2.143402e+02
2.140000e-06	3.825303e-06	3.256015e-09	2.789620e+01	2.129137e+02
2.150000e-06	3.729490e-06	3.234271e-09	2.719748e+01	2.113984e+02
2.160000e-06	3.632351e-06	3.209361e-09	2.648909e+01	2.097910e+02
2.170000e-06	3.533907e-06	3.198313e-09	2.577118e+01	2.080928e+02
2.180000e-06	3.434311e-06	3.166940e-09	2.504487e+01	2.063093e+02
2.190000e-06	3.333568e-06	3.144427e-09	2.431020e+01	2.044494e+02
2.200000e-06	3.231354e-06	3.117916e-09	2.356480e+01	2.025245e+02
2.210000e-06	3.127766e-06	3.088174e-09	2.280938e+01	2.005465e+02
2.220000e-06	3.023056e-06	3.046264e-09	2.204577e+01	1.985261e+02
2.230000e-06	2.917303e-06	3.016296e-09	2.127456e+01	1.964716e+02
2.240000e-06	2.810550e-06	3.000480e-09	2.049607e+01	1.943869e+02
2.250000e-06	2.702926e-06	2.976270e-09	1.971121e+01	1.922710e+02
2.260000e-06	2.594476e-06	2.942984e-09	1.892034e+01	1.901168e+02
2.270000e-06	2.485059e-06	2.902048e-09	1.812241e+01	1.879119e+02
2.280000e-06	2.374692e-06	2.861301e-09	1.731755e+01	1.856390e+02
2.290000e-06	2.263329e-06	2.813290e-09	1.650543e+01	1.832772e+02
2.300000e-06	2.151053e-06	2.772656e-09	1.568665e+01	1.808041e+02
2.310000e-06	2.037996e-06	2.737659e-09	1.486218e+01	1.781973e+02
2.320000e-06	1.924260e-06	2.702472e-09	1.403276e+01	1.754371e+02
2.330000e-06	1.809843e-06	2.658844e-09	1.319836e+01	1.725077e+02
2.340000e-06	1.694763e-06	2.613599e-09	1.235914e+01	1.693989e+02
2.350000e-06	1.579094e-06	2.565710e-09	1.151561e+01	1.661065e+02
2.360000e-06	1.462881e-06	2.511992e-09	1.066813e+01	1.626325e+02
2.370000e-06	1.346114e-06	2.456200e-09	9.816597e+00	1.589837e+02
2.380000e-06	1.228747e-06	2.400274e-09	8.960693e+00	1.551698e+02
2.390000e-06	1.110889e-06	2.343792e-09	8.101206e+00	1.512014e+02
2.400000e-06	9.925898e-07	2.283493e-09	7.238507e+00	1.470862e+02
2.410000e-06	8.738512e-07	2.220405e-09	6.372600e+00	1.428261e+02
2.420000e-06	7.547576e-07	2.149947e-09	5.504104e+00	1.384142e+02
2.430000e-06	6.354678e-07	2.076205e-09	4.634178e+00	1.338321e+02
2.440000e-06	5.159939e-07	2.001927e-09	3.762909e+00	1.290477e+02
2.450000e-06	3.963232e-07	1.924878e-09	2.890205e+00	1.240154e+02
2.460000e-06	2.764577e-07	1.842444e-09	2.016080e+00	1.186760e+02
2.470000e-06	1.564242e-07	1.751652e-09	1.140730e+00	1.129591e+02
2.480000e-06	3.633088e-08	1.652613e-09	2.649446e-01	1.067865e+02
2.490000e-06	-8.375809e-08	1.544793e-09	-6.108097e-01	1.000770e+02
2.500000e-06	-2.038509e-07	1.429795e-09	-1.486592e+00	9.275155e+01
2.510000e-06	-3.239082e-07	1.308162e-09	-2.362116e+00	8.474002e+01
2.520000e-06	-4.437882e-07	1.178019e-09	-3.236345e+00	7.598694e+01
2.530000e-06	-5.634978e-07	1.039921e-09	-4.109333e+00	6.645747e+01
2.540000e-06	-6.830518e-07	8.907626e-10	-4.981187e+00	5.614234e+01
2.550000e-06	-8.023621e-07	7.300336e-10	-5.851262e+00	4.506142e+01
2.560000e-06	-9.213264e-07	5.533948e-10	-6.718814e+00	3.326558e+01
2.570000e-06	-1.039825e-06	3.597450e-10	-7.582968e+00	2.083671e+01
2.580000e-06	-1.157856e-06	1.552226e-10	-8.443720e+00	7.885679e+00
2.590000e-06	-1.275418e-06	-5.552347e-11	-9.301042e+00	-5.451600e+00
2.600000e-06	-1.392438e-06	-2.694007e-10	-1.015442e+01	-1.901987e+01
2.610000e-06	-1.508852e-06	-4.853735e-10	-1.100338e+01	-3.265154e+01
2.620000e-06	-1.624576e-06	-6.999022e-10	-1.184729e+01	-4.617457e+01
2.630000e-06	-1.739654e-06	-9.083179e-10	-1.268651e+01	-5.942072e+01
2.640000e-06	-1.854040e-06	-1.107304e-09	-1.352067e+01	-7.223359e+01
2.650000e-06	-1.967494e-06	-1.295527e-09	-1.434804e+01	-8.447577e+01
2.660000e-06	-2.080009e-06	-1.470905e-09	-1.516856e+01	-9.603485e+01
2.670000e-06	-2.191708e-06	-1.633670e-09	-1.598313e+01	-1.068276e+02
2.680000e-06	-2.302538e-06	-1.782508e-09	-1.679136e+01	-1.168025e+02
2.690000e-06	-2.412411e-06	-1.918980e-09	-1.759262e+01	-1.259396e+02
2.700000e-06	-2.521440e-06	-2.043996e-09	-1.838772e+01	-1.342495e+02
2.710000e-06	-2.629688e-06	-2.155848e-09	-1.917712e+01	-1.417691e+02
2.720000e-06	-2.737103e-06	-2.256212e-09	-1.996045e+01	-1.485574e+02
2.730000e-06	-2.843651e-06	-2.346931e-09	-2.073746e+01	-1.546890e+02
2.740000e-06	-2.949184e-06	-2.429966e-09	-2.150706e+01	-1.602482e+02
2.750000e-06	-3.053658e-06	-2.508487e-09	-2.226894e+01	-1.653219e+02
2.760000e-06	-3.156976e-06	-2.585594e-09	-2.302239e+01	-1.699942e+02
2.770000e-06	-3.258981e-06	-2.660396e-09	-2.376627e+01	-1.743410e+02
2.780000e-06	-3.359811e-06	-2.730247e-09	-2.450158e+01	-1.784263e+02
2.790000e-06	-3.459550e-06	-2.794597e-09	-2.522893e+01	-1.822996e+02
2.800000e-06	-3.558141e-06	-2.855295e-09	-2.594790e+01	-1.859954e+02
2.810000e-06	-3.655526e-06	-2.911795e-09	-2.665809e+01	-1.895331e+02
2.820000e-06	-3.751740e-06	-2.963115e-09	-2.735973e+01	-1.929194e+02
2.830000e-06	-3.846636e-06	-3.010383e-09	-2.805177e+01	-1.961507e+02
2.840000e-06	-3.940017e-06	-3.056617e-09	-2.873275e+01	-1.992163e+02
2.850000e-06	-4.032015e-06	-3.100315e-09	-2.940366e+01	-2.021026e+02
2.860000e-06	-4.122660e-06	-3.139458e-09	-3.006468e+01	-2.047959e+02
2.870000e-06	-4.211850e-06	-3.175726e-09	-3.071511e+01	-2.072860e+02
2.880000e-06	-4.299511e-06	-3.209589e-09	-3.135438e+01	-2.095683e+02
2.890000e-06	-4.385540e-06	-3.242856e-09	-3.198175e+01	-2.116449e+02
2.900000e-06	-4.469946e-06	-3.275512e-09	-3.259728e+01	-2.135255e+02
2.910000e-06	-4.552839e-06	-3.306738e-09	-3.320179e+01	-2.152267e+02
2.920000e-06	-4.634196e-06	-3.334882e-09	-3.379508e+01	-2.167709e+02
2.930000e-06	-4.713844e-06	-3.359678e-09	-3.437592e+01	-2.181838e+02
2.940000e-06	-4.791583e-06	-3.382319e-09	-3.494284e+01	-2.194930e+02
2.950000e-06	-4.867386e-06	-3.402636e-09	-3.549564e+01	-2.207248e+02
2.960000e-06	-4.941273e-06	-3.422487e-09	-3.603446e+01	-2.219026e+02
2.970000e-06	-5.013372e-06	-3.442436e-09	-3.656024e+01	-2.230446e+02
2.980000e-06	-5.083565e-06	-3.461172e-09	-3.707213e+01	-2.241634e+02
2.990000e-06	-5.151772e-06	-3.476765e-09	-3.756953e+01	-2.252645e+02
3.000000e-06	-5.218252e-06	-3.491651e-09	-3.805434e+01	-2.263475e+02
3.010000e-06	-5.282987e-06	-3.507483e-09	-3.852642e+01	-2.274061e+02
3.020000e-06	-5.345731e-06	-3.521885e-09	-3.898399e+01	-2.284304e+02
3.030000e-06	-5.406413e-06	-3.533957e-09	-3.942651e+01	-2.294079e+02
3.040000e-06	-5.465220e-06	-3.543918e-09	-3.985537e+01	-2.303261e+02
3.050000e-06	-5.522236e-06	-3.552125e-09	-4.027116e+01	-2.311736e+02
3.060000e-06	-5.577273e-06	-3.560917e-09	-4.067252e+01	-2.319426e+02
3.070000e-06	-5.630039e-06	-3.569684e-09	-4.105732e+01	-2.326293e+02
3.080000e-06	-5.680515e-06	-3.579124e-09	-4.142542e+01	-2.332347e+02
3.090000e-06	-5.728680e-06	-3.587726e-09	-4.177666e+01	-2.337649e+02
3.100000e-06	-5.774686e-06	-3.595800e-09	-4.211216e+01	-2.342301e+02
3.110000e-06	-5.818852e-06	-3.604919e-09	-4.243424e+01	-2.346437e+02
3.120000e-06	-5.861182e-06	-3.612467e-09	-4.274293e+01	-2.350209e+02
3.130000e-06	-5.901583e-06	-3.617316e-09	-4.303756e+01	-2.353770e+02
3.140000e-06	-5.939855e-06	-3.622022e-09	-4.331666e+01	-2.357257e+02
3.150000e-06	-5.975950e-06	-3.627340e-09	-4.357989e+01	-2.360778e+02
3.160000e-06	-6.010004e-06	-3.632356e-09	-4.382823e+01	-2.364403e+02
3.170000e-06	-6.042008e-06	-3.637548e-09	-4.406162e+01	-2.368152e+02
3.180000e-06	-6.071773e-06	-3.641082e-09	-4.427868e+01	-2.372000e+02
3.190000e-06	-6.099256e-06	-3.644562e-09	-4.447911e+01	-2.375878e+02
3.200000e-06	-6.124574e-06	-3.648200e-09	-4.466374e+01	-2.379683e+02
3.210000e-06	-6.147654e-06	-3.650556e-09	-4.483205e+01	-2.383293e+02
3.220000e-06	-6.168462e-06	-3.652215e-09	-4.498379e+01	-2.386577e+02
3.230000e-06	-6.187128e-06	-3.654434e-09	-4.511991e+01	-2.389417e+02
3.240000e-06	-6.203736e-06	-3.656153e-09	-4.524102e+01	-2.391716e+02
3.250000e-06	-6.217894e-06	-3.657184e-09	-4.534428e+01	-2.393415e+02
3.260000e-06	-6.229465e-06	-3.656409e-09	-4.542866e+01	-2.394497e+02
3.270000e-06	-6.238793e-06	-3.655768e-09	-4.549668e+01	-2.394989e+02
3.280000e-06	-6.245944e-06	-3.656929e-09	-4.554883e+01	-2.394963e+02
3.290000e-06	-6.250786e-06	-3.659127e-09	-4.558414e+01	-2.394526e+02
3.300000e-06	-6.253431e-06	-3.659910e-09	-4.560343e+01	-2.393810e+02
3.310000e-06	-6.254024e-06	-3.660196e-09	-4.560776e+01	-2.392954e+02
