# Temperatura_=_20.0
# Concentracion g/m^3_=_6200.0
# C_Vs_to_Am_M_A/Vsm_=_65563218390.804596
# pendiente_HvsI_1/m_=_3716.3
# ordenada_HvsI_A/m_=_1297.0
# frecuencia_Hz_=_302086.52119004994

Tiempo_(s)	Campo_(V.s)	Magnetizacion_(V.s)	Campo_(kA/m)	Magnetizacion_(A/m)
0.000000e+00	-6.249674e-06	-4.408851e-09	-4.560266e+01	-2.882798e+02
1.000000e-08	-6.248077e-06	-4.406199e-09	-4.559100e+01	-2.881982e+02
2.000000e-08	-6.244306e-06	-4.406214e-09	-4.556348e+01	-2.881038e+02
3.000000e-08	-6.238557e-06	-4.404764e-09	-4.552154e+01	-2.880063e+02
4.000000e-08	-6.230889e-06	-4.405459e-09	-4.546558e+01	-2.879127e+02
5.000000e-08	-6.221155e-06	-4.404279e-09	-4.539455e+01	-2.878267e+02
6.000000e-08	-6.209102e-06	-4.400221e-09	-4.530660e+01	-2.877479e+02
7.000000e-08	-6.194678e-06	-4.396009e-09	-4.520136e+01	-2.876720e+02
8.000000e-08	-6.177959e-06	-4.384284e-09	-4.507936e+01	-2.875907e+02
9.000000e-08	-6.159107e-06	-4.374157e-09	-4.494181e+01	-2.874927e+02
1.000000e-07	-6.138074e-06	-4.404294e-09	-4.478833e+01	-2.873645e+02
1.100000e-07	-6.114651e-06	-4.391249e-09	-4.461742e+01	-2.871919e+02
1.200000e-07	-6.088796e-06	-4.357400e-09	-4.442876e+01	-2.869611e+02
1.300000e-07	-6.060773e-06	-4.352465e-09	-4.422428e+01	-2.866601e+02
1.400000e-07	-6.031054e-06	-4.330588e-09	-4.400742e+01	-2.862803e+02
1.500000e-07	-5.999779e-06	-4.284588e-09	-4.377922e+01	-2.858165e+02
1.600000e-07	-5.966604e-06	-4.352687e-09	-4.353715e+01	-2.852683e+02
1.700000e-07	-5.931377e-06	-4.333988e-09	-4.328010e+01	-2.846397e+02
1.800000e-07	-5.894297e-06	-4.274056e-09	-4.300954e+01	-2.839388e+02
1.900000e-07	-5.855172e-06	-4.350532e-09	-4.272405e+01	-2.831770e+02
2.000000e-07	-5.813879e-06	-4.301113e-09	-4.242274e+01	-2.823682e+02
2.100000e-07	-5.770415e-06	-4.311025e-09	-4.210559e+01	-2.815271e+02
2.200000e-07	-5.724747e-06	-4.338447e-09	-4.177236e+01	-2.806683e+02
2.300000e-07	-5.676881e-06	-4.259986e-09	-4.142309e+01	-2.798049e+02
2.400000e-07	-5.626556e-06	-4.275483e-09	-4.105588e+01	-2.789471e+02
2.500000e-07	-5.573793e-06	-4.268530e-09	-4.067088e+01	-2.781016e+02
2.600000e-07	-5.518901e-06	-4.234505e-09	-4.027034e+01	-2.772714e+02
2.700000e-07	-5.461931e-06	-4.262389e-09	-3.985464e+01	-2.764552e+02
2.800000e-07	-5.402847e-06	-4.222955e-09	-3.942352e+01	-2.756484e+02
2.900000e-07	-5.341782e-06	-4.195493e-09	-3.897794e+01	-2.748431e+02
3.000000e-07	-5.278865e-06	-4.193074e-09	-3.851885e+01	-2.740296e+02
3.100000e-07	-5.213995e-06	-4.199892e-09	-3.804550e+01	-2.731970e+02
3.200000e-07	-5.146990e-06	-4.182455e-09	-3.755658e+01	-2.723347e+02
3.300000e-07	-5.078027e-06	-4.161891e-09	-3.705337e+01	-2.714333e+02
3.400000e-07	-5.007348e-06	-4.156805e-09	-3.653764e+01	-2.704853e+02
3.500000e-07	-4.934879e-06	-4.117749e-09	-3.600885e+01	-2.694855e+02
3.600000e-07	-4.860536e-06	-4.118043e-09	-3.546638e+01	-2.684316e+02
3.700000e-07	-4.784161e-06	-4.098747e-09	-3.490909e+01	-2.673239e+02
3.800000e-07	-4.705755e-06	-4.068886e-09	-3.433698e+01	-2.661647e+02
3.900000e-07	-4.625531e-06	-4.057486e-09	-3.375160e+01	-2.649577e+02
4.000000e-07	-4.543659e-06	-4.028534e-09	-3.315419e+01	-2.637072e+02
4.100000e-07	-4.460317e-06	-4.013763e-09	-3.254606e+01	-2.624171e+02
4.200000e-07	-4.375613e-06	-4.004061e-09	-3.192799e+01	-2.610902e+02
4.300000e-07	-4.289537e-06	-3.979328e-09	-3.129991e+01	-2.597276e+02
4.400000e-07	-4.201978e-06	-3.946849e-09	-3.066101e+01	-2.583278e+02
4.500000e-07	-4.112874e-06	-3.922955e-09	-3.001084e+01	-2.568873e+02
4.600000e-07	-4.022258e-06	-3.901301e-09	-2.934963e+01	-2.554002e+02
4.700000e-07	-3.930222e-06	-3.871539e-09	-2.867806e+01	-2.538591e+02
4.800000e-07	-3.836836e-06	-3.851030e-09	-2.799664e+01	-2.522552e+02
4.900000e-07	-3.742116e-06	-3.827449e-09	-2.730549e+01	-2.505800e+02
5.000000e-07	-3.646056e-06	-3.793693e-09	-2.660456e+01	-2.488252e+02
5.100000e-07	-3.548650e-06	-3.759268e-09	-2.589380e+01	-2.469843e+02
5.200000e-07	-3.449861e-06	-3.729951e-09	-2.517296e+01	-2.450529e+02
5.300000e-07	-3.349683e-06	-3.703204e-09	-2.444198e+01	-2.430288e+02
5.400000e-07	-3.248324e-06	-3.663930e-09	-2.370239e+01	-2.409126e+02
5.500000e-07	-3.145850e-06	-3.628490e-09	-2.295465e+01	-2.387066e+02
5.600000e-07	-3.042178e-06	-3.599234e-09	-2.219818e+01	-2.364153e+02
5.700000e-07	-2.937364e-06	-3.564329e-09	-2.143337e+01	-2.340433e+02
5.800000e-07	-2.831518e-06	-3.522578e-09	-2.066104e+01	-2.315955e+02
5.900000e-07	-2.724586e-06	-3.483605e-09	-1.988077e+01	-2.290750e+02
6.000000e-07	-2.616498e-06	-3.444279e-09	-1.909208e+01	-2.264830e+02
6.100000e-07	-2.507474e-06	-3.396649e-09	-1.829655e+01	-2.238175e+02
6.200000e-07	-2.397620e-06	-3.354684e-09	-1.749497e+01	-2.210731e+02
6.300000e-07	-2.286940e-06	-3.315269e-09	-1.668735e+01	-2.182409e+02
6.400000e-07	-2.175406e-06	-3.266709e-09	-1.587352e+01	-2.153086e+02
6.500000e-07	-2.062940e-06	-3.212004e-09	-1.505287e+01	-2.122615e+02
6.600000e-07	-1.949642e-06	-3.161300e-09	-1.422616e+01	-2.090831e+02
6.700000e-07	-1.835668e-06	-3.110280e-09	-1.339451e+01	-2.057561e+02
6.800000e-07	-1.720976e-06	-3.053842e-09	-1.255763e+01	-2.022643e+02
6.900000e-07	-1.605457e-06	-2.998108e-09	-1.171470e+01	-1.985925e+02
7.000000e-07	-1.489223e-06	-2.944725e-09	-1.086657e+01	-1.947282e+02
7.100000e-07	-1.372493e-06	-2.887045e-09	-1.001481e+01	-1.906615e+02
7.200000e-07	-1.255388e-06	-2.820506e-09	-9.160324e+00	-1.863851e+02
7.300000e-07	-1.137875e-06	-2.750891e-09	-8.302849e+00	-1.818934e+02
7.400000e-07	-1.019987e-06	-2.676794e-09	-7.442647e+00	-1.771821e+02
7.500000e-07	-9.017722e-07	-2.596977e-09	-6.580056e+00	-1.722457e+02
7.600000e-07	-7.832526e-07	-2.514295e-09	-5.715241e+00	-1.670764e+02
7.700000e-07	-6.645256e-07	-2.430743e-09	-4.848914e+00	-1.616621e+02
7.800000e-07	-5.456362e-07	-2.343801e-09	-3.981401e+00	-1.559843e+02
7.900000e-07	-4.265991e-07	-2.253187e-09	-3.112811e+00	-1.500171e+02
8.000000e-07	-3.074042e-07	-2.161126e-09	-2.243068e+00	-1.437264e+02
8.100000e-07	-1.880495e-07	-2.060921e-09	-1.372160e+00	-1.370699e+02
8.200000e-07	-6.860503e-08	-1.950567e-09	-5.005975e-01	-1.299978e+02
8.300000e-07	5.084923e-08	-1.831732e-09	3.710369e-01	-1.224550e+02
8.400000e-07	1.703168e-07	-1.706370e-09	1.242768e+00	-1.143836e+02
8.500000e-07	2.897749e-07	-1.571110e-09	2.114431e+00	-1.057268e+02
8.600000e-07	4.091813e-07	-1.425619e-09	2.985716e+00	-9.643270e+01
8.700000e-07	5.284686e-07	-1.271737e-09	3.856133e+00	-8.645892e+01
8.800000e-07	6.475751e-07	-1.109359e-09	4.725230e+00	-7.577711e+01
8.900000e-07	7.665418e-07	-9.389540e-10	5.593306e+00	-6.437689e+01
9.000000e-07	8.853581e-07	-7.613167e-10	6.460286e+00	-5.226922e+01
9.100000e-07	1.003892e-06	-5.758701e-10	7.325203e+00	-3.948869e+01
9.200000e-07	1.122048e-06	-3.777498e-10	8.187367e+00	-2.609455e+01
9.300000e-07	1.239805e-06	-1.679598e-10	9.046619e+00	-1.217026e+01
9.400000e-07	1.357154e-06	5.318042e-11	9.902889e+00	2.178413e+00
9.500000e-07	1.474086e-06	2.821380e-10	1.075612e+01	1.682673e+01
9.600000e-07	1.590509e-06	5.125709e-10	1.160563e+01	3.163561e+01
9.700000e-07	1.706237e-06	7.410853e-10	1.245008e+01	4.645720e+01
9.800000e-07	1.821158e-06	9.674299e-10	1.328863e+01	6.114113e+01
9.900000e-07	1.935212e-06	1.190259e-09	1.412087e+01	7.554099e+01
1.000000e-06	2.048411e-06	1.404045e-09	1.494686e+01	8.952056e+01
1.010000e-06	2.160785e-06	1.605070e-09	1.576682e+01	1.029595e+02
1.020000e-06	2.272302e-06	1.792800e-09	1.658055e+01	1.157580e+02
1.030000e-06	2.382991e-06	1.971033e-09	1.738822e+01	1.278402e+02
1.040000e-06	2.492876e-06	2.139051e-09	1.819003e+01	1.391560e+02
1.050000e-06	2.601950e-06	2.296611e-09	1.898592e+01	1.496815e+02
1.060000e-06	2.710242e-06	2.443352e-09	1.977611e+01	1.594180e+02
1.070000e-06	2.817634e-06	2.579248e-09	2.055973e+01	1.683889e+02
1.080000e-06	2.923922e-06	2.705705e-09	2.133529e+01	1.766364e+02
1.090000e-06	3.029002e-06	2.820381e-09	2.210204e+01	1.842171e+02
1.100000e-06	3.132845e-06	2.927722e-09	2.285976e+01	1.911964e+02
1.110000e-06	3.235556e-06	3.028605e-09	2.360922e+01	1.976441e+02
1.120000e-06	3.337188e-06	3.122101e-09	2.435081e+01	2.036293e+02
1.130000e-06	3.437779e-06	3.207050e-09	2.508480e+01	2.092163e+02
1.140000e-06	3.537259e-06	3.285574e-09	2.581069e+01	2.144615e+02
1.150000e-06	3.635360e-06	3.361282e-09	2.652652e+01	2.194113e+02
1.160000e-06	3.731982e-06	3.432849e-09	2.723155e+01	2.241007e+02
1.170000e-06	3.827235e-06	3.500688e-09	2.792659e+01	2.285539e+02
1.180000e-06	3.921233e-06	3.564702e-09	2.861247e+01	2.327849e+02
1.190000e-06	4.013983e-06	3.623516e-09	2.928925e+01	2.367994e+02
1.200000e-06	4.105502e-06	3.676344e-09	2.995705e+01	2.405973e+02
1.210000e-06	4.195495e-06	3.724303e-09	3.061371e+01	2.441751e+02
1.220000e-06	4.283782e-06	3.770564e-09	3.125792e+01	2.475286e+02
1.230000e-06	4.370526e-06	3.816937e-09	3.189088e+01	2.506548e+02
1.240000e-06	4.455764e-06	3.859392e-09	3.251284e+01	2.535543e+02
1.250000e-06	4.539660e-06	3.897914e-09	3.312502e+01	2.562319e+02
1.260000e-06	4.622052e-06	3.934751e-09	3.372622e+01	2.586972e+02
1.270000e-06	4.702597e-06	3.968387e-09	3.431393e+01	2.609647e+02
1.280000e-06	4.781348e-06	3.997491e-09	3.488856e+01	2.630524e+02
1.290000e-06	4.858387e-06	4.024424e-09	3.545070e+01	2.649812e+02
1.300000e-06	4.933549e-06	4.051803e-09	3.599915e+01	2.667727e+02
1.310000e-06	5.006634e-06	4.077850e-09	3.653243e+01	2.684482e+02
1.320000e-06	5.077800e-06	4.100154e-09	3.705171e+01	2.700266e+02
1.330000e-06	5.147203e-06	4.120706e-09	3.755814e+01	2.715234e+02
1.340000e-06	5.214888e-06	4.140816e-09	3.805202e+01	2.729498e+02
1.350000e-06	5.280665e-06	4.162122e-09	3.853199e+01	2.743124e+02
1.360000e-06	5.344422e-06	4.184065e-09	3.899720e+01	2.756135e+02
1.370000e-06	5.406358e-06	4.204490e-09	3.944914e+01	2.768514e+02
1.380000e-06	5.466573e-06	4.222364e-09	3.988852e+01	2.780216e+02
1.390000e-06	5.524899e-06	4.238719e-09	4.031411e+01	2.791181e+02
1.400000e-06	5.581166e-06	4.254686e-09	4.072468e+01	2.801348e+02
1.410000e-06	5.635430e-06	4.267330e-09	4.112063e+01	2.810667e+02
1.420000e-06	5.687592e-06	4.277786e-09	4.150125e+01	2.819112e+02
1.430000e-06	5.737331e-06	4.288499e-09	4.186419e+01	2.826689e+02
1.440000e-06	5.784693e-06	4.299713e-09	4.220978e+01	2.833435e+02
1.450000e-06	5.830094e-06	4.310018e-09	4.254106e+01	2.839426e+02
1.460000e-06	5.873718e-06	4.318329e-09	4.285937e+01	2.844765e+02
1.470000e-06	5.915208e-06	4.327971e-09	4.316212e+01	2.849575e+02
1.480000e-06	5.954439e-06	4.339296e-09	4.344838e+01	2.853991e+02
1.490000e-06	5.991683e-06	4.348999e-09	4.372014e+01	2.858141e+02
1.500000e-06	6.026924e-06	4.357630e-09	4.397729e+01	2.862142e+02
1.510000e-06	6.059888e-06	4.365433e-09	4.421782e+01	2.866084e+02
1.520000e-06	6.090608e-06	4.371997e-09	4.444198e+01	2.870020e+02
1.530000e-06	6.119371e-06	4.376112e-09	4.465185e+01	2.873968e+02
1.540000e-06	6.146048e-06	4.379994e-09	4.484652e+01	2.877907e+02
1.550000e-06	6.170399e-06	4.385960e-09	4.502420e+01	2.881781e+02
1.560000e-06	6.192452e-06	4.392111e-09	4.518512e+01	2.885507e+02
1.570000e-06	6.212484e-06	4.397486e-09	4.533128e+01	2.888985e+02
1.580000e-06	6.230380e-06	4.402017e-09	4.546187e+01	2.892114e+02
1.590000e-06	6.245874e-06	4.407322e-09	4.557492e+01	2.894799e+02
1.600000e-06	6.259016e-06	4.412438e-09	4.567082e+01	2.896965e+02
1.610000e-06	6.269682e-06	4.415376e-09	4.574864e+01	2.898567e+02
1.620000e-06	6.277845e-06	4.415735e-09	4.580821e+01	2.899595e+02
1.630000e-06	6.283789e-06	4.416949e-09	4.585158e+01	2.900074e+02
1.640000e-06	6.287718e-06	4.418625e-09	4.588025e+01	2.900065e+02
1.650000e-06	6.289410e-06	4.418790e-09	4.589260e+01	2.899653e+02
1.660000e-06	6.288770e-06	4.420315e-09	4.588793e+01	2.898946e+02
1.670000e-06	6.286114e-06	4.419961e-09	4.586855e+01	2.898054e+02
1.680000e-06	6.281478e-06	4.420621e-09	4.583472e+01	2.897081e+02
1.690000e-06	6.274626e-06	4.421281e-09	4.578472e+01	2.896113e+02
1.700000e-06	6.265678e-06	4.420563e-09	4.571943e+01	2.895206e+02
1.710000e-06	6.254831e-06	4.420458e-09	4.564028e+01	2.894378e+02
1.720000e-06	6.241771e-06	4.421447e-09	4.554499e+01	2.893607e+02
1.730000e-06	6.226450e-06	4.426800e-09	4.543319e+01	2.892832e+02
1.740000e-06	6.209121e-06	4.428269e-09	4.530674e+01	2.891953e+02
1.750000e-06	6.189417e-06	4.377691e-09	4.516297e+01	2.890846e+02
1.760000e-06	6.166717e-06	4.386490e-09	4.499733e+01	2.889372e+02
1.770000e-06	6.141227e-06	4.404013e-09	4.481134e+01	2.887388e+02
1.780000e-06	6.113800e-06	4.387811e-09	4.461120e+01	2.884763e+02
1.790000e-06	6.085089e-06	4.449697e-09	4.440171e+01	2.881392e+02
1.800000e-06	6.055011e-06	4.424213e-09	4.418223e+01	2.877203e+02
1.810000e-06	6.022806e-06	4.384900e-09	4.394724e+01	2.872168e+02
1.820000e-06	5.988317e-06	4.494840e-09	4.369558e+01	2.866301e+02
1.830000e-06	5.951995e-06	4.383245e-09	4.343055e+01	2.859663e+02
1.840000e-06	5.913557e-06	4.305355e-09	4.315008e+01	2.852351e+02
1.850000e-06	5.872891e-06	4.349341e-09	4.285334e+01	2.844492e+02
1.860000e-06	5.830269e-06	4.236387e-09	4.254234e+01	2.836231e+02
1.870000e-06	5.785529e-06	4.316050e-09	4.221588e+01	2.827717e+02
1.880000e-06	5.738775e-06	4.313624e-09	4.187472e+01	2.819089e+02
1.890000e-06	5.689871e-06	4.228355e-09	4.151788e+01	2.810466e+02
1.900000e-06	5.638572e-06	4.285938e-09	4.114356e+01	2.801935e+02
1.910000e-06	5.585015e-06	4.194905e-09	4.075277e+01	2.793546e+02
1.920000e-06	5.529146e-06	4.211656e-09	4.034510e+01	2.785309e+02
1.930000e-06	5.471240e-06	4.245542e-09	3.992257e+01	2.777195e+02
1.940000e-06	5.411459e-06	4.181252e-09	3.948636e+01	2.769141e+02
1.950000e-06	5.349635e-06	4.219559e-09	3.903524e+01	2.761058e+02
1.960000e-06	5.285696e-06	4.158158e-09	3.856869e+01	2.752844e+02
1.970000e-06	5.219749e-06	4.163551e-09	3.808749e+01	2.744389e+02
1.980000e-06	5.152036e-06	4.131613e-09	3.759340e+01	2.735592e+02
1.990000e-06	5.082389e-06	4.114798e-09	3.708520e+01	2.726365e+02
2.000000e-06	5.010712e-06	4.154577e-09	3.656219e+01	2.716644e+02
2.010000e-06	4.937239e-06	4.086357e-09	3.602607e+01	2.706393e+02
2.020000e-06	4.861960e-06	4.107068e-09	3.547677e+01	2.695599e+02
2.030000e-06	4.784709e-06	4.066137e-09	3.491309e+01	2.684275e+02
2.040000e-06	4.705451e-06	4.052305e-09	3.433476e+01	2.672452e+02
2.050000e-06	4.624531e-06	4.051380e-09	3.374430e+01	2.660170e+02
2.060000e-06	4.542179e-06	4.006489e-09	3.314340e+01	2.647473e+02
2.070000e-06	4.458295e-06	4.019783e-09	3.253131e+01	2.634395e+02
2.080000e-06	4.372908e-06	3.975555e-09	3.190826e+01	2.620956e+02
2.090000e-06	4.285835e-06	3.964112e-09	3.127291e+01	2.607156e+02
2.100000e-06	4.197130e-06	3.943085e-09	3.062564e+01	2.592971e+02
2.110000e-06	4.107101e-06	3.937227e-09	2.996871e+01	2.578354e+02
2.120000e-06	4.015804e-06	3.915340e-09	2.930254e+01	2.563238e+02
2.130000e-06	3.923063e-06	3.870071e-09	2.862583e+01	2.547543e+02
2.140000e-06	3.828863e-06	3.859328e-09	2.793847e+01	2.531179e+02
2.150000e-06	3.733206e-06	3.827543e-09	2.724047e+01	2.514063e+02
2.160000e-06	3.636132e-06	3.804611e-09	2.653215e+01	2.496118e+02
2.170000e-06	3.537884e-06	3.771597e-09	2.581525e+01	2.477290e+02
2.180000e-06	3.438396e-06	3.758534e-09	2.508931e+01	2.457542e+02
2.190000e-06	3.337563e-06	3.728100e-09	2.435354e+01	2.436867e+02
2.200000e-06	3.235453e-06	3.686583e-09	2.360847e+01	2.415280e+02
2.210000e-06	3.132112e-06	3.653128e-09	2.285441e+01	2.392814e+02
2.220000e-06	3.027534e-06	3.624309e-09	2.209133e+01	2.369516e+02
2.230000e-06	2.921901e-06	3.587104e-09	2.132054e+01	2.345435e+02
2.240000e-06	2.815334e-06	3.541643e-09	2.054295e+01	2.320613e+02
2.250000e-06	2.707870e-06	3.513466e-09	1.975880e+01	2.295072e+02
2.260000e-06	2.599469e-06	3.477868e-09	1.896782e+01	2.268811e+02
2.270000e-06	2.490156e-06	3.436121e-09	1.817018e+01	2.241795e+02
2.280000e-06	2.380032e-06	3.389155e-09	1.736663e+01	2.213952e+02
2.290000e-06	2.268870e-06	3.349165e-09	1.655550e+01	2.185179e+02
2.300000e-06	2.156789e-06	3.301377e-09	1.573767e+01	2.155338e+02
2.310000e-06	2.044019e-06	3.254199e-09	1.491481e+01	2.124274e+02
2.320000e-06	1.930544e-06	3.209043e-09	1.408680e+01	2.091818e+02
2.330000e-06	1.816291e-06	3.158188e-09	1.325312e+01	2.057798e+02
2.340000e-06	1.701317e-06	3.101093e-09	1.241418e+01	2.022058e+02
2.350000e-06	1.585733e-06	3.040629e-09	1.157078e+01	1.984456e+02
2.360000e-06	1.469479e-06	2.983432e-09	1.072250e+01	1.944880e+02
2.370000e-06	1.352603e-06	2.919404e-09	9.869677e+00	1.903243e+02
2.380000e-06	1.235238e-06	2.853775e-09	9.013290e+00	1.859481e+02
2.390000e-06	1.117533e-06	2.787231e-09	8.154423e+00	1.813547e+02
2.400000e-06	9.994809e-07	2.718007e-09	7.293017e+00	1.765392e+02
2.410000e-06	8.810870e-07	2.642091e-09	6.429120e+00	1.714955e+02
2.420000e-06	7.623305e-07	2.564056e-09	5.562577e+00	1.662139e+02
2.430000e-06	6.432299e-07	2.481882e-09	4.693523e+00	1.606795e+02
2.440000e-06	5.238800e-07	2.390734e-09	3.822650e+00	1.548707e+02
2.450000e-06	4.042936e-07	2.292967e-09	2.950051e+00	1.487577e+02
2.460000e-06	2.844964e-07	2.193477e-09	2.075914e+00	1.423025e+02
2.470000e-06	1.645712e-07	2.090614e-09	1.200844e+00	1.354592e+02
2.480000e-06	4.457420e-08	1.976544e-09	3.252493e-01	1.281752e+02
2.490000e-06	-7.546528e-08	1.854825e-09	-5.506554e-01	1.203939e+02
2.500000e-06	-1.954939e-07	1.726285e-09	-1.426481e+00	1.120571e+02
2.510000e-06	-3.154659e-07	1.590670e-09	-2.301893e+00	1.031100e+02
2.520000e-06	-4.353148e-07	1.446591e-09	-3.176407e+00	9.350444e+01
2.530000e-06	-5.550302e-07	1.293083e-09	-4.049947e+00	8.320405e+01
2.540000e-06	-6.745326e-07	1.128643e-09	-4.921933e+00	7.218835e+01
2.550000e-06	-7.937131e-07	9.499964e-10	-5.791570e+00	6.045651e+01
2.560000e-06	-9.125634e-07	7.607975e-10	-6.658797e+00	4.803025e+01
2.570000e-06	-1.031033e-06	5.611645e-10	-7.523250e+00	3.495557e+01
2.580000e-06	-1.149061e-06	3.523618e-10	-8.384475e+00	2.130309e+01
2.590000e-06	-1.266633e-06	1.374098e-10	-9.242376e+00	7.166958e+00
2.600000e-06	-1.383692e-06	-8.474744e-11	-1.009653e+01	-7.337743e+00
2.610000e-06	-1.500085e-06	-3.135269e-10	-1.094583e+01	-2.207898e+01
2.620000e-06	-1.615837e-06	-5.442749e-10	-1.179045e+01	-3.691285e+01
2.630000e-06	-1.730977e-06	-7.743011e-10	-1.263060e+01	-5.168954e+01
2.640000e-06	-1.845332e-06	-1.000643e-09	-1.346502e+01	-6.625972e+01
2.650000e-06	-1.958798e-06	-1.220028e-09	-1.429297e+01	-8.048094e+01
2.660000e-06	-2.071329e-06	-1.432179e-09	-1.511409e+01	-9.422372e+01
2.670000e-06	-2.182927e-06	-1.634687e-09	-1.592839e+01	-1.073767e+02
2.680000e-06	-2.293654e-06	-1.823581e-09	-1.673634e+01	-1.198510e+02
2.690000e-06	-2.403492e-06	-1.997814e-09	-1.753781e+01	-1.315823e+02
2.700000e-06	-2.512448e-06	-2.161013e-09	-1.833285e+01	-1.425330e+02
2.710000e-06	-2.620640e-06	-2.315141e-09	-1.912230e+01	-1.526911e+02
2.720000e-06	-2.728022e-06	-2.457939e-09	-1.990584e+01	-1.620683e+02
2.730000e-06	-2.834520e-06	-2.589746e-09	-2.068294e+01	-1.706975e+02
2.740000e-06	-2.940057e-06	-2.712926e-09	-2.145302e+01	-1.786282e+02
2.750000e-06	-3.044581e-06	-2.826724e-09	-2.221571e+01	-1.859215e+02
2.760000e-06	-3.147999e-06	-2.930885e-09	-2.297033e+01	-1.926457e+02
2.770000e-06	-3.250101e-06	-3.028093e-09	-2.371535e+01	-1.988707e+02
2.780000e-06	-3.350962e-06	-3.120606e-09	-2.445132e+01	-2.046638e+02
2.790000e-06	-3.450667e-06	-3.206249e-09	-2.517885e+01	-2.100861e+02
2.800000e-06	-3.549223e-06	-3.284363e-09	-2.589799e+01	-2.151895e+02
2.810000e-06	-3.646625e-06	-3.359731e-09	-2.660871e+01	-2.200151e+02
2.820000e-06	-3.742821e-06	-3.432314e-09	-2.731064e+01	-2.245929e+02
2.830000e-06	-3.837728e-06	-3.499382e-09	-2.800315e+01	-2.289421e+02
2.840000e-06	-3.931186e-06	-3.562865e-09	-2.868509e+01	-2.330727e+02
2.850000e-06	-4.023206e-06	-3.624290e-09	-2.935655e+01	-2.369873e+02
2.860000e-06	-4.113865e-06	-3.681353e-09	-3.001807e+01	-2.406840e+02
2.870000e-06	-4.203072e-06	-3.733141e-09	-3.066900e+01	-2.441585e+02
2.880000e-06	-4.290779e-06	-3.784583e-09	-3.130898e+01	-2.474071e+02
2.890000e-06	-4.376841e-06	-3.833569e-09	-3.193695e+01	-2.504282e+02
2.900000e-06	-4.461272e-06	-3.878387e-09	-3.255303e+01	-2.532241e+02
2.910000e-06	-4.544169e-06	-3.920866e-09	-3.315792e+01	-2.558021e+02
2.920000e-06	-4.625456e-06	-3.961346e-09	-3.375105e+01	-2.581739e+02
2.930000e-06	-4.705157e-06	-3.999797e-09	-3.433262e+01	-2.603558e+02
2.940000e-06	-4.782928e-06	-4.034073e-09	-3.490010e+01	-2.623675e+02
2.950000e-06	-4.858687e-06	-4.064613e-09	-3.545289e+01	-2.642302e+02
2.960000e-06	-4.932667e-06	-4.090797e-09	-3.599271e+01	-2.659658e+02
2.970000e-06	-5.004902e-06	-4.115578e-09	-3.651980e+01	-2.675944e+02
2.980000e-06	-5.075208e-06	-4.141519e-09	-3.703280e+01	-2.691336e+02
2.990000e-06	-5.143510e-06	-4.165267e-09	-3.753119e+01	-2.705970e+02
3.000000e-06	-5.210012e-06	-4.185821e-09	-3.801644e+01	-2.719937e+02
3.010000e-06	-5.274734e-06	-4.205087e-09	-3.848870e+01	-2.733281e+02
3.020000e-06	-5.337622e-06	-4.224615e-09	-3.894759e+01	-2.746007e+02
3.030000e-06	-5.398487e-06	-4.243260e-09	-3.939171e+01	-2.758082e+02
3.040000e-06	-5.457314e-06	-4.259542e-09	-3.982096e+01	-2.769454e+02
3.050000e-06	-5.514380e-06	-4.275120e-09	-4.023736e+01	-2.780060e+02
3.060000e-06	-5.569682e-06	-4.288716e-09	-4.064088e+01	-2.789842e+02
3.070000e-06	-5.622690e-06	-4.301595e-09	-4.102767e+01	-2.798761e+02
3.080000e-06	-5.673255e-06	-4.312159e-09	-4.139663e+01	-2.806804e+02
3.090000e-06	-5.721403e-06	-4.321532e-09	-4.174796e+01	-2.813992e+02
3.100000e-06	-5.767420e-06	-4.330786e-09	-4.208374e+01	-2.820381e+02
3.110000e-06	-5.811727e-06	-4.338334e-09	-4.240704e+01	-2.826059e+02
3.120000e-06	-5.854164e-06	-4.346818e-09	-4.271670e+01	-2.831140e+02
3.130000e-06	-5.894720e-06	-4.354677e-09	-4.301262e+01	-2.835754e+02
3.140000e-06	-5.933216e-06	-4.361277e-09	-4.329352e+01	-2.840035e+02
3.150000e-06	-5.969525e-06	-4.368076e-09	-4.355846e+01	-2.844107e+02
3.160000e-06	-6.003775e-06	-4.373736e-09	-4.380838e+01	-2.848075e+02
3.170000e-06	-6.035962e-06	-4.378511e-09	-4.404323e+01	-2.852014e+02
3.180000e-06	-6.065815e-06	-4.383733e-09	-4.426107e+01	-2.855960e+02
3.190000e-06	-6.093374e-06	-4.389664e-09	-4.446216e+01	-2.859913e+02
3.200000e-06	-6.118864e-06	-4.395403e-09	-4.464815e+01	-2.863835e+02
3.210000e-06	-6.142181e-06	-4.398721e-09	-4.481830e+01	-2.867655e+02
3.220000e-06	-6.163168e-06	-4.402317e-09	-4.497143e+01	-2.871283e+02
3.230000e-06	-6.181962e-06	-4.404451e-09	-4.510857e+01	-2.874615e+02
3.240000e-06	-6.198681e-06	-4.406052e-09	-4.523056e+01	-2.877553e+02
3.250000e-06	-6.212964e-06	-4.407473e-09	-4.533479e+01	-2.880008e+02
3.260000e-06	-6.224735e-06	-4.408723e-09	-4.542068e+01	-2.881920e+02
3.270000e-06	-6.234239e-06	-4.411383e-09	-4.549003e+01	-2.883259e+02
3.280000e-06	-6.241590e-06	-4.413447e-09	-4.554366e+01	-2.884031e+02
3.290000e-06	-6.246614e-06	-4.415571e-09	-4.558032e+01	-2.884278e+02
3.300000e-06	-6.249384e-06	-4.416834e-09	-4.560053e+01	-2.884074e+02
3.310000e-06	-6.250079e-06	-4.414070e-09	-4.560561e+01	-2.883515e+02
