# Temperatura_=_20.0
# Concentracion g/m^3_=_6200.0
# C_Vs_to_Am_M_A/Vsm_=_65563218390.804596
# pendiente_HvsI_1/m_=_3716.3
# ordenada_HvsI_A/m_=_1297.0
# frecuencia_Hz_=_302087.4364482973

Tiempo_(s)	Campo_(V.s)	Magnetizacion_(V.s)	Campo_(kA/m)	Magnetizacion_(A/m)
0.000000e+00	-6.251293e-06	-4.701226e-09	-4.560088e+01	-3.072961e+02
1.000000e-08	-6.249745e-06	-4.701616e-09	-4.558959e+01	-3.071619e+02
2.000000e-08	-6.245996e-06	-4.701840e-09	-4.556224e+01	-3.070367e+02
3.000000e-08	-6.240327e-06	-4.697757e-09	-4.552089e+01	-3.069327e+02
4.000000e-08	-6.232746e-06	-4.696328e-09	-4.546559e+01	-3.068566e+02
5.000000e-08	-6.223036e-06	-4.693387e-09	-4.539476e+01	-3.068094e+02
6.000000e-08	-6.210997e-06	-4.688573e-09	-4.530694e+01	-3.067856e+02
7.000000e-08	-6.196669e-06	-4.681208e-09	-4.520242e+01	-3.067741e+02
8.000000e-08	-6.180038e-06	-4.660950e-09	-4.508110e+01	-3.067593e+02
9.000000e-08	-6.161207e-06	-4.671840e-09	-4.494373e+01	-3.067225e+02
1.000000e-07	-6.140182e-06	-4.735602e-09	-4.479037e+01	-3.066440e+02
1.100000e-07	-6.116765e-06	-4.693771e-09	-4.461955e+01	-3.065049e+02
1.200000e-07	-6.090871e-06	-4.644847e-09	-4.443066e+01	-3.062893e+02
1.300000e-07	-6.062843e-06	-4.659649e-09	-4.422621e+01	-3.059856e+02
1.400000e-07	-6.033163e-06	-4.594512e-09	-4.400970e+01	-3.055876e+02
1.500000e-07	-6.001925e-06	-4.548494e-09	-4.378183e+01	-3.050951e+02
1.600000e-07	-5.968794e-06	-4.720085e-09	-4.354016e+01	-3.045140e+02
1.700000e-07	-5.933597e-06	-4.615900e-09	-4.328340e+01	-3.038548e+02
1.800000e-07	-5.896581e-06	-4.581470e-09	-4.301338e+01	-3.031324e+02
1.900000e-07	-5.857483e-06	-4.715031e-09	-4.272818e+01	-3.023636e+02
2.000000e-07	-5.816121e-06	-4.542910e-09	-4.242646e+01	-3.015654e+02
2.100000e-07	-5.772647e-06	-4.604368e-09	-4.210933e+01	-3.007538e+02
2.200000e-07	-5.727030e-06	-4.632877e-09	-4.177657e+01	-2.999414e+02
2.300000e-07	-5.679222e-06	-4.538617e-09	-4.142783e+01	-2.991368e+02
2.400000e-07	-5.628911e-06	-4.585680e-09	-4.106083e+01	-2.983433e+02
2.500000e-07	-5.576096e-06	-4.552214e-09	-4.067557e+01	-2.975594e+02
2.600000e-07	-5.521151e-06	-4.532142e-09	-4.027477e+01	-2.967786e+02
2.700000e-07	-5.464202e-06	-4.558325e-09	-3.985934e+01	-2.959911e+02
2.800000e-07	-5.405241e-06	-4.516902e-09	-3.942925e+01	-2.951842e+02
2.900000e-07	-5.344282e-06	-4.491935e-09	-3.898457e+01	-2.943448e+02
3.000000e-07	-5.281379e-06	-4.466616e-09	-3.852571e+01	-2.934604e+02
3.100000e-07	-5.216558e-06	-4.484900e-09	-3.805287e+01	-2.925208e+02
3.200000e-07	-5.149665e-06	-4.451953e-09	-3.756491e+01	-2.915192e+02
3.300000e-07	-5.080711e-06	-4.448640e-09	-3.706192e+01	-2.904529e+02
3.400000e-07	-5.009975e-06	-4.447539e-09	-3.654593e+01	-2.893237e+02
3.500000e-07	-4.937617e-06	-4.388811e-09	-3.601809e+01	-2.881370e+02
3.600000e-07	-4.863363e-06	-4.401570e-09	-3.547644e+01	-2.869013e+02
3.700000e-07	-4.786999e-06	-4.367154e-09	-3.491939e+01	-2.856271e+02
3.800000e-07	-4.708699e-06	-4.345909e-09	-3.434822e+01	-2.843248e+02
3.900000e-07	-4.628473e-06	-4.332735e-09	-3.376301e+01	-2.830036e+02
4.000000e-07	-4.546556e-06	-4.306845e-09	-3.316545e+01	-2.816702e+02
4.100000e-07	-4.463204e-06	-4.294559e-09	-3.255743e+01	-2.803270e+02
4.200000e-07	-4.378470e-06	-4.272058e-09	-3.193933e+01	-2.789723e+02
4.300000e-07	-4.292343e-06	-4.247984e-09	-3.131106e+01	-2.775997e+02
4.400000e-07	-4.204740e-06	-4.208143e-09	-3.067203e+01	-2.761984e+02
4.500000e-07	-4.115664e-06	-4.189901e-09	-3.002225e+01	-2.747546e+02
4.600000e-07	-4.025051e-06	-4.164185e-09	-2.936126e+01	-2.732527e+02
4.700000e-07	-3.932931e-06	-4.135625e-09	-2.868928e+01	-2.716768e+02
4.800000e-07	-3.839438e-06	-4.118111e-09	-2.800729e+01	-2.700128e+02
4.900000e-07	-3.744629e-06	-4.095222e-09	-2.731569e+01	-2.682493e+02
5.000000e-07	-3.648514e-06	-4.060693e-09	-2.661456e+01	-2.663797e+02
5.100000e-07	-3.551056e-06	-4.021223e-09	-2.590364e+01	-2.644021e+02
5.200000e-07	-3.452174e-06	-3.992739e-09	-2.518234e+01	-2.623198e+02
5.300000e-07	-3.351920e-06	-3.962586e-09	-2.445102e+01	-2.601408e+02
5.400000e-07	-3.250568e-06	-3.924211e-09	-2.371169e+01	-2.578765e+02
5.500000e-07	-3.148102e-06	-3.889014e-09	-2.296425e+01	-2.555401e+02
5.600000e-07	-3.044389e-06	-3.860982e-09	-2.220769e+01	-2.531448e+02
5.700000e-07	-2.939561e-06	-3.823373e-09	-2.144302e+01	-2.507013e+02
5.800000e-07	-2.833611e-06	-3.778333e-09	-2.067015e+01	-2.482164e+02
5.900000e-07	-2.726466e-06	-3.736232e-09	-1.988857e+01	-2.456910e+02
6.000000e-07	-2.618255e-06	-3.697052e-09	-1.909920e+01	-2.431195e+02
6.100000e-07	-2.509205e-06	-3.652431e-09	-1.830373e+01	-2.404890e+02
6.200000e-07	-2.399352e-06	-3.608964e-09	-1.750239e+01	-2.377805e+02
6.300000e-07	-2.288574e-06	-3.566872e-09	-1.669431e+01	-2.349696e+02
6.400000e-07	-2.176875e-06	-3.515856e-09	-1.587950e+01	-2.320285e+02
6.500000e-07	-2.064326e-06	-3.460936e-09	-1.505850e+01	-2.289286e+02
6.600000e-07	-1.951064e-06	-3.409339e-09	-1.423230e+01	-2.256429e+02
6.700000e-07	-1.837155e-06	-3.359012e-09	-1.340137e+01	-2.221480e+02
6.800000e-07	-1.722425e-06	-3.302056e-09	-1.256445e+01	-2.184268e+02
6.900000e-07	-1.606786e-06	-3.242913e-09	-1.172091e+01	-2.144691e+02
7.000000e-07	-1.490473e-06	-3.181414e-09	-1.087245e+01	-2.102720e+02
7.100000e-07	-1.373767e-06	-3.114940e-09	-1.002112e+01	-2.058395e+02
7.200000e-07	-1.256661e-06	-3.044520e-09	-9.166876e+00	-2.011800e+02
7.300000e-07	-1.139135e-06	-2.973485e-09	-8.309569e+00	-1.963040e+02
7.400000e-07	-1.021313e-06	-2.898770e-09	-7.450102e+00	-1.912203e+02
7.500000e-07	-9.031573e-07	-2.815080e-09	-6.588200e+00	-1.859317e+02
7.600000e-07	-7.846612e-07	-2.729606e-09	-5.723814e+00	-1.804313e+02
7.700000e-07	-6.659257e-07	-2.641128e-09	-4.857683e+00	-1.746986e+02
7.800000e-07	-5.469996e-07	-2.546413e-09	-3.990160e+00	-1.686969e+02
7.900000e-07	-4.278781e-07	-2.445687e-09	-3.121213e+00	-1.623716e+02
8.000000e-07	-3.085793e-07	-2.339959e-09	-2.250973e+00	-1.556506e+02
8.100000e-07	-1.891149e-07	-2.223579e-09	-1.379524e+00	-1.484457e+02
8.200000e-07	-6.954216e-08	-2.097638e-09	-5.072844e-01	-1.406571e+02
8.300000e-07	5.007215e-08	-1.965841e-09	3.652579e-01	-1.321781e+02
8.400000e-07	1.697170e-07	-1.824526e-09	1.238023e+00	-1.229024e+02
8.500000e-07	2.893101e-07	-1.668904e-09	2.110411e+00	-1.127318e+02
8.600000e-07	4.088361e-07	-1.499196e-09	2.982309e+00	-1.015845e+02
8.700000e-07	5.282777e-07	-1.319770e-09	3.853591e+00	-8.940318e+01
8.800000e-07	6.475372e-07	-1.126039e-09	4.723546e+00	-7.616199e+01
8.900000e-07	7.665548e-07	-9.165297e-10	5.591735e+00	-6.187246e+01
9.000000e-07	8.853540e-07	-6.915812e-10	6.458332e+00	-4.658699e+01
9.100000e-07	1.003898e-06	-4.524497e-10	7.323069e+00	-3.040012e+01
9.200000e-07	1.122074e-06	-1.992916e-10	8.185116e+00	-1.344706e+01
9.300000e-07	1.239804e-06	6.667358e-11	9.043913e+00	4.100397e+00
9.400000e-07	1.357132e-06	3.452710e-10	9.899775e+00	2.204045e+01
9.500000e-07	1.474054e-06	6.333527e-10	1.075268e+01	4.015001e+01
9.600000e-07	1.590446e-06	9.203635e-10	1.160172e+01	5.819492e+01
9.700000e-07	1.706150e-06	1.198819e-09	1.244574e+01	7.594100e+01
9.800000e-07	1.821051e-06	1.463226e-09	1.328389e+01	9.316526e+01
9.900000e-07	1.935061e-06	1.712523e-09	1.411556e+01	1.096664e+02
1.000000e-06	2.048236e-06	1.946925e-09	1.494113e+01	1.252739e+02
1.010000e-06	2.160674e-06	2.164302e-09	1.576132e+01	1.398552e+02
1.020000e-06	2.272274e-06	2.359431e-09	1.657540e+01	1.533200e+02
1.030000e-06	2.382988e-06	2.534361e-09	1.738302e+01	1.656228e+02
1.040000e-06	2.492840e-06	2.695514e-09	1.818435e+01	1.767612e+02
1.050000e-06	2.601915e-06	2.842376e-09	1.898001e+01	1.867730e+02
1.060000e-06	2.710223e-06	2.978334e-09	1.977008e+01	1.957302e+02
1.070000e-06	2.817573e-06	3.100697e-09	2.055316e+01	2.037312e+02
1.080000e-06	2.923792e-06	3.217033e-09	2.132799e+01	2.108925e+02
1.090000e-06	3.028901e-06	3.322944e-09	2.209472e+01	2.173394e+02
1.100000e-06	3.132922e-06	3.416396e-09	2.285351e+01	2.231972e+02
1.110000e-06	3.235804e-06	3.502444e-09	2.360400e+01	2.285832e+02
1.120000e-06	3.337542e-06	3.581702e-09	2.434614e+01	2.336003e+02
1.130000e-06	3.438171e-06	3.654651e-09	2.508019e+01	2.383325e+02
1.140000e-06	3.537660e-06	3.720144e-09	2.580592e+01	2.428422e+02
1.150000e-06	3.635791e-06	3.784620e-09	2.652175e+01	2.471696e+02
1.160000e-06	3.732508e-06	3.847001e-09	2.722727e+01	2.513345e+02
1.170000e-06	3.827826e-06	3.904875e-09	2.792258e+01	2.553387e+02
1.180000e-06	3.921834e-06	3.957761e-09	2.860833e+01	2.591712e+02
1.190000e-06	4.014614e-06	4.007996e-09	2.928513e+01	2.628123e+02
1.200000e-06	4.106055e-06	4.053976e-09	2.995216e+01	2.662390e+02
1.210000e-06	4.196003e-06	4.093950e-09	3.060830e+01	2.694300e+02
1.220000e-06	4.284362e-06	4.130811e-09	3.125284e+01	2.723696e+02
1.230000e-06	4.371177e-06	4.169434e-09	3.188613e+01	2.750506e+02
1.240000e-06	4.456493e-06	4.205436e-09	3.250848e+01	2.774758e+02
1.250000e-06	4.540418e-06	4.237021e-09	3.312068e+01	2.796585e+02
1.260000e-06	4.622817e-06	4.266605e-09	3.372174e+01	2.816214e+02
1.270000e-06	4.703450e-06	4.294629e-09	3.430993e+01	2.833948e+02
1.280000e-06	4.782261e-06	4.321256e-09	3.488483e+01	2.850134e+02
1.290000e-06	4.859308e-06	4.345643e-09	3.544687e+01	2.865131e+02
1.300000e-06	4.934531e-06	4.369591e-09	3.599558e+01	2.879282e+02
1.310000e-06	5.007732e-06	4.392516e-09	3.652956e+01	2.892880e+02
1.320000e-06	5.078954e-06	4.412305e-09	3.704910e+01	2.906149e+02
1.330000e-06	5.148377e-06	4.429759e-09	3.755552e+01	2.919226e+02
1.340000e-06	5.216095e-06	4.446154e-09	3.804949e+01	2.932161e+02
1.350000e-06	5.281896e-06	4.464041e-09	3.852949e+01	2.944917e+02
1.360000e-06	5.345693e-06	4.482623e-09	3.899486e+01	2.957390e+02
1.370000e-06	5.407635e-06	4.501036e-09	3.944671e+01	2.969425e+02
1.380000e-06	5.467834e-06	4.517266e-09	3.988584e+01	2.980845e+02
1.390000e-06	5.526169e-06	4.534105e-09	4.031137e+01	2.991475e+02
1.400000e-06	5.582445e-06	4.551012e-09	4.072188e+01	3.001168e+02
1.410000e-06	5.636734e-06	4.563714e-09	4.111790e+01	3.009824e+02
1.420000e-06	5.688901e-06	4.572871e-09	4.149844e+01	3.017407e+02
1.430000e-06	5.738602e-06	4.580791e-09	4.186099e+01	3.023950e+02
1.440000e-06	5.785989e-06	4.590032e-09	4.220666e+01	3.029549e+02
1.450000e-06	5.831428e-06	4.599168e-09	4.253812e+01	3.034360e+02
1.460000e-06	5.875027e-06	4.608697e-09	4.285616e+01	3.038578e+02
1.470000e-06	5.916463e-06	4.619431e-09	4.315842e+01	3.042416e+02
1.480000e-06	5.955646e-06	4.630737e-09	4.344425e+01	3.046086e+02
1.490000e-06	5.992882e-06	4.640736e-09	4.371587e+01	3.049774e+02
1.500000e-06	6.028202e-06	4.648978e-09	4.397351e+01	3.053619e+02
1.510000e-06	6.061309e-06	4.655717e-09	4.421502e+01	3.057706e+02
1.520000e-06	6.092134e-06	4.659659e-09	4.443988e+01	3.062051e+02
1.530000e-06	6.120966e-06	4.661939e-09	4.465020e+01	3.066607e+02
1.540000e-06	6.147716e-06	4.665064e-09	4.484532e+01	3.071267e+02
1.550000e-06	6.172082e-06	4.671054e-09	4.502306e+01	3.075881e+02
1.560000e-06	6.194143e-06	4.678926e-09	4.518399e+01	3.080271e+02
1.570000e-06	6.214237e-06	4.686422e-09	4.533057e+01	3.084257e+02
1.580000e-06	6.232168e-06	4.693222e-09	4.546137e+01	3.087673e+02
1.590000e-06	6.247679e-06	4.698861e-09	4.557451e+01	3.090387e+02
1.600000e-06	6.260868e-06	4.702651e-09	4.567072e+01	3.092320e+02
1.610000e-06	6.271583e-06	4.704302e-09	4.574889e+01	3.093451e+02
1.620000e-06	6.279797e-06	4.703873e-09	4.580881e+01	3.093819e+02
1.630000e-06	6.285786e-06	4.703682e-09	4.585250e+01	3.093522e+02
1.640000e-06	6.289698e-06	4.704555e-09	4.588103e+01	3.092703e+02
1.650000e-06	6.291284e-06	4.706701e-09	4.589260e+01	3.091534e+02
1.660000e-06	6.290578e-06	4.712477e-09	4.588745e+01	3.090201e+02
1.670000e-06	6.287920e-06	4.710980e-09	4.586806e+01	3.088875e+02
1.680000e-06	6.283349e-06	4.714549e-09	4.583472e+01	3.087702e+02
1.690000e-06	6.276559e-06	4.714413e-09	4.578519e+01	3.086778e+02
1.700000e-06	6.267646e-06	4.710690e-09	4.572017e+01	3.086147e+02
1.710000e-06	6.256817e-06	4.710293e-09	4.564118e+01	3.085786e+02
1.720000e-06	6.243762e-06	4.714596e-09	4.554594e+01	3.085615e+02
1.730000e-06	6.228479e-06	4.736288e-09	4.543446e+01	3.085499e+02
1.740000e-06	6.211198e-06	4.704986e-09	4.530840e+01	3.085265e+02
1.750000e-06	6.191598e-06	4.634260e-09	4.516542e+01	3.084720e+02
1.760000e-06	6.168935e-06	4.682475e-09	4.500011e+01	3.083669e+02
1.770000e-06	6.143412e-06	4.695211e-09	4.481393e+01	3.081933e+02
1.780000e-06	6.115940e-06	4.673617e-09	4.461353e+01	3.079371e+02
1.790000e-06	6.087218e-06	4.804772e-09	4.440401e+01	3.075893e+02
1.800000e-06	6.057160e-06	4.677808e-09	4.418475e+01	3.071463e+02
1.810000e-06	6.024900e-06	4.638844e-09	4.394943e+01	3.066109e+02
1.820000e-06	5.990361e-06	4.806012e-09	4.369748e+01	3.059911e+02
1.830000e-06	5.954142e-06	4.584624e-09	4.343328e+01	3.052999e+02
1.840000e-06	5.915770e-06	4.654185e-09	4.315336e+01	3.045530e+02
1.850000e-06	5.875086e-06	4.697072e-09	4.285659e+01	3.037677e+02
1.860000e-06	5.832444e-06	4.498569e-09	4.254553e+01	3.029607e+02
1.870000e-06	5.787692e-06	4.683873e-09	4.221908e+01	3.021466e+02
1.880000e-06	5.741006e-06	4.580903e-09	4.187852e+01	3.013363e+02
1.890000e-06	5.692124e-06	4.542596e-09	4.152195e+01	3.005360e+02
1.900000e-06	5.640785e-06	4.624363e-09	4.114745e+01	2.997467e+02
1.910000e-06	5.587169e-06	4.458863e-09	4.075634e+01	2.989645e+02
1.920000e-06	5.531285e-06	4.565687e-09	4.034869e+01	2.981813e+02
1.930000e-06	5.473436e-06	4.518103e-09	3.992670e+01	2.973857e+02
1.940000e-06	5.413718e-06	4.501575e-09	3.949108e+01	2.965646e+02
1.950000e-06	5.352005e-06	4.558907e-09	3.904090e+01	2.957050e+02
1.960000e-06	5.288200e-06	4.455562e-09	3.857547e+01	2.947952e+02
1.970000e-06	5.222304e-06	4.505047e-09	3.809478e+01	2.938267e+02
1.980000e-06	5.154589e-06	4.395145e-09	3.760083e+01	2.927944e+02
1.990000e-06	5.084944e-06	4.431751e-09	3.709279e+01	2.916977e+02
2.000000e-06	5.013294e-06	4.446021e-09	3.657013e+01	2.905401e+02
2.010000e-06	4.939820e-06	4.380003e-09	3.603416e+01	2.893287e+02
2.020000e-06	4.864486e-06	4.445494e-09	3.548463e+01	2.880730e+02
2.030000e-06	4.787224e-06	4.347550e-09	3.492103e+01	2.867837e+02
2.040000e-06	4.707954e-06	4.359155e-09	3.434279e+01	2.854709e+02
2.050000e-06	4.627002e-06	4.319389e-09	3.375228e+01	2.841427e+02
2.060000e-06	4.544597e-06	4.303893e-09	3.315116e+01	2.828039e+02
2.070000e-06	4.460709e-06	4.313631e-09	3.253923e+01	2.814552e+02
2.080000e-06	4.375301e-06	4.256900e-09	3.191621e+01	2.800925e+02
2.090000e-06	4.288093e-06	4.266616e-09	3.128006e+01	2.787073e+02
2.100000e-06	4.199316e-06	4.222719e-09	3.063246e+01	2.772874e+02
2.110000e-06	4.109240e-06	4.225081e-09	2.997539e+01	2.758178e+02
2.120000e-06	4.017850e-06	4.173670e-09	2.930873e+01	2.742827e+02
2.130000e-06	3.925091e-06	4.145974e-09	2.863209e+01	2.726668e+02
2.140000e-06	3.830874e-06	4.140621e-09	2.794481e+01	2.709570e+02
2.150000e-06	3.735147e-06	4.110255e-09	2.724652e+01	2.691441e+02
2.160000e-06	3.638034e-06	4.084718e-09	2.653812e+01	2.672235e+02
2.170000e-06	3.539703e-06	4.042798e-09	2.582083e+01	2.651958e+02
2.180000e-06	3.440170e-06	4.031942e-09	2.509477e+01	2.630666e+02
2.190000e-06	3.339460e-06	3.987288e-09	2.436013e+01	2.608457e+02
2.200000e-06	3.237492e-06	3.951795e-09	2.361631e+01	2.585455e+02
2.210000e-06	3.134182e-06	3.921439e-09	2.286270e+01	2.561794e+02
2.220000e-06	3.029589e-06	3.902558e-09	2.209974e+01	2.537598e+02
2.230000e-06	2.923996e-06	3.862664e-09	2.132947e+01	2.512958e+02
2.240000e-06	2.817424e-06	3.816843e-09	2.055207e+01	2.487916e+02
2.250000e-06	2.709879e-06	3.782196e-09	1.976757e+01	2.462452e+02
2.260000e-06	2.601424e-06	3.741199e-09	1.897643e+01	2.436476e+02
2.270000e-06	2.492121e-06	3.696563e-09	1.817910e+01	2.409829e+02
2.280000e-06	2.381959e-06	3.649508e-09	1.737552e+01	2.382293e+02
2.290000e-06	2.270748e-06	3.612251e-09	1.656427e+01	2.353607e+02
2.300000e-06	2.158644e-06	3.560948e-09	1.574652e+01	2.323487e+02
2.310000e-06	2.045790e-06	3.508579e-09	1.492328e+01	2.291650e+02
2.320000e-06	1.932268e-06	3.455909e-09	1.409518e+01	2.257839e+02
2.330000e-06	1.817945e-06	3.406739e-09	1.326124e+01	2.221850e+02
2.340000e-06	1.702868e-06	3.350970e-09	1.242180e+01	2.183540e+02
2.350000e-06	1.587223e-06	3.292394e-09	1.157821e+01	2.142843e+02
2.360000e-06	1.470953e-06	3.231651e-09	1.073006e+01	2.099764e+02
2.370000e-06	1.354083e-06	3.164736e-09	9.877540e+00	2.054364e+02
2.380000e-06	1.236729e-06	3.094840e-09	9.021481e+00	2.006744e+02
2.390000e-06	1.119016e-06	3.021625e-09	8.162806e+00	1.957004e+02
2.400000e-06	1.000897e-06	2.945231e-09	7.301175e+00	1.905209e+02
2.410000e-06	8.824229e-07	2.862689e-09	6.436950e+00	1.851348e+02
2.420000e-06	7.635766e-07	2.780162e-09	5.570010e+00	1.795293e+02
2.430000e-06	6.443949e-07	2.690882e-09	4.700624e+00	1.736766e+02
2.440000e-06	5.249724e-07	2.592098e-09	3.829480e+00	1.675318e+02
2.450000e-06	4.053410e-07	2.486684e-09	2.956813e+00	1.610320e+02
2.460000e-06	2.855403e-07	2.376995e-09	2.082911e+00	1.540974e+02
2.470000e-06	1.655768e-07	2.261168e-09	1.207822e+00	1.466337e+02
2.480000e-06	4.548375e-08	2.134697e-09	3.317872e-01	1.385372e+02
2.490000e-06	-7.467298e-08	1.998892e-09	-5.447119e-01	1.297005e+02
2.500000e-06	-1.947799e-07	1.851429e-09	-1.420848e+00	1.200199e+02
2.510000e-06	-3.147718e-07	1.690883e-09	-2.296145e+00	1.094040e+02
2.520000e-06	-4.346320e-07	1.515623e-09	-3.170480e+00	9.778120e+01
2.530000e-06	-5.543165e-07	1.327556e-09	-4.043535e+00	8.510809e+01
2.540000e-06	-6.738308e-07	1.127008e-09	-4.915347e+00	7.137556e+01
2.550000e-06	-7.931154e-07	9.104358e-10	-5.785484e+00	5.661379e+01
2.560000e-06	-9.119802e-07	6.783552e-10	-6.652560e+00	4.089477e+01
2.570000e-06	-1.030392e-06	4.267868e-10	-7.516328e+00	2.433224e+01
2.580000e-06	-1.148394e-06	1.589318e-10	-8.377113e+00	7.079091e+00
2.590000e-06	-1.265981e-06	-1.194950e-10	-9.234864e+00	-1.067801e+01
2.600000e-06	-1.383075e-06	-4.059232e-10	-1.008902e+01	-2.872619e+01
2.610000e-06	-1.499528e-06	-6.965199e-10	-1.093850e+01	-4.683587e+01
2.620000e-06	-1.615315e-06	-9.825451e-10	-1.178313e+01	-6.477150e+01
2.630000e-06	-1.730391e-06	-1.259181e-09	-1.262257e+01	-8.230271e+01
2.640000e-06	-1.844655e-06	-1.522287e-09	-1.345608e+01	-9.921535e+01
2.650000e-06	-1.958015e-06	-1.766229e-09	-1.428300e+01	-1.153214e+02
2.660000e-06	-2.070522e-06	-1.991809e-09	-1.510370e+01	-1.304672e+02
2.670000e-06	-2.182289e-06	-2.199760e-09	-1.591899e+01	-1.445394e+02
2.680000e-06	-2.293205e-06	-2.389867e-09	-1.672808e+01	-1.574684e+02
2.690000e-06	-2.403177e-06	-2.560657e-09	-1.753029e+01	-1.692291e+02
2.700000e-06	-2.512262e-06	-2.715133e-09	-1.832602e+01	-1.798383e+02
2.710000e-06	-2.620540e-06	-2.858750e-09	-1.911588e+01	-1.893504e+02
2.720000e-06	-2.727974e-06	-2.990612e-09	-1.989956e+01	-1.978509e+02
2.730000e-06	-2.834519e-06	-3.109453e-09	-2.067677e+01	-2.054476e+02
2.740000e-06	-2.940159e-06	-3.218819e-09	-2.144737e+01	-2.122622e+02
2.750000e-06	-3.044785e-06	-3.319804e-09	-2.221058e+01	-2.184211e+02
2.760000e-06	-3.148217e-06	-3.411115e-09	-2.296509e+01	-2.240467e+02
2.770000e-06	-3.250358e-06	-3.494192e-09	-2.371016e+01	-2.292504e+02
2.780000e-06	-3.351318e-06	-3.573300e-09	-2.444663e+01	-2.341269e+02
2.790000e-06	-3.451072e-06	-3.649067e-09	-2.517430e+01	-2.387501e+02
2.800000e-06	-3.549598e-06	-3.720028e-09	-2.589301e+01	-2.431722e+02
2.810000e-06	-3.647033e-06	-3.788101e-09	-2.660376e+01	-2.474237e+02
2.820000e-06	-3.743360e-06	-3.853210e-09	-2.730644e+01	-2.515154e+02
2.830000e-06	-3.838311e-06	-3.912631e-09	-2.799907e+01	-2.554427e+02
2.840000e-06	-3.931762e-06	-3.967545e-09	-2.868075e+01	-2.591898e+02
2.850000e-06	-4.023807e-06	-4.019073e-09	-2.935219e+01	-2.627349e+02
2.860000e-06	-4.114436e-06	-4.067312e-09	-3.001329e+01	-2.660554e+02
2.870000e-06	-4.203664e-06	-4.112798e-09	-3.066418e+01	-2.691319e+02
2.880000e-06	-4.291437e-06	-4.157977e-09	-3.130445e+01	-2.719525e+02
2.890000e-06	-4.377549e-06	-4.202187e-09	-3.193261e+01	-2.745145e+02
2.900000e-06	-4.462013e-06	-4.243224e-09	-3.254874e+01	-2.768256e+02
2.910000e-06	-4.544970e-06	-4.279967e-09	-3.315388e+01	-2.789037e+02
2.920000e-06	-4.626435e-06	-4.313101e-09	-3.374814e+01	-2.807753e+02
2.930000e-06	-4.706235e-06	-4.342962e-09	-3.433025e+01	-2.824731e+02
2.940000e-06	-4.784073e-06	-4.369118e-09	-3.489805e+01	-2.840327e+02
2.950000e-06	-4.859905e-06	-4.395661e-09	-3.545122e+01	-2.854899e+02
2.960000e-06	-4.933923e-06	-4.421134e-09	-3.599115e+01	-2.868768e+02
2.970000e-06	-5.006193e-06	-4.444214e-09	-3.651834e+01	-2.882199e+02
2.980000e-06	-5.076586e-06	-4.464796e-09	-3.703182e+01	-2.895374e+02
2.990000e-06	-5.145015e-06	-4.483406e-09	-3.753099e+01	-2.908392e+02
3.000000e-06	-5.211524e-06	-4.500175e-09	-3.801615e+01	-2.921261e+02
3.010000e-06	-5.276233e-06	-4.515610e-09	-3.848818e+01	-2.933909e+02
3.020000e-06	-5.339106e-06	-4.532156e-09	-3.894681e+01	-2.946208e+02
3.030000e-06	-5.399957e-06	-4.548450e-09	-3.939070e+01	-2.957987e+02
3.040000e-06	-5.458851e-06	-4.562191e-09	-3.982031e+01	-2.969069e+02
3.050000e-06	-5.515948e-06	-4.574804e-09	-4.023681e+01	-2.979287e+02
3.060000e-06	-5.571172e-06	-4.586377e-09	-4.063965e+01	-2.988515e+02
3.070000e-06	-5.624126e-06	-4.599459e-09	-4.102593e+01	-2.996681e+02
3.080000e-06	-5.674705e-06	-4.611112e-09	-4.139489e+01	-3.003780e+02
3.090000e-06	-5.722953e-06	-4.622217e-09	-4.174683e+01	-3.009877e+02
3.100000e-06	-5.769043e-06	-4.631238e-09	-4.208304e+01	-3.015096e+02
3.110000e-06	-5.813359e-06	-4.638824e-09	-4.240631e+01	-3.019613e+02
3.120000e-06	-5.855833e-06	-4.646554e-09	-4.271615e+01	-3.023635e+02
3.130000e-06	-5.896366e-06	-4.652191e-09	-4.301182e+01	-3.027378e+02
3.140000e-06	-5.934773e-06	-4.656316e-09	-4.329199e+01	-3.031042e+02
3.150000e-06	-5.971046e-06	-4.662455e-09	-4.355658e+01	-3.034797e+02
3.160000e-06	-6.005271e-06	-4.670888e-09	-4.380624e+01	-3.038755e+02
3.170000e-06	-6.037414e-06	-4.674865e-09	-4.404071e+01	-3.042972e+02
3.180000e-06	-6.067281e-06	-4.679466e-09	-4.425858e+01	-3.047432e+02
3.190000e-06	-6.094841e-06	-4.685238e-09	-4.445962e+01	-3.052060e+02
3.200000e-06	-6.120266e-06	-4.691149e-09	-4.464509e+01	-3.056727e+02
3.210000e-06	-6.143526e-06	-4.695807e-09	-4.481476e+01	-3.061267e+02
3.220000e-06	-6.164535e-06	-4.699341e-09	-4.496802e+01	-3.065499e+02
3.230000e-06	-6.183367e-06	-4.701516e-09	-4.510538e+01	-3.069247e+02
3.240000e-06	-6.200114e-06	-4.702557e-09	-4.522755e+01	-3.072358e+02
3.250000e-06	-6.214386e-06	-4.702801e-09	-4.533166e+01	-3.074724e+02
3.260000e-06	-6.226130e-06	-4.705139e-09	-4.541732e+01	-3.076291e+02
3.270000e-06	-6.235638e-06	-4.707750e-09	-4.548668e+01	-3.077066e+02
3.280000e-06	-6.242973e-06	-4.709155e-09	-4.554019e+01	-3.077118e+02
3.290000e-06	-6.247998e-06	-4.709594e-09	-4.557684e+01	-3.076566e+02
3.300000e-06	-6.250808e-06	-4.709763e-09	-4.559734e+01	-3.075570e+02
3.310000e-06	-6.251584e-06	-4.707617e-09	-4.560300e+01	-3.074309e+02
