# Temperatura_=_20.0
# Concentracion g/m^3_=_4600.0
# C_Vs_to_Am_M_A/Vsm_=_65563218390.804596
# pendiente_HvsI_1/m_=_3716.3
# ordenada_HvsI_A/m_=_1297.0
# frecuencia_Hz_=_302080.3136225976

Tiempo_(s)	Campo_(V.s)	Magnetizacion_(V.s)	Campo_(kA/m)	Magnetizacion_(A/m)
0.000000e+00	-6.427483e-06	-4.260653e-09	-4.558937e+01	-2.778686e+02
1.000000e-08	-6.423883e-06	-4.258950e-09	-4.556384e+01	-2.779354e+02
2.000000e-08	-6.418200e-06	-4.256578e-09	-4.552352e+01	-2.780724e+02
3.000000e-08	-6.410525e-06	-4.256909e-09	-4.546909e+01	-2.781878e+02
4.000000e-08	-6.400678e-06	-4.258209e-09	-4.539925e+01	-2.781867e+02
5.000000e-08	-6.388463e-06	-4.257413e-09	-4.531260e+01	-2.780304e+02
6.000000e-08	-6.373903e-06	-4.253657e-09	-4.520933e+01	-2.777637e+02
7.000000e-08	-6.357032e-06	-4.242408e-09	-4.508967e+01	-2.774937e+02
8.000000e-08	-6.337915e-06	-4.247414e-09	-4.495408e+01	-2.773284e+02
9.000000e-08	-6.316477e-06	-4.278911e-09	-4.480202e+01	-2.773080e+02
1.000000e-07	-6.292556e-06	-4.267625e-09	-4.463235e+01	-2.773692e+02
1.100000e-07	-6.266094e-06	-4.253099e-09	-4.444466e+01	-2.773656e+02
1.200000e-07	-6.237431e-06	-4.266926e-09	-4.424136e+01	-2.771388e+02
1.300000e-07	-6.207100e-06	-4.220172e-09	-4.402622e+01	-2.766049e+02
1.400000e-07	-6.175130e-06	-4.196963e-09	-4.379946e+01	-2.758102e+02
1.500000e-07	-6.141148e-06	-4.283427e-09	-4.355843e+01	-2.749250e+02
1.600000e-07	-6.105164e-06	-4.200221e-09	-4.330320e+01	-2.741720e+02
1.700000e-07	-6.067232e-06	-4.179345e-09	-4.303415e+01	-2.737242e+02
1.800000e-07	-6.027030e-06	-4.242118e-09	-4.274901e+01	-2.736215e+02
1.900000e-07	-5.984566e-06	-4.161004e-09	-4.244782e+01	-2.737490e+02
2.000000e-07	-5.939885e-06	-4.193574e-09	-4.213090e+01	-2.738909e+02
2.100000e-07	-5.892912e-06	-4.189676e-09	-4.179773e+01	-2.738330e+02
2.200000e-07	-5.843618e-06	-4.144073e-09	-4.144809e+01	-2.734638e+02
2.300000e-07	-5.791803e-06	-4.157213e-09	-4.108057e+01	-2.728231e+02
2.400000e-07	-5.737614e-06	-4.137752e-09	-4.069621e+01	-2.720740e+02
2.500000e-07	-5.681369e-06	-4.140840e-09	-4.029727e+01	-2.714137e+02
2.600000e-07	-5.622881e-06	-4.152107e-09	-3.988243e+01	-2.709679e+02
2.700000e-07	-5.562268e-06	-4.135644e-09	-3.945250e+01	-2.707256e+02
2.800000e-07	-5.499721e-06	-4.125163e-09	-3.900886e+01	-2.705464e+02
2.900000e-07	-5.435172e-06	-4.109597e-09	-3.855103e+01	-2.702366e+02
3.000000e-07	-5.368527e-06	-4.107228e-09	-3.807832e+01	-2.696532e+02
3.100000e-07	-5.299764e-06	-4.082707e-09	-3.759060e+01	-2.687821e+02
3.200000e-07	-5.229112e-06	-4.079237e-09	-3.708947e+01	-2.677471e+02
3.300000e-07	-5.156657e-06	-4.068689e-09	-3.657555e+01	-2.667467e+02
3.400000e-07	-5.082190e-06	-4.039256e-09	-3.604737e+01	-2.659509e+02
3.500000e-07	-5.005559e-06	-4.048383e-09	-3.550384e+01	-2.654124e+02
3.600000e-07	-4.926863e-06	-4.038625e-09	-3.494565e+01	-2.650392e+02
3.700000e-07	-4.846211e-06	-4.031503e-09	-3.437360e+01	-2.646433e+02
3.800000e-07	-4.763851e-06	-4.015302e-09	-3.378942e+01	-2.640387e+02
3.900000e-07	-4.680037e-06	-3.995019e-09	-3.319494e+01	-2.631381e+02
4.000000e-07	-4.594757e-06	-3.983603e-09	-3.259006e+01	-2.619965e+02
4.100000e-07	-4.507974e-06	-3.968318e-09	-3.197453e+01	-2.607791e+02
4.200000e-07	-4.419677e-06	-3.954000e-09	-3.134824e+01	-2.596708e+02
4.300000e-07	-4.329736e-06	-3.934795e-09	-3.071030e+01	-2.587769e+02
4.400000e-07	-4.238123e-06	-3.925226e-09	-3.006050e+01	-2.580668e+02
4.500000e-07	-4.145024e-06	-3.904767e-09	-2.940016e+01	-2.573920e+02
4.600000e-07	-4.050565e-06	-3.885509e-09	-2.873018e+01	-2.565676e+02
4.700000e-07	-3.954773e-06	-3.872184e-09	-2.805073e+01	-2.554732e+02
4.800000e-07	-3.857493e-06	-3.857467e-09	-2.736073e+01	-2.541187e+02
4.900000e-07	-3.758613e-06	-3.835877e-09	-2.665940e+01	-2.526384e+02
5.000000e-07	-3.658315e-06	-3.814322e-09	-2.594799e+01	-2.512163e+02
5.100000e-07	-3.556800e-06	-3.801297e-09	-2.522796e+01	-2.499843e+02
5.200000e-07	-3.454001e-06	-3.780188e-09	-2.449882e+01	-2.489472e+02
5.300000e-07	-3.350000e-06	-3.752806e-09	-2.376115e+01	-2.479780e+02
5.400000e-07	-3.244795e-06	-3.727406e-09	-2.301495e+01	-2.468862e+02
5.500000e-07	-3.138205e-06	-3.708820e-09	-2.225892e+01	-2.455220e+02
5.600000e-07	-3.030327e-06	-3.686577e-09	-2.149375e+01	-2.438602e+02
5.700000e-07	-2.921395e-06	-3.662819e-09	-2.072111e+01	-2.420159e+02
5.800000e-07	-2.811464e-06	-3.640650e-09	-1.994138e+01	-2.401809e+02
5.900000e-07	-2.700463e-06	-3.615926e-09	-1.915407e+01	-2.385157e+02
6.000000e-07	-2.588504e-06	-3.586636e-09	-1.835995e+01	-2.370548e+02
6.100000e-07	-2.475605e-06	-3.558262e-09	-1.755917e+01	-2.356794e+02
6.200000e-07	-2.361666e-06	-3.533112e-09	-1.675102e+01	-2.341759e+02
6.300000e-07	-2.246673e-06	-3.501950e-09	-1.593538e+01	-2.323507e+02
6.400000e-07	-2.130651e-06	-3.468336e-09	-1.511245e+01	-2.301377e+02
6.500000e-07	-2.013835e-06	-3.437783e-09	-1.428389e+01	-2.276397e+02
6.600000e-07	-1.896450e-06	-3.407794e-09	-1.345129e+01	-2.250747e+02
6.700000e-07	-1.778390e-06	-3.371598e-09	-1.261391e+01	-2.226536e+02
6.800000e-07	-1.659613e-06	-3.333255e-09	-1.177144e+01	-2.204540e+02
6.900000e-07	-1.540248e-06	-3.294151e-09	-1.092479e+01	-2.183612e+02
7.000000e-07	-1.420428e-06	-3.250261e-09	-1.007492e+01	-2.161150e+02
7.100000e-07	-1.300184e-06	-3.203385e-09	-9.222051e+00	-2.134421e+02
7.200000e-07	-1.179506e-06	-3.156585e-09	-8.366092e+00	-2.102058e+02
7.300000e-07	-1.058442e-06	-3.109924e-09	-7.507405e+00	-2.064882e+02
7.400000e-07	-9.370399e-07	-3.057931e-09	-6.646312e+00	-2.025515e+02
7.500000e-07	-8.152718e-07	-3.004578e-09	-5.782625e+00	-1.986895e+02
7.600000e-07	-6.931550e-07	-2.946707e-09	-4.916466e+00	-1.950418e+02
7.700000e-07	-5.707938e-07	-2.881394e-09	-4.048572e+00	-1.914725e+02
7.800000e-07	-4.482475e-07	-2.809694e-09	-3.179366e+00	-1.875893e+02
7.900000e-07	-3.255420e-07	-2.731380e-09	-2.309030e+00	-1.829063e+02
8.000000e-07	-2.026664e-07	-2.647379e-09	-1.437489e+00	-1.770746e+02
8.100000e-07	-7.963500e-08	-2.553577e-09	-5.648415e-01	-1.700544e+02
8.200000e-07	4.346125e-08	-2.449247e-09	3.082655e-01	-1.621154e+02
8.300000e-07	1.665467e-07	-2.328802e-09	1.181296e+00	-1.536331e+02
8.400000e-07	2.896434e-07	-2.186241e-09	2.054406e+00	-1.447497e+02
8.500000e-07	4.126943e-07	-2.018936e-09	2.927191e+00	-1.350613e+02
8.600000e-07	5.355429e-07	-1.821774e-09	3.798542e+00	-1.235045e+02
8.700000e-07	6.582239e-07	-1.585852e-09	4.668704e+00	-1.085502e+02
8.800000e-07	7.807353e-07	-1.297132e-09	5.537662e+00	-8.868586e+01
8.900000e-07	9.029277e-07	-9.353004e-10	6.404358e+00	-6.302645e+01
9.000000e-07	1.024739e-06	-4.797350e-10	7.268352e+00	-3.181915e+01
9.100000e-07	1.146153e-06	7.275813e-11	8.129523e+00	3.378447e+00
9.200000e-07	1.267168e-06	6.758900e-10	8.987872e+00	3.995162e+01
9.300000e-07	1.387810e-06	1.237655e-09	9.843568e+00	7.485303e+01
9.400000e-07	1.508049e-06	1.687415e-09	1.069641e+01	1.053896e+02
9.500000e-07	1.627737e-06	2.014774e-09	1.154534e+01	1.298965e+02
9.600000e-07	1.746736e-06	2.252240e-09	1.238939e+01	1.480649e+02
9.700000e-07	1.865001e-06	2.436364e-09	1.322823e+01	1.608290e+02
9.800000e-07	1.982533e-06	2.589985e-09	1.406187e+01	1.698828e+02
9.900000e-07	2.099405e-06	2.722031e-09	1.489083e+01	1.770348e+02
1.000000e-06	2.215493e-06	2.835081e-09	1.571423e+01	1.836477e+02
1.010000e-06	2.330593e-06	2.933950e-09	1.653062e+01	1.903523e+02
1.020000e-06	2.444610e-06	3.022230e-09	1.733933e+01	1.970943e+02
1.030000e-06	2.557576e-06	3.101061e-09	1.814058e+01	2.034326e+02
1.040000e-06	2.669627e-06	3.173949e-09	1.893535e+01	2.089180e+02
1.050000e-06	2.780711e-06	3.241295e-09	1.972325e+01	2.133763e+02
1.060000e-06	2.890758e-06	3.303208e-09	2.050380e+01	2.169889e+02
1.070000e-06	2.999864e-06	3.361116e-09	2.127768e+01	2.201727e+02
1.080000e-06	3.108102e-06	3.414272e-09	2.204540e+01	2.233541e+02
1.090000e-06	3.215279e-06	3.463084e-09	2.280559e+01	2.267658e+02
1.100000e-06	3.321218e-06	3.508900e-09	2.355700e+01	2.303661e+02
1.110000e-06	3.425888e-06	3.553593e-09	2.429942e+01	2.339058e+02
1.120000e-06	3.529266e-06	3.596384e-09	2.503267e+01	2.370924e+02
1.130000e-06	3.631450e-06	3.634159e-09	2.575744e+01	2.397548e+02
1.140000e-06	3.732500e-06	3.667526e-09	2.647418e+01	2.419262e+02
1.150000e-06	3.832347e-06	3.697685e-09	2.718238e+01	2.438101e+02
1.160000e-06	3.930671e-06	3.726296e-09	2.787978e+01	2.456595e+02
1.170000e-06	4.027387e-06	3.753902e-09	2.856577e+01	2.476426e+02
1.180000e-06	4.122626e-06	3.780734e-09	2.924129e+01	2.497655e+02
1.190000e-06	4.216447e-06	3.807524e-09	2.990675e+01	2.518891e+02
1.200000e-06	4.308985e-06	3.831766e-09	3.056311e+01	2.538230e+02
1.210000e-06	4.400100e-06	3.853557e-09	3.120939e+01	2.554396e+02
1.220000e-06	4.489565e-06	3.874118e-09	3.184395e+01	2.567457e+02
1.230000e-06	4.577290e-06	3.894521e-09	3.246618e+01	2.578751e+02
1.240000e-06	4.663385e-06	3.913359e-09	3.307683e+01	2.590109e+02
1.250000e-06	4.747975e-06	3.930139e-09	3.367682e+01	2.602846e+02
1.260000e-06	4.830972e-06	3.946765e-09	3.426551e+01	2.617070e+02
1.270000e-06	4.912159e-06	3.965271e-09	3.484136e+01	2.631682e+02
1.280000e-06	4.991411e-06	3.984666e-09	3.540349e+01	2.645036e+02
1.290000e-06	5.068875e-06	4.002077e-09	3.595293e+01	2.655869e+02
1.300000e-06	5.144495e-06	4.015404e-09	3.648929e+01	2.663991e+02
1.310000e-06	5.218057e-06	4.026858e-09	3.701106e+01	2.670366e+02
1.320000e-06	5.289580e-06	4.039633e-09	3.751836e+01	2.676572e+02
1.330000e-06	5.359195e-06	4.052819e-09	3.801213e+01	2.683933e+02
1.340000e-06	5.426985e-06	4.064543e-09	3.849295e+01	2.692835e+02
1.350000e-06	5.492819e-06	4.075859e-09	3.895991e+01	2.702564e+02
1.360000e-06	5.556588e-06	4.088191e-09	3.941222e+01	2.711751e+02
1.370000e-06	5.618454e-06	4.100141e-09	3.985102e+01	2.719157e+02
1.380000e-06	5.678517e-06	4.111023e-09	4.027705e+01	2.724363e+02
1.390000e-06	5.736615e-06	4.120684e-09	4.068912e+01	2.727986e+02
1.400000e-06	5.792573e-06	4.128647e-09	4.108603e+01	2.731321e+02
1.410000e-06	5.846461e-06	4.135648e-09	4.146825e+01	2.735619e+02
1.420000e-06	5.898091e-06	4.143755e-09	4.183445e+01	2.741403e+02
1.430000e-06	5.947195e-06	4.154344e-09	4.218275e+01	2.748195e+02
1.440000e-06	5.994038e-06	4.163981e-09	4.251500e+01	2.754804e+02
1.450000e-06	6.038917e-06	4.170663e-09	4.283332e+01	2.759996e+02
1.460000e-06	6.081796e-06	4.175772e-09	4.313746e+01	2.763188e+02
1.470000e-06	6.122355e-06	4.180952e-09	4.342513e+01	2.764769e+02
1.480000e-06	6.160687e-06	4.186482e-09	4.369702e+01	2.765895e+02
1.490000e-06	6.197053e-06	4.191347e-09	4.395496e+01	2.767858e+02
1.500000e-06	6.231279e-06	4.196677e-09	4.419772e+01	2.771393e+02
1.510000e-06	6.263198e-06	4.203064e-09	4.442411e+01	2.776289e+02
1.520000e-06	6.292907e-06	4.210165e-09	4.463484e+01	2.781512e+02
1.530000e-06	6.320550e-06	4.215429e-09	4.483091e+01	2.785768e+02
1.540000e-06	6.345816e-06	4.217855e-09	4.501012e+01	2.788190e+02
1.550000e-06	6.368642e-06	4.219686e-09	4.517202e+01	2.788784e+02
1.560000e-06	6.389351e-06	4.222481e-09	4.531890e+01	2.788393e+02
1.570000e-06	6.407901e-06	4.227108e-09	4.545048e+01	2.788214e+02
1.580000e-06	6.424056e-06	4.231264e-09	4.556506e+01	2.789146e+02
1.590000e-06	6.437762e-06	4.234222e-09	4.566228e+01	2.791324e+02
1.600000e-06	6.449032e-06	4.236525e-09	4.574221e+01	2.794097e+02
1.610000e-06	6.457761e-06	4.237226e-09	4.580413e+01	2.796434e+02
1.620000e-06	6.464129e-06	4.238084e-09	4.584930e+01	2.797534e+02
1.630000e-06	6.468339e-06	4.240394e-09	4.587916e+01	2.797276e+02
1.640000e-06	6.470234e-06	4.242478e-09	4.589260e+01	2.796271e+02
1.650000e-06	6.469817e-06	4.245237e-09	4.588964e+01	2.795478e+02
1.660000e-06	6.467292e-06	4.246462e-09	4.587173e+01	2.795616e+02
1.670000e-06	6.462726e-06	4.248813e-09	4.583935e+01	2.796725e+02
1.680000e-06	6.455921e-06	4.251333e-09	4.579108e+01	2.798120e+02
1.690000e-06	6.446948e-06	4.250935e-09	4.572744e+01	2.798787e+02
1.700000e-06	6.435985e-06	4.248395e-09	4.564967e+01	2.797998e+02
1.710000e-06	6.422781e-06	4.247954e-09	4.555602e+01	2.795778e+02
1.720000e-06	6.407264e-06	4.256951e-09	4.544596e+01	2.792944e+02
1.730000e-06	6.389654e-06	4.243671e-09	4.532106e+01	2.790662e+02
1.740000e-06	6.369497e-06	4.205998e-09	4.517808e+01	2.789746e+02
1.750000e-06	6.346192e-06	4.217770e-09	4.501278e+01	2.790094e+02
1.760000e-06	6.320182e-06	4.216813e-09	4.482830e+01	2.790593e+02
1.770000e-06	6.292319e-06	4.212251e-09	4.463067e+01	2.789613e+02
1.780000e-06	6.263077e-06	4.292192e-09	4.442326e+01	2.785840e+02
1.790000e-06	6.232237e-06	4.209504e-09	4.420451e+01	2.779053e+02
1.800000e-06	6.199121e-06	4.154251e-09	4.396963e+01	2.770386e+02
1.810000e-06	6.163851e-06	4.203093e-09	4.371946e+01	2.761923e+02
1.820000e-06	6.126781e-06	4.115096e-09	4.345652e+01	2.755774e+02
1.830000e-06	6.087342e-06	4.193615e-09	4.317679e+01	2.753073e+02
1.840000e-06	6.045629e-06	4.222071e-09	4.288093e+01	2.753424e+02
1.850000e-06	6.001901e-06	4.146825e-09	4.257077e+01	2.755068e+02
1.860000e-06	5.955963e-06	4.235030e-09	4.224493e+01	2.755712e+02
1.870000e-06	5.907947e-06	4.186602e-09	4.190437e+01	2.753625e+02
1.880000e-06	5.857584e-06	4.188020e-09	4.154714e+01	2.748434e+02
1.890000e-06	5.804815e-06	4.217274e-09	4.117286e+01	2.741235e+02
1.900000e-06	5.749760e-06	4.136785e-09	4.078236e+01	2.733965e+02
1.910000e-06	5.692424e-06	4.183901e-09	4.037569e+01	2.728356e+02
1.920000e-06	5.633120e-06	4.156512e-09	3.995505e+01	2.725022e+02
1.930000e-06	5.571792e-06	4.153421e-09	3.952006e+01	2.723148e+02
1.940000e-06	5.508309e-06	4.165557e-09	3.906978e+01	2.720937e+02
1.950000e-06	5.442713e-06	4.128364e-09	3.860451e+01	2.716582e+02
1.960000e-06	5.375105e-06	4.154637e-09	3.812498e+01	2.709235e+02
1.970000e-06	5.305581e-06	4.105703e-09	3.763185e+01	2.699481e+02
1.980000e-06	5.234020e-06	4.126035e-09	3.712428e+01	2.689050e+02
1.990000e-06	5.160515e-06	4.116936e-09	3.660292e+01	2.679915e+02
2.000000e-06	5.085093e-06	4.077200e-09	3.606796e+01	2.673271e+02
2.010000e-06	5.007568e-06	4.094566e-09	3.551808e+01	2.668908e+02
2.020000e-06	4.928033e-06	4.060523e-09	3.495395e+01	2.665323e+02
2.030000e-06	4.846715e-06	4.073168e-09	3.437717e+01	2.660510e+02
2.040000e-06	4.763816e-06	4.052379e-09	3.378918e+01	2.653007e+02
2.050000e-06	4.679373e-06	4.044925e-09	3.319024e+01	2.642643e+02
2.060000e-06	4.593211e-06	4.040908e-09	3.257910e+01	2.630605e+02
2.070000e-06	4.505237e-06	4.010247e-09	3.195511e+01	2.618775e+02
2.080000e-06	4.415729e-06	4.002128e-09	3.132024e+01	2.608714e+02
2.090000e-06	4.324834e-06	3.984028e-09	3.067553e+01	2.600820e+02
2.100000e-06	4.232534e-06	3.988144e-09	3.002086e+01	2.594128e+02
2.110000e-06	4.138745e-06	3.962836e-09	2.935563e+01	2.586845e+02
2.120000e-06	4.043361e-06	3.944521e-09	2.867907e+01	2.577329e+02
2.130000e-06	3.946584e-06	3.933693e-09	2.799265e+01	2.564985e+02
2.140000e-06	3.848490e-06	3.915820e-09	2.729688e+01	2.550590e+02
2.150000e-06	3.749034e-06	3.893796e-09	2.659145e+01	2.535858e+02
2.160000e-06	3.648197e-06	3.870697e-09	2.587622e+01	2.522492e+02
2.170000e-06	3.545912e-06	3.866824e-09	2.515073e+01	2.511231e+02
2.180000e-06	3.442221e-06	3.848023e-09	2.441526e+01	2.501422e+02
2.190000e-06	3.337284e-06	3.825415e-09	2.367096e+01	2.491356e+02
2.200000e-06	3.231234e-06	3.804566e-09	2.291876e+01	2.479199e+02
2.210000e-06	3.124023e-06	3.790459e-09	2.215832e+01	2.464008e+02
2.220000e-06	3.015705e-06	3.765285e-09	2.139003e+01	2.446263e+02
2.230000e-06	2.906346e-06	3.736633e-09	2.061437e+01	2.427620e+02
2.240000e-06	2.795969e-06	3.715987e-09	1.983147e+01	2.409982e+02
2.250000e-06	2.684523e-06	3.696035e-09	1.904100e+01	2.394409e+02
2.260000e-06	2.571970e-06	3.669005e-09	1.824268e+01	2.380459e+02
2.270000e-06	2.458423e-06	3.639109e-09	1.743730e+01	2.366349e+02
2.280000e-06	2.343875e-06	3.614877e-09	1.662482e+01	2.349889e+02
2.290000e-06	2.228420e-06	3.584516e-09	1.580592e+01	2.329675e+02
2.300000e-06	2.112235e-06	3.551687e-09	1.498183e+01	2.305897e+02
2.310000e-06	1.995333e-06	3.519700e-09	1.415266e+01	2.280281e+02
2.320000e-06	1.877621e-06	3.488888e-09	1.331775e+01	2.255147e+02
2.330000e-06	1.759131e-06	3.452727e-09	1.247731e+01	2.232065e+02
2.340000e-06	1.639839e-06	3.414206e-09	1.163118e+01	2.210862e+02
2.350000e-06	1.519828e-06	3.376241e-09	1.077996e+01	2.189538e+02
2.360000e-06	1.399340e-06	3.338466e-09	9.925351e+00	2.165230e+02
2.370000e-06	1.278513e-06	3.296815e-09	9.068343e+00	2.135726e+02
2.380000e-06	1.157405e-06	3.249580e-09	8.209339e+00	2.100718e+02
2.390000e-06	1.035991e-06	3.198862e-09	7.348158e+00	2.062055e+02
2.400000e-06	9.142225e-07	3.144555e-09	6.484471e+00	2.022751e+02
2.410000e-06	7.921025e-07	3.088222e-09	5.618289e+00	1.985186e+02
2.420000e-06	6.696900e-07	3.026048e-09	4.750031e+00	1.949456e+02
2.430000e-06	5.470504e-07	2.957845e-09	3.880163e+00	1.912795e+02
2.440000e-06	4.242174e-07	2.884517e-09	3.008924e+00	1.870540e+02
2.450000e-06	3.012002e-07	2.805834e-09	2.136377e+00	1.818235e+02
2.460000e-06	1.780728e-07	2.717507e-09	1.263049e+00	1.753808e+02
2.470000e-06	5.487125e-08	2.616529e-09	3.891952e-01	1.678539e+02
2.480000e-06	-6.837898e-08	2.502011e-09	-4.850040e-01	1.596025e+02
2.490000e-06	-1.916003e-07	2.371182e-09	-1.358998e+00	1.509302e+02
2.500000e-06	-3.147221e-07	2.218721e-09	-2.232286e+00	1.417369e+02
2.510000e-06	-4.377486e-07	2.036327e-09	-3.104899e+00	1.312848e+02
2.520000e-06	-5.606258e-07	1.820482e-09	-3.976452e+00	1.182332e+02
2.530000e-06	-6.832708e-07	1.563192e-09	-4.846358e+00	1.009882e+02
2.540000e-06	-8.056545e-07	1.246509e-09	-5.714411e+00	7.827511e+01
2.550000e-06	-9.277193e-07	8.483464e-10	-6.580202e+00	4.972829e+01
2.560000e-06	-1.049395e-06	3.538757e-10	-7.443235e+00	1.625415e+01
2.570000e-06	-1.170725e-06	-2.255771e-10	-8.303816e+00	-2.000287e+01
2.580000e-06	-1.291778e-06	-8.282580e-10	-9.162425e+00	-5.611734e+01
2.590000e-06	-1.412473e-06	-1.359502e-09	-1.001851e+01	-8.912126e+01
2.600000e-06	-1.532658e-06	-1.766623e-09	-1.087096e+01	-1.167688e+02
2.610000e-06	-1.652181e-06	-2.061350e-09	-1.171873e+01	-1.380595e+02
2.620000e-06	-1.770962e-06	-2.280841e-09	-1.256122e+01	-1.533470e+02
2.630000e-06	-1.888943e-06	-2.453109e-09	-1.339805e+01	-1.640217e+02
2.640000e-06	-2.006062e-06	-2.594663e-09	-1.422876e+01	-1.719158e+02
2.650000e-06	-2.122380e-06	-2.716601e-09	-1.505379e+01	-1.786708e+02
2.660000e-06	-2.237868e-06	-2.826067e-09	-1.587293e+01	-1.852982e+02
2.670000e-06	-2.352360e-06	-2.927159e-09	-1.668501e+01	-1.920612e+02
2.680000e-06	-2.465766e-06	-3.017199e-09	-1.748938e+01	-1.986655e+02
2.690000e-06	-2.578028e-06	-3.098560e-09	-1.828565e+01	-2.046207e+02
2.700000e-06	-2.689291e-06	-3.173505e-09	-1.907482e+01	-2.095913e+02
2.710000e-06	-2.799579e-06	-3.240919e-09	-1.985708e+01	-2.135846e+02
2.720000e-06	-2.908828e-06	-3.301629e-09	-2.063197e+01	-2.169243e+02
2.730000e-06	-3.017157e-06	-3.358818e-09	-2.140034e+01	-2.200620e+02
2.740000e-06	-3.124548e-06	-3.414866e-09	-2.216204e+01	-2.233465e+02
2.750000e-06	-3.230902e-06	-3.466841e-09	-2.291640e+01	-2.268737e+02
2.760000e-06	-3.336153e-06	-3.515680e-09	-2.366294e+01	-2.304818e+02
2.770000e-06	-3.440236e-06	-3.563079e-09	-2.440118e+01	-2.338771e+02
2.780000e-06	-3.542993e-06	-3.607692e-09	-2.513002e+01	-2.368107e+02
2.790000e-06	-3.644403e-06	-3.650480e-09	-2.584932e+01	-2.392107e+02
2.800000e-06	-3.744545e-06	-3.690412e-09	-2.655961e+01	-2.412063e+02
2.810000e-06	-3.843376e-06	-3.728697e-09	-2.726061e+01	-2.430437e+02
2.820000e-06	-3.940955e-06	-3.764702e-09	-2.795272e+01	-2.449483e+02
2.830000e-06	-4.037257e-06	-3.796252e-09	-2.863578e+01	-2.470110e+02
2.840000e-06	-4.132075e-06	-3.826652e-09	-2.930831e+01	-2.491576e+02
2.850000e-06	-4.225399e-06	-3.855260e-09	-2.997025e+01	-2.512085e+02
2.860000e-06	-4.317283e-06	-3.881321e-09	-3.062197e+01	-2.529920e+02
2.870000e-06	-4.407636e-06	-3.906140e-09	-3.126284e+01	-2.544434e+02
2.880000e-06	-4.496394e-06	-3.929272e-09	-3.189239e+01	-2.556389e+02
2.890000e-06	-4.583501e-06	-3.953145e-09	-3.251023e+01	-2.567495e+02
2.900000e-06	-4.668877e-06	-3.978981e-09	-3.311579e+01	-2.579444e+02
2.910000e-06	-4.752520e-06	-4.003069e-09	-3.370906e+01	-2.592994e+02
2.920000e-06	-4.834562e-06	-4.022716e-09	-3.429097e+01	-2.607604e+02
2.930000e-06	-4.914990e-06	-4.038899e-09	-3.486144e+01	-2.621790e+02
2.940000e-06	-4.993466e-06	-4.053361e-09	-3.541806e+01	-2.633984e+02
2.950000e-06	-5.069773e-06	-4.066933e-09	-3.595929e+01	-2.643405e+02
2.960000e-06	-5.144134e-06	-4.080192e-09	-3.648673e+01	-2.650476e+02
2.970000e-06	-5.216689e-06	-4.095099e-09	-3.700135e+01	-2.656564e+02
2.980000e-06	-5.287239e-06	-4.110639e-09	-3.750176e+01	-2.663228e+02
2.990000e-06	-5.355695e-06	-4.123347e-09	-3.798731e+01	-2.671383e+02
3.000000e-06	-5.422303e-06	-4.134218e-09	-3.845975e+01	-2.680845e+02
3.010000e-06	-5.487140e-06	-4.143815e-09	-3.891963e+01	-2.690484e+02
3.020000e-06	-5.550076e-06	-4.153778e-09	-3.936603e+01	-2.698896e+02
3.030000e-06	-5.610921e-06	-4.161950e-09	-3.979759e+01	-2.705187e+02
3.040000e-06	-5.669604e-06	-4.169452e-09	-4.021382e+01	-2.709466e+02
3.050000e-06	-5.726366e-06	-4.177307e-09	-4.061643e+01	-2.712766e+02
3.060000e-06	-5.781212e-06	-4.186667e-09	-4.100544e+01	-2.716459e+02
3.070000e-06	-5.833718e-06	-4.194018e-09	-4.137787e+01	-2.721497e+02
3.080000e-06	-5.883732e-06	-4.199404e-09	-4.173261e+01	-2.727901e+02
3.090000e-06	-5.931361e-06	-4.206644e-09	-4.207043e+01	-2.734770e+02
3.100000e-06	-5.976872e-06	-4.213128e-09	-4.239324e+01	-2.740796e+02
3.110000e-06	-6.020535e-06	-4.217184e-09	-4.270294e+01	-2.745001e+02
3.120000e-06	-6.062258e-06	-4.221219e-09	-4.299887e+01	-2.747280e+02
3.130000e-06	-6.101956e-06	-4.226954e-09	-4.328044e+01	-2.748462e+02
3.140000e-06	-6.139451e-06	-4.232371e-09	-4.354640e+01	-2.749865e+02
3.150000e-06	-6.174738e-06	-4.237234e-09	-4.379668e+01	-2.752576e+02
3.160000e-06	-6.207871e-06	-4.241379e-09	-4.403169e+01	-2.756878e+02
3.170000e-06	-6.238755e-06	-4.244967e-09	-4.425074e+01	-2.762099e+02
3.180000e-06	-6.267345e-06	-4.248514e-09	-4.445353e+01	-2.766987e+02
3.190000e-06	-6.293746e-06	-4.252443e-09	-4.464079e+01	-2.770384e+02
3.200000e-06	-6.317976e-06	-4.255076e-09	-4.481265e+01	-2.771832e+02
3.210000e-06	-6.339849e-06	-4.257661e-09	-4.496779e+01	-2.771791e+02
3.220000e-06	-6.359447e-06	-4.258916e-09	-4.510680e+01	-2.771359e+02
3.230000e-06	-6.376809e-06	-4.259150e-09	-4.522995e+01	-2.771663e+02
3.240000e-06	-6.391787e-06	-4.258927e-09	-4.533619e+01	-2.773255e+02
3.250000e-06	-6.404174e-06	-4.260401e-09	-4.542404e+01	-2.775849e+02
3.260000e-06	-6.414073e-06	-4.262685e-09	-4.549425e+01	-2.778532e+02
3.270000e-06	-6.421745e-06	-4.262878e-09	-4.554867e+01	-2.780313e+02
3.280000e-06	-6.427084e-06	-4.262628e-09	-4.558654e+01	-2.780698e+02
3.290000e-06	-6.430169e-06	-4.263838e-09	-4.560842e+01	-2.779955e+02
3.300000e-06	-6.431140e-06	-4.263919e-09	-4.561531e+01	-2.778936e+02
3.310000e-06	-6.429910e-06	-4.262227e-09	-4.560658e+01	-2.778554e+02
