# Temperatura_=_20.0
# Concentracion g/m^3_=_6200.0
# C_Vs_to_Am_M_A/Vsm_=_65563218390.804596
# pendiente_HvsI_1/m_=_3716.3
# ordenada_HvsI_A/m_=_1297.0
# frecuencia_Hz_=_301448.48787505465

Tiempo_(s)	Campo_(V.s)	Magnetizacion_(V.s)	Campo_(kA/m)	Magnetizacion_(A/m)
0.000000e+00	-3.217277e-06	-3.114448e-09	-2.354986e+01	-2.034625e+02
1.000000e-08	-3.216432e-06	-3.118048e-09	-2.354368e+01	-2.036673e+02
2.000000e-08	-3.214204e-06	-3.121693e-09	-2.352737e+01	-2.038263e+02
3.000000e-08	-3.210771e-06	-3.126010e-09	-2.350224e+01	-2.039415e+02
4.000000e-08	-3.206464e-06	-3.128694e-09	-2.347072e+01	-2.040154e+02
5.000000e-08	-3.201226e-06	-3.128469e-09	-2.343237e+01	-2.040510e+02
6.000000e-08	-3.194960e-06	-3.125079e-09	-2.338650e+01	-2.040515e+02
7.000000e-08	-3.187672e-06	-3.116370e-09	-2.333316e+01	-2.040205e+02
8.000000e-08	-3.179413e-06	-3.128577e-09	-2.327271e+01	-2.039614e+02
9.000000e-08	-3.169694e-06	-3.153243e-09	-2.320157e+01	-2.038771e+02
1.000000e-07	-3.158135e-06	-3.159079e-09	-2.311695e+01	-2.037701e+02
1.100000e-07	-3.145189e-06	-3.107904e-09	-2.302219e+01	-2.036420e+02
1.200000e-07	-3.131398e-06	-3.068094e-09	-2.292125e+01	-2.034935e+02
1.300000e-07	-3.116531e-06	-3.134304e-09	-2.281242e+01	-2.033239e+02
1.400000e-07	-3.100180e-06	-3.154141e-09	-2.269274e+01	-2.031319e+02
1.500000e-07	-3.082833e-06	-3.049942e-09	-2.256576e+01	-2.029147e+02
1.600000e-07	-3.064819e-06	-3.109988e-09	-2.243390e+01	-2.026689e+02
1.700000e-07	-3.045734e-06	-3.178725e-09	-2.229420e+01	-2.023905e+02
1.800000e-07	-3.025568e-06	-3.070257e-09	-2.214659e+01	-2.020749e+02
1.900000e-07	-3.004675e-06	-3.095210e-09	-2.199366e+01	-2.017176e+02
2.000000e-07	-2.982784e-06	-3.141695e-09	-2.183342e+01	-2.013145e+02
2.100000e-07	-2.959649e-06	-3.020710e-09	-2.166407e+01	-2.008618e+02
2.200000e-07	-2.935679e-06	-3.015699e-09	-2.148862e+01	-2.003569e+02
2.300000e-07	-2.910715e-06	-3.093010e-09	-2.130589e+01	-1.997979e+02
2.400000e-07	-2.884256e-06	-3.027148e-09	-2.111221e+01	-1.991845e+02
2.500000e-07	-2.856626e-06	-3.039138e-09	-2.090996e+01	-1.985171e+02
2.600000e-07	-2.828103e-06	-3.058681e-09	-2.070118e+01	-1.977976e+02
2.700000e-07	-2.798625e-06	-2.971331e-09	-2.048541e+01	-1.970287e+02
2.800000e-07	-2.768227e-06	-2.995130e-09	-2.026290e+01	-1.962139e+02
2.900000e-07	-2.736938e-06	-3.035378e-09	-2.003387e+01	-1.953572e+02
3.000000e-07	-2.704812e-06	-2.958697e-09	-1.979872e+01	-1.944626e+02
3.100000e-07	-2.671650e-06	-2.967894e-09	-1.955597e+01	-1.935339e+02
3.200000e-07	-2.637169e-06	-2.972959e-09	-1.930358e+01	-1.925748e+02
3.300000e-07	-2.601626e-06	-2.889162e-09	-1.904342e+01	-1.915879e+02
3.400000e-07	-2.565323e-06	-2.918426e-09	-1.877768e+01	-1.905750e+02
3.500000e-07	-2.528163e-06	-2.955963e-09	-1.850568e+01	-1.895373e+02
3.600000e-07	-2.490039e-06	-2.886460e-09	-1.822662e+01	-1.884746e+02
3.700000e-07	-2.451027e-06	-2.847034e-09	-1.794105e+01	-1.873860e+02
3.800000e-07	-2.411352e-06	-2.874694e-09	-1.765064e+01	-1.862699e+02
3.900000e-07	-2.371075e-06	-2.855165e-09	-1.735582e+01	-1.851242e+02
4.000000e-07	-2.329854e-06	-2.808381e-09	-1.705410e+01	-1.839463e+02
4.100000e-07	-2.287393e-06	-2.790256e-09	-1.674329e+01	-1.827336e+02
4.200000e-07	-2.243959e-06	-2.785559e-09	-1.642536e+01	-1.814838e+02
4.300000e-07	-2.199843e-06	-2.761781e-09	-1.610244e+01	-1.801947e+02
4.400000e-07	-2.154950e-06	-2.720653e-09	-1.577383e+01	-1.788647e+02
4.500000e-07	-2.109325e-06	-2.716545e-09	-1.543986e+01	-1.774928e+02
4.600000e-07	-2.062988e-06	-2.721588e-09	-1.510068e+01	-1.760785e+02
4.700000e-07	-2.015906e-06	-2.674217e-09	-1.475605e+01	-1.746218e+02
4.800000e-07	-1.968236e-06	-2.617947e-09	-1.440712e+01	-1.731231e+02
4.900000e-07	-1.919936e-06	-2.628021e-09	-1.405357e+01	-1.715831e+02
5.000000e-07	-1.870622e-06	-2.623737e-09	-1.369260e+01	-1.700024e+02
5.100000e-07	-1.820182e-06	-2.566606e-09	-1.332339e+01	-1.683816e+02
5.200000e-07	-1.768853e-06	-2.537868e-09	-1.294767e+01	-1.667209e+02
5.300000e-07	-1.716834e-06	-2.534347e-09	-1.256690e+01	-1.650199e+02
5.400000e-07	-1.664187e-06	-2.501758e-09	-1.218154e+01	-1.632779e+02
5.500000e-07	-1.610935e-06	-2.460184e-09	-1.179174e+01	-1.614933e+02
5.600000e-07	-1.557103e-06	-2.446335e-09	-1.139770e+01	-1.596641e+02
5.700000e-07	-1.502617e-06	-2.421773e-09	-1.099887e+01	-1.577876e+02
5.800000e-07	-1.447572e-06	-2.373804e-09	-1.059595e+01	-1.558608e+02
5.900000e-07	-1.392140e-06	-2.337816e-09	-1.019020e+01	-1.538802e+02
6.000000e-07	-1.336374e-06	-2.321867e-09	-9.782008e+00	-1.518424e+02
6.100000e-07	-1.280215e-06	-2.291836e-09	-9.370929e+00	-1.497440e+02
6.200000e-07	-1.223602e-06	-2.246651e-09	-8.956534e+00	-1.475816e+02
6.300000e-07	-1.166462e-06	-2.215025e-09	-8.538282e+00	-1.453524e+02
6.400000e-07	-1.108627e-06	-2.187073e-09	-8.114939e+00	-1.430538e+02
6.500000e-07	-1.050124e-06	-2.145727e-09	-7.686711e+00	-1.406836e+02
6.600000e-07	-9.911143e-07	-2.102688e-09	-7.254770e+00	-1.382402e+02
6.700000e-07	-9.316952e-07	-2.068891e-09	-6.819833e+00	-1.357222e+02
6.800000e-07	-8.720422e-07	-2.026737e-09	-6.383185e+00	-1.331283e+02
6.900000e-07	-8.122691e-07	-1.979751e-09	-5.945657e+00	-1.304577e+02
7.000000e-07	-7.523331e-07	-1.940589e-09	-5.506937e+00	-1.277092e+02
7.100000e-07	-6.922146e-07	-1.900898e-09	-5.066881e+00	-1.248816e+02
7.200000e-07	-6.319692e-07	-1.855273e-09	-4.625895e+00	-1.219734e+02
7.300000e-07	-5.716158e-07	-1.810922e-09	-4.184120e+00	-1.189826e+02
7.400000e-07	-5.110813e-07	-1.768829e-09	-3.741019e+00	-1.159071e+02
7.500000e-07	-4.503273e-07	-1.719129e-09	-3.296311e+00	-1.127439e+02
7.600000e-07	-3.893707e-07	-1.665744e-09	-2.850120e+00	-1.094900e+02
7.700000e-07	-3.282527e-07	-1.613313e-09	-2.402748e+00	-1.061419e+02
7.800000e-07	-2.670392e-07	-1.560752e-09	-1.954677e+00	-1.026957e+02
7.900000e-07	-2.057579e-07	-1.502684e-09	-1.506109e+00	-9.914770e+01
8.000000e-07	-1.443988e-07	-1.443178e-09	-1.056972e+00	-9.549389e+01
8.100000e-07	-8.298850e-08	-1.386677e-09	-6.074602e-01	-9.173050e+01
8.200000e-07	-2.150615e-08	-1.328964e-09	-1.574210e-01	-8.785395e+01
8.300000e-07	4.000859e-08	-1.269336e-09	2.928554e-01	-8.386090e+01
8.400000e-07	1.014856e-07	-1.207520e-09	7.428552e-01	-7.974838e+01
8.500000e-07	1.629274e-07	-1.145369e-09	1.192598e+00	-7.551378e+01
8.600000e-07	2.243330e-07	-1.080336e-09	1.642076e+00	-7.115486e+01
8.700000e-07	2.856751e-07	-1.012622e-09	2.091088e+00	-6.666975e+01
8.800000e-07	3.469330e-07	-9.429737e-10	2.539485e+00	-6.205696e+01
8.900000e-07	4.080503e-07	-8.716999e-10	2.986851e+00	-5.731539e+01
9.000000e-07	4.689412e-07	-7.960571e-10	3.432562e+00	-5.244435e+01
9.100000e-07	5.296432e-07	-7.147299e-10	3.876888e+00	-4.744362e+01
9.200000e-07	5.901722e-07	-6.339519e-10	4.319949e+00	-4.231352e+01
9.300000e-07	6.504836e-07	-5.564538e-10	4.761417e+00	-3.705507e+01
9.400000e-07	7.105941e-07	-4.779034e-10	5.201415e+00	-3.167012e+01
9.500000e-07	7.705167e-07	-3.942464e-10	5.640037e+00	-2.616155e+01
9.600000e-07	8.302984e-07	-3.085990e-10	6.077628e+00	-2.053344e+01
9.700000e-07	8.899688e-07	-2.210590e-10	6.514404e+00	-1.479124e+01
9.800000e-07	9.494499e-07	-1.304329e-10	6.949794e+00	-8.941971e+00
9.900000e-07	1.008560e-06	-3.790009e-11	7.382468e+00	-2.994320e+00
1.000000e-06	1.067133e-06	5.528655e-11	7.811212e+00	3.041295e+00
1.010000e-06	1.125045e-06	1.493516e-10	8.235115e+00	9.152726e+00
1.020000e-06	1.182140e-06	2.436680e-10	8.653040e+00	1.532618e+01
1.030000e-06	1.238525e-06	3.378179e-10	9.065768e+00	2.154637e+01
1.040000e-06	1.294510e-06	4.331519e-10	9.475571e+00	2.779678e+01
1.050000e-06	1.350277e-06	5.281410e-10	9.883773e+00	3.405993e+01
1.060000e-06	1.405750e-06	6.236051e-10	1.028983e+01	4.031775e+01
1.070000e-06	1.460780e-06	7.195393e-10	1.069263e+01	4.655199e+01
1.080000e-06	1.515273e-06	8.175433e-10	1.109152e+01	5.274455e+01
1.090000e-06	1.569265e-06	9.131214e-10	1.148672e+01	5.887794e+01
1.100000e-06	1.622772e-06	1.003165e-09	1.187838e+01	6.493556e+01
1.110000e-06	1.675669e-06	1.093279e-09	1.226558e+01	7.090203e+01
1.120000e-06	1.727908e-06	1.183950e-09	1.264796e+01	7.676339e+01
1.130000e-06	1.779499e-06	1.270984e-09	1.302560e+01	8.250727e+01
1.140000e-06	1.830379e-06	1.355636e-09	1.339803e+01	8.812291e+01
1.150000e-06	1.880267e-06	1.440697e-09	1.376320e+01	9.360123e+01
1.160000e-06	1.929052e-06	1.524062e-09	1.412030e+01	9.893468e+01
1.170000e-06	1.977095e-06	1.601333e-09	1.447196e+01	1.041171e+02
1.180000e-06	2.024660e-06	1.674470e-09	1.482013e+01	1.091438e+02
1.190000e-06	2.071560e-06	1.748872e-09	1.516343e+01	1.140108e+02
1.200000e-06	2.117721e-06	1.821117e-09	1.550132e+01	1.187155e+02
1.210000e-06	2.163173e-06	1.886988e-09	1.583402e+01	1.232558e+02
1.220000e-06	2.207772e-06	1.949887e-09	1.616048e+01	1.276304e+02
1.230000e-06	2.251750e-06	2.012462e-09	1.648239e+01	1.318384e+02
1.240000e-06	2.295273e-06	2.072695e-09	1.680097e+01	1.358797e+02
1.250000e-06	2.337928e-06	2.130271e-09	1.711319e+01	1.397544e+02
1.260000e-06	2.379303e-06	2.185980e-09	1.741605e+01	1.434637e+02
1.270000e-06	2.419570e-06	2.239025e-09	1.771080e+01	1.470088e+02
1.280000e-06	2.459092e-06	2.287559e-09	1.800009e+01	1.503921e+02
1.290000e-06	2.497826e-06	2.332783e-09	1.828362e+01	1.536166e+02
1.300000e-06	2.535734e-06	2.374750e-09	1.856110e+01	1.566858e+02
1.310000e-06	2.572759e-06	2.413458e-09	1.883211e+01	1.596043e+02
1.320000e-06	2.608937e-06	2.452215e-09	1.909693e+01	1.623771e+02
1.330000e-06	2.644475e-06	2.491686e-09	1.935706e+01	1.650102e+02
1.340000e-06	2.679077e-06	2.528984e-09	1.961034e+01	1.675098e+02
1.350000e-06	2.712299e-06	2.564147e-09	1.985352e+01	1.698824e+02
1.360000e-06	2.744439e-06	2.597851e-09	2.008878e+01	1.721348e+02
1.370000e-06	2.775816e-06	2.629545e-09	2.031845e+01	1.742737e+02
1.380000e-06	2.806244e-06	2.657909e-09	2.054118e+01	1.763056e+02
1.390000e-06	2.835695e-06	2.685050e-09	2.075675e+01	1.782367e+02
1.400000e-06	2.864244e-06	2.711012e-09	2.096573e+01	1.800723e+02
1.410000e-06	2.892007e-06	2.734745e-09	2.116894e+01	1.818177e+02
1.420000e-06	2.918827e-06	2.758416e-09	2.136527e+01	1.834770e+02
1.430000e-06	2.944258e-06	2.782103e-09	2.155141e+01	1.850541e+02
1.440000e-06	2.968395e-06	2.805712e-09	2.172809e+01	1.865522e+02
1.450000e-06	2.991520e-06	2.828620e-09	2.189736e+01	1.879739e+02
1.460000e-06	3.013659e-06	2.849659e-09	2.205941e+01	1.893216e+02
1.470000e-06	3.034806e-06	2.868902e-09	2.221421e+01	1.905975e+02
1.480000e-06	3.055017e-06	2.886320e-09	2.236215e+01	1.918036e+02
1.490000e-06	3.074372e-06	2.901668e-09	2.250383e+01	1.929420e+02
1.500000e-06	3.092629e-06	2.915322e-09	2.263747e+01	1.940148e+02
1.510000e-06	3.109670e-06	2.928901e-09	2.276220e+01	1.950243e+02
1.520000e-06	3.125549e-06	2.943603e-09	2.287843e+01	1.959727e+02
1.530000e-06	3.140243e-06	2.958801e-09	2.298599e+01	1.968624e+02
1.540000e-06	3.153741e-06	2.972913e-09	2.308479e+01	1.976958e+02
1.550000e-06	3.166098e-06	2.984362e-09	2.317524e+01	1.984751e+02
1.560000e-06	3.177322e-06	2.994825e-09	2.325740e+01	1.992024e+02
1.570000e-06	3.187101e-06	3.005892e-09	2.332898e+01	1.998793e+02
1.580000e-06	3.195470e-06	3.015784e-09	2.339024e+01	2.005072e+02
1.590000e-06	3.202748e-06	3.024818e-09	2.344352e+01	2.010870e+02
1.600000e-06	3.208949e-06	3.033583e-09	2.348890e+01	2.016191e+02
1.610000e-06	3.214037e-06	3.040157e-09	2.352615e+01	2.021038e+02
1.620000e-06	3.218156e-06	3.045559e-09	2.355629e+01	2.025409e+02
1.630000e-06	3.221268e-06	3.053714e-09	2.357907e+01	2.029302e+02
1.640000e-06	3.223001e-06	3.062007e-09	2.359176e+01	2.032715e+02
1.650000e-06	3.223416e-06	3.066538e-09	2.359480e+01	2.035646e+02
1.660000e-06	3.222815e-06	3.067346e-09	2.359040e+01	2.038101e+02
1.670000e-06	3.221217e-06	3.068163e-09	2.357870e+01	2.040087e+02
1.680000e-06	3.218646e-06	3.071587e-09	2.355989e+01	2.041618e+02
1.690000e-06	3.215146e-06	3.074103e-09	2.353427e+01	2.042713e+02
1.700000e-06	3.210750e-06	3.075586e-09	2.350208e+01	2.043400e+02
1.710000e-06	3.205245e-06	3.078263e-09	2.346179e+01	2.043707e+02
1.720000e-06	3.198446e-06	3.087914e-09	2.341202e+01	2.043670e+02
1.730000e-06	3.190597e-06	3.093948e-09	2.335457e+01	2.043322e+02
1.740000e-06	3.181844e-06	3.061164e-09	2.329050e+01	2.042697e+02
1.750000e-06	3.171715e-06	3.045333e-09	2.321636e+01	2.041825e+02
1.760000e-06	3.159546e-06	3.072511e-09	2.312728e+01	2.040728e+02
1.770000e-06	3.145612e-06	3.115410e-09	2.302529e+01	2.039422e+02
1.780000e-06	3.131096e-06	3.062953e-09	2.291903e+01	2.037911e+02
1.790000e-06	3.116260e-06	2.990447e-09	2.281043e+01	2.036189e+02
1.800000e-06	3.100143e-06	3.092124e-09	2.269247e+01	2.034239e+02
1.810000e-06	3.082642e-06	3.085227e-09	2.256436e+01	2.032033e+02
1.820000e-06	3.064544e-06	2.991183e-09	2.243189e+01	2.029535e+02
1.830000e-06	3.045673e-06	3.096250e-09	2.229375e+01	2.026705e+02
1.840000e-06	3.025582e-06	3.148848e-09	2.214669e+01	2.023496e+02
1.850000e-06	3.004566e-06	3.028324e-09	2.199286e+01	2.019865e+02
1.860000e-06	2.982414e-06	3.068607e-09	2.183071e+01	2.015769e+02
1.870000e-06	2.958835e-06	3.135402e-09	2.165811e+01	2.011173e+02
1.880000e-06	2.934258e-06	3.033158e-09	2.147821e+01	2.006052e+02
1.890000e-06	2.908607e-06	3.042578e-09	2.129046e+01	2.000389e+02
1.900000e-06	2.881675e-06	3.068721e-09	2.109332e+01	1.994180e+02
1.910000e-06	2.853879e-06	2.997483e-09	2.088986e+01	1.987435e+02
1.920000e-06	2.825169e-06	3.053135e-09	2.067970e+01	1.980172e+02
1.930000e-06	2.795178e-06	3.040107e-09	2.046018e+01	1.972419e+02
1.940000e-06	2.764103e-06	2.951659e-09	2.023271e+01	1.964213e+02
1.950000e-06	2.731991e-06	3.029181e-09	1.999766e+01	1.955594e+02
1.960000e-06	2.698860e-06	2.983467e-09	1.975515e+01	1.946601e+02
1.970000e-06	2.664920e-06	2.902394e-09	1.950671e+01	1.937273e+02
1.980000e-06	2.630049e-06	3.004492e-09	1.925147e+01	1.927645e+02
1.990000e-06	2.594339e-06	2.966462e-09	1.899007e+01	1.917742e+02
2.000000e-06	2.557945e-06	2.860568e-09	1.872368e+01	1.907582e+02
2.010000e-06	2.520387e-06	2.915539e-09	1.844876e+01	1.897173e+02
2.020000e-06	2.481515e-06	2.913528e-09	1.816422e+01	1.886514e+02
2.030000e-06	2.441713e-06	2.848614e-09	1.787288e+01	1.875594e+02
2.040000e-06	2.401133e-06	2.842031e-09	1.757584e+01	1.864397e+02
2.050000e-06	2.359874e-06	2.859902e-09	1.727384e+01	1.852899e+02
2.060000e-06	2.317900e-06	2.856486e-09	1.696659e+01	1.841076e+02
2.070000e-06	2.275090e-06	2.785757e-09	1.665323e+01	1.828902e+02
2.080000e-06	2.231577e-06	2.767646e-09	1.633472e+01	1.816353e+02
2.090000e-06	2.187546e-06	2.808161e-09	1.601242e+01	1.803409e+02
2.100000e-06	2.142876e-06	2.759005e-09	1.568545e+01	1.790054e+02
2.110000e-06	2.097277e-06	2.687404e-09	1.535168e+01	1.776278e+02
2.120000e-06	2.050856e-06	2.692818e-09	1.501188e+01	1.762079e+02
2.130000e-06	2.003839e-06	2.720799e-09	1.466772e+01	1.747456e+02
2.140000e-06	1.956042e-06	2.668462e-09	1.431786e+01	1.732414e+02
2.150000e-06	1.907360e-06	2.606731e-09	1.396152e+01	1.716959e+02
2.160000e-06	1.857883e-06	2.627313e-09	1.359936e+01	1.701099e+02
2.170000e-06	1.807799e-06	2.607246e-09	1.323275e+01	1.684838e+02
2.180000e-06	1.757110e-06	2.536691e-09	1.286172e+01	1.668178e+02
2.190000e-06	1.705757e-06	2.530974e-09	1.248582e+01	1.651115e+02
2.200000e-06	1.653824e-06	2.534741e-09	1.210568e+01	1.633639e+02
2.210000e-06	1.601184e-06	2.489062e-09	1.172037e+01	1.615735e+02
2.220000e-06	1.547628e-06	2.435560e-09	1.132835e+01	1.597381e+02
2.230000e-06	1.493084e-06	2.422067e-09	1.092909e+01	1.578551e+02
2.240000e-06	1.437787e-06	2.418343e-09	1.052433e+01	1.559212e+02
2.250000e-06	1.382049e-06	2.369494e-09	1.011634e+01	1.539331e+02
2.260000e-06	1.325997e-06	2.331214e-09	9.706047e+00	1.518873e+02
2.270000e-06	1.269578e-06	2.315013e-09	9.293071e+00	1.497803e+02
2.280000e-06	1.212683e-06	2.277848e-09	8.876609e+00	1.476090e+02
2.290000e-06	1.155292e-06	2.236393e-09	8.456521e+00	1.453704e+02
2.300000e-06	1.097560e-06	2.210219e-09	8.033936e+00	1.430621e+02
2.310000e-06	1.039536e-06	2.182301e-09	7.609207e+00	1.406820e+02
2.320000e-06	9.811344e-07	2.132243e-09	7.181719e+00	1.382284e+02
2.330000e-06	9.223475e-07	2.089268e-09	6.751410e+00	1.357001e+02
2.340000e-06	8.632246e-07	2.064830e-09	6.318641e+00	1.330958e+02
2.350000e-06	8.038097e-07	2.026100e-09	5.883736e+00	1.304145e+02
2.360000e-06	7.441451e-07	1.976848e-09	5.447002e+00	1.276552e+02
2.370000e-06	6.843538e-07	1.933855e-09	5.009341e+00	1.248166e+02
2.380000e-06	6.244767e-07	1.889221e-09	4.571052e+00	1.218971e+02
2.390000e-06	5.644592e-07	1.840542e-09	4.131735e+00	1.188948e+02
2.400000e-06	5.043148e-07	1.794559e-09	3.691489e+00	1.158073e+02
2.410000e-06	4.440518e-07	1.748867e-09	3.250375e+00	1.126319e+02
2.420000e-06	3.836644e-07	1.695769e-09	2.808351e+00	1.093651e+02
2.430000e-06	3.231896e-07	1.641190e-09	2.365687e+00	1.060037e+02
2.440000e-06	2.626548e-07	1.595645e-09	1.922583e+00	1.025436e+02
2.450000e-06	2.019394e-07	1.548147e-09	1.478159e+00	9.898114e+01
2.460000e-06	1.410202e-07	1.490374e-09	1.032241e+00	9.531233e+01
2.470000e-06	8.006785e-08	1.429847e-09	5.860816e-01	9.153341e+01
2.480000e-06	1.913452e-08	1.370528e-09	1.400611e-01	8.764083e+01
2.490000e-06	-4.187003e-08	1.310480e-09	-3.064807e-01	8.363131e+01
2.500000e-06	-1.029228e-07	1.246656e-09	-7.533754e-01	7.950193e+01
2.510000e-06	-1.638491e-07	1.179478e-09	-1.199345e+00	7.525012e+01
2.520000e-06	-2.246424e-07	1.110912e-09	-1.644340e+00	7.087369e+01
2.530000e-06	-2.854132e-07	1.041045e-09	-2.089171e+00	6.637084e+01
2.540000e-06	-3.461263e-07	9.701526e-10	-2.533580e+00	6.174014e+01
2.550000e-06	-4.066480e-07	8.993999e-10	-2.976587e+00	5.698053e+01
2.560000e-06	-4.670009e-07	8.273469e-10	-3.418359e+00	5.209139e+01
2.570000e-06	-5.272168e-07	7.518195e-10	-3.859128e+00	4.707256e+01
2.580000e-06	-5.873084e-07	6.722685e-10	-4.298987e+00	4.192446e+01
2.590000e-06	-6.473234e-07	5.914399e-10	-4.738285e+00	3.664823e+01
2.600000e-06	-7.072348e-07	5.080033e-10	-5.176825e+00	3.124585e+01
2.610000e-06	-7.669952e-07	4.195272e-10	-5.614261e+00	2.572034e+01
2.620000e-06	-8.265380e-07	3.304256e-10	-6.050103e+00	2.007598e+01
2.630000e-06	-8.858110e-07	2.441518e-10	-6.483970e+00	1.431844e+01
2.640000e-06	-9.447260e-07	1.587299e-10	-6.915217e+00	8.454968e+00
2.650000e-06	-1.003244e-06	6.952821e-11	-7.343557e+00	2.494495e+00
2.660000e-06	-1.061405e-06	-2.094251e-11	-7.769282e+00	-3.552313e+00
2.670000e-06	-1.119161e-06	-1.113637e-10	-8.192049e+00	-9.673064e+00
2.680000e-06	-1.176488e-06	-2.069911e-10	-8.611673e+00	-1.585374e+01
2.690000e-06	-1.233356e-06	-3.064589e-10	-9.027930e+00	-2.207886e+01
2.700000e-06	-1.289738e-06	-4.027158e-10	-9.440640e+00	-2.833176e+01
2.710000e-06	-1.345772e-06	-4.966199e-10	-9.850800e+00	-3.459484e+01
2.720000e-06	-1.401542e-06	-5.939376e-10	-1.025902e+01	-4.084999e+01
2.730000e-06	-1.456958e-06	-6.900768e-10	-1.066466e+01	-4.707895e+01
2.740000e-06	-1.511796e-06	-7.813539e-10	-1.106606e+01	-5.326369e+01
2.750000e-06	-1.565680e-06	-8.726012e-10	-1.146048e+01	-5.938683e+01
2.760000e-06	-1.618641e-06	-9.645640e-10	-1.184814e+01	-6.543191e+01
2.770000e-06	-1.670953e-06	-1.053242e-09	-1.223106e+01	-7.138376e+01
2.780000e-06	-1.722700e-06	-1.139693e-09	-1.260984e+01	-7.722864e+01
2.790000e-06	-1.773819e-06	-1.227693e-09	-1.298402e+01	-8.295439e+01
2.800000e-06	-1.824254e-06	-1.315348e-09	-1.335319e+01	-8.855052e+01
2.810000e-06	-1.874071e-06	-1.399759e-09	-1.371785e+01	-9.400815e+01
2.820000e-06	-1.922990e-06	-1.482681e-09	-1.407593e+01	-9.931994e+01
2.830000e-06	-1.970865e-06	-1.562881e-09	-1.442636e+01	-1.044800e+02
2.840000e-06	-2.017867e-06	-1.637343e-09	-1.477041e+01	-1.094836e+02
2.850000e-06	-2.064190e-06	-1.709333e-09	-1.510948e+01	-1.143272e+02
2.860000e-06	-2.109976e-06	-1.781871e-09	-1.544463e+01	-1.190081e+02
2.870000e-06	-2.155092e-06	-1.852664e-09	-1.577487e+01	-1.235244e+02
2.880000e-06	-2.199513e-06	-1.920737e-09	-1.610002e+01	-1.278748e+02
2.890000e-06	-2.243369e-06	-1.988122e-09	-1.642104e+01	-1.320585e+02
2.900000e-06	-2.286583e-06	-2.052546e-09	-1.673736e+01	-1.360755e+02
2.910000e-06	-2.328998e-06	-2.111315e-09	-1.704783e+01	-1.399262e+02
2.920000e-06	-2.370619e-06	-2.167117e-09	-1.735248e+01	-1.436114e+02
2.930000e-06	-2.411434e-06	-2.224091e-09	-1.765124e+01	-1.471329e+02
2.940000e-06	-2.451497e-06	-2.279521e-09	-1.794450e+01	-1.504929e+02
2.950000e-06	-2.490778e-06	-2.328909e-09	-1.823202e+01	-1.536945e+02
2.960000e-06	-2.528866e-06	-2.377059e-09	-1.851082e+01	-1.567415e+02
2.970000e-06	-2.565747e-06	-2.427763e-09	-1.878078e+01	-1.596384e+02
2.980000e-06	-2.601797e-06	-2.473650e-09	-1.904466e+01	-1.623905e+02
2.990000e-06	-2.637040e-06	-2.514400e-09	-1.930264e+01	-1.650037e+02
3.000000e-06	-2.671391e-06	-2.555271e-09	-1.955408e+01	-1.674843e+02
3.010000e-06	-2.704822e-06	-2.594442e-09	-1.979879e+01	-1.698389e+02
3.020000e-06	-2.737331e-06	-2.627403e-09	-2.003675e+01	-1.720742e+02
3.030000e-06	-2.769073e-06	-2.657723e-09	-2.026909e+01	-1.741971e+02
3.040000e-06	-2.799772e-06	-2.687610e-09	-2.049380e+01	-1.762138e+02
3.050000e-06	-2.829077e-06	-2.716200e-09	-2.070831e+01	-1.781304e+02
3.060000e-06	-2.857327e-06	-2.745368e-09	-2.091510e+01	-1.799525e+02
3.070000e-06	-2.884771e-06	-2.776197e-09	-2.111598e+01	-1.816849e+02
3.080000e-06	-2.911227e-06	-2.807363e-09	-2.130963e+01	-1.833319e+02
3.090000e-06	-2.936597e-06	-2.834271e-09	-2.149534e+01	-1.848971e+02
3.100000e-06	-2.961016e-06	-2.856425e-09	-2.167408e+01	-1.863836e+02
3.110000e-06	-2.984653e-06	-2.877884e-09	-2.184710e+01	-1.877942e+02
3.120000e-06	-3.007184e-06	-2.896539e-09	-2.201202e+01	-1.891311e+02
3.130000e-06	-3.028265e-06	-2.913044e-09	-2.216633e+01	-1.903965e+02
3.140000e-06	-3.048262e-06	-2.930433e-09	-2.231270e+01	-1.915924e+02
3.150000e-06	-3.067383e-06	-2.949594e-09	-2.245267e+01	-1.927209e+02
3.160000e-06	-3.085473e-06	-2.969156e-09	-2.258508e+01	-1.937841e+02
3.170000e-06	-3.102483e-06	-2.985640e-09	-2.270959e+01	-1.947842e+02
3.180000e-06	-3.118535e-06	-2.998521e-09	-2.282709e+01	-1.957237e+02
3.190000e-06	-3.133554e-06	-3.010235e-09	-2.293703e+01	-1.966048e+02
3.200000e-06	-3.147121e-06	-3.024497e-09	-2.303633e+01	-1.974299e+02
3.210000e-06	-3.159188e-06	-3.038516e-09	-2.312466e+01	-1.982013e+02
3.220000e-06	-3.170042e-06	-3.049897e-09	-2.320411e+01	-1.989208e+02
3.230000e-06	-3.179759e-06	-3.059238e-09	-2.327524e+01	-1.995902e+02
3.240000e-06	-3.188386e-06	-3.068546e-09	-2.333839e+01	-2.002108e+02
3.250000e-06	-3.196098e-06	-3.077244e-09	-2.339484e+01	-2.007833e+02
3.260000e-06	-3.202578e-06	-3.084534e-09	-2.344227e+01	-2.013082e+02
3.270000e-06	-3.207619e-06	-3.091574e-09	-2.347917e+01	-2.017857e+02
3.280000e-06	-3.211581e-06	-3.098513e-09	-2.350817e+01	-2.022156e+02
3.290000e-06	-3.214545e-06	-3.103698e-09	-2.352986e+01	-2.025976e+02
3.300000e-06	-3.216416e-06	-3.108100e-09	-2.354356e+01	-2.029316e+02
3.310000e-06	-3.217231e-06	-3.111376e-09	-2.354953e+01	-2.032175e+02
