# Temperatura_=_20.0
# Concentracion g/m^3_=_6200.0
# C_Vs_to_Am_M_A/Vsm_=_65563218390.804596
# pendiente_HvsI_1/m_=_3716.3
# ordenada_HvsI_A/m_=_1297.0
# frecuencia_Hz_=_301450.53142111073

Tiempo_(s)	Campo_(V.s)	Magnetizacion_(V.s)	Campo_(kA/m)	Magnetizacion_(A/m)
0.000000e+00	-3.217882e-06	-2.996823e-09	-2.354916e+01	-1.968507e+02
1.000000e-08	-3.217138e-06	-3.000361e-09	-2.354372e+01	-1.970492e+02
2.000000e-08	-3.215030e-06	-3.003718e-09	-2.352829e+01	-1.972095e+02
3.000000e-08	-3.211734e-06	-3.006031e-09	-2.350416e+01	-1.973318e+02
4.000000e-08	-3.207522e-06	-3.008039e-09	-2.347334e+01	-1.974164e+02
5.000000e-08	-3.202329e-06	-3.008550e-09	-2.343534e+01	-1.974632e+02
6.000000e-08	-3.196069e-06	-3.007482e-09	-2.338953e+01	-1.974722e+02
7.000000e-08	-3.188813e-06	-3.009725e-09	-2.333643e+01	-1.974431e+02
8.000000e-08	-3.180571e-06	-3.014138e-09	-2.327611e+01	-1.973755e+02
9.000000e-08	-3.170828e-06	-2.999176e-09	-2.320481e+01	-1.972691e+02
1.000000e-07	-3.159316e-06	-2.991452e-09	-2.312056e+01	-1.971231e+02
1.100000e-07	-3.146442e-06	-2.988589e-09	-2.302634e+01	-1.969370e+02
1.200000e-07	-3.132615e-06	-3.027537e-09	-2.292516e+01	-1.967101e+02
1.300000e-07	-3.117749e-06	-3.010099e-09	-2.281636e+01	-1.964419e+02
1.400000e-07	-3.101488e-06	-2.933017e-09	-2.269737e+01	-1.961319e+02
1.500000e-07	-3.084208e-06	-2.995146e-09	-2.257091e+01	-1.957801e+02
1.600000e-07	-3.066299e-06	-3.033510e-09	-2.243984e+01	-1.953864e+02
1.700000e-07	-3.047360e-06	-2.976134e-09	-2.230125e+01	-1.949513e+02
1.800000e-07	-3.027277e-06	-2.997227e-09	-2.215427e+01	-1.944756e+02
1.900000e-07	-3.006375e-06	-3.029082e-09	-2.200131e+01	-1.939604e+02
2.000000e-07	-2.984516e-06	-2.929875e-09	-2.184134e+01	-1.934074e+02
2.100000e-07	-2.961543e-06	-2.925385e-09	-2.167322e+01	-1.928184e+02
2.200000e-07	-2.937700e-06	-2.995385e-09	-2.149873e+01	-1.921955e+02
2.300000e-07	-2.912748e-06	-2.937317e-09	-2.131612e+01	-1.915408e+02
2.400000e-07	-2.886351e-06	-2.930826e-09	-2.112295e+01	-1.908567e+02
2.500000e-07	-2.858809e-06	-2.948262e-09	-2.092139e+01	-1.901452e+02
2.600000e-07	-2.830340e-06	-2.868636e-09	-2.071304e+01	-1.894081e+02
2.700000e-07	-2.800915e-06	-2.888109e-09	-2.049770e+01	-1.886470e+02
2.800000e-07	-2.770509e-06	-2.949139e-09	-2.027519e+01	-1.878629e+02
2.900000e-07	-2.739185e-06	-2.882578e-09	-2.004595e+01	-1.870562e+02
3.000000e-07	-2.707056e-06	-2.860323e-09	-1.981082e+01	-1.862268e+02
3.100000e-07	-2.673906e-06	-2.863168e-09	-1.956823e+01	-1.853742e+02
3.200000e-07	-2.639469e-06	-2.817076e-09	-1.931621e+01	-1.844970e+02
3.300000e-07	-2.603979e-06	-2.821139e-09	-1.905648e+01	-1.835938e+02
3.400000e-07	-2.567708e-06	-2.849991e-09	-1.879105e+01	-1.826625e+02
3.500000e-07	-2.530572e-06	-2.806422e-09	-1.851928e+01	-1.817012e+02
3.600000e-07	-2.492435e-06	-2.768916e-09	-1.824018e+01	-1.807077e+02
3.700000e-07	-2.453381e-06	-2.775564e-09	-1.795437e+01	-1.796800e+02
3.800000e-07	-2.413732e-06	-2.760328e-09	-1.766421e+01	-1.786164e+02
3.900000e-07	-2.373519e-06	-2.731809e-09	-1.736993e+01	-1.775156e+02
4.000000e-07	-2.332242e-06	-2.702749e-09	-1.706785e+01	-1.763767e+02
4.100000e-07	-2.289708e-06	-2.699579e-09	-1.675658e+01	-1.751992e+02
4.200000e-07	-2.246278e-06	-2.684233e-09	-1.643875e+01	-1.739831e+02
4.300000e-07	-2.202185e-06	-2.650393e-09	-1.611607e+01	-1.727289e+02
4.400000e-07	-2.157363e-06	-2.634803e-09	-1.578805e+01	-1.714375e+02
4.500000e-07	-2.111805e-06	-2.631482e-09	-1.545465e+01	-1.701096e+02
4.600000e-07	-2.065499e-06	-2.587551e-09	-1.511577e+01	-1.687465e+02
4.700000e-07	-2.018428e-06	-2.540453e-09	-1.477129e+01	-1.673490e+02
4.800000e-07	-1.970721e-06	-2.553551e-09	-1.442217e+01	-1.659179e+02
4.900000e-07	-1.922310e-06	-2.546508e-09	-1.406788e+01	-1.644535e+02
5.000000e-07	-1.872910e-06	-2.493074e-09	-1.370636e+01	-1.629556e+02
5.100000e-07	-1.822394e-06	-2.463591e-09	-1.333668e+01	-1.614238e+02
5.200000e-07	-1.771038e-06	-2.462789e-09	-1.296084e+01	-1.598566e+02
5.300000e-07	-1.719061e-06	-2.427802e-09	-1.258046e+01	-1.582525e+02
5.400000e-07	-1.666442e-06	-2.390533e-09	-1.219539e+01	-1.566091e+02
5.500000e-07	-1.613220e-06	-2.378565e-09	-1.180589e+01	-1.549238e+02
5.600000e-07	-1.559371e-06	-2.353432e-09	-1.141182e+01	-1.531937e+02
5.700000e-07	-1.504855e-06	-2.308448e-09	-1.101285e+01	-1.514157e+02
5.800000e-07	-1.449819e-06	-2.279481e-09	-1.061009e+01	-1.495866e+02
5.900000e-07	-1.394423e-06	-2.266430e-09	-1.020469e+01	-1.477034e+02
6.000000e-07	-1.338710e-06	-2.227695e-09	-9.796970e+00	-1.457630e+02
6.100000e-07	-1.282651e-06	-2.186358e-09	-9.386718e+00	-1.437628e+02
6.200000e-07	-1.226154e-06	-2.164200e-09	-8.973259e+00	-1.417003e+02
6.300000e-07	-1.169068e-06	-2.138610e-09	-8.555496e+00	-1.395735e+02
6.400000e-07	-1.111241e-06	-2.093172e-09	-8.132302e+00	-1.373803e+02
6.500000e-07	-1.052716e-06	-2.054823e-09	-7.704005e+00	-1.351191e+02
6.600000e-07	-9.936732e-07	-2.027961e-09	-7.271916e+00	-1.327882e+02
6.700000e-07	-9.342927e-07	-1.986577e-09	-6.837357e+00	-1.303862e+02
6.800000e-07	-8.747267e-07	-1.942234e-09	-6.401440e+00	-1.279114e+02
6.900000e-07	-8.150428e-07	-1.908872e-09	-5.964660e+00	-1.253622e+02
7.000000e-07	-7.552211e-07	-1.871818e-09	-5.526872e+00	-1.227365e+02
7.100000e-07	-6.951953e-07	-1.822213e-09	-5.087590e+00	-1.200324e+02
7.200000e-07	-6.349502e-07	-1.780546e-09	-4.646703e+00	-1.172473e+02
7.300000e-07	-5.745040e-07	-1.743788e-09	-4.204345e+00	-1.143788e+02
7.400000e-07	-5.138631e-07	-1.697214e-09	-3.760561e+00	-1.114238e+02
7.500000e-07	-4.530276e-07	-1.646220e-09	-3.315354e+00	-1.083795e+02
7.600000e-07	-3.919606e-07	-1.599379e-09	-2.868453e+00	-1.052426e+02
7.700000e-07	-3.307317e-07	-1.550742e-09	-2.420367e+00	-1.020098e+02
7.800000e-07	-2.694386e-07	-1.495956e-09	-1.971810e+00	-9.867805e+01
7.900000e-07	-2.081447e-07	-1.442499e-09	-1.523248e+00	-9.524395e+01
8.000000e-07	-1.468305e-07	-1.387652e-09	-1.074537e+00	-9.170435e+01
8.100000e-07	-8.543231e-08	-1.330757e-09	-6.252122e-01	-8.805613e+01
8.200000e-07	-2.398096e-08	-1.272894e-09	-1.754979e-01	-8.429620e+01
8.300000e-07	3.749953e-08	-1.214799e-09	2.744297e-01	-8.042153e+01
8.400000e-07	9.897915e-08	-1.153655e-09	7.243509e-01	-7.642913e+01
8.500000e-07	1.604451e-07	-1.091110e-09	1.174172e+00	-7.231601e+01
8.600000e-07	2.218798e-07	-1.028410e-09	1.623764e+00	-6.807916e+01
8.700000e-07	2.832255e-07	-9.623059e-10	2.072706e+00	-6.371566e+01
8.800000e-07	3.444606e-07	-8.957080e-10	2.520838e+00	-5.922261e+01
8.900000e-07	4.056104e-07	-8.273407e-10	2.968345e+00	-5.459732e+01
9.000000e-07	4.666384e-07	-7.532195e-10	3.414961e+00	-4.983739e+01
9.100000e-07	5.274193e-07	-6.734271e-10	3.859769e+00	-4.494089e+01
9.200000e-07	5.879684e-07	-5.946842e-10	4.302880e+00	-3.990657e+01
9.300000e-07	6.483258e-07	-5.177761e-10	4.744589e+00	-3.473409e+01
9.400000e-07	7.084392e-07	-4.391102e-10	5.184512e+00	-2.942429e+01
9.500000e-07	7.683315e-07	-3.575516e-10	5.622816e+00	-2.397940e+01
9.600000e-07	8.280702e-07	-2.727446e-10	6.059997e+00	-1.840332e+01
9.700000e-07	8.876880e-07	-1.846958e-10	6.496294e+00	-1.270180e+01
9.800000e-07	9.470910e-07	-9.435352e-11	6.931018e+00	-6.882582e+00
9.900000e-07	1.006186e-06	-3.795008e-12	7.363487e+00	-9.555007e-01
1.000000e-06	1.064832e-06	9.088172e-11	7.792674e+00	5.067509e+00
1.010000e-06	1.122853e-06	1.879507e-10	8.217281e+00	1.117249e+01
1.020000e-06	1.180152e-06	2.813854e-10	8.636609e+00	1.734360e+01
1.030000e-06	1.236715e-06	3.734198e-10	9.050546e+00	2.356338e+01
1.040000e-06	1.292754e-06	4.687982e-10	9.460652e+00	2.981304e+01
1.050000e-06	1.348497e-06	5.656215e-10	9.868591e+00	3.607282e+01
1.060000e-06	1.403948e-06	6.605242e-10	1.027440e+01	4.232240e+01
1.070000e-06	1.458960e-06	7.567623e-10	1.067698e+01	4.854133e+01
1.080000e-06	1.513441e-06	8.531207e-10	1.107569e+01	5.470946e+01
1.090000e-06	1.567464e-06	9.445478e-10	1.147104e+01	6.080733e+01
1.100000e-06	1.620999e-06	1.034442e-09	1.186283e+01	6.681656e+01
1.110000e-06	1.673914e-06	1.126907e-09	1.225007e+01	7.272013e+01
1.120000e-06	1.726221e-06	1.216829e-09	1.263286e+01	7.850267e+01
1.130000e-06	1.777938e-06	1.301191e-09	1.301133e+01	8.415060e+01
1.140000e-06	1.828896e-06	1.386879e-09	1.338426e+01	8.965226e+01
1.150000e-06	1.878921e-06	1.472592e-09	1.375035e+01	9.499793e+01
1.160000e-06	1.927879e-06	1.551399e-09	1.410864e+01	1.001798e+02
1.170000e-06	1.975935e-06	1.623566e-09	1.446032e+01	1.051918e+02
1.180000e-06	2.023433e-06	1.694614e-09	1.480792e+01	1.100298e+02
1.190000e-06	2.070380e-06	1.763661e-09	1.515149e+01	1.146909e+02
1.200000e-06	2.116638e-06	1.830132e-09	1.549002e+01	1.191738e+02
1.210000e-06	2.162130e-06	1.895472e-09	1.582293e+01	1.234782e+02
1.220000e-06	2.206804e-06	1.956624e-09	1.614987e+01	1.276050e+02
1.230000e-06	2.250796e-06	2.012825e-09	1.647181e+01	1.315560e+02
1.240000e-06	2.294240e-06	2.067168e-09	1.678974e+01	1.353335e+02
1.250000e-06	2.336885e-06	2.122396e-09	1.710183e+01	1.389406e+02
1.260000e-06	2.378393e-06	2.173904e-09	1.740559e+01	1.423811e+02
1.270000e-06	2.418802e-06	2.220134e-09	1.770132e+01	1.456590e+02
1.280000e-06	2.458346e-06	2.265093e-09	1.799071e+01	1.487789e+02
1.290000e-06	2.497102e-06	2.307679e-09	1.827433e+01	1.517457e+02
1.300000e-06	2.535052e-06	2.344565e-09	1.855206e+01	1.545646e+02
1.310000e-06	2.572120e-06	2.379703e-09	1.882333e+01	1.572413e+02
1.320000e-06	2.608346e-06	2.416714e-09	1.908844e+01	1.597815e+02
1.330000e-06	2.643873e-06	2.453047e-09	1.934844e+01	1.621911e+02
1.340000e-06	2.678490e-06	2.486789e-09	1.960177e+01	1.644762e+02
1.350000e-06	2.711904e-06	2.519882e-09	1.984630e+01	1.666428e+02
1.360000e-06	2.744177e-06	2.551293e-09	2.008248e+01	1.686970e+02
1.370000e-06	2.775485e-06	2.577983e-09	2.031160e+01	1.706447e+02
1.380000e-06	2.805904e-06	2.602683e-09	2.053421e+01	1.724915e+02
1.390000e-06	2.835418e-06	2.628562e-09	2.075021e+01	1.742428e+02
1.400000e-06	2.864013e-06	2.652651e-09	2.095947e+01	1.759038e+02
1.410000e-06	2.891748e-06	2.674047e-09	2.116244e+01	1.774790e+02
1.420000e-06	2.918536e-06	2.696281e-09	2.135848e+01	1.789730e+02
1.430000e-06	2.944064e-06	2.719162e-09	2.154530e+01	1.803896e+02
1.440000e-06	2.968318e-06	2.739926e-09	2.172280e+01	1.817325e+02
1.450000e-06	2.991471e-06	2.760475e-09	2.189223e+01	1.830049e+02
1.460000e-06	3.013612e-06	2.780104e-09	2.205427e+01	1.842097e+02
1.470000e-06	3.034768e-06	2.797275e-09	2.220909e+01	1.853498e+02
1.480000e-06	3.054972e-06	2.813160e-09	2.235695e+01	1.864274e+02
1.490000e-06	3.074283e-06	2.828587e-09	2.249827e+01	1.874449e+02
1.500000e-06	3.092521e-06	2.842630e-09	2.263174e+01	1.884045e+02
1.510000e-06	3.109615e-06	2.855359e-09	2.275684e+01	1.893082e+02
1.520000e-06	3.125596e-06	2.869891e-09	2.287379e+01	1.901578e+02
1.530000e-06	3.140379e-06	2.884616e-09	2.298198e+01	1.909552e+02
1.540000e-06	3.153951e-06	2.896848e-09	2.308130e+01	1.917020e+02
1.550000e-06	3.166352e-06	2.907192e-09	2.317205e+01	1.924000e+02
1.560000e-06	3.177525e-06	2.917378e-09	2.325382e+01	1.930505e+02
1.570000e-06	3.187307e-06	2.927241e-09	2.332541e+01	1.936549e+02
1.580000e-06	3.195747e-06	2.936424e-09	2.338717e+01	1.942145e+02
1.590000e-06	3.203085e-06	2.945632e-09	2.344087e+01	1.947304e+02
1.600000e-06	3.209366e-06	2.953305e-09	2.348684e+01	1.952036e+02
1.610000e-06	3.214514e-06	2.958824e-09	2.352451e+01	1.956349e+02
1.620000e-06	3.218668e-06	2.964475e-09	2.355491e+01	1.960251e+02
1.630000e-06	3.221826e-06	2.970484e-09	2.357802e+01	1.963749e+02
1.640000e-06	3.223632e-06	2.976419e-09	2.359124e+01	1.966849e+02
1.650000e-06	3.224119e-06	2.980341e-09	2.359480e+01	1.969556e+02
1.660000e-06	3.223546e-06	2.982910e-09	2.359061e+01	1.971875e+02
1.670000e-06	3.221968e-06	2.987426e-09	2.357906e+01	1.973809e+02
1.680000e-06	3.219413e-06	2.990802e-09	2.356037e+01	1.975361e+02
1.690000e-06	3.215885e-06	2.992284e-09	2.353454e+01	1.976535e+02
1.700000e-06	3.211497e-06	2.994207e-09	2.350243e+01	1.977331e+02
1.710000e-06	3.206080e-06	2.996583e-09	2.346279e+01	1.977749e+02
1.720000e-06	3.199357e-06	2.997832e-09	2.341359e+01	1.977788e+02
1.730000e-06	3.191508e-06	2.989729e-09	2.335615e+01	1.977446e+02
1.740000e-06	3.182699e-06	3.002248e-09	2.329168e+01	1.976720e+02
1.750000e-06	3.172567e-06	3.009836e-09	2.321753e+01	1.975603e+02
1.760000e-06	3.160560e-06	3.009971e-09	2.312966e+01	1.974090e+02
1.770000e-06	3.146867e-06	2.961105e-09	2.302946e+01	1.972175e+02
1.780000e-06	3.132480e-06	2.956899e-09	2.292417e+01	1.969851e+02
1.790000e-06	3.117760e-06	3.008986e-09	2.281645e+01	1.967114e+02
1.800000e-06	3.101885e-06	2.960708e-09	2.270027e+01	1.963959e+02
1.810000e-06	3.084542e-06	2.906405e-09	2.257335e+01	1.960384e+02
1.820000e-06	3.066390e-06	2.976316e-09	2.244051e+01	1.956392e+02
1.830000e-06	3.047479e-06	3.002282e-09	2.230211e+01	1.951986e+02
1.840000e-06	3.027449e-06	2.917792e-09	2.215553e+01	1.947176e+02
1.850000e-06	3.006455e-06	2.954581e-09	2.200189e+01	1.941973e+02
1.860000e-06	2.984313e-06	2.984673e-09	2.183985e+01	1.936395e+02
1.870000e-06	2.960751e-06	2.898811e-09	2.166742e+01	1.930459e+02
1.880000e-06	2.936133e-06	2.914873e-09	2.148726e+01	1.924187e+02
1.890000e-06	2.910462e-06	2.924978e-09	2.129939e+01	1.917601e+02
1.900000e-06	2.883566e-06	2.857914e-09	2.110256e+01	1.910723e+02
1.910000e-06	2.855755e-06	2.921571e-09	2.089904e+01	1.903574e+02
1.920000e-06	2.827047e-06	2.909540e-09	2.068894e+01	1.896173e+02
1.930000e-06	2.797147e-06	2.814550e-09	2.047013e+01	1.888532e+02
1.940000e-06	2.766072e-06	2.862161e-09	2.024272e+01	1.880662e+02
1.950000e-06	2.733895e-06	2.858960e-09	2.000724e+01	1.872567e+02
1.960000e-06	2.700712e-06	2.791261e-09	1.976440e+01	1.864245e+02
1.970000e-06	2.666707e-06	2.853144e-09	1.951554e+01	1.855688e+02
1.980000e-06	2.631810e-06	2.844837e-09	1.926015e+01	1.846884e+02
1.990000e-06	2.596082e-06	2.759163e-09	1.899869e+01	1.837817e+02
2.000000e-06	2.559695e-06	2.781874e-09	1.873240e+01	1.828467e+02
2.010000e-06	2.522220e-06	2.779575e-09	1.845816e+01	1.818813e+02
2.020000e-06	2.483473e-06	2.749606e-09	1.817460e+01	1.808834e+02
2.030000e-06	2.443778e-06	2.739963e-09	1.788410e+01	1.798511e+02
2.040000e-06	2.403276e-06	2.731329e-09	1.758770e+01	1.787827e+02
2.050000e-06	2.362066e-06	2.728748e-09	1.728611e+01	1.776769e+02
2.060000e-06	2.320135e-06	2.681939e-09	1.697925e+01	1.765328e+02
2.070000e-06	2.277374e-06	2.657972e-09	1.666631e+01	1.753502e+02
2.080000e-06	2.233872e-06	2.679478e-09	1.634796e+01	1.741291e+02
2.090000e-06	2.189819e-06	2.646505e-09	1.602557e+01	1.728699e+02
2.100000e-06	2.145188e-06	2.595807e-09	1.569895e+01	1.715736e+02
2.110000e-06	2.099694e-06	2.596307e-09	1.536602e+01	1.702410e+02
2.120000e-06	2.053319e-06	2.603917e-09	1.502663e+01	1.688733e+02
2.130000e-06	2.006313e-06	2.561805e-09	1.468263e+01	1.674714e+02
2.140000e-06	1.958568e-06	2.512996e-09	1.433323e+01	1.660359e+02
2.150000e-06	1.909949e-06	2.521135e-09	1.397742e+01	1.645671e+02
2.160000e-06	1.860521e-06	2.501252e-09	1.361570e+01	1.630649e+02
2.170000e-06	1.810406e-06	2.447363e-09	1.324894e+01	1.615285e+02
2.180000e-06	1.759676e-06	2.450984e-09	1.287769e+01	1.599565e+02
2.190000e-06	1.708306e-06	2.445742e-09	1.250175e+01	1.583473e+02
2.200000e-06	1.656328e-06	2.397113e-09	1.212137e+01	1.566985e+02
2.210000e-06	1.603719e-06	2.354482e-09	1.173636e+01	1.550075e+02
2.220000e-06	1.550186e-06	2.347125e-09	1.134460e+01	1.532711e+02
2.230000e-06	1.495654e-06	2.336870e-09	1.094552e+01	1.514864e+02
2.240000e-06	1.440359e-06	2.290506e-09	1.054086e+01	1.496502e+02
2.250000e-06	1.384548e-06	2.260902e-09	1.013242e+01	1.477593e+02
2.260000e-06	1.328440e-06	2.246392e-09	9.721811e+00	1.458109e+02
2.270000e-06	1.272041e-06	2.206512e-09	9.309075e+00	1.438024e+02
2.280000e-06	1.215173e-06	2.166887e-09	8.892901e+00	1.417313e+02
2.290000e-06	1.157768e-06	2.149439e-09	8.472799e+00	1.395954e+02
2.300000e-06	1.100003e-06	2.123047e-09	8.050059e+00	1.373930e+02
2.310000e-06	1.041983e-06	2.076216e-09	7.625458e+00	1.351223e+02
2.320000e-06	9.836145e-07	2.039809e-09	7.198304e+00	1.327818e+02
2.330000e-06	9.248587e-07	2.019146e-09	6.768317e+00	1.303699e+02
2.340000e-06	8.657525e-07	1.979922e-09	6.335765e+00	1.278850e+02
2.350000e-06	8.063159e-07	1.931927e-09	5.900795e+00	1.253253e+02
2.360000e-06	7.466333e-07	1.896641e-09	5.464025e+00	1.226890e+02
2.370000e-06	6.868002e-07	1.856723e-09	5.026153e+00	1.199739e+02
2.380000e-06	6.268652e-07	1.809560e-09	4.587536e+00	1.171775e+02
2.390000e-06	5.668008e-07	1.765291e-09	4.147971e+00	1.142971e+02
2.400000e-06	5.066266e-07	1.724200e-09	3.707603e+00	1.113300e+02
2.410000e-06	4.463584e-07	1.673610e-09	3.266548e+00	1.082730e+02
2.420000e-06	3.859809e-07	1.620014e-09	2.824692e+00	1.051230e+02
2.430000e-06	3.255369e-07	1.578184e-09	2.382350e+00	1.018768e+02
2.440000e-06	2.650241e-07	1.536515e-09	1.939504e+00	9.853095e+01
2.450000e-06	2.043684e-07	1.484061e-09	1.495612e+00	9.508238e+01
2.460000e-06	1.435345e-07	1.426316e-09	1.050417e+00	9.152785e+01
2.470000e-06	8.266677e-08	1.370857e-09	6.049733e-01	8.786425e+01
2.480000e-06	2.176183e-08	1.315324e-09	1.592578e-01	8.408851e+01
2.490000e-06	-3.927908e-08	1.256347e-09	-2.874529e-01	8.019761e+01
2.500000e-06	-1.003170e-07	1.192585e-09	-7.341412e-01	7.618854e+01
2.510000e-06	-1.612288e-07	1.125594e-09	-1.179907e+00	7.205832e+01
2.520000e-06	-2.220139e-07	1.058682e-09	-1.624746e+00	6.780397e+01
2.530000e-06	-2.827745e-07	9.914491e-10	-2.069405e+00	6.342252e+01
2.540000e-06	-3.434897e-07	9.235089e-10	-2.513732e+00	5.891114e+01
2.550000e-06	-4.040500e-07	8.535638e-10	-2.956926e+00	5.426716e+01
2.560000e-06	-4.644248e-07	7.818168e-10	-3.398762e+00	4.948822e+01
2.570000e-06	-5.246550e-07	7.075351e-10	-3.839540e+00	4.457249e+01
2.580000e-06	-5.847954e-07	6.321859e-10	-4.279660e+00	3.951882e+01
2.590000e-06	-6.448696e-07	5.539867e-10	-4.719296e+00	3.432705e+01
2.600000e-06	-7.048586e-07	4.697847e-10	-5.158308e+00	2.899817e+01
2.610000e-06	-7.646865e-07	3.833034e-10	-5.596142e+00	2.353466e+01
2.620000e-06	-8.243522e-07	2.972767e-10	-6.032789e+00	1.794066e+01
2.630000e-06	-8.837654e-07	2.112092e-10	-6.467587e+00	1.222220e+01
2.640000e-06	-9.427338e-07	1.234118e-10	-6.899131e+00	6.387324e+00
2.650000e-06	-1.001288e-06	3.426033e-11	-7.327640e+00	4.461580e-01
2.660000e-06	-1.059500e-06	-5.577556e-11	-7.753649e+00	-5.589063e+00
2.670000e-06	-1.117363e-06	-1.478646e-10	-8.177107e+00	-1.170410e+01
2.680000e-06	-1.174801e-06	-2.416189e-10	-8.597451e+00	-1.788287e+01
2.690000e-06	-1.231706e-06	-3.358855e-10	-9.013892e+00	-2.410770e+01
2.700000e-06	-1.288171e-06	-4.334608e-10	-9.427117e+00	-3.035963e+01
2.710000e-06	-1.344328e-06	-5.328023e-10	-9.838084e+00	-3.661881e+01
2.720000e-06	-1.400186e-06	-6.283186e-10	-1.024687e+01	-4.286486e+01
2.730000e-06	-1.455605e-06	-7.203504e-10	-1.065243e+01	-4.907736e+01
2.740000e-06	-1.510287e-06	-8.137513e-10	-1.105261e+01	-5.523622e+01
2.750000e-06	-1.564107e-06	-9.067919e-10	-1.144647e+01	-6.132213e+01
2.760000e-06	-1.617126e-06	-9.946090e-10	-1.183448e+01	-6.731687e+01
2.770000e-06	-1.669451e-06	-1.082057e-09	-1.221740e+01	-7.320365e+01
2.780000e-06	-1.721183e-06	-1.171557e-09	-1.259599e+01	-7.896735e+01
2.790000e-06	-1.772293e-06	-1.257669e-09	-1.297003e+01	-8.459466e+01
2.800000e-06	-1.822768e-06	-1.339462e-09	-1.333942e+01	-9.007418e+01
2.810000e-06	-1.872616e-06	-1.421210e-09	-1.370421e+01	-9.539648e+01
2.820000e-06	-1.921561e-06	-1.502318e-09	-1.406240e+01	-1.005540e+02
2.830000e-06	-1.969421e-06	-1.579245e-09	-1.441265e+01	-1.055410e+02
2.840000e-06	-2.016444e-06	-1.653219e-09	-1.475678e+01	-1.103535e+02
2.850000e-06	-2.062864e-06	-1.725190e-09	-1.509648e+01	-1.149888e+02
2.860000e-06	-2.108692e-06	-1.792816e-09	-1.543187e+01	-1.194457e+02
2.870000e-06	-2.153794e-06	-1.858204e-09	-1.576193e+01	-1.237243e+02
2.880000e-06	-2.198208e-06	-1.925284e-09	-1.608697e+01	-1.278255e+02
2.890000e-06	-2.242062e-06	-1.989830e-09	-1.640790e+01	-1.317511e+02
2.900000e-06	-2.285253e-06	-2.047078e-09	-1.672398e+01	-1.355037e+02
2.910000e-06	-2.327705e-06	-2.101165e-09	-1.703465e+01	-1.390864e+02
2.920000e-06	-2.369358e-06	-2.156017e-09	-1.733948e+01	-1.425029e+02
2.930000e-06	-2.410156e-06	-2.209549e-09	-1.763805e+01	-1.457576e+02
2.940000e-06	-2.450253e-06	-2.260136e-09	-1.793148e+01	-1.488549e+02
2.950000e-06	-2.489602e-06	-2.308198e-09	-1.821945e+01	-1.517998e+02
2.960000e-06	-2.527797e-06	-2.354337e-09	-1.849897e+01	-1.545977e+02
2.970000e-06	-2.564804e-06	-2.398977e-09	-1.876980e+01	-1.572541e+02
2.980000e-06	-2.600952e-06	-2.440394e-09	-1.903433e+01	-1.597749e+02
2.990000e-06	-2.636255e-06	-2.478436e-09	-1.929268e+01	-1.621659e+02
3.000000e-06	-2.670621e-06	-2.512464e-09	-1.954418e+01	-1.644333e+02
3.010000e-06	-2.704042e-06	-2.543465e-09	-1.978877e+01	-1.665832e+02
3.020000e-06	-2.736603e-06	-2.573894e-09	-2.002705e+01	-1.686214e+02
3.030000e-06	-2.768377e-06	-2.603933e-09	-2.025959e+01	-1.705539e+02
3.040000e-06	-2.799119e-06	-2.632963e-09	-2.048456e+01	-1.723863e+02
3.050000e-06	-2.828617e-06	-2.662149e-09	-2.070044e+01	-1.741241e+02
3.060000e-06	-2.857034e-06	-2.688756e-09	-2.090840e+01	-1.757721e+02
3.070000e-06	-2.884529e-06	-2.712550e-09	-2.110961e+01	-1.773351e+02
3.080000e-06	-2.910996e-06	-2.736948e-09	-2.130330e+01	-1.788174e+02
3.090000e-06	-2.936343e-06	-2.760947e-09	-2.148879e+01	-1.802229e+02
3.100000e-06	-2.960817e-06	-2.781547e-09	-2.166790e+01	-1.815551e+02
3.110000e-06	-2.984526e-06	-2.797773e-09	-2.184141e+01	-1.828172e+02
3.120000e-06	-3.007030e-06	-2.813501e-09	-2.200610e+01	-1.840123e+02
3.130000e-06	-3.028194e-06	-2.829153e-09	-2.216098e+01	-1.851428e+02
3.140000e-06	-3.048340e-06	-2.844058e-09	-2.230841e+01	-1.862113e+02
3.150000e-06	-3.067501e-06	-2.858709e-09	-2.244864e+01	-1.872201e+02
3.160000e-06	-3.085535e-06	-2.874234e-09	-2.258061e+01	-1.881711e+02
3.170000e-06	-3.102529e-06	-2.887850e-09	-2.270498e+01	-1.890666e+02
3.180000e-06	-3.118632e-06	-2.899451e-09	-2.282283e+01	-1.899082e+02
3.190000e-06	-3.133621e-06	-2.911673e-09	-2.293252e+01	-1.906979e+02
3.200000e-06	-3.147144e-06	-2.923526e-09	-2.303148e+01	-1.914373e+02
3.210000e-06	-3.159244e-06	-2.933355e-09	-2.312003e+01	-1.921279e+02
3.220000e-06	-3.170149e-06	-2.943122e-09	-2.319984e+01	-1.927714e+02
3.230000e-06	-3.179901e-06	-2.951674e-09	-2.327121e+01	-1.933689e+02
3.240000e-06	-3.188594e-06	-2.958212e-09	-2.333482e+01	-1.939218e+02
3.250000e-06	-3.196343e-06	-2.965163e-09	-2.339153e+01	-1.944312e+02
3.260000e-06	-3.202800e-06	-2.972446e-09	-2.343879e+01	-1.948979e+02
3.270000e-06	-3.207851e-06	-2.978381e-09	-2.347575e+01	-1.953229e+02
3.280000e-06	-3.211838e-06	-2.982136e-09	-2.350493e+01	-1.957069e+02
3.290000e-06	-3.214842e-06	-2.986075e-09	-2.352691e+01	-1.960506e+02
3.300000e-06	-3.216764e-06	-2.990426e-09	-2.354098e+01	-1.963546e+02
3.310000e-06	-3.217690e-06	-2.993681e-09	-2.354775e+01	-1.966193e+02
