# Temperatura_=_20.0
# Concentracion g/m^3_=_6200.0
# C_Vs_to_Am_M_A/Vsm_=_65563218390.804596
# pendiente_HvsI_1/m_=_3716.3
# ordenada_HvsI_A/m_=_1297.0
# frecuencia_Hz_=_301527.3533254022

Tiempo_(s)	Campo_(V.s)	Magnetizacion_(V.s)	Campo_(kA/m)	Magnetizacion_(A/m)
0.000000e+00	-4.648538e-06	-4.190127e-09	-3.466543e+01	-2.732141e+02
1.000000e-08	-4.647196e-06	-4.191164e-09	-3.465542e+01	-2.733170e+02
2.000000e-08	-4.644213e-06	-4.192504e-09	-3.463318e+01	-2.733787e+02
3.000000e-08	-4.639767e-06	-4.193113e-09	-3.460002e+01	-2.734008e+02
4.000000e-08	-4.633868e-06	-4.191251e-09	-3.455603e+01	-2.733853e+02
5.000000e-08	-4.626572e-06	-4.189736e-09	-3.450162e+01	-2.733352e+02
6.000000e-08	-4.617791e-06	-4.188893e-09	-3.443614e+01	-2.732536e+02
7.000000e-08	-4.607256e-06	-4.185787e-09	-3.435758e+01	-2.731439e+02
8.000000e-08	-4.594942e-06	-4.187083e-09	-3.426575e+01	-2.730093e+02
9.000000e-08	-4.580659e-06	-4.193994e-09	-3.415924e+01	-2.728522e+02
1.000000e-07	-4.564162e-06	-4.186200e-09	-3.403621e+01	-2.726747e+02
1.100000e-07	-4.545784e-06	-4.188423e-09	-3.389916e+01	-2.724776e+02
1.200000e-07	-4.525995e-06	-4.181939e-09	-3.375159e+01	-2.722611e+02
1.300000e-07	-4.505033e-06	-4.153869e-09	-3.359527e+01	-2.720239e+02
1.400000e-07	-4.482909e-06	-4.187788e-09	-3.343029e+01	-2.717642e+02
1.500000e-07	-4.459474e-06	-4.164295e-09	-3.325552e+01	-2.714789e+02
1.600000e-07	-4.434718e-06	-4.113567e-09	-3.307091e+01	-2.711649e+02
1.700000e-07	-4.408476e-06	-4.157043e-09	-3.287522e+01	-2.708182e+02
1.800000e-07	-4.380478e-06	-4.127031e-09	-3.266643e+01	-2.704351e+02
1.900000e-07	-4.350919e-06	-4.107114e-09	-3.244600e+01	-2.700121e+02
2.000000e-07	-4.320069e-06	-4.155442e-09	-3.221594e+01	-2.695459e+02
2.100000e-07	-4.287715e-06	-4.106393e-09	-3.197467e+01	-2.690343e+02
2.200000e-07	-4.253572e-06	-4.093687e-09	-3.172006e+01	-2.684752e+02
2.300000e-07	-4.217843e-06	-4.125415e-09	-3.145362e+01	-2.678680e+02
2.400000e-07	-4.180669e-06	-4.074677e-09	-3.117640e+01	-2.672122e+02
2.500000e-07	-4.141976e-06	-4.081740e-09	-3.088785e+01	-2.665084e+02
2.600000e-07	-4.101730e-06	-4.093486e-09	-3.058773e+01	-2.657576e+02
2.700000e-07	-4.059850e-06	-4.028418e-09	-3.027542e+01	-2.649612e+02
2.800000e-07	-4.016473e-06	-4.003007e-09	-2.995194e+01	-2.641208e+02
2.900000e-07	-3.971663e-06	-4.009074e-09	-2.961779e+01	-2.632380e+02
3.000000e-07	-3.925357e-06	-3.994763e-09	-2.927247e+01	-2.623141e+02
3.100000e-07	-3.877566e-06	-3.989175e-09	-2.891608e+01	-2.613506e+02
3.200000e-07	-3.828023e-06	-3.996484e-09	-2.854662e+01	-2.603482e+02
3.300000e-07	-3.776638e-06	-3.973295e-09	-2.816343e+01	-2.593076e+02
3.400000e-07	-3.723744e-06	-3.939747e-09	-2.776898e+01	-2.582288e+02
3.500000e-07	-3.669591e-06	-3.930220e-09	-2.736515e+01	-2.571120e+02
3.600000e-07	-3.614265e-06	-3.903739e-09	-2.695257e+01	-2.559565e+02
3.700000e-07	-3.557700e-06	-3.877389e-09	-2.653075e+01	-2.547618e+02
3.800000e-07	-3.499653e-06	-3.868049e-09	-2.609788e+01	-2.535272e+02
3.900000e-07	-3.440181e-06	-3.846401e-09	-2.565438e+01	-2.522517e+02
4.000000e-07	-3.379567e-06	-3.833374e-09	-2.520236e+01	-2.509343e+02
4.100000e-07	-3.317867e-06	-3.811215e-09	-2.474224e+01	-2.495739e+02
4.200000e-07	-3.255103e-06	-3.782583e-09	-2.427420e+01	-2.481692e+02
4.300000e-07	-3.191324e-06	-3.764227e-09	-2.379858e+01	-2.467188e+02
4.400000e-07	-3.126390e-06	-3.737093e-09	-2.331435e+01	-2.452211e+02
4.500000e-07	-3.060061e-06	-3.705965e-09	-2.281972e+01	-2.436742e+02
4.600000e-07	-2.992529e-06	-3.685082e-09	-2.231611e+01	-2.420762e+02
4.700000e-07	-2.924156e-06	-3.661219e-09	-2.180624e+01	-2.404248e+02
4.800000e-07	-2.854929e-06	-3.622074e-09	-2.128999e+01	-2.387176e+02
4.900000e-07	-2.784706e-06	-3.595425e-09	-2.076632e+01	-2.369523e+02
5.000000e-07	-2.713437e-06	-3.582269e-09	-2.023485e+01	-2.351266e+02
5.100000e-07	-2.641226e-06	-3.553740e-09	-1.969635e+01	-2.332381e+02
5.200000e-07	-2.567988e-06	-3.516918e-09	-1.915020e+01	-2.312851e+02
5.300000e-07	-2.493489e-06	-3.486410e-09	-1.859463e+01	-2.292659e+02
5.400000e-07	-2.417907e-06	-3.451874e-09	-1.803100e+01	-2.271794e+02
5.500000e-07	-2.341484e-06	-3.409386e-09	-1.746109e+01	-2.250247e+02
5.600000e-07	-2.264118e-06	-3.371243e-09	-1.688415e+01	-2.228016e+02
5.700000e-07	-2.185653e-06	-3.344425e-09	-1.629901e+01	-2.205096e+02
5.800000e-07	-2.106127e-06	-3.312637e-09	-1.570596e+01	-2.181489e+02
5.900000e-07	-2.025771e-06	-3.273393e-09	-1.510673e+01	-2.157189e+02
6.000000e-07	-1.944732e-06	-3.240286e-09	-1.450240e+01	-2.132189e+02
6.100000e-07	-1.862948e-06	-3.205599e-09	-1.389252e+01	-2.106476e+02
6.200000e-07	-1.780498e-06	-3.156395e-09	-1.327766e+01	-2.080024e+02
6.300000e-07	-1.697535e-06	-3.104206e-09	-1.265899e+01	-2.052799e+02
6.400000e-07	-1.614087e-06	-3.064161e-09	-1.203669e+01	-2.024753e+02
6.500000e-07	-1.530217e-06	-3.023219e-09	-1.141125e+01	-1.995826e+02
6.600000e-07	-1.445969e-06	-2.975019e-09	-1.078299e+01	-1.965944e+02
6.700000e-07	-1.361337e-06	-2.928633e-09	-1.015187e+01	-1.935026e+02
6.800000e-07	-1.276245e-06	-2.883800e-09	-9.517309e+00	-1.902979e+02
6.900000e-07	-1.190620e-06	-2.834977e-09	-8.878780e+00	-1.869710e+02
7.000000e-07	-1.104628e-06	-2.783069e-09	-8.237513e+00	-1.835120e+02
7.100000e-07	-1.018363e-06	-2.730683e-09	-7.594216e+00	-1.799117e+02
7.200000e-07	-9.318313e-07	-2.672251e-09	-6.948922e+00	-1.761611e+02
7.300000e-07	-8.450378e-07	-2.607353e-09	-6.301679e+00	-1.722522e+02
7.400000e-07	-7.579982e-07	-2.541939e-09	-5.652601e+00	-1.681775e+02
7.500000e-07	-6.707040e-07	-2.477784e-09	-5.001625e+00	-1.639306e+02
7.600000e-07	-5.831681e-07	-2.410357e-09	-4.348845e+00	-1.595055e+02
7.700000e-07	-4.954843e-07	-2.338835e-09	-3.694963e+00	-1.548964e+02
7.800000e-07	-4.077304e-07	-2.266211e-09	-3.040558e+00	-1.500972e+02
7.900000e-07	-3.199209e-07	-2.191546e-09	-2.385738e+00	-1.451007e+02
8.000000e-07	-2.320025e-07	-2.113978e-09	-1.730106e+00	-1.398987e+02
8.100000e-07	-1.439921e-07	-2.031977e-09	-1.073789e+00	-1.344803e+02
8.200000e-07	-5.591055e-08	-1.944889e-09	-4.169404e-01	-1.288328e+02
8.300000e-07	3.223842e-08	-1.853559e-09	2.404108e-01	-1.229402e+02
8.400000e-07	1.203922e-07	-1.758787e-09	8.977978e-01	-1.167842e+02
8.500000e-07	2.085021e-07	-1.659757e-09	1.554857e+00	-1.103437e+02
8.600000e-07	2.965375e-07	-1.556852e-09	2.211362e+00	-1.035960e+02
8.700000e-07	3.844880e-07	-1.450881e-09	2.867233e+00	-9.651759e+01
8.800000e-07	4.723667e-07	-1.341927e-09	3.522568e+00	-8.908515e+01
8.900000e-07	5.600951e-07	-1.227895e-09	4.176783e+00	-8.127734e+01
9.000000e-07	6.476769e-07	-1.106180e-09	4.829905e+00	-7.307635e+01
9.100000e-07	7.350860e-07	-9.761137e-10	5.481739e+00	-6.446955e+01
9.200000e-07	8.222516e-07	-8.385173e-10	6.131757e+00	-5.545127e+01
9.300000e-07	9.091667e-07	-6.945846e-10	6.779906e+00	-4.602420e+01
9.400000e-07	9.958150e-07	-5.432648e-10	7.426066e+00	-3.620063e+01
9.500000e-07	1.082176e-06	-3.861359e-10	8.070081e+00	-2.600326e+01
9.600000e-07	1.168188e-06	-2.250461e-10	8.711500e+00	-1.546550e+01
9.700000e-07	1.253769e-06	-6.155323e-11	9.349698e+00	-4.631310e+00
9.800000e-07	1.338846e-06	1.048613e-10	9.984141e+00	6.445604e+00
9.900000e-07	1.423435e-06	2.751958e-10	1.061495e+01	1.770303e+01
1.000000e-06	1.507595e-06	4.476792e-10	1.124255e+01	2.907205e+01
1.010000e-06	1.591322e-06	6.237466e-10	1.186692e+01	4.047915e+01
1.020000e-06	1.674582e-06	8.009802e-10	1.248782e+01	5.184869e+01
1.030000e-06	1.757340e-06	9.741077e-10	1.310497e+01	6.310541e+01
1.040000e-06	1.839445e-06	1.141333e-09	1.371725e+01	7.417701e+01
1.050000e-06	1.920705e-06	1.303739e-09	1.432323e+01	8.499652e+01
1.060000e-06	2.001216e-06	1.464263e-09	1.492361e+01	9.550438e+01
1.070000e-06	2.081024e-06	1.619893e-09	1.551877e+01	1.056501e+02
1.080000e-06	2.160056e-06	1.766146e-09	1.610814e+01	1.153936e+02
1.090000e-06	2.238315e-06	1.903656e-09	1.669173e+01	1.247054e+02
1.100000e-06	2.315742e-06	2.034979e-09	1.726912e+01	1.335673e+02
1.110000e-06	2.392353e-06	2.162366e-09	1.784043e+01	1.419714e+02
1.120000e-06	2.468146e-06	2.286741e-09	1.840564e+01	1.499193e+02
1.130000e-06	2.543046e-06	2.404948e-09	1.896420e+01	1.574209e+02
1.140000e-06	2.616860e-06	2.513456e-09	1.951465e+01	1.644926e+02
1.150000e-06	2.689475e-06	2.612876e-09	2.005615e+01	1.711558e+02
1.160000e-06	2.761065e-06	2.705566e-09	2.059003e+01	1.774346e+02
1.170000e-06	2.831736e-06	2.792455e-09	2.111703e+01	1.833547e+02
1.180000e-06	2.901415e-06	2.874771e-09	2.163665e+01	1.889414e+02
1.190000e-06	2.970109e-06	2.954957e-09	2.214892e+01	1.942186e+02
1.200000e-06	3.037927e-06	3.032124e-09	2.265466e+01	1.992082e+02
1.210000e-06	3.104729e-06	3.105061e-09	2.315282e+01	2.039288e+02
1.220000e-06	3.170173e-06	3.173373e-09	2.364085e+01	2.083963e+02
1.230000e-06	3.234280e-06	3.236687e-09	2.411892e+01	2.126236e+02
1.240000e-06	3.297309e-06	3.294199e-09	2.458894e+01	2.166212e+02
1.250000e-06	3.359294e-06	3.346571e-09	2.505118e+01	2.203975e+02
1.260000e-06	3.420149e-06	3.397761e-09	2.550499e+01	2.239598e+02
1.270000e-06	3.479981e-06	3.447846e-09	2.595117e+01	2.273146e+02
1.280000e-06	3.538672e-06	3.494204e-09	2.638885e+01	2.304687e+02
1.290000e-06	3.595852e-06	3.534354e-09	2.681526e+01	2.334292e+02
1.300000e-06	3.651556e-06	3.570926e-09	2.723066e+01	2.362043e+02
1.310000e-06	3.706020e-06	3.607633e-09	2.763681e+01	2.388033e+02
1.320000e-06	3.759201e-06	3.643290e-09	2.803340e+01	2.412363e+02
1.330000e-06	3.810920e-06	3.676732e-09	2.841908e+01	2.435147e+02
1.340000e-06	3.860950e-06	3.706547e-09	2.879217e+01	2.456500e+02
1.350000e-06	3.909288e-06	3.734433e-09	2.915264e+01	2.476540e+02
1.360000e-06	3.956168e-06	3.760611e-09	2.950223e+01	2.495382e+02
1.370000e-06	4.001696e-06	3.785118e-09	2.984175e+01	2.513133e+02
1.380000e-06	4.045964e-06	3.809793e-09	3.017186e+01	2.529889e+02
1.390000e-06	4.088909e-06	3.834640e-09	3.049212e+01	2.545731e+02
1.400000e-06	4.130232e-06	3.857966e-09	3.080028e+01	2.560725e+02
1.410000e-06	4.169943e-06	3.877585e-09	3.109641e+01	2.574921e+02
1.420000e-06	4.208264e-06	3.895198e-09	3.138218e+01	2.588356e+02
1.430000e-06	4.245179e-06	3.913931e-09	3.165747e+01	2.601053e+02
1.440000e-06	4.280731e-06	3.931095e-09	3.192259e+01	2.613029e+02
1.450000e-06	4.314744e-06	3.945163e-09	3.217623e+01	2.624293e+02
1.460000e-06	4.347108e-06	3.959279e-09	3.241758e+01	2.634855e+02
1.470000e-06	4.377987e-06	3.975201e-09	3.264785e+01	2.644726e+02
1.480000e-06	4.407392e-06	3.990816e-09	3.286713e+01	2.653923e+02
1.490000e-06	4.435438e-06	4.004090e-09	3.307628e+01	2.662469e+02
1.500000e-06	4.461911e-06	4.016099e-09	3.327370e+01	2.670392e+02
1.510000e-06	4.486527e-06	4.027903e-09	3.345727e+01	2.677729e+02
1.520000e-06	4.509436e-06	4.038208e-09	3.362811e+01	2.684520e+02
1.530000e-06	4.530831e-06	4.046397e-09	3.378765e+01	2.690810e+02
1.540000e-06	4.550871e-06	4.054948e-09	3.393710e+01	2.696641e+02
1.550000e-06	4.569458e-06	4.063370e-09	3.407571e+01	2.702054e+02
1.560000e-06	4.586342e-06	4.070213e-09	3.420162e+01	2.707083e+02
1.570000e-06	4.601437e-06	4.075945e-09	3.431418e+01	2.711755e+02
1.580000e-06	4.614765e-06	4.082259e-09	3.441357e+01	2.716087e+02
1.590000e-06	4.626303e-06	4.090056e-09	3.449961e+01	2.720088e+02
1.600000e-06	4.635915e-06	4.097832e-09	3.457129e+01	2.723754e+02
1.610000e-06	4.643686e-06	4.104527e-09	3.462924e+01	2.727078e+02
1.620000e-06	4.649829e-06	4.109443e-09	3.467506e+01	2.730043e+02
1.630000e-06	4.654490e-06	4.111998e-09	3.470982e+01	2.732633e+02
1.640000e-06	4.657650e-06	4.112998e-09	3.473338e+01	2.734831e+02
1.650000e-06	4.659034e-06	4.113723e-09	3.474370e+01	2.736621e+02
1.660000e-06	4.658723e-06	4.116440e-09	3.474138e+01	2.737995e+02
1.670000e-06	4.656939e-06	4.122699e-09	3.472808e+01	2.738953e+02
1.680000e-06	4.653719e-06	4.127954e-09	3.470406e+01	2.739501e+02
1.690000e-06	4.649052e-06	4.128266e-09	3.466926e+01	2.739655e+02
1.700000e-06	4.642781e-06	4.126181e-09	3.462250e+01	2.739439e+02
1.710000e-06	4.634954e-06	4.124435e-09	3.456413e+01	2.738883e+02
1.720000e-06	4.625752e-06	4.124498e-09	3.449550e+01	2.738017e+02
1.730000e-06	4.615175e-06	4.124322e-09	3.441663e+01	2.736877e+02
1.740000e-06	4.603027e-06	4.105152e-09	3.432604e+01	2.735491e+02
1.750000e-06	4.588805e-06	4.110349e-09	3.421998e+01	2.733886e+02
1.760000e-06	4.572095e-06	4.110314e-09	3.409537e+01	2.732078e+02
1.770000e-06	4.553243e-06	4.110266e-09	3.395479e+01	2.730076e+02
1.780000e-06	4.533148e-06	4.132032e-09	3.380493e+01	2.727878e+02
1.790000e-06	4.512460e-06	4.087863e-09	3.365065e+01	2.725471e+02
1.800000e-06	4.490693e-06	4.103156e-09	3.348833e+01	2.722833e+02
1.810000e-06	4.466855e-06	4.136159e-09	3.331057e+01	2.719935e+02
1.820000e-06	4.441286e-06	4.083310e-09	3.311989e+01	2.716741e+02
1.830000e-06	4.414565e-06	4.126122e-09	3.292063e+01	2.713215e+02
1.840000e-06	4.386225e-06	4.148239e-09	3.270929e+01	2.709319e+02
1.850000e-06	4.356062e-06	4.091626e-09	3.248435e+01	2.705016e+02
1.860000e-06	4.324326e-06	4.141197e-09	3.224769e+01	2.700278e+02
1.870000e-06	4.291065e-06	4.132931e-09	3.199965e+01	2.695081e+02
1.880000e-06	4.256443e-06	4.090620e-09	3.174147e+01	2.689408e+02
1.890000e-06	4.220416e-06	4.149652e-09	3.147280e+01	2.683252e+02
1.900000e-06	4.182627e-06	4.093267e-09	3.119100e+01	2.676611e+02
1.910000e-06	4.143116e-06	4.051761e-09	3.089636e+01	2.669491e+02
1.920000e-06	4.102040e-06	4.110202e-09	3.059004e+01	2.661904e+02
1.930000e-06	4.059589e-06	4.076748e-09	3.027347e+01	2.653863e+02
1.940000e-06	4.015995e-06	4.065888e-09	2.994838e+01	2.645385e+02
1.950000e-06	3.971039e-06	4.063203e-09	2.961313e+01	2.636485e+02
1.960000e-06	3.924538e-06	4.026558e-09	2.926636e+01	2.627178e+02
1.970000e-06	3.876513e-06	3.998670e-09	2.890822e+01	2.617475e+02
1.980000e-06	3.827012e-06	3.973237e-09	2.853908e+01	2.607386e+02
1.990000e-06	3.776152e-06	3.994600e-09	2.815980e+01	2.596914e+02
2.000000e-06	3.723768e-06	3.973499e-09	2.776916e+01	2.586062e+02
2.010000e-06	3.669746e-06	3.952287e-09	2.736630e+01	2.574828e+02
2.020000e-06	3.614207e-06	3.956034e-09	2.695213e+01	2.563206e+02
2.030000e-06	3.557352e-06	3.907676e-09	2.652815e+01	2.551192e+02
2.040000e-06	3.499273e-06	3.894553e-09	2.609504e+01	2.538777e+02
2.050000e-06	3.440043e-06	3.877755e-09	2.565335e+01	2.525951e+02
2.060000e-06	3.379827e-06	3.862147e-09	2.520430e+01	2.512704e+02
2.070000e-06	3.318440e-06	3.850953e-09	2.474652e+01	2.499025e+02
2.080000e-06	3.255577e-06	3.802207e-09	2.427773e+01	2.484900e+02
2.090000e-06	3.191431e-06	3.802569e-09	2.379938e+01	2.470316e+02
2.100000e-06	3.126223e-06	3.788110e-09	2.331311e+01	2.455255e+02
2.110000e-06	3.059979e-06	3.745148e-09	2.281911e+01	2.439699e+02
2.120000e-06	2.992736e-06	3.723578e-09	2.231766e+01	2.423628e+02
2.130000e-06	2.924540e-06	3.712475e-09	2.180910e+01	2.407019e+02
2.140000e-06	2.855300e-06	3.693559e-09	2.129276e+01	2.389848e+02
2.150000e-06	2.784746e-06	3.645164e-09	2.076662e+01	2.372092e+02
2.160000e-06	2.713009e-06	3.625946e-09	2.023165e+01	2.353727e+02
2.170000e-06	2.640367e-06	3.603557e-09	1.968994e+01	2.334732e+02
2.180000e-06	2.566841e-06	3.557914e-09	1.914164e+01	2.315088e+02
2.190000e-06	2.492431e-06	3.531569e-09	1.858674e+01	2.294779e+02
2.200000e-06	2.417094e-06	3.517397e-09	1.802494e+01	2.273795e+02
2.210000e-06	2.340730e-06	3.493693e-09	1.745547e+01	2.252130e+02
2.220000e-06	2.263277e-06	3.438855e-09	1.687788e+01	2.229778e+02
2.230000e-06	2.184741e-06	3.397230e-09	1.629222e+01	2.206739e+02
2.240000e-06	2.105249e-06	3.370764e-09	1.569942e+01	2.183011e+02
2.250000e-06	2.025037e-06	3.328195e-09	1.510126e+01	2.158590e+02
2.260000e-06	1.944236e-06	3.284146e-09	1.449871e+01	2.133468e+02
2.270000e-06	1.862785e-06	3.253296e-09	1.389130e+01	2.107627e+02
2.280000e-06	1.780645e-06	3.220859e-09	1.327876e+01	2.081043e+02
2.290000e-06	1.697874e-06	3.171085e-09	1.266151e+01	2.053679e+02
2.300000e-06	1.614612e-06	3.129117e-09	1.204061e+01	2.025483e+02
2.310000e-06	1.530936e-06	3.096266e-09	1.141661e+01	1.996394e+02
2.320000e-06	1.446848e-06	3.050152e-09	1.078954e+01	1.966336e+02
2.330000e-06	1.362277e-06	2.994413e-09	1.015887e+01	1.935226e+02
2.340000e-06	1.277239e-06	2.944811e-09	9.524724e+00	1.902971e+02
2.350000e-06	1.191721e-06	2.897358e-09	8.886990e+00	1.869476e+02
2.360000e-06	1.105617e-06	2.839109e-09	8.244888e+00	1.834644e+02
2.370000e-06	1.018999e-06	2.778615e-09	7.598956e+00	1.798382e+02
2.380000e-06	9.319881e-07	2.723782e-09	6.950091e+00	1.760602e+02
2.390000e-06	8.445897e-07	2.668162e-09	6.298338e+00	1.721224e+02
2.400000e-06	7.568132e-07	2.607110e-09	5.643765e+00	1.680178e+02
2.410000e-06	6.688091e-07	2.544960e-09	4.987494e+00	1.637398e+02
2.420000e-06	5.806746e-07	2.480041e-09	4.330250e+00	1.592826e+02
2.430000e-06	4.924278e-07	2.407021e-09	3.672170e+00	1.546403e+02
2.440000e-06	4.041049e-07	2.330096e-09	3.013522e+00	1.498066e+02
2.450000e-06	3.156794e-07	2.254298e-09	2.354108e+00	1.447745e+02
2.460000e-06	2.271250e-07	2.175990e-09	1.693733e+00	1.395349e+02
2.470000e-06	1.384786e-07	2.090680e-09	1.032673e+00	1.340770e+02
2.480000e-06	4.980061e-08	2.002025e-09	3.713769e-01	1.283872e+02
2.490000e-06	-3.887667e-08	1.912779e-09	-2.899140e-01	1.224493e+02
2.500000e-06	-1.275240e-07	1.819667e-09	-9.509819e-01	1.162444e+02
2.510000e-06	-2.161029e-07	1.719073e-09	-1.611539e+00	1.097510e+02
2.520000e-06	-3.046411e-07	1.613796e-09	-2.271792e+00	1.029463e+02
2.530000e-06	-3.930973e-07	1.505037e-09	-2.931435e+00	9.580664e+01
2.540000e-06	-4.814562e-07	1.389159e-09	-3.590352e+00	8.830895e+01
2.550000e-06	-5.696870e-07	1.265406e-09	-4.248313e+00	8.043241e+01
2.560000e-06	-6.577880e-07	1.138113e-09	-4.905306e+00	7.215999e+01
2.570000e-06	-7.457170e-07	1.005327e-09	-5.561017e+00	6.348021e+01
2.580000e-06	-8.333877e-07	8.633496e-10	-6.214802e+00	5.438876e+01
2.590000e-06	-9.208182e-07	7.159992e-10	-6.866795e+00	4.488999e+01
2.600000e-06	-1.007871e-06	5.660169e-10	-7.515969e+00	3.499799e+01
2.610000e-06	-1.094354e-06	4.121704e-10	-8.160899e+00	2.473737e+01
2.620000e-06	-1.180246e-06	2.518512e-10	-8.801417e+00	1.414346e+01
2.630000e-06	-1.265518e-06	8.615314e-11	-9.437317e+00	3.262015e+00
2.640000e-06	-1.350216e-06	-8.372716e-11	-1.006893e+01	-7.851620e+00
2.650000e-06	-1.434445e-06	-2.577781e-10	-1.069705e+01	-1.913390e+01
2.660000e-06	-1.518215e-06	-4.334993e-10	-1.132175e+01	-3.051491e+01
2.670000e-06	-1.601510e-06	-6.071339e-10	-1.194290e+01	-4.192058e+01
2.680000e-06	-1.684287e-06	-7.791957e-10	-1.256019e+01	-5.327514e+01
2.690000e-06	-1.766516e-06	-9.511140e-10	-1.317340e+01	-6.450368e+01
2.700000e-06	-1.848133e-06	-1.119217e-09	-1.378204e+01	-7.553469e+01
2.710000e-06	-1.929085e-06	-1.281163e-09	-1.438572e+01	-8.630238e+01
2.720000e-06	-2.009454e-06	-1.439744e-09	-1.498505e+01	-9.674871e+01
2.730000e-06	-2.089302e-06	-1.595143e-09	-1.558050e+01	-1.068250e+02
2.740000e-06	-2.168397e-06	-1.744345e-09	-1.617033e+01	-1.164929e+02
2.750000e-06	-2.246449e-06	-1.887270e-09	-1.675239e+01	-1.257251e+02
2.760000e-06	-2.323354e-06	-2.023803e-09	-1.732589e+01	-1.345052e+02
2.770000e-06	-2.399238e-06	-2.151654e-09	-1.789178e+01	-1.428271e+02
2.780000e-06	-2.474230e-06	-2.270938e-09	-1.845101e+01	-1.506941e+02
2.790000e-06	-2.548316e-06	-2.385314e-09	-1.900349e+01	-1.581173e+02
2.800000e-06	-2.621578e-06	-2.493706e-09	-1.954983e+01	-1.651142e+02
2.810000e-06	-2.694096e-06	-2.593494e-09	-2.009061e+01	-1.717066e+02
2.820000e-06	-2.765820e-06	-2.687579e-09	-2.062548e+01	-1.779191e+02
2.830000e-06	-2.836529e-06	-2.778044e-09	-2.115278e+01	-1.837775e+02
2.840000e-06	-2.905976e-06	-2.863816e-09	-2.167067e+01	-1.893070e+02
2.850000e-06	-2.974268e-06	-2.945795e-09	-2.217993e+01	-1.945310e+02
2.860000e-06	-3.041594e-06	-3.025427e-09	-2.268201e+01	-1.994709e+02
2.870000e-06	-3.107949e-06	-3.098773e-09	-2.317683e+01	-2.041450e+02
2.880000e-06	-3.173293e-06	-3.165888e-09	-2.366412e+01	-2.085684e+02
2.890000e-06	-3.237626e-06	-3.232121e-09	-2.414387e+01	-2.127538e+02
2.900000e-06	-3.300851e-06	-3.296997e-09	-2.461535e+01	-2.167110e+02
2.910000e-06	-3.362654e-06	-3.356810e-09	-2.507624e+01	-2.204483e+02
2.920000e-06	-3.423079e-06	-3.410413e-09	-2.552684e+01	-2.239727e+02
2.930000e-06	-3.482406e-06	-3.461969e-09	-2.596926e+01	-2.272909e+02
2.940000e-06	-3.540494e-06	-3.515456e-09	-2.640244e+01	-2.304095e+02
2.950000e-06	-3.597312e-06	-3.565649e-09	-2.682615e+01	-2.333360e+02
2.960000e-06	-3.652923e-06	-3.609438e-09	-2.724085e+01	-2.360787e+02
2.970000e-06	-3.706949e-06	-3.651322e-09	-2.764374e+01	-2.386469e+02
2.980000e-06	-3.759258e-06	-3.692702e-09	-2.803382e+01	-2.410513e+02
2.990000e-06	-3.810081e-06	-3.729360e-09	-2.841282e+01	-2.433029e+02
3.000000e-06	-3.859359e-06	-3.762183e-09	-2.878030e+01	-2.454136e+02
3.010000e-06	-3.906944e-06	-3.794187e-09	-2.913515e+01	-2.473951e+02
3.020000e-06	-3.953073e-06	-3.823962e-09	-2.947916e+01	-2.492588e+02
3.030000e-06	-3.998029e-06	-3.852912e-09	-2.981440e+01	-2.510151e+02
3.040000e-06	-4.041794e-06	-3.881307e-09	-3.014077e+01	-2.526736e+02
3.050000e-06	-4.084273e-06	-3.906475e-09	-3.045754e+01	-2.542419e+02
3.060000e-06	-4.125427e-06	-3.929836e-09	-3.076445e+01	-2.557264e+02
3.070000e-06	-4.165313e-06	-3.952965e-09	-3.106188e+01	-2.571319e+02
3.080000e-06	-4.203651e-06	-3.973700e-09	-3.134778e+01	-2.584618e+02
3.090000e-06	-4.240304e-06	-3.991803e-09	-3.162112e+01	-2.597182e+02
3.100000e-06	-4.275498e-06	-4.009357e-09	-3.188357e+01	-2.609027e+02
3.110000e-06	-4.309261e-06	-4.027971e-09	-3.213534e+01	-2.620162e+02
3.120000e-06	-4.341657e-06	-4.046366e-09	-3.237693e+01	-2.630597e+02
3.130000e-06	-4.372532e-06	-4.062259e-09	-3.260718e+01	-2.640344e+02
3.140000e-06	-4.401671e-06	-4.074684e-09	-3.282447e+01	-2.649420e+02
3.150000e-06	-4.429236e-06	-4.083338e-09	-3.303003e+01	-2.657848e+02
3.160000e-06	-4.455267e-06	-4.092069e-09	-3.322415e+01	-2.665661e+02
3.170000e-06	-4.479832e-06	-4.103684e-09	-3.340734e+01	-2.672895e+02
3.180000e-06	-4.502798e-06	-4.117918e-09	-3.357860e+01	-2.679590e+02
3.190000e-06	-4.523949e-06	-4.130833e-09	-3.373634e+01	-2.685792e+02
3.200000e-06	-4.543524e-06	-4.139519e-09	-3.388231e+01	-2.691542e+02
3.210000e-06	-4.561616e-06	-4.145484e-09	-3.401722e+01	-2.696882e+02
3.220000e-06	-4.578205e-06	-4.150611e-09	-3.414094e+01	-2.701842e+02
3.230000e-06	-4.593022e-06	-4.156884e-09	-3.425143e+01	-2.706450e+02
3.240000e-06	-4.605805e-06	-4.163079e-09	-3.434675e+01	-2.710720e+02
3.250000e-06	-4.616756e-06	-4.168351e-09	-3.442842e+01	-2.714658e+02
3.260000e-06	-4.626121e-06	-4.173962e-09	-3.449825e+01	-2.718261e+02
3.270000e-06	-4.633961e-06	-4.178859e-09	-3.455672e+01	-2.721519e+02
3.280000e-06	-4.640073e-06	-4.182470e-09	-3.460230e+01	-2.724416e+02
3.290000e-06	-4.644402e-06	-4.185436e-09	-3.463458e+01	-2.726934e+02
3.300000e-06	-4.647171e-06	-4.187507e-09	-3.465523e+01	-2.729056e+02
3.310000e-06	-4.648481e-06	-4.188843e-09	-3.466500e+01	-2.730770e+02
