# Temperatura_=_20.0
# Concentracion g/m^3_=_6600.0
# C_Vs_to_Am_M_A/Vsm_=_65563218390.804596
# pendiente_HvsI_1/m_=_3716.3
# ordenada_HvsI_A/m_=_1297.0
# frecuencia_Hz_=_301528.7425450362

Tiempo_(s)	Campo_(V.s)	Magnetizacion_(V.s)	Campo_(kA/m)	Magnetizacion_(A/m)
0.000000e+00	-4.657869e-06	-3.938616e-09	-3.466129e+01	-2.571745e+02
1.000000e-08	-4.656353e-06	-3.939556e-09	-3.465001e+01	-2.573147e+02
2.000000e-08	-4.653180e-06	-3.939026e-09	-3.462640e+01	-2.574385e+02
3.000000e-08	-4.648560e-06	-3.939710e-09	-3.459202e+01	-2.575194e+02
4.000000e-08	-4.642527e-06	-3.937579e-09	-3.454712e+01	-2.575317e+02
5.000000e-08	-4.635113e-06	-3.934699e-09	-3.449195e+01	-2.574656e+02
6.000000e-08	-4.626195e-06	-3.933026e-09	-3.442559e+01	-2.573362e+02
7.000000e-08	-4.615540e-06	-3.926164e-09	-3.434630e+01	-2.571805e+02
8.000000e-08	-4.603109e-06	-3.926919e-09	-3.425379e+01	-2.570413e+02
9.000000e-08	-4.588673e-06	-3.958452e-09	-3.414637e+01	-2.569470e+02
1.000000e-07	-4.571968e-06	-3.947734e-09	-3.402206e+01	-2.568950e+02
1.100000e-07	-4.553332e-06	-3.930951e-09	-3.388338e+01	-2.568502e+02
1.200000e-07	-4.533319e-06	-3.915043e-09	-3.373445e+01	-2.567598e+02
1.300000e-07	-4.512157e-06	-3.855709e-09	-3.357698e+01	-2.565780e+02
1.400000e-07	-4.489853e-06	-3.950826e-09	-3.341100e+01	-2.562894e+02
1.500000e-07	-4.466250e-06	-3.953259e-09	-3.323537e+01	-2.559178e+02
1.600000e-07	-4.441257e-06	-3.822211e-09	-3.304938e+01	-2.555167e+02
1.700000e-07	-4.414727e-06	-3.919204e-09	-3.285196e+01	-2.551421e+02
1.800000e-07	-4.386438e-06	-3.888534e-09	-3.264145e+01	-2.548235e+02
1.900000e-07	-4.356596e-06	-3.790418e-09	-3.241938e+01	-2.545447e+02
2.000000e-07	-4.325453e-06	-3.934646e-09	-3.218763e+01	-2.542468e+02
2.100000e-07	-4.292759e-06	-3.908135e-09	-3.194434e+01	-2.538522e+02
2.200000e-07	-4.258363e-06	-3.826086e-09	-3.168839e+01	-2.533004e+02
2.300000e-07	-4.222459e-06	-3.885946e-09	-3.142121e+01	-2.525781e+02
2.400000e-07	-4.185064e-06	-3.809235e-09	-3.114294e+01	-2.517286e+02
2.500000e-07	-4.146171e-06	-3.786271e-09	-3.085352e+01	-2.508367e+02
2.600000e-07	-4.105731e-06	-3.846177e-09	-3.055258e+01	-2.499928e+02
2.700000e-07	-4.063560e-06	-3.815996e-09	-3.023877e+01	-2.492550e+02
2.800000e-07	-4.019830e-06	-3.808860e-09	-2.991335e+01	-2.486243e+02
2.900000e-07	-3.974678e-06	-3.787510e-09	-2.957736e+01	-2.480470e+02
3.000000e-07	-3.928075e-06	-3.753865e-09	-2.923056e+01	-2.474406e+02
3.100000e-07	-3.880000e-06	-3.765277e-09	-2.887282e+01	-2.467331e+02
3.200000e-07	-3.830133e-06	-3.759311e-09	-2.850173e+01	-2.458958e+02
3.300000e-07	-3.778471e-06	-3.723854e-09	-2.811729e+01	-2.449546e+02
3.400000e-07	-3.725337e-06	-3.697541e-09	-2.772190e+01	-2.439751e+02
3.500000e-07	-3.670901e-06	-3.713905e-09	-2.731682e+01	-2.430282e+02
3.600000e-07	-3.615342e-06	-3.701090e-09	-2.690338e+01	-2.421542e+02
3.700000e-07	-3.558539e-06	-3.668858e-09	-2.648068e+01	-2.413416e+02
3.800000e-07	-3.500233e-06	-3.669762e-09	-2.604680e+01	-2.405319e+02
3.900000e-07	-3.440539e-06	-3.643674e-09	-2.560259e+01	-2.396472e+02
4.000000e-07	-3.379698e-06	-3.624542e-09	-2.514985e+01	-2.386272e+02
4.100000e-07	-3.317797e-06	-3.610049e-09	-2.468921e+01	-2.374584e+02
4.200000e-07	-3.254876e-06	-3.590523e-09	-2.422099e+01	-2.361806e+02
4.300000e-07	-3.190956e-06	-3.580383e-09	-2.374533e+01	-2.348679e+02
4.400000e-07	-3.125739e-06	-3.548721e-09	-2.326002e+01	-2.335941e+02
4.500000e-07	-3.059088e-06	-3.518599e-09	-2.276404e+01	-2.323982e+02
4.600000e-07	-2.991339e-06	-3.513188e-09	-2.225989e+01	-2.312660e+02
4.700000e-07	-2.922701e-06	-3.507989e-09	-2.174913e+01	-2.301373e+02
4.800000e-07	-2.853189e-06	-3.481395e-09	-2.123185e+01	-2.289337e+02
4.900000e-07	-2.782685e-06	-3.447703e-09	-2.070720e+01	-2.275936e+02
5.000000e-07	-2.711231e-06	-3.430259e-09	-2.017548e+01	-2.260989e+02
5.100000e-07	-2.638892e-06	-3.406333e-09	-1.963718e+01	-2.244805e+02
5.200000e-07	-2.565401e-06	-3.375017e-09	-1.909030e+01	-2.228016e+02
5.300000e-07	-2.490655e-06	-3.357644e-09	-1.853408e+01	-2.211269e+02
5.400000e-07	-2.414822e-06	-3.338719e-09	-1.796977e+01	-2.194927e+02
5.500000e-07	-2.338084e-06	-3.310456e-09	-1.739873e+01	-2.178920e+02
5.600000e-07	-2.260453e-06	-3.277858e-09	-1.682104e+01	-2.162794e+02
5.700000e-07	-2.181690e-06	-3.257313e-09	-1.623493e+01	-2.145928e+02
5.800000e-07	-2.101813e-06	-3.232970e-09	-1.564053e+01	-2.127813e+02
5.900000e-07	-2.021161e-06	-3.193467e-09	-1.504036e+01	-2.108247e+02
6.000000e-07	-1.939799e-06	-3.157598e-09	-1.443491e+01	-2.087389e+02
6.100000e-07	-1.857750e-06	-3.131447e-09	-1.382435e+01	-2.065632e+02
6.200000e-07	-1.775166e-06	-3.104620e-09	-1.320980e+01	-2.043396e+02
6.300000e-07	-1.692046e-06	-3.066383e-09	-1.259127e+01	-2.020930e+02
6.400000e-07	-1.608388e-06	-3.031539e-09	-1.196874e+01	-1.998205e+02
6.500000e-07	-1.524290e-06	-2.998558e-09	-1.134292e+01	-1.974955e+02
6.600000e-07	-1.439853e-06	-2.958883e-09	-1.071459e+01	-1.950806e+02
6.700000e-07	-1.355010e-06	-2.916673e-09	-1.008324e+01	-1.925435e+02
6.800000e-07	-1.269623e-06	-2.876410e-09	-9.447837e+00	-1.898674e+02
6.900000e-07	-1.183739e-06	-2.835024e-09	-8.808729e+00	-1.870536e+02
7.000000e-07	-1.097546e-06	-2.789130e-09	-8.167332e+00	-1.841144e+02
7.100000e-07	-1.011089e-06	-2.743747e-09	-7.523963e+00	-1.810633e+02
7.200000e-07	-9.243441e-07	-2.699614e-09	-6.878459e+00	-1.779073e+02
7.300000e-07	-8.373224e-07	-2.653152e-09	-6.230891e+00	-1.746433e+02
7.400000e-07	-7.500745e-07	-2.600936e-09	-5.581640e+00	-1.712604e+02
7.500000e-07	-6.626588e-07	-2.545546e-09	-4.931141e+00	-1.677442e+02
7.600000e-07	-5.749940e-07	-2.487372e-09	-4.278788e+00	-1.640800e+02
7.700000e-07	-4.871353e-07	-2.427519e-09	-3.624992e+00	-1.602525e+02
7.800000e-07	-3.992108e-07	-2.365877e-09	-2.970707e+00	-1.562446e+02
7.900000e-07	-3.111997e-07	-2.300729e-09	-2.315776e+00	-1.520357e+02
8.000000e-07	-2.230988e-07	-2.232384e-09	-1.660178e+00	-1.476028e+02
8.100000e-07	-1.349275e-07	-2.160363e-09	-1.004056e+00	-1.429243e+02
8.200000e-07	-4.663828e-08	-2.085130e-09	-3.470563e-01	-1.379848e+02
8.300000e-07	4.171594e-08	-2.006758e-09	3.104270e-01	-1.327769e+02
8.400000e-07	1.300116e-07	-1.926053e-09	9.674745e-01	-1.272984e+02
8.500000e-07	2.182701e-07	-1.840748e-09	1.624245e+00	-1.215433e+02
8.600000e-07	3.064844e-07	-1.749682e-09	2.280688e+00	-1.154927e+02
8.700000e-07	3.945994e-07	-1.651649e-09	2.936391e+00	-1.091078e+02
8.800000e-07	4.826243e-07	-1.546771e-09	3.591423e+00	-1.023311e+02
8.900000e-07	5.705187e-07	-1.436196e-09	4.245485e+00	-9.509471e+01
9.000000e-07	6.582675e-07	-1.318863e-09	4.898463e+00	-8.733493e+01
9.100000e-07	7.458568e-07	-1.193651e-09	5.550254e+00	-7.900456e+01
9.200000e-07	8.331894e-07	-1.059767e-09	6.200136e+00	-7.007954e+01
9.300000e-07	9.202420e-07	-9.175834e-10	6.847933e+00	-6.055675e+01
9.400000e-07	1.007049e-06	-7.634602e-10	7.493900e+00	-5.044547e+01
9.500000e-07	1.093567e-06	-5.968667e-10	8.137720e+00	-3.975821e+01
9.600000e-07	1.179719e-06	-4.229074e-10	8.778818e+00	-2.850721e+01
9.700000e-07	1.265437e-06	-2.438655e-10	9.416684e+00	-1.670996e+01
9.800000e-07	1.350668e-06	-5.732777e-11	1.005092e+01	-4.402262e+00
9.900000e-07	1.435353e-06	1.374074e-10	1.068111e+01	8.347010e+00
1.000000e-06	1.519573e-06	3.367347e-10	1.130782e+01	2.142690e+01
1.010000e-06	1.603425e-06	5.348530e-10	1.193180e+01	3.468656e+01
1.020000e-06	1.686837e-06	7.304132e-10	1.255251e+01	4.794914e+01
1.030000e-06	1.769676e-06	9.269455e-10	1.316895e+01	6.103301e+01
1.040000e-06	1.851798e-06	1.120855e-09	1.378006e+01	7.377259e+01
1.050000e-06	1.933163e-06	1.306869e-09	1.438553e+01	8.603226e+01
1.060000e-06	2.013837e-06	1.483509e-09	1.498586e+01	9.771027e+01
1.070000e-06	2.093842e-06	1.651565e-09	1.558122e+01	1.087348e+02
1.080000e-06	2.173047e-06	1.810686e-09	1.617061e+01	1.190573e+02
1.090000e-06	2.251378e-06	1.957767e-09	1.675351e+01	1.286490e+02
1.100000e-06	2.328853e-06	2.092636e-09	1.733004e+01	1.375028e+02
1.110000e-06	2.405533e-06	2.214703e-09	1.790064e+01	1.456382e+02
1.120000e-06	2.481453e-06	2.325178e-09	1.846560e+01	1.531049e+02
1.130000e-06	2.556454e-06	2.426095e-09	1.902372e+01	1.599783e+02
1.140000e-06	2.630264e-06	2.522717e-09	1.957297e+01	1.663478e+02
1.150000e-06	2.702845e-06	2.615757e-09	2.011308e+01	1.722974e+02
1.160000e-06	2.774417e-06	2.702519e-09	2.064568e+01	1.778888e+02
1.170000e-06	2.845085e-06	2.781456e-09	2.117155e+01	1.831528e+02
1.180000e-06	2.914810e-06	2.853629e-09	2.169040e+01	1.880933e+02
1.190000e-06	2.983588e-06	2.920874e-09	2.220222e+01	1.927026e+02
1.200000e-06	3.051505e-06	2.984744e-09	2.270761e+01	1.969798e+02
1.210000e-06	3.118366e-06	3.042777e-09	2.320516e+01	2.009440e+02
1.220000e-06	3.183824e-06	3.094356e-09	2.369226e+01	2.046357e+02
1.230000e-06	3.247986e-06	3.144337e-09	2.416972e+01	2.081054e+02
1.240000e-06	3.311111e-06	3.193448e-09	2.463946e+01	2.113955e+02
1.250000e-06	3.373148e-06	3.238941e-09	2.510110e+01	2.145254e+02
1.260000e-06	3.434071e-06	3.279024e-09	2.555446e+01	2.174872e+02
1.270000e-06	3.493983e-06	3.318034e-09	2.600029e+01	2.202554e+02
1.280000e-06	3.552677e-06	3.354886e-09	2.643706e+01	2.228057e+02
1.290000e-06	3.609796e-06	3.388732e-09	2.686211e+01	2.251343e+02
1.300000e-06	3.665452e-06	3.420529e-09	2.727627e+01	2.272667e+02
1.310000e-06	3.719844e-06	3.450151e-09	2.768103e+01	2.292525e+02
1.320000e-06	3.772929e-06	3.477865e-09	2.807606e+01	2.311472e+02
1.330000e-06	3.824547e-06	3.503390e-09	2.846016e+01	2.329902e+02
1.340000e-06	3.874384e-06	3.527279e-09	2.883103e+01	2.347897e+02
1.350000e-06	3.922559e-06	3.550005e-09	2.918952e+01	2.365225e+02
1.360000e-06	3.969384e-06	3.572793e-09	2.953796e+01	2.381487e+02
1.370000e-06	4.014866e-06	3.596457e-09	2.987642e+01	2.396339e+02
1.380000e-06	4.059076e-06	3.619024e-09	3.020540e+01	2.409689e+02
1.390000e-06	4.101881e-06	3.638943e-09	3.052394e+01	2.421768e+02
1.400000e-06	4.143041e-06	3.656393e-09	3.083022e+01	2.433040e+02
1.410000e-06	4.182709e-06	3.672886e-09	3.112541e+01	2.443991e+02
1.420000e-06	4.220975e-06	3.688147e-09	3.141017e+01	2.454916e+02
1.430000e-06	4.257822e-06	3.702832e-09	3.168436e+01	2.465791e+02
1.440000e-06	4.293351e-06	3.718368e-09	3.194875e+01	2.476302e+02
1.450000e-06	4.327312e-06	3.734015e-09	3.220147e+01	2.486012e+02
1.460000e-06	4.359585e-06	3.747647e-09	3.244162e+01	2.494585e+02
1.470000e-06	4.390352e-06	3.759108e-09	3.267058e+01	2.501954e+02
1.480000e-06	4.419646e-06	3.770294e-09	3.288856e+01	2.508357e+02
1.490000e-06	4.447575e-06	3.781525e-09	3.309640e+01	2.514229e+02
1.500000e-06	4.473900e-06	3.791836e-09	3.329229e+01	2.520007e+02
1.510000e-06	4.498387e-06	3.800592e-09	3.347451e+01	2.525950e+02
1.520000e-06	4.521231e-06	3.808942e-09	3.364451e+01	2.532043e+02
1.530000e-06	4.542547e-06	3.817225e-09	3.380313e+01	2.538051e+02
1.540000e-06	4.562457e-06	3.825340e-09	3.395129e+01	2.543656e+02
1.550000e-06	4.580861e-06	3.833638e-09	3.408824e+01	2.548618e+02
1.560000e-06	4.597520e-06	3.841009e-09	3.421220e+01	2.552882e+02
1.570000e-06	4.612419e-06	3.847200e-09	3.432307e+01	2.556565e+02
1.580000e-06	4.625641e-06	3.854753e-09	3.442146e+01	2.559865e+02
1.590000e-06	4.637066e-06	3.862248e-09	3.450649e+01	2.562944e+02
1.600000e-06	4.646518e-06	3.868003e-09	3.457682e+01	2.565846e+02
1.610000e-06	4.654167e-06	3.873259e-09	3.463374e+01	2.568505e+02
1.620000e-06	4.660236e-06	3.878290e-09	3.467890e+01	2.570822e+02
1.630000e-06	4.664800e-06	3.881776e-09	3.471287e+01	2.572759e+02
1.640000e-06	4.667766e-06	3.883827e-09	3.473494e+01	2.574388e+02
1.650000e-06	4.668944e-06	3.887458e-09	3.474370e+01	2.575854e+02
1.660000e-06	4.668438e-06	3.891184e-09	3.473993e+01	2.577283e+02
1.670000e-06	4.666434e-06	3.892882e-09	3.472502e+01	2.578674e+02
1.680000e-06	4.663059e-06	3.894098e-09	3.469991e+01	2.579860e+02
1.690000e-06	4.658265e-06	3.895669e-09	3.466424e+01	2.580566e+02
1.700000e-06	4.651827e-06	3.898607e-09	3.461633e+01	2.580553e+02
1.710000e-06	4.643828e-06	3.899469e-09	3.455681e+01	2.579763e+02
1.720000e-06	4.634408e-06	3.902390e-09	3.448671e+01	2.578394e+02
1.730000e-06	4.623595e-06	3.912495e-09	3.440624e+01	2.576839e+02
1.740000e-06	4.611170e-06	3.864708e-09	3.431378e+01	2.575517e+02
1.750000e-06	4.596638e-06	3.860176e-09	3.420564e+01	2.574665e+02
1.760000e-06	4.579692e-06	3.875088e-09	3.407954e+01	2.574194e+02
1.770000e-06	4.560720e-06	3.883665e-09	3.393836e+01	2.573708e+02
1.780000e-06	4.540575e-06	3.947181e-09	3.378845e+01	2.572671e+02
1.790000e-06	4.519839e-06	3.845228e-09	3.363414e+01	2.570666e+02
1.800000e-06	4.497916e-06	3.848536e-09	3.347101e+01	2.567606e+02
1.810000e-06	4.473863e-06	3.976315e-09	3.329202e+01	2.563797e+02
1.820000e-06	4.448205e-06	3.851300e-09	3.310109e+01	2.559798e+02
1.830000e-06	4.421418e-06	3.892365e-09	3.290175e+01	2.556146e+02
1.840000e-06	4.392793e-06	4.006285e-09	3.268874e+01	2.553060e+02
1.850000e-06	4.362236e-06	3.842915e-09	3.246135e+01	2.550294e+02
1.860000e-06	4.330235e-06	3.888858e-09	3.222322e+01	2.547202e+02
1.870000e-06	4.296733e-06	3.959414e-09	3.197391e+01	2.543012e+02
1.880000e-06	4.261835e-06	3.832467e-09	3.171423e+01	2.537186e+02
1.890000e-06	4.225488e-06	3.924093e-09	3.144375e+01	2.529692e+02
1.900000e-06	4.187346e-06	3.897165e-09	3.115992e+01	2.521055e+02
1.910000e-06	4.147579e-06	3.796985e-09	3.086399e+01	2.512163e+02
1.920000e-06	4.106251e-06	3.866470e-09	3.055645e+01	2.503889e+02
1.930000e-06	4.063552e-06	3.778297e-09	3.023871e+01	2.496722e+02
1.940000e-06	4.019767e-06	3.812741e-09	2.991288e+01	2.490566e+02
1.950000e-06	3.974498e-06	3.863402e-09	2.957602e+01	2.484806e+02
1.960000e-06	3.927645e-06	3.771883e-09	2.922737e+01	2.478608e+02
1.970000e-06	3.879289e-06	3.802412e-09	2.886753e+01	2.471310e+02
1.980000e-06	3.829452e-06	3.773793e-09	2.849666e+01	2.462721e+02
1.990000e-06	3.778284e-06	3.763269e-09	2.811590e+01	2.453189e+02
2.000000e-06	3.725573e-06	3.756739e-09	2.772366e+01	2.443407e+02
2.010000e-06	3.671263e-06	3.712724e-09	2.731951e+01	2.434056e+02
2.020000e-06	3.615513e-06	3.758222e-09	2.690465e+01	2.425453e+02
2.030000e-06	3.558485e-06	3.698168e-09	2.648028e+01	2.417388e+02
2.040000e-06	3.500188e-06	3.684940e-09	2.604646e+01	2.409217e+02
2.050000e-06	3.440758e-06	3.704769e-09	2.560422e+01	2.400165e+02
2.060000e-06	3.380345e-06	3.665696e-09	2.515466e+01	2.389696e+02
2.070000e-06	3.318583e-06	3.671714e-09	2.469506e+01	2.377774e+02
2.080000e-06	3.255392e-06	3.610990e-09	2.422483e+01	2.364877e+02
2.090000e-06	3.191043e-06	3.625566e-09	2.374598e+01	2.351774e+02
2.100000e-06	3.125597e-06	3.631263e-09	2.325897e+01	2.339165e+02
2.110000e-06	3.059101e-06	3.570058e-09	2.276414e+01	2.327348e+02
2.120000e-06	2.991653e-06	3.563727e-09	2.226223e+01	2.316090e+02
2.130000e-06	2.923218e-06	3.537507e-09	2.175297e+01	2.304730e+02
2.140000e-06	2.853560e-06	3.536999e-09	2.123462e+01	2.292488e+02
2.150000e-06	2.782592e-06	3.502333e-09	2.070652e+01	2.278812e+02
2.160000e-06	2.710583e-06	3.486788e-09	2.017066e+01	2.263612e+02
2.170000e-06	2.637726e-06	3.491468e-09	1.962850e+01	2.247272e+02
2.180000e-06	2.563966e-06	3.438297e-09	1.907962e+01	2.230451e+02
2.190000e-06	2.489223e-06	3.403930e-09	1.852342e+01	2.213764e+02
2.200000e-06	2.413560e-06	3.379866e-09	1.796038e+01	2.197503e+02
2.210000e-06	2.336864e-06	3.374789e-09	1.738965e+01	2.181520e+02
2.220000e-06	2.258928e-06	3.341508e-09	1.680969e+01	2.165310e+02
2.230000e-06	2.179945e-06	3.305602e-09	1.622194e+01	2.148255e+02
2.240000e-06	2.100183e-06	3.297339e-09	1.562840e+01	2.129888e+02
2.250000e-06	2.019780e-06	3.267890e-09	1.503009e+01	2.110074e+02
2.260000e-06	1.938734e-06	3.229612e-09	1.442699e+01	2.089025e+02
2.270000e-06	1.857069e-06	3.190989e-09	1.381929e+01	2.067158e+02
2.280000e-06	1.774750e-06	3.165810e-09	1.320671e+01	2.044873e+02
2.290000e-06	1.691761e-06	3.127758e-09	1.258915e+01	2.022374e+02
2.300000e-06	1.608325e-06	3.082955e-09	1.196827e+01	1.999583e+02
2.310000e-06	1.524519e-06	3.055182e-09	1.134463e+01	1.976204e+02
2.320000e-06	1.440271e-06	3.025234e-09	1.071770e+01	1.951860e+02
2.330000e-06	1.355447e-06	2.985583e-09	1.008649e+01	1.926250e+02
2.340000e-06	1.270074e-06	2.939555e-09	9.451187e+00	1.899241e+02
2.350000e-06	1.184150e-06	2.897988e-09	8.811789e+00	1.870871e+02
2.360000e-06	1.097604e-06	2.854990e-09	8.167766e+00	1.841274e+02
2.370000e-06	1.010585e-06	2.804907e-09	7.520215e+00	1.810576e+02
2.380000e-06	9.232542e-07	2.755043e-09	6.870348e+00	1.778831e+02
2.390000e-06	8.356393e-07	2.705340e-09	6.218366e+00	1.745991e+02
2.400000e-06	7.477305e-07	2.650806e-09	5.564198e+00	1.711939e+02
2.410000e-06	6.596491e-07	2.594549e-09	4.908744e+00	1.676527e+02
2.420000e-06	5.714779e-07	2.539637e-09	4.252623e+00	1.639607e+02
2.430000e-06	4.831948e-07	2.484752e-09	3.595669e+00	1.601026e+02
2.440000e-06	3.947738e-07	2.427575e-09	2.937688e+00	1.560608e+02
2.450000e-06	3.061960e-07	2.364834e-09	2.278541e+00	1.518140e+02
2.460000e-06	2.174688e-07	2.296575e-09	1.618283e+00	1.473389e+02
2.470000e-06	1.286828e-07	2.223233e-09	9.575860e-01	1.426150e+02
2.480000e-06	3.993790e-08	2.144523e-09	2.971958e-01	1.376282e+02
2.490000e-06	-4.884608e-08	2.060713e-09	-3.634855e-01	1.323724e+02
2.500000e-06	-1.376456e-07	1.975833e-09	-1.024283e+00	1.268455e+02
2.510000e-06	-2.263741e-07	1.887959e-09	-1.684551e+00	1.210399e+02
2.520000e-06	-3.150489e-07	1.796658e-09	-2.344420e+00	1.149334e+02
2.530000e-06	-4.036207e-07	1.699972e-09	-3.003522e+00	1.084835e+02
2.540000e-06	-4.920630e-07	1.593743e-09	-3.661661e+00	1.016300e+02
2.550000e-06	-5.803556e-07	1.478269e-09	-4.318686e+00	9.430482e+01
2.560000e-06	-6.685185e-07	1.355117e-09	-4.974746e+00	8.644629e+01
2.570000e-06	-7.565145e-07	1.227577e-09	-5.629563e+00	7.801112e+01
2.580000e-06	-8.442685e-07	1.091944e-09	-6.282580e+00	6.897941e+01
2.590000e-06	-9.317676e-07	9.453551e-10	-6.933700e+00	5.935096e+01
2.600000e-06	-1.018971e-06	7.880554e-10	-7.582617e+00	4.913622e+01
2.610000e-06	-1.105764e-06	6.231700e-10	-8.228482e+00	3.834768e+01
2.620000e-06	-1.191943e-06	4.498424e-10	-8.869783e+00	2.699783e+01
2.630000e-06	-1.277401e-06	2.677994e-10	-9.505709e+00	1.510634e+01
2.640000e-06	-1.362189e-06	8.077065e-11	-1.013666e+01	2.713897e+00
2.650000e-06	-1.446456e-06	-1.129250e-10	-1.076373e+01	-1.010350e+01
2.660000e-06	-1.530324e-06	-3.153586e-10	-1.138782e+01	-2.322724e+01
2.670000e-06	-1.613774e-06	-5.240018e-10	-1.200881e+01	-3.650051e+01
2.680000e-06	-1.696726e-06	-7.315639e-10	-1.262610e+01	-4.974399e+01
2.690000e-06	-1.779076e-06	-9.345528e-10	-1.323890e+01	-6.277748e+01
2.700000e-06	-1.860742e-06	-1.130332e-09	-1.384661e+01	-7.544002e+01
2.710000e-06	-1.941751e-06	-1.314868e-09	-1.444944e+01	-8.760203e+01
2.720000e-06	-2.022173e-06	-1.488153e-09	-1.504789e+01	-9.916755e+01
2.730000e-06	-2.102069e-06	-1.652773e-09	-1.564244e+01	-1.100694e+02
2.740000e-06	-2.181349e-06	-1.809414e-09	-1.623240e+01	-1.202626e+02
2.750000e-06	-2.259689e-06	-1.957180e-09	-1.681536e+01	-1.297221e+02
2.760000e-06	-2.336851e-06	-2.094182e-09	-1.738955e+01	-1.384450e+02
2.770000e-06	-2.412884e-06	-2.218409e-09	-1.795535e+01	-1.464562e+02
2.780000e-06	-2.487949e-06	-2.330228e-09	-1.851394e+01	-1.538104e+02
2.790000e-06	-2.562142e-06	-2.432585e-09	-1.906604e+01	-1.605870e+02
2.800000e-06	-2.635457e-06	-2.530209e-09	-1.961162e+01	-1.668755e+02
2.810000e-06	-2.707945e-06	-2.622478e-09	-2.015103e+01	-1.727571e+02
2.820000e-06	-2.779654e-06	-2.707711e-09	-2.068465e+01	-1.782884e+02
2.830000e-06	-2.850364e-06	-2.788095e-09	-2.121084e+01	-1.834946e+02
2.840000e-06	-2.919821e-06	-2.864389e-09	-2.172770e+01	-1.883763e+02
2.850000e-06	-2.988109e-06	-2.935731e-09	-2.223586e+01	-1.929255e+02
2.860000e-06	-3.055452e-06	-3.001167e-09	-2.273699e+01	-1.971444e+02
2.870000e-06	-3.121831e-06	-3.062433e-09	-2.323094e+01	-2.010562e+02
2.880000e-06	-3.187143e-06	-3.121926e-09	-2.371696e+01	-2.047042e+02
2.890000e-06	-3.251371e-06	-3.178864e-09	-2.419491e+01	-2.081389e+02
2.900000e-06	-3.314511e-06	-3.233689e-09	-2.466476e+01	-2.113995e+02
2.910000e-06	-3.376306e-06	-3.285846e-09	-2.512460e+01	-2.145004e+02
2.920000e-06	-3.436684e-06	-3.331621e-09	-2.557390e+01	-2.174295e+02
2.930000e-06	-3.495895e-06	-3.372826e-09	-2.601452e+01	-2.201599e+02
2.940000e-06	-3.553905e-06	-3.413313e-09	-2.644620e+01	-2.226697e+02
2.950000e-06	-3.610642e-06	-3.452276e-09	-2.686841e+01	-2.249602e+02
2.960000e-06	-3.666149e-06	-3.486519e-09	-2.728146e+01	-2.270620e+02
2.970000e-06	-3.720153e-06	-3.518459e-09	-2.768332e+01	-2.290274e+02
2.980000e-06	-3.772470e-06	-3.550951e-09	-2.807264e+01	-2.309105e+02
2.990000e-06	-3.823265e-06	-3.580405e-09	-2.845063e+01	-2.327457e+02
3.000000e-06	-3.872438e-06	-3.607348e-09	-2.881655e+01	-2.345355e+02
3.010000e-06	-3.919897e-06	-3.635202e-09	-2.916971e+01	-2.362521e+02
3.020000e-06	-3.965907e-06	-3.662588e-09	-2.951209e+01	-2.378547e+02
3.030000e-06	-4.010678e-06	-3.685619e-09	-2.984525e+01	-2.393125e+02
3.040000e-06	-4.054268e-06	-3.704303e-09	-3.016962e+01	-2.406220e+02
3.050000e-06	-4.096694e-06	-3.722981e-09	-3.048534e+01	-2.418114e+02
3.060000e-06	-4.137851e-06	-3.739784e-09	-3.079160e+01	-2.429292e+02
3.070000e-06	-4.177689e-06	-3.755653e-09	-3.108805e+01	-2.440223e+02
3.080000e-06	-4.215983e-06	-3.771434e-09	-3.137302e+01	-2.451147e+02
3.090000e-06	-4.252572e-06	-3.788310e-09	-3.164529e+01	-2.461983e+02
3.100000e-06	-4.287661e-06	-3.805989e-09	-3.190640e+01	-2.472380e+02
3.110000e-06	-4.321342e-06	-3.821388e-09	-3.215704e+01	-2.481903e+02
3.120000e-06	-4.353637e-06	-3.833557e-09	-3.239737e+01	-2.490254e+02
3.130000e-06	-4.384365e-06	-3.842389e-09	-3.262602e+01	-2.497422e+02
3.140000e-06	-4.413344e-06	-3.851076e-09	-3.284167e+01	-2.503692e+02
3.150000e-06	-4.440806e-06	-3.859836e-09	-3.304603e+01	-2.509515e+02
3.160000e-06	-4.466757e-06	-3.868753e-09	-3.323914e+01	-2.515308e+02
3.170000e-06	-4.491189e-06	-3.875267e-09	-3.342095e+01	-2.521283e+02
3.180000e-06	-4.514057e-06	-3.882509e-09	-3.359112e+01	-2.527380e+02
3.190000e-06	-4.535110e-06	-3.891180e-09	-3.374778e+01	-2.533336e+02
3.200000e-06	-4.554504e-06	-3.900257e-09	-3.389210e+01	-2.538836e+02
3.210000e-06	-4.572447e-06	-3.909198e-09	-3.402562e+01	-2.543670e+02
3.220000e-06	-4.588915e-06	-3.917716e-09	-3.414817e+01	-2.547814e+02
3.230000e-06	-4.603581e-06	-3.922643e-09	-3.425730e+01	-2.551410e+02
3.240000e-06	-4.616203e-06	-3.923381e-09	-3.435124e+01	-2.554659e+02
3.250000e-06	-4.627047e-06	-3.923700e-09	-3.443193e+01	-2.557703e+02
3.260000e-06	-4.636349e-06	-3.926077e-09	-3.450115e+01	-2.560566e+02
3.270000e-06	-4.644059e-06	-3.929615e-09	-3.455852e+01	-2.563168e+02
3.280000e-06	-4.649968e-06	-3.931759e-09	-3.460250e+01	-2.565414e+02
3.290000e-06	-4.654133e-06	-3.932918e-09	-3.463349e+01	-2.567284e+02
3.300000e-06	-4.656817e-06	-3.934223e-09	-3.465346e+01	-2.568869e+02
3.310000e-06	-4.657988e-06	-3.936772e-09	-3.466217e+01	-2.570319e+02
