# Temperatura_=_20.0
# Concentracion g/m^3_=_6600.0
# C_Vs_to_Am_M_A/Vsm_=_65563218390.804596
# pendiente_HvsI_1/m_=_3716.3
# ordenada_HvsI_A/m_=_1297.0
# frecuencia_Hz_=_301530.3729587143

Tiempo_(s)	Campo_(V.s)	Magnetizacion_(V.s)	Campo_(kA/m)	Magnetizacion_(A/m)
0.000000e+00	-4.655704e-06	-3.995455e-09	-3.466356e+01	-2.614550e+02
1.000000e-08	-4.654393e-06	-3.998784e-09	-3.465380e+01	-2.615647e+02
2.000000e-08	-4.651352e-06	-3.999812e-09	-3.463116e+01	-2.616433e+02
3.000000e-08	-4.646847e-06	-4.000278e-09	-3.459762e+01	-2.616786e+02
4.000000e-08	-4.640933e-06	-3.999290e-09	-3.455359e+01	-2.616616e+02
5.000000e-08	-4.633585e-06	-3.996129e-09	-3.449888e+01	-2.615911e+02
6.000000e-08	-4.624782e-06	-3.994320e-09	-3.443334e+01	-2.614764e+02
7.000000e-08	-4.614218e-06	-3.988826e-09	-3.435468e+01	-2.613378e+02
8.000000e-08	-4.601845e-06	-3.978930e-09	-3.426255e+01	-2.612008e+02
9.000000e-08	-4.587531e-06	-4.007257e-09	-3.415599e+01	-2.610879e+02
1.000000e-07	-4.570993e-06	-4.018657e-09	-3.403285e+01	-2.610076e+02
1.100000e-07	-4.552526e-06	-3.999001e-09	-3.389536e+01	-2.609479e+02
1.200000e-07	-4.532635e-06	-3.992580e-09	-3.374727e+01	-2.608762e+02
1.300000e-07	-4.511586e-06	-3.922375e-09	-3.359055e+01	-2.607477e+02
1.400000e-07	-4.489430e-06	-3.958995e-09	-3.342558e+01	-2.605197e+02
1.500000e-07	-4.465948e-06	-4.038732e-09	-3.325075e+01	-2.601670e+02
1.600000e-07	-4.441030e-06	-3.913504e-09	-3.306523e+01	-2.596920e+02
1.700000e-07	-4.414629e-06	-3.941919e-09	-3.286866e+01	-2.591244e+02
1.800000e-07	-4.386517e-06	-3.989971e-09	-3.265936e+01	-2.585112e+02
1.900000e-07	-4.356857e-06	-3.855607e-09	-3.243853e+01	-2.578994e+02
2.000000e-07	-4.325863e-06	-3.912589e-09	-3.220777e+01	-2.573190e+02
2.100000e-07	-4.293314e-06	-3.958855e-09	-3.196543e+01	-2.567733e+02
2.200000e-07	-4.258983e-06	-3.863927e-09	-3.170981e+01	-2.562395e+02
2.300000e-07	-4.223132e-06	-3.911510e-09	-3.144289e+01	-2.556806e+02
2.400000e-07	-4.185859e-06	-3.910862e-09	-3.116538e+01	-2.550622e+02
2.500000e-07	-4.147069e-06	-3.846299e-09	-3.087657e+01	-2.543678e+02
2.600000e-07	-4.106769e-06	-3.889717e-09	-3.057652e+01	-2.536059e+02
2.700000e-07	-4.064760e-06	-3.857660e-09	-3.026374e+01	-2.528055e+02
2.800000e-07	-4.021202e-06	-3.832363e-09	-2.993944e+01	-2.520037e+02
2.900000e-07	-3.976252e-06	-3.847412e-09	-2.960477e+01	-2.512298e+02
3.000000e-07	-3.929842e-06	-3.813754e-09	-2.925923e+01	-2.504937e+02
3.100000e-07	-3.881981e-06	-3.808270e-09	-2.890289e+01	-2.497825e+02
3.200000e-07	-3.832310e-06	-3.819663e-09	-2.853307e+01	-2.490675e+02
3.300000e-07	-3.780758e-06	-3.788301e-09	-2.814924e+01	-2.483163e+02
3.400000e-07	-3.727737e-06	-3.752030e-09	-2.775448e+01	-2.475063e+02
3.500000e-07	-3.673442e-06	-3.761990e-09	-2.735023e+01	-2.466318e+02
3.600000e-07	-3.617994e-06	-3.758552e-09	-2.693740e+01	-2.457037e+02
3.700000e-07	-3.561359e-06	-3.720407e-09	-2.651573e+01	-2.447415e+02
3.800000e-07	-3.503263e-06	-3.714593e-09	-2.608318e+01	-2.437621e+02
3.900000e-07	-3.443770e-06	-3.702734e-09	-2.564023e+01	-2.427716e+02
4.000000e-07	-3.383094e-06	-3.675286e-09	-2.518848e+01	-2.417621e+02
4.100000e-07	-3.321261e-06	-3.661695e-09	-2.472811e+01	-2.407156e+02
4.200000e-07	-3.258364e-06	-3.640665e-09	-2.425981e+01	-2.396128e+02
4.300000e-07	-3.194492e-06	-3.634446e-09	-2.378426e+01	-2.384413e+02
4.400000e-07	-3.129413e-06	-3.619359e-09	-2.329972e+01	-2.372007e+02
4.500000e-07	-3.062848e-06	-3.584670e-09	-2.280412e+01	-2.359019e+02
4.600000e-07	-2.995131e-06	-3.568833e-09	-2.229993e+01	-2.345615e+02
4.700000e-07	-2.926633e-06	-3.555087e-09	-2.178994e+01	-2.331944e+02
4.800000e-07	-2.857242e-06	-3.528893e-09	-2.127330e+01	-2.318077e+02
4.900000e-07	-2.786780e-06	-3.497764e-09	-2.074868e+01	-2.303990e+02
5.000000e-07	-2.715358e-06	-3.483831e-09	-2.021691e+01	-2.289587e+02
5.100000e-07	-2.643146e-06	-3.466767e-09	-1.967927e+01	-2.274754e+02
5.200000e-07	-2.569848e-06	-3.433579e-09	-1.913354e+01	-2.259407e+02
5.300000e-07	-2.495208e-06	-3.408213e-09	-1.857781e+01	-2.243523e+02
5.400000e-07	-2.419411e-06	-3.387762e-09	-1.801347e+01	-2.227128e+02
5.500000e-07	-2.342711e-06	-3.363372e-09	-1.744241e+01	-2.210272e+02
5.600000e-07	-2.265185e-06	-3.331437e-09	-1.686520e+01	-2.192982e+02
5.700000e-07	-2.186580e-06	-3.305682e-09	-1.627995e+01	-2.175234e+02
5.800000e-07	-2.106829e-06	-3.282140e-09	-1.568617e+01	-2.156954e+02
5.900000e-07	-2.026271e-06	-3.248036e-09	-1.508639e+01	-2.138034e+02
6.000000e-07	-1.945091e-06	-3.212940e-09	-1.448198e+01	-2.118367e+02
6.100000e-07	-1.863235e-06	-3.186357e-09	-1.387252e+01	-2.097876e+02
6.200000e-07	-1.780656e-06	-3.158897e-09	-1.325769e+01	-2.076529e+02
6.300000e-07	-1.697500e-06	-3.121990e-09	-1.263856e+01	-2.054333e+02
6.400000e-07	-1.613978e-06	-3.087850e-09	-1.201671e+01	-2.031317e+02
6.500000e-07	-1.530011e-06	-3.056743e-09	-1.139154e+01	-2.007501e+02
6.600000e-07	-1.445589e-06	-3.016602e-09	-1.076299e+01	-1.982879e+02
6.700000e-07	-1.360789e-06	-2.971126e-09	-1.013161e+01	-1.957406e+02
6.800000e-07	-1.275519e-06	-2.929993e-09	-9.496745e+00	-1.930995e+02
6.900000e-07	-1.189782e-06	-2.891212e-09	-8.858400e+00	-1.903536e+02
7.000000e-07	-1.103679e-06	-2.851323e-09	-8.217329e+00	-1.874906e+02
7.100000e-07	-1.017240e-06	-2.809150e-09	-7.573757e+00	-1.844999e+02
7.200000e-07	-9.304818e-07	-2.763841e-09	-6.927806e+00	-1.813736e+02
7.300000e-07	-8.434878e-07	-2.713186e-09	-6.280101e+00	-1.781076e+02
7.400000e-07	-7.562834e-07	-2.657911e-09	-5.630830e+00	-1.747013e+02
7.500000e-07	-6.688830e-07	-2.602818e-09	-4.980099e+00	-1.711553e+02
7.600000e-07	-5.813092e-07	-2.544763e-09	-4.328077e+00	-1.674684e+02
7.700000e-07	-4.936050e-07	-2.483877e-09	-3.675085e+00	-1.636336e+02
7.800000e-07	-4.058323e-07	-2.421708e-09	-3.021582e+00	-1.596362e+02
7.900000e-07	-3.179610e-07	-2.359667e-09	-2.367345e+00	-1.554529e+02
8.000000e-07	-2.299539e-07	-2.295056e-09	-1.712098e+00	-1.510547e+02
8.100000e-07	-1.418238e-07	-2.225970e-09	-1.055934e+00	-1.464111e+02
8.200000e-07	-5.363647e-08	-2.152439e-09	-3.993447e-01	-1.414952e+02
8.300000e-07	3.453845e-08	-2.073212e-09	2.571524e-01	-1.362870e+02
8.400000e-07	1.227250e-07	-1.989589e-09	9.137360e-01	-1.307726e+02
8.500000e-07	2.108959e-07	-1.901354e-09	1.570204e+00	-1.249406e+02
8.600000e-07	2.990003e-07	-1.808334e-09	2.226176e+00	-1.187742e+02
8.700000e-07	3.870362e-07	-1.708602e-09	2.881638e+00	-1.122450e+02
8.800000e-07	4.749214e-07	-1.603554e-09	3.535978e+00	-1.053085e+02
8.900000e-07	5.627073e-07	-1.493708e-09	4.189579e+00	-9.790559e+01
9.000000e-07	6.504174e-07	-1.374957e-09	4.842615e+00	-8.996799e+01
9.100000e-07	7.379431e-07	-1.243804e-09	5.494279e+00	-8.142826e+01
9.200000e-07	8.252623e-07	-1.102607e-09	6.144405e+00	-7.222945e+01
9.300000e-07	9.123527e-07	-9.520291e-10	6.792827e+00	-6.233263e+01
9.400000e-07	9.991642e-07	-7.892356e-10	7.439174e+00	-5.172055e+01
9.500000e-07	1.085608e-06	-6.150959e-10	8.082780e+00	-4.039801e+01
9.600000e-07	1.171639e-06	-4.323580e-10	8.723314e+00	-2.839087e+01
9.700000e-07	1.257267e-06	-2.413592e-10	9.360850e+00	-1.574617e+01
9.800000e-07	1.342468e-06	-4.102111e-11	9.995208e+00	-2.534731e+00
9.900000e-07	1.427190e-06	1.659003e-10	1.062599e+01	1.114423e+01
1.000000e-06	1.511440e-06	3.784095e-10	1.125327e+01	2.515887e+01
1.010000e-06	1.595266e-06	5.923233e-10	1.187739e+01	3.934414e+01
1.020000e-06	1.678685e-06	8.031826e-10	1.249848e+01	5.350738e+01
1.030000e-06	1.761583e-06	1.011000e-09	1.311568e+01	6.744108e+01
1.040000e-06	1.843800e-06	1.213847e-09	1.372782e+01	8.094091e+01
1.050000e-06	1.925234e-06	1.408813e-09	1.433413e+01	9.382544e+01
1.060000e-06	2.005905e-06	1.592915e-09	1.493476e+01	1.059532e+02
1.070000e-06	2.085897e-06	1.766590e-09	1.553033e+01	1.172338e+02
1.080000e-06	2.165129e-06	1.926052e-09	1.612024e+01	1.276302e+02
1.090000e-06	2.243473e-06	2.070125e-09	1.670355e+01	1.371546e+02
1.100000e-06	2.320938e-06	2.201385e-09	1.728030e+01	1.458581e+02
1.110000e-06	2.397614e-06	2.321341e-09	1.785119e+01	1.538168e+02
1.120000e-06	2.473516e-06	2.430558e-09	1.841630e+01	1.611192e+02
1.130000e-06	2.548567e-06	2.531306e-09	1.897509e+01	1.678534e+02
1.140000e-06	2.622553e-06	2.627892e-09	1.952595e+01	1.740976e+02
1.150000e-06	2.695248e-06	2.718500e-09	2.006719e+01	1.799141e+02
1.160000e-06	2.766841e-06	2.801126e-09	2.060023e+01	1.853471e+02
1.170000e-06	2.837582e-06	2.876522e-09	2.112692e+01	1.904246e+02
1.180000e-06	2.907383e-06	2.946945e-09	2.164662e+01	1.951637e+02
1.190000e-06	2.976160e-06	3.012926e-09	2.215869e+01	1.995782e+02
1.200000e-06	3.044061e-06	3.073474e-09	2.266424e+01	2.036857e+02
1.210000e-06	3.111010e-06	3.127814e-09	2.316270e+01	2.075116e+02
1.220000e-06	3.176582e-06	3.178217e-09	2.365091e+01	2.110885e+02
1.230000e-06	3.240816e-06	3.228147e-09	2.412916e+01	2.144512e+02
1.240000e-06	3.303974e-06	3.275658e-09	2.459940e+01	2.176284e+02
1.250000e-06	3.366029e-06	3.318803e-09	2.506142e+01	2.206363e+02
1.260000e-06	3.426931e-06	3.359840e-09	2.551486e+01	2.234760e+02
1.270000e-06	3.486832e-06	3.398552e-09	2.596084e+01	2.261371e+02
1.280000e-06	3.545644e-06	3.433440e-09	2.639872e+01	2.286064e+02
1.290000e-06	3.602924e-06	3.463943e-09	2.682519e+01	2.308790e+02
1.300000e-06	3.658695e-06	3.491975e-09	2.724043e+01	2.329651e+02
1.310000e-06	3.713177e-06	3.519513e-09	2.764607e+01	2.348917e+02
1.320000e-06	3.766370e-06	3.546381e-09	2.804212e+01	2.366960e+02
1.330000e-06	3.818120e-06	3.572909e-09	2.842742e+01	2.384143e+02
1.340000e-06	3.868141e-06	3.597087e-09	2.879984e+01	2.400698e+02
1.350000e-06	3.916470e-06	3.618321e-09	2.915967e+01	2.416670e+02
1.360000e-06	3.963372e-06	3.638843e-09	2.950888e+01	2.431923e+02
1.370000e-06	4.008923e-06	3.659861e-09	2.984802e+01	2.446235e+02
1.380000e-06	4.053215e-06	3.681076e-09	3.017779e+01	2.459430e+02
1.390000e-06	4.096206e-06	3.700937e-09	3.049787e+01	2.471477e+02
1.400000e-06	4.137487e-06	3.719469e-09	3.080523e+01	2.482536e+02
1.410000e-06	4.177176e-06	3.735889e-09	3.110073e+01	2.492902e+02
1.420000e-06	4.215559e-06	3.749796e-09	3.138651e+01	2.502895e+02
1.430000e-06	4.252549e-06	3.762644e-09	3.166191e+01	2.512727e+02
1.440000e-06	4.288226e-06	3.776278e-09	3.192754e+01	2.522417e+02
1.450000e-06	4.322244e-06	3.790849e-09	3.218082e+01	2.531792e+02
1.460000e-06	4.354502e-06	3.804829e-09	3.242099e+01	2.540567e+02
1.470000e-06	4.385410e-06	3.817262e-09	3.265112e+01	2.548478e+02
1.480000e-06	4.414896e-06	3.828789e-09	3.287065e+01	2.555406e+02
1.490000e-06	4.442978e-06	3.840212e-09	3.307973e+01	2.561433e+02
1.500000e-06	4.469431e-06	3.850192e-09	3.327668e+01	2.566823e+02
1.510000e-06	4.494022e-06	3.858833e-09	3.345977e+01	2.571918e+02
1.520000e-06	4.517018e-06	3.866169e-09	3.363099e+01	2.577014e+02
1.530000e-06	4.538472e-06	3.872881e-09	3.379072e+01	2.582257e+02
1.540000e-06	4.558535e-06	3.880531e-09	3.394010e+01	2.587604e+02
1.550000e-06	4.577100e-06	3.888978e-09	3.407832e+01	2.592857e+02
1.560000e-06	4.593914e-06	3.898068e-09	3.420351e+01	2.597753e+02
1.570000e-06	4.608978e-06	3.906180e-09	3.431567e+01	2.602065e+02
1.580000e-06	4.622312e-06	3.913632e-09	3.441495e+01	2.605672e+02
1.590000e-06	4.633900e-06	3.920716e-09	3.450122e+01	2.608584e+02
1.600000e-06	4.643520e-06	3.925350e-09	3.457285e+01	2.610916e+02
1.610000e-06	4.651302e-06	3.927840e-09	3.463078e+01	2.612836e+02
1.620000e-06	4.657492e-06	3.930588e-09	3.467687e+01	2.614505e+02
1.630000e-06	4.662138e-06	3.934112e-09	3.471146e+01	2.616041e+02
1.640000e-06	4.665196e-06	3.936039e-09	3.473423e+01	2.617505e+02
1.650000e-06	4.666468e-06	3.939514e-09	3.474370e+01	2.618897e+02
1.660000e-06	4.666069e-06	3.945122e-09	3.474073e+01	2.620166e+02
1.670000e-06	4.664195e-06	3.947233e-09	3.472678e+01	2.621219e+02
1.680000e-06	4.660935e-06	3.947995e-09	3.470251e+01	2.621939e+02
1.690000e-06	4.656343e-06	3.946177e-09	3.466832e+01	2.622206e+02
1.700000e-06	4.650093e-06	3.945364e-09	3.462179e+01	2.621942e+02
1.710000e-06	4.642189e-06	3.945371e-09	3.456293e+01	2.621150e+02
1.720000e-06	4.632919e-06	3.947974e-09	3.449391e+01	2.619946e+02
1.730000e-06	4.622271e-06	3.961153e-09	3.441464e+01	2.618546e+02
1.740000e-06	4.610146e-06	3.933110e-09	3.432436e+01	2.617209e+02
1.750000e-06	4.595952e-06	3.901251e-09	3.421869e+01	2.616140e+02
1.760000e-06	4.579192e-06	3.916830e-09	3.409390e+01	2.615391e+02
1.770000e-06	4.560285e-06	3.919722e-09	3.395313e+01	2.614805e+02
1.780000e-06	4.540126e-06	3.995216e-09	3.380304e+01	2.614023e+02
1.790000e-06	4.519454e-06	3.955012e-09	3.364913e+01	2.612591e+02
1.800000e-06	4.497755e-06	3.867173e-09	3.348757e+01	2.610103e+02
1.810000e-06	4.473889e-06	4.004120e-09	3.330987e+01	2.606350e+02
1.820000e-06	4.448266e-06	3.964135e-09	3.311910e+01	2.601409e+02
1.830000e-06	4.421545e-06	3.908564e-09	3.292015e+01	2.595617e+02
1.840000e-06	4.393064e-06	4.061985e-09	3.270810e+01	2.589459e+02
1.850000e-06	4.362619e-06	3.993837e-09	3.248143e+01	2.583384e+02
1.860000e-06	4.330734e-06	3.931294e-09	3.224403e+01	2.577652e+02
1.870000e-06	4.297394e-06	4.040181e-09	3.199580e+01	2.572241e+02
1.880000e-06	4.262676e-06	3.940558e-09	3.173731e+01	2.566890e+02
1.890000e-06	4.226526e-06	3.931689e-09	3.146816e+01	2.561218e+02
1.900000e-06	4.188569e-06	3.981259e-09	3.118555e+01	2.554907e+02
1.910000e-06	4.149000e-06	3.875133e-09	3.089095e+01	2.547833e+02
1.920000e-06	4.107868e-06	3.941065e-09	3.058471e+01	2.540122e+02
1.930000e-06	4.065284e-06	3.922612e-09	3.026765e+01	2.532091e+02
1.940000e-06	4.021613e-06	3.854055e-09	2.994250e+01	2.524108e+02
1.950000e-06	3.976549e-06	3.923241e-09	2.960698e+01	2.516439e+02
1.960000e-06	3.929867e-06	3.859547e-09	2.925942e+01	2.509141e+02
1.970000e-06	3.881678e-06	3.829019e-09	2.890063e+01	2.502049e+02
1.980000e-06	3.832050e-06	3.853986e-09	2.853113e+01	2.494859e+02
1.990000e-06	3.781062e-06	3.838338e-09	2.815151e+01	2.487257e+02
2.000000e-06	3.728525e-06	3.840182e-09	2.776034e+01	2.479043e+02
2.010000e-06	3.674329e-06	3.786986e-09	2.735684e+01	2.470194e+02
2.020000e-06	3.618644e-06	3.807159e-09	2.694224e+01	2.460840e+02
2.030000e-06	3.561651e-06	3.789829e-09	2.651790e+01	2.451179e+02
2.040000e-06	3.503405e-06	3.740935e-09	2.608424e+01	2.441368e+02
2.050000e-06	3.444032e-06	3.774070e-09	2.564218e+01	2.431442e+02
2.060000e-06	3.383798e-06	3.746949e-09	2.519372e+01	2.421298e+02
2.070000e-06	3.322276e-06	3.739178e-09	2.473566e+01	2.410749e+02
2.080000e-06	3.259170e-06	3.697509e-09	2.426581e+01	2.399607e+02
2.090000e-06	3.194956e-06	3.671822e-09	2.378771e+01	2.387767e+02
2.100000e-06	3.129709e-06	3.694364e-09	2.330192e+01	2.375250e+02
2.110000e-06	3.063365e-06	3.638705e-09	2.280796e+01	2.362178e+02
2.120000e-06	2.996027e-06	3.620167e-09	2.230661e+01	2.348720e+02
2.130000e-06	2.927767e-06	3.612567e-09	2.179839e+01	2.335014e+02
2.140000e-06	2.858371e-06	3.598635e-09	2.128171e+01	2.321115e+02
2.150000e-06	2.787555e-06	3.570923e-09	2.075445e+01	2.306982e+02
2.160000e-06	2.715648e-06	3.534739e-09	2.021908e+01	2.292513e+02
2.170000e-06	2.642883e-06	3.536736e-09	1.967731e+01	2.277596e+02
2.180000e-06	2.569246e-06	3.503656e-09	1.912906e+01	2.262156e+02
2.190000e-06	2.494692e-06	3.469683e-09	1.857397e+01	2.246180e+02
2.200000e-06	2.419179e-06	3.451106e-09	1.801175e+01	2.229702e+02
2.210000e-06	2.342711e-06	3.434996e-09	1.744241e+01	2.212771e+02
2.220000e-06	2.265077e-06	3.406846e-09	1.686439e+01	2.195404e+02
2.230000e-06	2.186296e-06	3.366507e-09	1.627784e+01	2.177571e+02
2.240000e-06	2.106583e-06	3.353195e-09	1.568435e+01	2.159188e+02
2.250000e-06	2.026196e-06	3.330956e-09	1.508583e+01	2.140145e+02
2.260000e-06	1.945190e-06	3.292773e-09	1.448271e+01	2.120338e+02
2.270000e-06	1.863567e-06	3.256432e-09	1.387500e+01	2.099698e+02
2.280000e-06	1.781317e-06	3.227001e-09	1.326261e+01	2.078201e+02
2.290000e-06	1.698367e-06	3.194103e-09	1.264501e+01	2.055859e+02
2.300000e-06	1.614915e-06	3.151594e-09	1.202368e+01	2.032701e+02
2.310000e-06	1.531133e-06	3.119880e-09	1.139989e+01	2.008746e+02
2.320000e-06	1.447000e-06	3.086907e-09	1.077349e+01	1.983980e+02
2.330000e-06	1.362364e-06	3.045808e-09	1.014334e+01	1.958349e+02
2.340000e-06	1.277151e-06	3.003457e-09	9.508896e+00	1.931762e+02
2.350000e-06	1.191375e-06	2.961631e-09	8.870257e+00	1.904105e+02
2.360000e-06	1.104924e-06	2.917251e-09	8.226596e+00	1.875258e+02
2.370000e-06	1.017956e-06	2.866891e-09	7.579087e+00	1.845116e+02
2.380000e-06	9.307220e-07	2.819723e-09	6.929594e+00	1.813608e+02
2.390000e-06	8.432146e-07	2.772833e-09	6.278067e+00	1.780700e+02
2.400000e-06	7.553986e-07	2.719231e-09	5.624242e+00	1.746390e+02
2.410000e-06	6.673657e-07	2.663206e-09	4.968802e+00	1.710683e+02
2.420000e-06	5.791881e-07	2.606991e-09	4.312285e+00	1.673560e+02
2.430000e-06	4.908492e-07	2.549149e-09	3.654567e+00	1.634938e+02
2.440000e-06	4.024452e-07	2.490041e-09	2.996364e+00	1.594654e+02
2.450000e-06	3.139143e-07	2.429295e-09	2.337216e+00	1.552462e+02
2.460000e-06	2.251992e-07	2.360921e-09	1.676697e+00	1.508067e+02
2.470000e-06	1.364238e-07	2.284593e-09	1.015729e+00	1.461165e+02
2.480000e-06	4.766382e-08	2.205494e-09	3.548760e-01	1.411499e+02
2.490000e-06	-4.119144e-08	2.123816e-09	-3.066866e-01	1.358882e+02
2.500000e-06	-1.300923e-07	2.039123e-09	-9.685885e-01	1.303183e+02
2.510000e-06	-2.188057e-07	1.949660e-09	-1.629095e+00	1.244283e+02
2.520000e-06	-3.074150e-07	1.854682e-09	-2.288827e+00	1.181999e+02
2.530000e-06	-3.959954e-07	1.754281e-09	-2.948343e+00	1.116020e+02
2.540000e-06	-4.844597e-07	1.646681e-09	-3.606994e+00	1.045872e+02
2.550000e-06	-5.727724e-07	1.530930e-09	-4.264517e+00	9.709419e+01
2.560000e-06	-6.609509e-07	1.406429e-09	-4.921041e+00	8.905411e+01
2.570000e-06	-7.489522e-07	1.272432e-09	-5.576245e+00	8.040070e+01
2.580000e-06	-8.367216e-07	1.128828e-09	-6.229723e+00	7.107978e+01
2.590000e-06	-9.242196e-07	9.764645e-10	-6.881181e+00	6.105613e+01
2.600000e-06	-1.011376e-06	8.138530e-10	-7.530093e+00	5.031648e+01
2.610000e-06	-1.098137e-06	6.408701e-10	-8.176065e+00	3.886948e+01
2.620000e-06	-1.184367e-06	4.567819e-10	-8.818083e+00	2.674467e+01
2.630000e-06	-1.269887e-06	2.605111e-10	-9.454811e+00	1.399310e+01
2.640000e-06	-1.354758e-06	5.537603e-11	-1.008671e+01	6.902795e-01
2.650000e-06	-1.439139e-06	-1.565982e-10	-1.071496e+01	-1.305900e+01
2.660000e-06	-1.523050e-06	-3.742160e-10	-1.133971e+01	-2.711685e+01
2.670000e-06	-1.606481e-06	-5.952914e-10	-1.196089e+01	-4.131267e+01
2.680000e-06	-1.689434e-06	-8.159782e-10	-1.257850e+01	-5.545003e+01
2.690000e-06	-1.771800e-06	-1.031346e-09	-1.319175e+01	-6.932056e+01
2.700000e-06	-1.853499e-06	-1.237144e-09	-1.380003e+01	-8.272259e+01
2.710000e-06	-1.934552e-06	-1.432125e-09	-1.440350e+01	-9.548072e+01
2.720000e-06	-2.014985e-06	-1.615123e-09	-1.500236e+01	-1.074620e+02
2.730000e-06	-2.094869e-06	-1.785252e-09	-1.559713e+01	-1.185856e+02
2.740000e-06	-2.174155e-06	-1.941645e-09	-1.618744e+01	-1.288238e+02
2.750000e-06	-2.252520e-06	-2.086269e-09	-1.677090e+01	-1.381968e+02
2.760000e-06	-2.329659e-06	-2.220852e-09	-1.734523e+01	-1.467608e+02
2.770000e-06	-2.405689e-06	-2.342501e-09	-1.791131e+01	-1.545955e+02
2.780000e-06	-2.480837e-06	-2.452011e-09	-1.847081e+01	-1.617899e+02
2.790000e-06	-2.555135e-06	-2.553055e-09	-1.902399e+01	-1.684309e+02
2.800000e-06	-2.628611e-06	-2.647385e-09	-1.957105e+01	-1.745944e+02
2.810000e-06	-2.701210e-06	-2.735202e-09	-2.011158e+01	-1.803394e+02
2.820000e-06	-2.772943e-06	-2.817118e-09	-2.064566e+01	-1.857070e+02
2.830000e-06	-2.843723e-06	-2.894440e-09	-2.117265e+01	-1.907228e+02
2.840000e-06	-2.913239e-06	-2.968479e-09	-2.169021e+01	-1.954026e+02
2.850000e-06	-2.981588e-06	-3.038340e-09	-2.219910e+01	-1.997605e+02
2.860000e-06	-3.049033e-06	-3.102742e-09	-2.270126e+01	-2.038153e+02
2.870000e-06	-3.115455e-06	-3.162560e-09	-2.319580e+01	-2.075939e+02
2.880000e-06	-3.180759e-06	-3.219178e-09	-2.368201e+01	-2.111299e+02
2.890000e-06	-3.245050e-06	-3.272526e-09	-2.416069e+01	-2.144573e+02
2.900000e-06	-3.308306e-06	-3.323752e-09	-2.463165e+01	-2.176032e+02
2.910000e-06	-3.370205e-06	-3.372738e-09	-2.509251e+01	-2.205812e+02
2.920000e-06	-3.430667e-06	-3.417456e-09	-2.554268e+01	-2.233897e+02
2.930000e-06	-3.489940e-06	-3.458454e-09	-2.598399e+01	-2.260171e+02
2.940000e-06	-3.548024e-06	-3.498457e-09	-2.641644e+01	-2.284511e+02
2.950000e-06	-3.604869e-06	-3.536495e-09	-2.683967e+01	-2.306888e+02
2.960000e-06	-3.660526e-06	-3.568712e-09	-2.725406e+01	-2.327437e+02
2.970000e-06	-3.714637e-06	-3.598371e-09	-2.765695e+01	-2.346453e+02
2.980000e-06	-3.767017e-06	-3.629403e-09	-2.804693e+01	-2.364316e+02
2.990000e-06	-3.817874e-06	-3.658684e-09	-2.842558e+01	-2.381372e+02
3.000000e-06	-3.867103e-06	-3.683807e-09	-2.879211e+01	-2.397823e+02
3.010000e-06	-3.914627e-06	-3.708663e-09	-2.914595e+01	-2.413677e+02
3.020000e-06	-3.960757e-06	-3.733416e-09	-2.948941e+01	-2.428776e+02
3.030000e-06	-4.005718e-06	-3.754283e-09	-2.982416e+01	-2.442896e+02
3.040000e-06	-4.049459e-06	-3.772014e-09	-3.014982e+01	-2.455880e+02
3.050000e-06	-4.091914e-06	-3.791211e-09	-3.046592e+01	-2.467731e+02
3.060000e-06	-4.133043e-06	-3.809384e-09	-3.077214e+01	-2.478639e+02
3.070000e-06	-4.172898e-06	-3.825160e-09	-3.106888e+01	-2.488914e+02
3.080000e-06	-4.211203e-06	-3.840015e-09	-3.135407e+01	-2.498865e+02
3.090000e-06	-4.247812e-06	-3.855722e-09	-3.162664e+01	-2.508674e+02
3.100000e-06	-4.283013e-06	-3.871247e-09	-3.188873e+01	-2.518322e+02
3.110000e-06	-4.316832e-06	-3.884001e-09	-3.214052e+01	-2.527609e+02
3.120000e-06	-4.349245e-06	-3.894495e-09	-3.238185e+01	-2.536244e+02
3.130000e-06	-4.380105e-06	-3.904763e-09	-3.261161e+01	-2.543980e+02
3.140000e-06	-4.409206e-06	-3.915307e-09	-3.282829e+01	-2.550732e+02
3.150000e-06	-4.436780e-06	-3.924045e-09	-3.303358e+01	-2.556619e+02
3.160000e-06	-4.462894e-06	-3.931916e-09	-3.322801e+01	-2.561928e+02
3.170000e-06	-4.487475e-06	-3.938622e-09	-3.341103e+01	-2.567002e+02
3.180000e-06	-4.510444e-06	-3.945567e-09	-3.358204e+01	-2.572117e+02
3.190000e-06	-4.531602e-06	-3.953312e-09	-3.373957e+01	-2.577384e+02
3.200000e-06	-4.551092e-06	-3.961089e-09	-3.388468e+01	-2.582729e+02
3.210000e-06	-4.569120e-06	-3.968678e-09	-3.401890e+01	-2.587935e+02
3.220000e-06	-4.585673e-06	-3.975361e-09	-3.414215e+01	-2.592738e+02
3.230000e-06	-4.600436e-06	-3.980775e-09	-3.425207e+01	-2.596927e+02
3.240000e-06	-4.613184e-06	-3.985628e-09	-3.434698e+01	-2.600402e+02
3.250000e-06	-4.624118e-06	-3.988693e-09	-3.442839e+01	-2.603197e+02
3.260000e-06	-4.633423e-06	-3.990347e-09	-3.449767e+01	-2.605440e+02
3.270000e-06	-4.641236e-06	-3.991568e-09	-3.455584e+01	-2.607301e+02
3.280000e-06	-4.647311e-06	-3.992754e-09	-3.460107e+01	-2.608937e+02
3.290000e-06	-4.651612e-06	-3.993923e-09	-3.463309e+01	-2.610455e+02
3.300000e-06	-4.654432e-06	-3.994955e-09	-3.465409e+01	-2.611905e+02
3.310000e-06	-4.655687e-06	-3.995447e-09	-3.466344e+01	-2.613277e+02
