# Temperatura_=_20.0
# Concentracion g/m^3_=_6600.0
# C_Vs_to_Am_M_A/Vsm_=_65563218390.804596
# pendiente_HvsI_1/m_=_3716.3
# ordenada_HvsI_A/m_=_1297.0
# frecuencia_Hz_=_301523.2382037361

Tiempo_(s)	Campo_(V.s)	Magnetizacion_(V.s)	Campo_(kA/m)	Magnetizacion_(A/m)
0.000000e+00	-4.660269e-06	-3.927555e-09	-3.466345e+01	-2.568040e+02
1.000000e-08	-4.659025e-06	-3.931227e-09	-3.465420e+01	-2.569631e+02
2.000000e-08	-4.656000e-06	-3.934995e-09	-3.463170e+01	-2.571074e+02
3.000000e-08	-4.651507e-06	-3.936143e-09	-3.459828e+01	-2.572111e+02
4.000000e-08	-4.645688e-06	-3.936158e-09	-3.455500e+01	-2.572561e+02
5.000000e-08	-4.638458e-06	-3.935327e-09	-3.450122e+01	-2.572403e+02
6.000000e-08	-4.629775e-06	-3.934888e-09	-3.443664e+01	-2.571797e+02
7.000000e-08	-4.619384e-06	-3.931596e-09	-3.435935e+01	-2.571017e+02
8.000000e-08	-4.607195e-06	-3.914910e-09	-3.426869e+01	-2.570329e+02
9.000000e-08	-4.593114e-06	-3.934185e-09	-3.416395e+01	-2.569873e+02
1.000000e-07	-4.576741e-06	-3.974285e-09	-3.404216e+01	-2.569583e+02
1.100000e-07	-4.558345e-06	-3.959027e-09	-3.390533e+01	-2.569211e+02
1.200000e-07	-4.538515e-06	-3.953062e-09	-3.375784e+01	-2.568419e+02
1.300000e-07	-4.517483e-06	-3.892376e-09	-3.360140e+01	-2.566920e+02
1.400000e-07	-4.495343e-06	-3.852414e-09	-3.343672e+01	-2.564584e+02
1.500000e-07	-4.471944e-06	-3.986686e-09	-3.326268e+01	-2.561476e+02
1.600000e-07	-4.447131e-06	-3.911566e-09	-3.307812e+01	-2.557810e+02
1.700000e-07	-4.420822e-06	-3.843763e-09	-3.288242e+01	-2.553827e+02
1.800000e-07	-4.392818e-06	-3.976668e-09	-3.267413e+01	-2.549683e+02
1.900000e-07	-4.363235e-06	-3.868466e-09	-3.245409e+01	-2.545385e+02
2.000000e-07	-4.332355e-06	-3.808048e-09	-3.222440e+01	-2.540805e+02
2.100000e-07	-4.300003e-06	-3.930305e-09	-3.198376e+01	-2.535775e+02
2.200000e-07	-4.265873e-06	-3.834564e-09	-3.172990e+01	-2.530197e+02
2.300000e-07	-4.230167e-06	-3.806076e-09	-3.146432e+01	-2.524117e+02
2.400000e-07	-4.193014e-06	-3.890517e-09	-3.118797e+01	-2.517729e+02
2.500000e-07	-4.154284e-06	-3.824610e-09	-3.089990e+01	-2.511287e+02
2.600000e-07	-4.114015e-06	-3.838333e-09	-3.060037e+01	-2.504987e+02
2.700000e-07	-4.072078e-06	-3.818294e-09	-3.028844e+01	-2.498870e+02
2.800000e-07	-4.028531e-06	-3.773098e-09	-2.996453e+01	-2.492794e+02
2.900000e-07	-3.983577e-06	-3.811165e-09	-2.963016e+01	-2.486500e+02
3.000000e-07	-3.937130e-06	-3.791116e-09	-2.928469e+01	-2.479731e+02
3.100000e-07	-3.889256e-06	-3.769678e-09	-2.892860e+01	-2.472358e+02
3.200000e-07	-3.839729e-06	-3.779391e-09	-2.856021e+01	-2.464437e+02
3.300000e-07	-3.788350e-06	-3.749282e-09	-2.817805e+01	-2.456175e+02
3.400000e-07	-3.735442e-06	-3.710534e-09	-2.778451e+01	-2.447820e+02
3.500000e-07	-3.681164e-06	-3.707693e-09	-2.738079e+01	-2.439525e+02
3.600000e-07	-3.625672e-06	-3.726477e-09	-2.696803e+01	-2.431257e+02
3.700000e-07	-3.569059e-06	-3.697639e-09	-2.654695e+01	-2.422791e+02
3.800000e-07	-3.510999e-06	-3.667113e-09	-2.611509e+01	-2.413810e+02
3.900000e-07	-3.451437e-06	-3.666985e-09	-2.567206e+01	-2.404045e+02
4.000000e-07	-3.390730e-06	-3.644406e-09	-2.522052e+01	-2.393401e+02
4.100000e-07	-3.328998e-06	-3.629084e-09	-2.476135e+01	-2.382010e+02
4.200000e-07	-3.266182e-06	-3.599363e-09	-2.429412e+01	-2.370168e+02
4.300000e-07	-3.202309e-06	-3.588651e-09	-2.381903e+01	-2.358207e+02
4.400000e-07	-3.137296e-06	-3.586513e-09	-2.333546e+01	-2.346348e+02
4.500000e-07	-3.070823e-06	-3.550169e-09	-2.284103e+01	-2.334605e+02
4.600000e-07	-3.003131e-06	-3.531482e-09	-2.233753e+01	-2.322798e+02
4.700000e-07	-2.934658e-06	-3.518960e-09	-2.182822e+01	-2.310645e+02
4.800000e-07	-2.865318e-06	-3.494693e-09	-2.131246e+01	-2.297906e+02
4.900000e-07	-2.794935e-06	-3.463187e-09	-2.078895e+01	-2.284502e+02
5.000000e-07	-2.723515e-06	-3.449323e-09	-2.025772e+01	-2.270543e+02
5.100000e-07	-2.651174e-06	-3.440676e-09	-1.971964e+01	-2.256266e+02
5.200000e-07	-2.577833e-06	-3.408462e-09	-1.917413e+01	-2.241910e+02
5.300000e-07	-2.503256e-06	-3.376572e-09	-1.861941e+01	-2.227580e+02
5.400000e-07	-2.427495e-06	-3.357988e-09	-1.805590e+01	-2.213181e+02
5.500000e-07	-2.350811e-06	-3.338214e-09	-1.748552e+01	-2.198441e+02
5.600000e-07	-2.273259e-06	-3.312653e-09	-1.690868e+01	-2.183021e+02
5.700000e-07	-2.194653e-06	-3.287655e-09	-1.632400e+01	-2.166650e+02
5.800000e-07	-2.114921e-06	-3.261586e-09	-1.573095e+01	-2.149232e+02
5.900000e-07	-2.034376e-06	-3.228335e-09	-1.513185e+01	-2.130872e+02
6.000000e-07	-1.953150e-06	-3.195341e-09	-1.452768e+01	-2.111808e+02
6.100000e-07	-1.871183e-06	-3.169623e-09	-1.391801e+01	-2.092297e+02
6.200000e-07	-1.788553e-06	-3.140241e-09	-1.330340e+01	-2.072492e+02
6.300000e-07	-1.705376e-06	-3.108196e-09	-1.268473e+01	-2.052372e+02
6.400000e-07	-1.621752e-06	-3.077700e-09	-1.206272e+01	-2.031759e+02
6.500000e-07	-1.537687e-06	-3.047716e-09	-1.143744e+01	-2.010390e+02
6.600000e-07	-1.453207e-06	-3.011648e-09	-1.080907e+01	-1.988020e+02
6.700000e-07	-1.368322e-06	-2.973078e-09	-1.017769e+01	-1.964498e+02
6.800000e-07	-1.282983e-06	-2.936739e-09	-9.542928e+00	-1.939788e+02
6.900000e-07	-1.197162e-06	-2.896920e-09	-8.904584e+00	-1.913935e+02
7.000000e-07	-1.111007e-06	-2.857012e-09	-8.263760e+00	-1.886993e+02
7.100000e-07	-1.024557e-06	-2.816468e-09	-7.620737e+00	-1.858963e+02
7.200000e-07	-9.377644e-07	-2.772744e-09	-6.975166e+00	-1.829769e+02
7.300000e-07	-8.507110e-07	-2.724542e-09	-6.327656e+00	-1.799275e+02
7.400000e-07	-7.634151e-07	-2.674523e-09	-5.678342e+00	-1.767332e+02
7.500000e-07	-6.759315e-07	-2.624304e-09	-5.027632e+00	-1.733823e+02
7.600000e-07	-5.882758e-07	-2.569835e-09	-4.375642e+00	-1.698684e+02
7.700000e-07	-5.004443e-07	-2.513974e-09	-3.722345e+00	-1.661879e+02
7.800000e-07	-4.124800e-07	-2.455304e-09	-3.068059e+00	-1.623358e+02
7.900000e-07	-3.243933e-07	-2.394295e-09	-2.412863e+00	-1.583011e+02
8.000000e-07	-2.361865e-07	-2.330629e-09	-1.756774e+00	-1.540637e+02
8.100000e-07	-1.479207e-07	-2.264542e-09	-1.100246e+00	-1.495958e+02
8.200000e-07	-5.960657e-08	-2.193117e-09	-4.433584e-01	-1.448653e+02
8.300000e-07	2.881030e-08	-2.115678e-09	2.142933e-01	-1.398398e+02
8.400000e-07	1.172419e-07	-2.035414e-09	8.720549e-01	-1.344892e+02
8.500000e-07	2.055820e-07	-1.950121e-09	1.529136e+00	-1.287849e+02
8.600000e-07	2.938959e-07	-1.859046e-09	2.186021e+00	-1.226969e+02
8.700000e-07	3.821559e-07	-1.761443e-09	2.842506e+00	-1.161890e+02
8.800000e-07	4.702552e-07	-1.657119e-09	3.497796e+00	-1.092154e+02
8.900000e-07	5.582173e-07	-1.545310e-09	4.152064e+00	-1.017196e+02
9.000000e-07	6.460307e-07	-1.425370e-09	4.805228e+00	-9.363638e+01
9.100000e-07	7.336351e-07	-1.292323e-09	5.456836e+00	-8.489523e+01
9.200000e-07	8.210088e-07	-1.146134e-09	6.106729e+00	-7.542604e+01
9.300000e-07	9.081245e-07	-9.890986e-10	6.754702e+00	-6.516526e+01
9.400000e-07	9.949991e-07	-8.202556e-10	7.400882e+00	-5.406350e+01
9.500000e-07	1.081590e-06	-6.378371e-10	8.044951e+00	-4.209462e+01
9.600000e-07	1.167796e-06	-4.437926e-10	8.686158e+00	-2.926649e+01
9.700000e-07	1.253571e-06	-2.385841e-10	9.324164e+00	-1.563186e+01
9.800000e-07	1.338852e-06	-2.070971e-11	9.958484e+00	-1.296715e+00
9.900000e-07	1.423636e-06	2.057252e-10	1.058912e+01	1.357703e+01
1.000000e-06	1.507989e-06	4.374598e-10	1.121654e+01	2.877720e+01
1.010000e-06	1.591949e-06	6.686191e-10	1.184104e+01	4.405579e+01
1.020000e-06	1.675474e-06	8.957130e-10	1.246231e+01	5.915013e+01
1.030000e-06	1.758470e-06	1.116898e-09	1.307964e+01	7.380687e+01
1.040000e-06	1.840748e-06	1.328908e-09	1.369163e+01	8.780392e+01
1.050000e-06	1.922226e-06	1.528950e-09	1.429767e+01	1.009667e+02
1.060000e-06	2.003030e-06	1.713901e-09	1.489869e+01	1.131767e+02
1.070000e-06	2.083134e-06	1.885315e-09	1.549452e+01	1.243732e+02
1.080000e-06	2.162439e-06	2.039320e-09	1.608439e+01	1.345496e+02
1.090000e-06	2.240936e-06	2.177872e-09	1.666826e+01	1.437464e+02
1.100000e-06	2.318614e-06	2.303426e-09	1.724603e+01	1.520422e+02
1.110000e-06	2.395476e-06	2.418672e-09	1.781774e+01	1.595423e+02
1.120000e-06	2.471550e-06	2.522483e-09	1.838358e+01	1.663654e+02
1.130000e-06	2.546713e-06	2.615911e-09	1.894265e+01	1.726286e+02
1.140000e-06	2.620698e-06	2.704088e-09	1.949296e+01	1.784324e+02
1.150000e-06	2.693493e-06	2.787256e-09	2.003441e+01	1.838495e+02
1.160000e-06	2.765290e-06	2.864616e-09	2.056844e+01	1.889208e+02
1.170000e-06	2.836176e-06	2.935998e-09	2.109570e+01	1.936598e+02
1.180000e-06	2.906082e-06	3.001926e-09	2.161567e+01	1.980646e+02
1.190000e-06	2.974972e-06	3.060072e-09	2.212808e+01	2.021330e+02
1.200000e-06	3.042979e-06	3.113096e-09	2.263392e+01	2.058756e+02
1.210000e-06	3.110030e-06	3.162096e-09	2.313265e+01	2.093216e+02
1.220000e-06	3.175781e-06	3.206596e-09	2.362171e+01	2.125150e+02
1.230000e-06	3.240236e-06	3.248866e-09	2.410113e+01	2.155033e+02
1.240000e-06	3.303594e-06	3.290599e-09	2.457240e+01	2.183239e+02
1.250000e-06	3.365842e-06	3.329397e-09	2.503540e+01	2.209947e+02
1.260000e-06	3.426959e-06	3.365380e-09	2.548999e+01	2.235121e+02
1.270000e-06	3.487061e-06	3.398490e-09	2.593704e+01	2.258591e+02
1.280000e-06	3.546010e-06	3.428878e-09	2.637551e+01	2.280184e+02
1.290000e-06	3.603446e-06	3.457181e-09	2.680272e+01	2.299853e+02
1.300000e-06	3.659339e-06	3.483944e-09	2.721845e+01	2.317752e+02
1.310000e-06	3.713923e-06	3.508642e-09	2.762446e+01	2.334213e+02
1.320000e-06	3.767281e-06	3.531600e-09	2.802133e+01	2.349644e+02
1.330000e-06	3.819226e-06	3.553243e-09	2.840770e+01	2.364400e+02
1.340000e-06	3.869424e-06	3.573147e-09	2.878108e+01	2.378668e+02
1.350000e-06	3.917876e-06	3.591833e-09	2.914147e+01	2.392438e+02
1.360000e-06	3.964914e-06	3.610218e-09	2.949135e+01	2.405549e+02
1.370000e-06	4.010554e-06	3.629830e-09	2.983082e+01	2.417799e+02
1.380000e-06	4.054895e-06	3.649254e-09	3.016063e+01	2.429060e+02
1.390000e-06	4.097970e-06	3.666134e-09	3.048102e+01	2.439357e+02
1.400000e-06	4.139382e-06	3.681545e-09	3.078905e+01	2.448863e+02
1.410000e-06	4.179170e-06	3.695050e-09	3.108500e+01	2.457843e+02
1.420000e-06	4.217615e-06	3.706713e-09	3.137096e+01	2.466546e+02
1.430000e-06	4.254696e-06	3.717967e-09	3.164677e+01	2.475120e+02
1.440000e-06	4.290430e-06	3.730237e-09	3.191256e+01	2.483571e+02
1.450000e-06	4.324564e-06	3.744015e-09	3.216645e+01	2.491775e+02
1.460000e-06	4.356996e-06	3.757114e-09	3.240768e+01	2.499542e+02
1.470000e-06	4.387945e-06	3.768539e-09	3.263789e+01	2.506697e+02
1.480000e-06	4.417435e-06	3.777652e-09	3.285723e+01	2.513138e+02
1.490000e-06	4.445601e-06	3.786189e-09	3.306673e+01	2.518867e+02
1.500000e-06	4.472194e-06	3.794822e-09	3.326453e+01	2.523978e+02
1.510000e-06	4.496903e-06	3.803548e-09	3.344832e+01	2.528630e+02
1.520000e-06	4.519961e-06	3.810434e-09	3.361983e+01	2.532998e+02
1.530000e-06	4.541487e-06	3.814751e-09	3.377994e+01	2.537242e+02
1.540000e-06	4.561618e-06	3.818989e-09	3.392968e+01	2.541471e+02
1.550000e-06	4.580366e-06	3.824478e-09	3.406913e+01	2.545728e+02
1.560000e-06	4.597409e-06	3.832777e-09	3.419589e+01	2.549977e+02
1.570000e-06	4.612607e-06	3.841175e-09	3.430894e+01	2.554105e+02
1.580000e-06	4.626055e-06	3.848250e-09	3.440896e+01	2.557947e+02
1.590000e-06	4.637742e-06	3.854184e-09	3.449590e+01	2.561329e+02
1.600000e-06	4.647488e-06	3.858716e-09	3.456838e+01	2.564123e+02
1.610000e-06	4.655410e-06	3.862388e-09	3.462731e+01	2.566306e+02
1.620000e-06	4.661730e-06	3.865259e-09	3.467432e+01	2.567977e+02
1.630000e-06	4.666522e-06	3.867420e-09	3.470996e+01	2.569339e+02
1.640000e-06	4.669706e-06	3.867897e-09	3.473364e+01	2.570629e+02
1.650000e-06	4.671058e-06	3.871484e-09	3.474370e+01	2.572026e+02
1.660000e-06	4.670761e-06	3.878212e-09	3.474149e+01	2.573576e+02
1.670000e-06	4.669014e-06	3.880561e-09	3.472850e+01	2.575162e+02
1.680000e-06	4.665826e-06	3.883234e-09	3.470479e+01	2.576554e+02
1.690000e-06	4.661280e-06	3.884360e-09	3.467097e+01	2.577499e+02
1.700000e-06	4.655044e-06	3.884308e-09	3.462459e+01	2.577840e+02
1.710000e-06	4.647135e-06	3.884496e-09	3.456576e+01	2.577589e+02
1.720000e-06	4.637916e-06	3.886507e-09	3.449719e+01	2.576934e+02
1.730000e-06	4.627321e-06	3.898249e-09	3.441838e+01	2.576156e+02
1.740000e-06	4.615248e-06	3.898071e-09	3.432858e+01	2.575508e+02
1.750000e-06	4.601152e-06	3.838131e-09	3.422373e+01	2.575096e+02
1.760000e-06	4.584510e-06	3.848174e-09	3.409995e+01	2.574817e+02
1.770000e-06	4.565666e-06	3.855803e-09	3.395979e+01	2.574398e+02
1.780000e-06	4.545528e-06	3.921916e-09	3.381000e+01	2.573502e+02
1.790000e-06	4.524809e-06	3.959529e-09	3.365589e+01	2.571860e+02
1.800000e-06	4.503131e-06	3.794103e-09	3.349465e+01	2.569379e+02
1.810000e-06	4.479386e-06	3.895161e-09	3.331803e+01	2.566157e+02
1.820000e-06	4.453806e-06	3.971105e-09	3.312776e+01	2.562421e+02
1.830000e-06	4.427148e-06	3.808338e-09	3.292948e+01	2.558405e+02
1.840000e-06	4.398800e-06	3.942222e-09	3.271863e+01	2.554241e+02
1.850000e-06	4.368456e-06	4.014311e-09	3.249292e+01	2.549908e+02
1.860000e-06	4.336633e-06	3.837284e-09	3.225622e+01	2.545263e+02
1.870000e-06	4.303389e-06	3.949853e-09	3.200895e+01	2.540142e+02
1.880000e-06	4.268723e-06	3.946908e-09	3.175110e+01	2.534469e+02
1.890000e-06	4.232699e-06	3.825241e-09	3.148315e+01	2.528321e+02
1.900000e-06	4.194877e-06	3.921991e-09	3.120183e+01	2.521908e+02
1.910000e-06	4.155341e-06	3.836671e-09	3.090775e+01	2.515484e+02
1.920000e-06	4.114291e-06	3.857133e-09	3.060243e+01	2.509222e+02
1.930000e-06	4.071758e-06	3.919054e-09	3.028606e+01	2.503131e+02
1.940000e-06	4.028126e-06	3.774337e-09	2.996152e+01	2.497040e+02
1.950000e-06	3.983140e-06	3.853610e-09	2.962691e+01	2.490681e+02
1.960000e-06	3.936529e-06	3.844450e-09	2.928022e+01	2.483812e+02
1.970000e-06	3.888395e-06	3.752474e-09	2.892219e+01	2.476335e+02
1.980000e-06	3.838764e-06	3.820571e-09	2.855303e+01	2.468338e+02
1.990000e-06	3.787772e-06	3.794373e-09	2.817375e+01	2.460046e+02
2.000000e-06	3.735263e-06	3.804328e-09	2.778318e+01	2.451698e+02
2.010000e-06	3.681056e-06	3.746361e-09	2.737998e+01	2.443421e+02
2.020000e-06	3.625348e-06	3.721882e-09	2.696563e+01	2.435141e+02
2.030000e-06	3.568364e-06	3.772196e-09	2.654177e+01	2.426611e+02
2.040000e-06	3.510198e-06	3.690667e-09	2.610913e+01	2.417509e+02
2.050000e-06	3.450912e-06	3.715431e-09	2.566816e+01	2.407590e+02
2.060000e-06	3.390684e-06	3.716104e-09	2.522017e+01	2.396801e+02
2.070000e-06	3.329241e-06	3.682797e-09	2.476316e+01	2.385308e+02
2.080000e-06	3.266245e-06	3.660090e-09	2.429459e+01	2.373425e+02
2.090000e-06	3.202019e-06	3.599002e-09	2.381687e+01	2.361475e+02
2.100000e-06	3.136708e-06	3.648515e-09	2.333108e+01	2.349645e+02
2.110000e-06	3.070297e-06	3.612798e-09	2.283711e+01	2.337912e+02
2.120000e-06	3.002920e-06	3.565002e-09	2.233596e+01	2.326068e+02
2.130000e-06	2.934686e-06	3.575849e-09	2.182843e+01	2.313828e+02
2.140000e-06	2.865318e-06	3.553215e-09	2.131246e+01	2.300974e+02
2.150000e-06	2.794493e-06	3.539082e-09	2.078566e+01	2.287461e+02
2.160000e-06	2.722556e-06	3.486642e-09	2.025059e+01	2.273429e+02
2.170000e-06	2.649797e-06	3.487341e-09	1.970940e+01	2.259126e+02
2.180000e-06	2.576154e-06	3.478185e-09	1.916164e+01	2.244775e+02
2.190000e-06	2.501553e-06	3.434772e-09	1.860675e+01	2.230449e+02
2.200000e-06	2.425984e-06	3.424362e-09	1.804466e+01	2.216017e+02
2.210000e-06	2.349439e-06	3.403132e-09	1.747531e+01	2.201184e+02
2.220000e-06	2.271744e-06	3.383686e-09	1.689741e+01	2.185614e+02
2.230000e-06	2.192913e-06	3.343280e-09	1.631106e+01	2.169060e+02
2.240000e-06	2.113202e-06	3.327354e-09	1.571816e+01	2.151464e+02
2.250000e-06	2.032862e-06	3.315529e-09	1.512059e+01	2.132961e+02
2.260000e-06	1.951934e-06	3.278497e-09	1.451864e+01	2.113804e+02
2.270000e-06	1.870320e-06	3.246416e-09	1.391159e+01	2.094238e+02
2.280000e-06	1.788037e-06	3.208173e-09	1.329956e+01	2.074386e+02
2.290000e-06	1.705130e-06	3.178842e-09	1.268289e+01	2.054199e+02
2.300000e-06	1.621727e-06	3.146730e-09	1.206253e+01	2.033474e+02
2.310000e-06	1.537918e-06	3.121017e-09	1.143915e+01	2.011946e+02
2.320000e-06	1.453726e-06	3.090530e-09	1.081293e+01	1.989381e+02
2.330000e-06	1.369023e-06	3.048145e-09	1.018290e+01	1.965649e+02
2.340000e-06	1.283648e-06	3.011880e-09	9.547875e+00	1.940734e+02
2.350000e-06	1.197686e-06	2.972128e-09	8.908482e+00	1.914687e+02
2.360000e-06	1.111206e-06	2.927910e-09	8.265238e+00	1.887556e+02
2.370000e-06	1.024247e-06	2.880996e-09	7.618431e+00	1.859329e+02
2.380000e-06	9.369006e-07	2.840007e-09	6.968741e+00	1.829918e+02
2.390000e-06	8.492919e-07	2.796491e-09	6.317101e+00	1.799179e+02
2.400000e-06	7.614592e-07	2.745399e-09	5.663794e+00	1.766967e+02
2.410000e-06	6.733919e-07	2.694350e-09	5.008743e+00	1.733174e+02
2.420000e-06	5.851417e-07	2.641170e-09	4.352330e+00	1.697742e+02
2.430000e-06	4.967449e-07	2.582732e-09	3.694828e+00	1.660639e+02
2.440000e-06	4.082815e-07	2.522291e-09	3.036830e+00	1.621806e+02
2.450000e-06	3.197156e-07	2.464181e-09	2.378070e+00	1.581118e+02
2.460000e-06	2.309511e-07	2.401311e-09	1.717833e+00	1.538358e+02
2.470000e-06	1.421392e-07	2.329211e-09	1.057243e+00	1.493237e+02
2.480000e-06	5.339695e-08	2.252885e-09	3.971707e-01	1.445432e+02
2.490000e-06	-3.542369e-08	2.174385e-09	-2.634842e-01	1.394621e+02
2.500000e-06	-1.243385e-07	2.091728e-09	-9.248399e-01	1.340508e+02
2.510000e-06	-2.132279e-07	2.004162e-09	-1.586006e+00	1.282807e+02
2.520000e-06	-3.020224e-07	1.910530e-09	-2.246466e+00	1.221209e+02
2.530000e-06	-3.906599e-07	1.809476e-09	-2.905759e+00	1.155338e+02
2.540000e-06	-4.791424e-07	1.698793e-09	-3.563899e+00	1.084717e+02
2.550000e-06	-5.675206e-07	1.578906e-09	-4.221264e+00	1.008764e+02
2.560000e-06	-6.557970e-07	1.452025e-09	-4.877870e+00	9.268126e+01
2.570000e-06	-7.438909e-07	1.316702e-09	-5.533120e+00	8.381549e+01
2.580000e-06	-8.317427e-07	1.170765e-09	-6.186568e+00	7.420963e+01
2.590000e-06	-9.192901e-07	1.013106e-09	-6.837753e+00	6.380210e+01
2.600000e-06	-1.006560e-06	8.430130e-10	-7.486873e+00	5.254691e+01
2.610000e-06	-1.093484e-06	6.584603e-10	-8.133423e+00	4.042320e+01
2.620000e-06	-1.179810e-06	4.589633e-10	-8.775521e+00	2.744608e+01
2.630000e-06	-1.265421e-06	2.469673e-10	-9.412299e+00	1.367730e+01
2.640000e-06	-1.350433e-06	2.408893e-11	-1.004463e+01	-7.671347e-01
2.650000e-06	-1.434943e-06	-2.064046e-10	-1.067322e+01	-1.571566e+01
2.660000e-06	-1.518991e-06	-4.398283e-10	-1.129838e+01	-3.094842e+01
2.670000e-06	-1.602573e-06	-6.731942e-10	-1.192007e+01	-4.621308e+01
2.680000e-06	-1.685604e-06	-9.051412e-10	-1.253766e+01	-6.124688e+01
2.690000e-06	-1.768069e-06	-1.130740e-09	-1.315104e+01	-7.580057e+01
2.700000e-06	-1.849907e-06	-1.344482e-09	-1.375976e+01	-8.965957e+01
2.710000e-06	-1.931063e-06	-1.543821e-09	-1.436340e+01	-1.026589e+02
2.720000e-06	-2.011621e-06	-1.727621e-09	-1.496260e+01	-1.146903e+02
2.730000e-06	-2.091616e-06	-1.896590e-09	-1.555761e+01	-1.257034e+02
2.740000e-06	-2.170902e-06	-2.049880e-09	-1.614734e+01	-1.357003e+02
2.750000e-06	-2.249289e-06	-2.189222e-09	-1.673039e+01	-1.447292e+02
2.760000e-06	-2.326613e-06	-2.316787e-09	-1.730553e+01	-1.528743e+02
2.770000e-06	-2.402831e-06	-2.432450e-09	-1.787245e+01	-1.602443e+02
2.780000e-06	-2.478040e-06	-2.535723e-09	-1.843186e+01	-1.669588e+02
2.790000e-06	-2.552389e-06	-2.629361e-09	-1.898487e+01	-1.731330e+02
2.800000e-06	-2.625874e-06	-2.717540e-09	-1.953146e+01	-1.788629e+02
2.810000e-06	-2.698504e-06	-2.799195e-09	-2.007169e+01	-1.842158e+02
2.820000e-06	-2.770381e-06	-2.875452e-09	-2.060631e+01	-1.892271e+02
2.830000e-06	-2.841307e-06	-2.948932e-09	-2.113387e+01	-1.939065e+02
2.840000e-06	-2.910973e-06	-3.019699e-09	-2.165205e+01	-1.982508e+02
2.850000e-06	-2.979452e-06	-3.085147e-09	-2.216140e+01	-2.022594e+02
2.860000e-06	-3.046942e-06	-3.144292e-09	-2.266340e+01	-2.059460e+02
2.870000e-06	-3.113451e-06	-3.199276e-09	-2.315810e+01	-2.093430e+02
2.880000e-06	-3.178895e-06	-3.251303e-09	-2.364487e+01	-2.124961e+02
2.890000e-06	-3.243278e-06	-3.298022e-09	-2.412376e+01	-2.154518e+02
2.900000e-06	-3.306594e-06	-3.341572e-09	-2.459471e+01	-2.182447e+02
2.910000e-06	-3.368551e-06	-3.385485e-09	-2.505555e+01	-2.208886e+02
2.920000e-06	-3.429091e-06	-3.426856e-09	-2.550585e+01	-2.233767e+02
2.930000e-06	-3.488487e-06	-3.464867e-09	-2.594764e+01	-2.256909e+02
2.940000e-06	-3.546726e-06	-3.499750e-09	-2.638083e+01	-2.278152e+02
2.950000e-06	-3.603704e-06	-3.530481e-09	-2.680464e+01	-2.297485e+02
2.960000e-06	-3.659442e-06	-3.556472e-09	-2.721922e+01	-2.315095e+02
2.970000e-06	-3.713674e-06	-3.582276e-09	-2.762260e+01	-2.331339e+02
2.980000e-06	-3.766205e-06	-3.609086e-09	-2.801333e+01	-2.346624e+02
2.990000e-06	-3.817207e-06	-3.633188e-09	-2.839269e+01	-2.361281e+02
3.000000e-06	-3.866704e-06	-3.654260e-09	-2.876085e+01	-2.375463e+02
3.010000e-06	-3.914512e-06	-3.674696e-09	-2.911645e+01	-2.389127e+02
3.020000e-06	-3.960817e-06	-3.694464e-09	-2.946087e+01	-2.402095e+02
3.030000e-06	-4.005877e-06	-3.712560e-09	-2.979603e+01	-2.414170e+02
3.040000e-06	-4.049731e-06	-3.728550e-09	-3.012222e+01	-2.425250e+02
3.050000e-06	-4.092392e-06	-3.743785e-09	-3.043954e+01	-2.435385e+02
3.060000e-06	-4.133782e-06	-3.757144e-09	-3.074740e+01	-2.444774e+02
3.070000e-06	-4.173869e-06	-3.770173e-09	-3.104557e+01	-2.453684e+02
3.080000e-06	-4.212392e-06	-3.783389e-09	-3.133210e+01	-2.462354e+02
3.090000e-06	-4.249195e-06	-3.796725e-09	-3.160585e+01	-2.470907e+02
3.100000e-06	-4.284542e-06	-3.810429e-09	-3.186876e+01	-2.479322e+02
3.110000e-06	-4.318525e-06	-3.822105e-09	-3.212153e+01	-2.487459e+02
3.120000e-06	-4.351078e-06	-3.831428e-09	-3.236367e+01	-2.495125e+02
3.130000e-06	-4.382134e-06	-3.839297e-09	-3.259466e+01	-2.502154e+02
3.140000e-06	-4.411452e-06	-3.847562e-09	-3.281273e+01	-2.508461e+02
3.150000e-06	-4.439144e-06	-3.856892e-09	-3.301871e+01	-2.514067e+02
3.160000e-06	-4.465367e-06	-3.865508e-09	-3.321376e+01	-2.519080e+02
3.170000e-06	-4.490013e-06	-3.872354e-09	-3.339707e+01	-2.523665e+02
3.180000e-06	-4.513055e-06	-3.878458e-09	-3.356846e+01	-2.527997e+02
3.190000e-06	-4.534344e-06	-3.885718e-09	-3.372681e+01	-2.532228e+02
3.200000e-06	-4.554007e-06	-3.892283e-09	-3.387307e+01	-2.536458e+02
3.210000e-06	-4.572165e-06	-3.897097e-09	-3.400813e+01	-2.540715e+02
3.220000e-06	-4.588764e-06	-3.902626e-09	-3.413159e+01	-2.544949e+02
3.230000e-06	-4.603666e-06	-3.908498e-09	-3.424243e+01	-2.549036e+02
3.240000e-06	-4.616572e-06	-3.912614e-09	-3.433843e+01	-2.552805e+02
3.250000e-06	-4.627648e-06	-3.915635e-09	-3.442081e+01	-2.556085e+02
3.260000e-06	-4.637144e-06	-3.919758e-09	-3.449145e+01	-2.558766e+02
3.270000e-06	-4.645123e-06	-3.923913e-09	-3.455080e+01	-2.560843e+02
3.280000e-06	-4.651354e-06	-3.927527e-09	-3.459714e+01	-2.562438e+02
3.290000e-06	-4.655792e-06	-3.929130e-09	-3.463015e+01	-2.563767e+02
3.300000e-06	-4.658730e-06	-3.929883e-09	-3.465200e+01	-2.565063e+02
3.310000e-06	-4.660124e-06	-3.929334e-09	-3.466237e+01	-2.566485e+02
