# Temperatura_=_20.0
# Concentracion g/m^3_=_6600.0
# C_Vs_to_Am_M_A/Vsm_=_65563218390.804596
# pendiente_HvsI_1/m_=_3716.3
# ordenada_HvsI_A/m_=_1297.0
# frecuencia_Hz_=_301528.60359813215

Tiempo_(s)	Campo_(V.s)	Magnetizacion_(V.s)	Campo_(kA/m)	Magnetizacion_(A/m)
0.000000e+00	-4.656492e-06	-3.831605e-09	-3.466089e+01	-2.506504e+02
1.000000e-08	-4.655089e-06	-3.832860e-09	-3.465045e+01	-2.507385e+02
2.000000e-08	-4.651987e-06	-3.831768e-09	-3.462736e+01	-2.508086e+02
3.000000e-08	-4.647431e-06	-3.830641e-09	-3.459345e+01	-2.508347e+02
4.000000e-08	-4.641480e-06	-3.828902e-09	-3.454915e+01	-2.507951e+02
5.000000e-08	-4.634181e-06	-3.827728e-09	-3.449482e+01	-2.506850e+02
6.000000e-08	-4.625376e-06	-3.825129e-09	-3.442928e+01	-2.505214e+02
7.000000e-08	-4.614749e-06	-3.816403e-09	-3.435018e+01	-2.503380e+02
8.000000e-08	-4.602369e-06	-3.809023e-09	-3.425803e+01	-2.501712e+02
9.000000e-08	-4.588107e-06	-3.841099e-09	-3.415187e+01	-2.500435e+02
1.000000e-07	-4.571578e-06	-3.848357e-09	-3.402883e+01	-2.499521e+02
1.100000e-07	-4.553080e-06	-3.829514e-09	-3.389114e+01	-2.498690e+02
1.200000e-07	-4.533112e-06	-3.821008e-09	-3.374251e+01	-2.497525e+02
1.300000e-07	-4.512003e-06	-3.745750e-09	-3.358538e+01	-2.495655e+02
1.400000e-07	-4.489820e-06	-3.798322e-09	-3.342026e+01	-2.492917e+02
1.500000e-07	-4.466296e-06	-3.863967e-09	-3.324516e+01	-2.489424e+02
1.600000e-07	-4.441344e-06	-3.729904e-09	-3.305942e+01	-2.485503e+02
1.700000e-07	-4.414860e-06	-3.782847e-09	-3.286229e+01	-2.481530e+02
1.800000e-07	-4.386700e-06	-3.824223e-09	-3.265268e+01	-2.477749e+02
1.900000e-07	-4.356983e-06	-3.699307e-09	-3.243148e+01	-2.474144e+02
2.000000e-07	-4.325935e-06	-3.786416e-09	-3.220037e+01	-2.470454e+02
2.100000e-07	-4.293362e-06	-3.812919e-09	-3.195791e+01	-2.466291e+02
2.200000e-07	-4.259028e-06	-3.709801e-09	-3.170235e+01	-2.461336e+02
2.300000e-07	-4.223207e-06	-3.761300e-09	-3.143571e+01	-2.455496e+02
2.400000e-07	-4.185932e-06	-3.735073e-09	-3.115825e+01	-2.448957e+02
2.500000e-07	-4.147191e-06	-3.679026e-09	-3.086988e+01	-2.442103e+02
2.600000e-07	-4.106961e-06	-3.746281e-09	-3.057043e+01	-2.435346e+02
2.700000e-07	-4.064963e-06	-3.719387e-09	-3.025781e+01	-2.428939e+02
2.800000e-07	-4.021365e-06	-3.688212e-09	-2.993329e+01	-2.422872e+02
2.900000e-07	-3.976355e-06	-3.702667e-09	-2.959825e+01	-2.416890e+02
3.000000e-07	-3.929897e-06	-3.667253e-09	-2.925244e+01	-2.410628e+02
3.100000e-07	-3.881939e-06	-3.652143e-09	-2.889546e+01	-2.403793e+02
3.200000e-07	-3.832176e-06	-3.668977e-09	-2.852505e+01	-2.396300e+02
3.300000e-07	-3.780597e-06	-3.642368e-09	-2.814112e+01	-2.388305e+02
3.400000e-07	-3.727539e-06	-3.600448e-09	-2.774617e+01	-2.380111e+02
3.500000e-07	-3.673231e-06	-3.621230e-09	-2.734193e+01	-2.372006e+02
3.600000e-07	-3.617809e-06	-3.621210e-09	-2.692939e+01	-2.364109e+02
3.700000e-07	-3.561178e-06	-3.578543e-09	-2.650786e+01	-2.356294e+02
3.800000e-07	-3.503039e-06	-3.575200e-09	-2.607510e+01	-2.348247e+02
3.900000e-07	-3.443460e-06	-3.559880e-09	-2.563162e+01	-2.339608e+02
4.000000e-07	-3.382738e-06	-3.539002e-09	-2.517962e+01	-2.330142e+02
4.100000e-07	-3.320931e-06	-3.533354e-09	-2.471956e+01	-2.319852e+02
4.200000e-07	-3.258104e-06	-3.511606e-09	-2.425191e+01	-2.308975e+02
4.300000e-07	-3.194275e-06	-3.499810e-09	-2.377679e+01	-2.297876e+02
4.400000e-07	-3.129189e-06	-3.480992e-09	-2.329231e+01	-2.286875e+02
4.500000e-07	-3.062640e-06	-3.447250e-09	-2.279696e+01	-2.276107e+02
4.600000e-07	-2.994927e-06	-3.437350e-09	-2.229293e+01	-2.265461e+02
4.700000e-07	-2.926336e-06	-3.436712e-09	-2.178237e+01	-2.254641e+02
4.800000e-07	-2.856857e-06	-3.415508e-09	-2.126520e+01	-2.243302e+02
4.900000e-07	-2.786457e-06	-3.381318e-09	-2.074117e+01	-2.231212e+02
5.000000e-07	-2.715100e-06	-3.364584e-09	-2.021002e+01	-2.218340e+02
5.100000e-07	-2.642772e-06	-3.348151e-09	-1.967164e+01	-2.204860e+02
5.200000e-07	-2.569346e-06	-3.319851e-09	-1.912509e+01	-2.191049e+02
5.300000e-07	-2.494662e-06	-3.300511e-09	-1.856917e+01	-2.177145e+02
5.400000e-07	-2.418852e-06	-3.286160e-09	-1.800488e+01	-2.163225e+02
5.500000e-07	-2.342160e-06	-3.268001e-09	-1.743402e+01	-2.149157e+02
5.600000e-07	-2.264530e-06	-3.240671e-09	-1.685618e+01	-2.134653e+02
5.700000e-07	-2.185824e-06	-3.217636e-09	-1.627032e+01	-2.119381e+02
5.800000e-07	-2.106096e-06	-3.194638e-09	-1.567686e+01	-2.103098e+02
5.900000e-07	-2.025540e-06	-3.158548e-09	-1.507723e+01	-2.085735e+02
6.000000e-07	-1.944259e-06	-3.123067e-09	-1.447221e+01	-2.067407e+02
6.100000e-07	-1.862276e-06	-3.102659e-09	-1.386197e+01	-2.048349e+02
6.200000e-07	-1.779688e-06	-3.081105e-09	-1.324722e+01	-2.028803e+02
6.300000e-07	-1.696608e-06	-3.044836e-09	-1.262881e+01	-2.008920e+02
6.400000e-07	-1.613047e-06	-3.012409e-09	-1.200682e+01	-1.988698e+02
6.500000e-07	-1.529021e-06	-2.985425e-09	-1.138137e+01	-1.967984e+02
6.600000e-07	-1.444641e-06	-2.950788e-09	-1.075328e+01	-1.946531e+02
6.700000e-07	-1.359833e-06	-2.911430e-09	-1.012200e+01	-1.924077e+02
6.800000e-07	-1.274479e-06	-2.876858e-09	-9.486663e+00	-1.900417e+02
6.900000e-07	-1.188678e-06	-2.841135e-09	-8.848002e+00	-1.875442e+02
7.000000e-07	-1.102617e-06	-2.799496e-09	-8.207398e+00	-1.849144e+02
7.100000e-07	-1.016274e-06	-2.756882e-09	-7.564703e+00	-1.821583e+02
7.200000e-07	-9.295594e-07	-2.716026e-09	-6.919234e+00	-1.792838e+02
7.300000e-07	-8.425754e-07	-2.672539e-09	-6.271764e+00	-1.762957e+02
7.400000e-07	-7.553624e-07	-2.624211e-09	-5.622588e+00	-1.731917e+02
7.500000e-07	-6.679057e-07	-2.575864e-09	-4.971599e+00	-1.699610e+02
7.600000e-07	-5.802602e-07	-2.524032e-09	-4.319204e+00	-1.665844e+02
7.700000e-07	-4.924611e-07	-2.468179e-09	-3.665665e+00	-1.630376e+02
7.800000e-07	-4.045142e-07	-2.409392e-09	-3.011027e+00	-1.592947e+02
7.900000e-07	-3.164811e-07	-2.347660e-09	-2.355747e+00	-1.553323e+02
8.000000e-07	-2.283888e-07	-2.282565e-09	-1.700027e+00	-1.511318e+02
8.100000e-07	-1.401820e-07	-2.214816e-09	-1.043453e+00	-1.466787e+02
8.200000e-07	-5.192219e-08	-2.146659e-09	-3.864861e-01	-1.419581e+02
8.300000e-07	3.632297e-08	-2.074460e-09	2.703724e-01	-1.369493e+02
8.400000e-07	1.246036e-07	-1.995497e-09	9.274949e-01	-1.316201e+02
8.500000e-07	2.128608e-07	-1.908618e-09	1.584443e+00	-1.259238e+02
8.600000e-07	3.010490e-07	-1.815820e-09	2.240878e+00	-1.198013e+02
8.700000e-07	3.891810e-07	-1.715898e-09	2.896893e+00	-1.131866e+02
8.800000e-07	4.772277e-07	-1.606128e-09	3.552275e+00	-1.060139e+02
8.900000e-07	5.651535e-07	-1.487669e-09	4.206756e+00	-9.822218e+01
9.000000e-07	6.529217e-07	-1.358959e-09	4.860064e+00	-8.975493e+01
9.100000e-07	7.404774e-07	-1.217806e-09	5.511791e+00	-8.055500e+01
9.200000e-07	8.278028e-07	-1.064652e-09	6.161803e+00	-7.055798e+01
9.300000e-07	9.148841e-07	-9.001291e-10	6.809998e+00	-5.969017e+01
9.400000e-07	1.001671e-06	-7.219679e-10	7.455999e+00	-4.787644e+01
9.500000e-07	1.088119e-06	-5.275142e-10	8.099485e+00	-3.506053e+01
9.600000e-07	1.174222e-06	-3.164373e-10	8.740395e+00	-2.123453e+01
9.700000e-07	1.259915e-06	-9.058395e-11	9.378255e+00	-6.469060e+00
9.800000e-07	1.345145e-06	1.470212e-10	1.001267e+01	9.066685e+00
9.900000e-07	1.429902e-06	3.922935e-10	1.064356e+01	2.510477e+01
1.000000e-06	1.514156e-06	6.410906e-10	1.127071e+01	4.130190e+01
1.010000e-06	1.598017e-06	8.842206e-10	1.189494e+01	5.728240e+01
1.020000e-06	1.681466e-06	1.114008e-09	1.251610e+01	7.268992e+01
1.030000e-06	1.764308e-06	1.331577e-09	1.313274e+01	8.723383e+01
1.040000e-06	1.846394e-06	1.535203e-09	1.374375e+01	1.007184e+02
1.050000e-06	1.927740e-06	1.721324e-09	1.434925e+01	1.130488e+02
1.060000e-06	2.008431e-06	1.889845e-09	1.494989e+01	1.242170e+02
1.070000e-06	2.088438e-06	2.044719e-09	1.554542e+01	1.342749e+02
1.080000e-06	2.167625e-06	2.183678e-09	1.613486e+01	1.433071e+02
1.090000e-06	2.245951e-06	2.305524e-09	1.671788e+01	1.514112e+02
1.100000e-06	2.323483e-06	2.414175e-09	1.729499e+01	1.586887e+02
1.110000e-06	2.400256e-06	2.511812e-09	1.786646e+01	1.652439e+02
1.120000e-06	2.476259e-06	2.600250e-09	1.843219e+01	1.711845e+02
1.130000e-06	2.551338e-06	2.680960e-09	1.899105e+01	1.766185e+02
1.140000e-06	2.625146e-06	2.757631e-09	1.954044e+01	1.816449e+02
1.150000e-06	2.697704e-06	2.829072e-09	2.008053e+01	1.863413e+02
1.160000e-06	2.769385e-06	2.894976e-09	2.061409e+01	1.907546e+02
1.170000e-06	2.840212e-06	2.956392e-09	2.114130e+01	1.948987e+02
1.180000e-06	2.910027e-06	3.012864e-09	2.166097e+01	1.987648e+02
1.190000e-06	2.978778e-06	3.063238e-09	2.217273e+01	2.023370e+02
1.200000e-06	3.046659e-06	3.109099e-09	2.267800e+01	2.056108e+02
1.210000e-06	3.113612e-06	3.151721e-09	2.317637e+01	2.086038e+02
1.220000e-06	3.179214e-06	3.190622e-09	2.366468e+01	2.113557e+02
1.230000e-06	3.243477e-06	3.227994e-09	2.414303e+01	2.139177e+02
1.240000e-06	3.306642e-06	3.263323e-09	2.461320e+01	2.163357e+02
1.250000e-06	3.368681e-06	3.296342e-09	2.507499e+01	2.186371e+02
1.260000e-06	3.429558e-06	3.328125e-09	2.552813e+01	2.208254e+02
1.270000e-06	3.489470e-06	3.357152e-09	2.597409e+01	2.228859e+02
1.280000e-06	3.548265e-06	3.383449e-09	2.641174e+01	2.247991e+02
1.290000e-06	3.605459e-06	3.408785e-09	2.683747e+01	2.265550e+02
1.300000e-06	3.661167e-06	3.433287e-09	2.725213e+01	2.281615e+02
1.310000e-06	3.715656e-06	3.456314e-09	2.765772e+01	2.296431e+02
1.320000e-06	3.768820e-06	3.477038e-09	2.805345e+01	2.310323e+02
1.330000e-06	3.820476e-06	3.495138e-09	2.843796e+01	2.323564e+02
1.340000e-06	3.870384e-06	3.511807e-09	2.880945e+01	2.336285e+02
1.350000e-06	3.918642e-06	3.527764e-09	2.916866e+01	2.348459e+02
1.360000e-06	3.965519e-06	3.544413e-09	2.951759e+01	2.359959e+02
1.370000e-06	4.011043e-06	3.562577e-09	2.985646e+01	2.370669e+02
1.380000e-06	4.055350e-06	3.579677e-09	3.018626e+01	2.380570e+02
1.390000e-06	4.098314e-06	3.594415e-09	3.050606e+01	2.389774e+02
1.400000e-06	4.139556e-06	3.608985e-09	3.081304e+01	2.398485e+02
1.410000e-06	4.179216e-06	3.623287e-09	3.110826e+01	2.406905e+02
1.420000e-06	4.217509e-06	3.635084e-09	3.139330e+01	2.415150e+02
1.430000e-06	4.254449e-06	3.644887e-09	3.166826e+01	2.423210e+02
1.440000e-06	4.290087e-06	3.655454e-09	3.193353e+01	2.430969e+02
1.450000e-06	4.324095e-06	3.668216e-09	3.218667e+01	2.438280e+02
1.460000e-06	4.356381e-06	3.680736e-09	3.242700e+01	2.445048e+02
1.470000e-06	4.387210e-06	3.691330e-09	3.265648e+01	2.451273e+02
1.480000e-06	4.416595e-06	3.699710e-09	3.287521e+01	2.457048e+02
1.490000e-06	4.444656e-06	3.707354e-09	3.308408e+01	2.462495e+02
1.500000e-06	4.471113e-06	3.714597e-09	3.328101e+01	2.467699e+02
1.510000e-06	4.495651e-06	3.721377e-09	3.346366e+01	2.472670e+02
1.520000e-06	4.518548e-06	3.728958e-09	3.363410e+01	2.477349e+02
1.530000e-06	4.539944e-06	3.735676e-09	3.379336e+01	2.481658e+02
1.540000e-06	4.559954e-06	3.741684e-09	3.394231e+01	2.485564e+02
1.550000e-06	4.578441e-06	3.748127e-09	3.407992e+01	2.489112e+02
1.560000e-06	4.595195e-06	3.755374e-09	3.420463e+01	2.492405e+02
1.570000e-06	4.610238e-06	3.761900e-09	3.431660e+01	2.495554e+02
1.580000e-06	4.623563e-06	3.766365e-09	3.441578e+01	2.498601e+02
1.590000e-06	4.635089e-06	3.771587e-09	3.450158e+01	2.501492e+02
1.600000e-06	4.644672e-06	3.777487e-09	3.457291e+01	2.504095e+02
1.610000e-06	4.652471e-06	3.781856e-09	3.463096e+01	2.506267e+02
1.620000e-06	4.658658e-06	3.783900e-09	3.467702e+01	2.507942e+02
1.630000e-06	4.663305e-06	3.785484e-09	3.471160e+01	2.509177e+02
1.640000e-06	4.666373e-06	3.786966e-09	3.473445e+01	2.510137e+02
1.650000e-06	4.667617e-06	3.790841e-09	3.474370e+01	2.511010e+02
1.660000e-06	4.667154e-06	3.796017e-09	3.474026e+01	2.511903e+02
1.670000e-06	4.665196e-06	3.798108e-09	3.472568e+01	2.512770e+02
1.680000e-06	4.661842e-06	3.800393e-09	3.470071e+01	2.513414e+02
1.690000e-06	4.657190e-06	3.799407e-09	3.466609e+01	2.513572e+02
1.700000e-06	4.650889e-06	3.797670e-09	3.461919e+01	2.513050e+02
1.710000e-06	4.642868e-06	3.797984e-09	3.455948e+01	2.511837e+02
1.720000e-06	4.633513e-06	3.802275e-09	3.448985e+01	2.510140e+02
1.730000e-06	4.622842e-06	3.814932e-09	3.441042e+01	2.508313e+02
1.740000e-06	4.610589e-06	3.776572e-09	3.431921e+01	2.506706e+02
1.750000e-06	4.596203e-06	3.749118e-09	3.421213e+01	2.505506e+02
1.760000e-06	4.579312e-06	3.764341e-09	3.408640e+01	2.504635e+02
1.770000e-06	4.560342e-06	3.767721e-09	3.394519e+01	2.503778e+02
1.780000e-06	4.540137e-06	3.847108e-09	3.379480e+01	2.502512e+02
1.790000e-06	4.519425e-06	3.789761e-09	3.364063e+01	2.500493e+02
1.800000e-06	4.497700e-06	3.716523e-09	3.347891e+01	2.497607e+02
1.810000e-06	4.473842e-06	3.850740e-09	3.330133e+01	2.494011e+02
1.820000e-06	4.448222e-06	3.781108e-09	3.311062e+01	2.490056e+02
1.830000e-06	4.421450e-06	3.735182e-09	3.291135e+01	2.486108e+02
1.840000e-06	4.392944e-06	3.878198e-09	3.269916e+01	2.482369e+02
1.850000e-06	4.362489e-06	3.783841e-09	3.247246e+01	2.478777e+02
1.860000e-06	4.330528e-06	3.744339e-09	3.223456e+01	2.475033e+02
1.870000e-06	4.297078e-06	3.849068e-09	3.198557e+01	2.470750e+02
1.880000e-06	4.262313e-06	3.750343e-09	3.172679e+01	2.465637e+02
1.890000e-06	4.226219e-06	3.782051e-09	3.145813e+01	2.459653e+02
1.900000e-06	4.188289e-06	3.810873e-09	3.117579e+01	2.453028e+02
1.910000e-06	4.148679e-06	3.691237e-09	3.088096e+01	2.446165e+02
1.920000e-06	4.107562e-06	3.761303e-09	3.057490e+01	2.439461e+02
1.930000e-06	4.065017e-06	3.724589e-09	3.025821e+01	2.433125e+02
1.940000e-06	4.021316e-06	3.676529e-09	2.993292e+01	2.427099e+02
1.950000e-06	3.976180e-06	3.758415e-09	2.959695e+01	2.421097e+02
1.960000e-06	3.929426e-06	3.702172e-09	2.924893e+01	2.414752e+02
1.970000e-06	3.881130e-06	3.672696e-09	2.888943e+01	2.407800e+02
1.980000e-06	3.831371e-06	3.681289e-09	2.851905e+01	2.400202e+02
1.990000e-06	3.780284e-06	3.673722e-09	2.813879e+01	2.392148e+02
2.000000e-06	3.727676e-06	3.664090e-09	2.774719e+01	2.383954e+02
2.010000e-06	3.673467e-06	3.617516e-09	2.734369e+01	2.375887e+02
2.020000e-06	3.617794e-06	3.649261e-09	2.692928e+01	2.368022e+02
2.030000e-06	3.560776e-06	3.619475e-09	2.650486e+01	2.360194e+02
2.040000e-06	3.502512e-06	3.583187e-09	2.607117e+01	2.352068e+02
2.050000e-06	3.443112e-06	3.610966e-09	2.562902e+01	2.343295e+02
2.060000e-06	3.382741e-06	3.583947e-09	2.517965e+01	2.333676e+02
2.070000e-06	3.321101e-06	3.579013e-09	2.472083e+01	2.323260e+02
2.080000e-06	3.257997e-06	3.529691e-09	2.425110e+01	2.312318e+02
2.090000e-06	3.193720e-06	3.523092e-09	2.377266e+01	2.301218e+02
2.100000e-06	3.128368e-06	3.551122e-09	2.328621e+01	2.290259e+02
2.110000e-06	3.062008e-06	3.494348e-09	2.279225e+01	2.279529e+02
2.120000e-06	2.994685e-06	3.471569e-09	2.229113e+01	2.268879e+02
2.130000e-06	2.926393e-06	3.464101e-09	2.178279e+01	2.257992e+02
2.140000e-06	2.856909e-06	3.459373e-09	2.126558e+01	2.246533e+02
2.150000e-06	2.786029e-06	3.430724e-09	2.073799e+01	2.234301e+02
2.160000e-06	2.714039e-06	3.407658e-09	2.020212e+01	2.221305e+02
2.170000e-06	2.641217e-06	3.416086e-09	1.966007e+01	2.207746e+02
2.180000e-06	2.567566e-06	3.381068e-09	1.911184e+01	2.193907e+02
2.190000e-06	2.492973e-06	3.345827e-09	1.855660e+01	2.180002e+02
2.200000e-06	2.417450e-06	3.328159e-09	1.799444e+01	2.166073e+02
2.210000e-06	2.340914e-06	3.320824e-09	1.742474e+01	2.151953e+02
2.220000e-06	2.263226e-06	3.293403e-09	1.684646e+01	2.137337e+02
2.230000e-06	2.184460e-06	3.257452e-09	1.626017e+01	2.121900e+02
2.240000e-06	2.104745e-06	3.250910e-09	1.566681e+01	2.105425e+02
2.250000e-06	2.024349e-06	3.233347e-09	1.506837e+01	2.087879e+02
2.260000e-06	1.943358e-06	3.195577e-09	1.446551e+01	2.069404e+02
2.270000e-06	1.861715e-06	3.160217e-09	1.385779e+01	2.050244e+02
2.280000e-06	1.779486e-06	3.138172e-09	1.324571e+01	2.030633e+02
2.290000e-06	1.696593e-06	3.108081e-09	1.262870e+01	2.010697e+02
2.300000e-06	1.613128e-06	3.068911e-09	1.200742e+01	1.990403e+02
2.310000e-06	1.529246e-06	3.042879e-09	1.138304e+01	1.969579e+02
2.320000e-06	1.444952e-06	3.014759e-09	1.075559e+01	1.947967e+02
2.330000e-06	1.360204e-06	2.976413e-09	1.012476e+01	1.925313e+02
2.340000e-06	1.274924e-06	2.937674e-09	9.489976e+00	1.901424e+02
2.350000e-06	1.189122e-06	2.902645e-09	8.851308e+00	1.876213e+02
2.360000e-06	1.102705e-06	2.864442e-09	8.208055e+00	1.849686e+02
2.370000e-06	1.015756e-06	2.818873e-09	7.560842e+00	1.821910e+02
2.380000e-06	9.284479e-07	2.775922e-09	6.910961e+00	1.792962e+02
2.390000e-06	8.407986e-07	2.732036e-09	6.258538e+00	1.762880e+02
2.400000e-06	7.528747e-07	2.679811e-09	5.604071e+00	1.731626e+02
2.410000e-06	6.647832e-07	2.627719e-09	4.948356e+00	1.699077e+02
2.420000e-06	5.765739e-07	2.577896e-09	4.291764e+00	1.665028e+02
2.430000e-06	4.882494e-07	2.525074e-09	3.634316e+00	1.629230e+02
2.440000e-06	3.998478e-07	2.469658e-09	2.976292e+00	1.591427e+02
2.450000e-06	3.113153e-07	2.414014e-09	2.317295e+00	1.551392e+02
2.460000e-06	2.226323e-07	2.351599e-09	1.657177e+00	1.508948e+02
2.470000e-06	1.339013e-07	2.278121e-09	9.967027e-01	1.463953e+02
2.480000e-06	4.516408e-08	2.200157e-09	3.361817e-01	1.416252e+02
2.490000e-06	-4.366126e-08	2.120813e-09	-3.249954e-01	1.365622e+02
2.500000e-06	-1.324855e-07	2.037772e-09	-9.861639e-01	1.311715e+02
2.510000e-06	-2.211469e-07	1.948346e-09	-1.646121e+00	1.254039e+02
2.520000e-06	-3.096810e-07	1.854649e-09	-2.305130e+00	1.191986e+02
2.530000e-06	-3.981991e-07	1.753974e-09	-2.964020e+00	1.124892e+02
2.540000e-06	-4.866552e-07	1.641206e-09	-3.622449e+00	1.052104e+02
2.550000e-06	-5.749554e-07	1.517421e-09	-4.279717e+00	9.730234e+01
2.560000e-06	-6.631574e-07	1.386373e-09	-4.936254e+00	8.870877e+01
2.570000e-06	-7.512087e-07	1.246734e-09	-5.591670e+00	7.937170e+01
2.580000e-06	-8.390324e-07	1.091891e-09	-6.245391e+00	6.922500e+01
2.590000e-06	-9.266068e-07	9.229380e-10	-6.897256e+00	5.819377e+01
2.600000e-06	-1.013857e-06	7.399085e-10	-7.546709e+00	4.620442e+01
2.610000e-06	-1.100584e-06	5.406380e-10	-8.192270e+00	3.320702e+01
2.620000e-06	-1.186692e-06	3.251899e-10	-8.833221e+00	1.920560e+01
2.630000e-06	-1.272168e-06	9.648480e-11	-9.469462e+00	4.287391e+00
2.640000e-06	-1.357014e-06	-1.403812e-10	-1.010102e+01	-1.136013e+01
2.650000e-06	-1.441359e-06	-3.840331e-10	-1.072885e+01	-2.745318e+01
2.660000e-06	-1.525255e-06	-6.320577e-10	-1.135333e+01	-4.363912e+01
2.670000e-06	-1.608677e-06	-8.777266e-10	-1.197429e+01	-5.954188e+01
2.680000e-06	-1.691546e-06	-1.114707e-09	-1.259113e+01	-7.481383e+01
2.690000e-06	-1.773845e-06	-1.338068e-09	-1.320373e+01	-8.917976e+01
2.700000e-06	-1.855536e-06	-1.542938e-09	-1.381180e+01	-1.024622e+02
2.710000e-06	-1.936569e-06	-1.727011e-09	-1.441498e+01	-1.145834e+02
2.720000e-06	-2.017032e-06	-1.892576e-09	-1.501391e+01	-1.255480e+02
2.730000e-06	-2.096966e-06	-2.044195e-09	-1.560890e+01	-1.354158e+02
2.740000e-06	-2.176195e-06	-2.182129e-09	-1.619865e+01	-1.442747e+02
2.750000e-06	-2.254339e-06	-2.305952e-09	-1.678031e+01	-1.522235e+02
2.760000e-06	-2.331336e-06	-2.417091e-09	-1.735345e+01	-1.593641e+02
2.770000e-06	-2.407362e-06	-2.516679e-09	-1.791935e+01	-1.658014e+02
2.780000e-06	-2.482462e-06	-2.605838e-09	-1.847837e+01	-1.716435e+02
2.790000e-06	-2.556706e-06	-2.688554e-09	-1.903100e+01	-1.769977e+02
2.800000e-06	-2.630085e-06	-2.768269e-09	-1.957721e+01	-1.819601e+02
2.810000e-06	-2.702616e-06	-2.841686e-09	-2.011709e+01	-1.866033e+02
2.820000e-06	-2.774375e-06	-2.908963e-09	-2.065123e+01	-1.909681e+02
2.830000e-06	-2.845084e-06	-2.973285e-09	-2.117756e+01	-1.950635e+02
2.840000e-06	-2.914506e-06	-3.034175e-09	-2.169431e+01	-1.988780e+02
2.850000e-06	-2.982839e-06	-3.090650e-09	-2.220295e+01	-2.023965e+02
2.860000e-06	-3.050188e-06	-3.142095e-09	-2.270427e+01	-2.056179e+02
2.870000e-06	-3.116564e-06	-3.190737e-09	-2.319834e+01	-2.085642e+02
2.880000e-06	-3.181872e-06	-3.236207e-09	-2.368446e+01	-2.112782e+02
2.890000e-06	-3.246150e-06	-3.277169e-09	-2.416292e+01	-2.138113e+02
2.900000e-06	-3.309359e-06	-3.315573e-09	-2.463343e+01	-2.162070e+02
2.910000e-06	-3.371108e-06	-3.352482e-09	-2.509306e+01	-2.184884e+02
2.920000e-06	-3.431490e-06	-3.385822e-09	-2.554252e+01	-2.206551e+02
2.930000e-06	-3.490790e-06	-3.417160e-09	-2.598391e+01	-2.226905e+02
2.940000e-06	-3.548873e-06	-3.449241e-09	-2.641626e+01	-2.245757e+02
2.950000e-06	-3.605681e-06	-3.478362e-09	-2.683912e+01	-2.263036e+02
2.960000e-06	-3.661309e-06	-3.500682e-09	-2.725318e+01	-2.278854e+02
2.970000e-06	-3.715424e-06	-3.522118e-09	-2.765599e+01	-2.293479e+02
2.980000e-06	-3.767793e-06	-3.546647e-09	-2.804580e+01	-2.307236e+02
2.990000e-06	-3.818686e-06	-3.569674e-09	-2.842463e+01	-2.320377e+02
3.000000e-06	-3.868052e-06	-3.588128e-09	-2.879209e+01	-2.333005e+02
3.010000e-06	-3.915665e-06	-3.604851e-09	-2.914650e+01	-2.345066e+02
3.020000e-06	-3.961827e-06	-3.622257e-09	-2.949011e+01	-2.356430e+02
3.030000e-06	-4.006760e-06	-3.638044e-09	-2.982457e+01	-2.366991e+02
3.040000e-06	-4.050480e-06	-3.652355e-09	-3.015001e+01	-2.376754e+02
3.050000e-06	-4.093033e-06	-3.665537e-09	-3.046675e+01	-2.385853e+02
3.060000e-06	-4.134240e-06	-3.676859e-09	-3.077348e+01	-2.394496e+02
3.070000e-06	-4.174155e-06	-3.688607e-09	-3.107059e+01	-2.402877e+02
3.080000e-06	-4.212522e-06	-3.700620e-09	-3.135617e+01	-2.411092e+02
3.090000e-06	-4.249149e-06	-3.713112e-09	-3.162881e+01	-2.419107e+02
3.100000e-06	-4.284347e-06	-3.724647e-09	-3.189081e+01	-2.426795e+02
3.110000e-06	-4.318130e-06	-3.734377e-09	-3.214227e+01	-2.434011e+02
3.120000e-06	-4.350486e-06	-3.744007e-09	-3.238312e+01	-2.440677e+02
3.130000e-06	-4.381298e-06	-3.753734e-09	-3.261247e+01	-2.446812e+02
3.140000e-06	-4.410360e-06	-3.762829e-09	-3.282879e+01	-2.452517e+02
3.150000e-06	-4.437840e-06	-3.769944e-09	-3.303334e+01	-2.457914e+02
3.160000e-06	-4.463827e-06	-3.776548e-09	-3.322678e+01	-2.463077e+02
3.170000e-06	-4.488336e-06	-3.782517e-09	-3.340921e+01	-2.467999e+02
3.180000e-06	-4.511292e-06	-3.789531e-09	-3.358009e+01	-2.472615e+02
3.190000e-06	-4.532506e-06	-3.798113e-09	-3.373800e+01	-2.476851e+02
3.200000e-06	-4.552092e-06	-3.805037e-09	-3.388379e+01	-2.480685e+02
3.210000e-06	-4.570097e-06	-3.808549e-09	-3.401781e+01	-2.484177e+02
3.220000e-06	-4.586539e-06	-3.811694e-09	-3.414020e+01	-2.487436e+02
3.230000e-06	-4.601198e-06	-3.814939e-09	-3.424931e+01	-2.490564e+02
3.240000e-06	-4.613919e-06	-3.818822e-09	-3.434400e+01	-2.493588e+02
3.250000e-06	-4.624932e-06	-3.822634e-09	-3.442598e+01	-2.496437e+02
3.260000e-06	-4.634298e-06	-3.824569e-09	-3.449569e+01	-2.498970e+02
3.270000e-06	-4.642078e-06	-3.826385e-09	-3.455360e+01	-2.501053e+02
3.280000e-06	-4.648081e-06	-3.829063e-09	-3.459829e+01	-2.502639e+02
3.290000e-06	-4.652331e-06	-3.831898e-09	-3.462992e+01	-2.503810e+02
3.300000e-06	-4.655135e-06	-3.833040e-09	-3.465079e+01	-2.504739e+02
3.310000e-06	-4.656448e-06	-3.832260e-09	-3.466057e+01	-2.505609e+02
