# Temperatura_=_20.0
# Concentracion g/m^3_=_6200.0
# C_Vs_to_Am_M_A/Vsm_=_65563218390.804596
# pendiente_HvsI_1/m_=_3716.3
# ordenada_HvsI_A/m_=_1297.0
# frecuencia_Hz_=_301521.2803050414

Tiempo_(s)	Campo_(V.s)	Magnetizacion_(V.s)	Campo_(kA/m)	Magnetizacion_(A/m)
0.000000e+00	-4.643971e-06	-3.553958e-09	-3.466235e+01	-2.303371e+02
1.000000e-08	-4.642619e-06	-3.556682e-09	-3.465226e+01	-2.303815e+02
2.000000e-08	-4.639542e-06	-3.557221e-09	-3.462929e+01	-2.303752e+02
3.000000e-08	-4.634978e-06	-3.555258e-09	-3.459523e+01	-2.303220e+02
4.000000e-08	-4.629095e-06	-3.552101e-09	-3.455132e+01	-2.302281e+02
5.000000e-08	-4.621894e-06	-3.549438e-09	-3.449757e+01	-2.301019e+02
6.000000e-08	-4.613202e-06	-3.546235e-09	-3.443269e+01	-2.299527e+02
7.000000e-08	-4.602688e-06	-3.534788e-09	-3.435422e+01	-2.297910e+02
8.000000e-08	-4.590370e-06	-3.509543e-09	-3.426228e+01	-2.296268e+02
9.000000e-08	-4.576188e-06	-3.522786e-09	-3.415642e+01	-2.294693e+02
1.000000e-07	-4.559749e-06	-3.544411e-09	-3.403372e+01	-2.293261e+02
1.100000e-07	-4.541310e-06	-3.542738e-09	-3.389609e+01	-2.292025e+02
1.200000e-07	-4.521451e-06	-3.552759e-09	-3.374787e+01	-2.291011e+02
1.300000e-07	-4.500417e-06	-3.485762e-09	-3.359087e+01	-2.290215e+02
1.400000e-07	-4.478283e-06	-3.487782e-09	-3.342566e+01	-2.289604e+02
1.500000e-07	-4.454879e-06	-3.571447e-09	-3.325098e+01	-2.289119e+02
1.600000e-07	-4.430108e-06	-3.461047e-09	-3.306609e+01	-2.288678e+02
1.700000e-07	-4.403869e-06	-3.496416e-09	-3.287024e+01	-2.288179e+02
1.800000e-07	-4.375865e-06	-3.612748e-09	-3.266122e+01	-2.287509e+02
1.900000e-07	-4.346231e-06	-3.522199e-09	-3.244004e+01	-2.286554e+02
2.000000e-07	-4.315369e-06	-3.525633e-09	-3.220968e+01	-2.285199e+02
2.100000e-07	-4.283082e-06	-3.513349e-09	-3.196870e+01	-2.283338e+02
2.200000e-07	-4.248928e-06	-3.420418e-09	-3.171377e+01	-2.280882e+02
2.300000e-07	-4.213202e-06	-3.516263e-09	-3.144711e+01	-2.277759e+02
2.400000e-07	-4.176082e-06	-3.549416e-09	-3.117005e+01	-2.273917e+02
2.500000e-07	-4.137441e-06	-3.471995e-09	-3.088164e+01	-2.269328e+02
2.600000e-07	-4.097312e-06	-3.491825e-09	-3.058212e+01	-2.263987e+02
2.700000e-07	-4.055461e-06	-3.403283e-09	-3.026975e+01	-2.257906e+02
2.800000e-07	-4.012013e-06	-3.368642e-09	-2.994545e+01	-2.251119e+02
2.900000e-07	-3.967160e-06	-3.441593e-09	-2.961067e+01	-2.243672e+02
3.000000e-07	-3.920811e-06	-3.427636e-09	-2.926472e+01	-2.235623e+02
3.100000e-07	-3.873076e-06	-3.413964e-09	-2.890843e+01	-2.227035e+02
3.200000e-07	-3.823638e-06	-3.409901e-09	-2.853943e+01	-2.217976e+02
3.300000e-07	-3.772290e-06	-3.360009e-09	-2.815617e+01	-2.208511e+02
3.400000e-07	-3.719390e-06	-3.322629e-09	-2.776133e+01	-2.198702e+02
3.500000e-07	-3.665156e-06	-3.335477e-09	-2.735653e+01	-2.188601e+02
3.600000e-07	-3.609787e-06	-3.340838e-09	-2.694326e+01	-2.178254e+02
3.700000e-07	-3.553366e-06	-3.289664e-09	-2.652214e+01	-2.167693e+02
3.800000e-07	-3.495434e-06	-3.251198e-09	-2.608973e+01	-2.156939e+02
3.900000e-07	-3.435972e-06	-3.257678e-09	-2.564591e+01	-2.145999e+02
4.000000e-07	-3.375374e-06	-3.264260e-09	-2.519361e+01	-2.134867e+02
4.100000e-07	-3.313720e-06	-3.229574e-09	-2.473343e+01	-2.123525e+02
4.200000e-07	-3.251017e-06	-3.169687e-09	-2.426541e+01	-2.111942e+02
4.300000e-07	-3.187374e-06	-3.188446e-09	-2.379039e+01	-2.100076e+02
4.400000e-07	-3.122672e-06	-3.206620e-09	-2.330746e+01	-2.087878e+02
4.500000e-07	-3.056430e-06	-3.136568e-09	-2.281303e+01	-2.075292e+02
4.600000e-07	-2.988871e-06	-3.092856e-09	-2.230877e+01	-2.062260e+02
4.700000e-07	-2.920520e-06	-3.101391e-09	-2.179860e+01	-2.048721e+02
4.800000e-07	-2.851346e-06	-3.082994e-09	-2.128229e+01	-2.034621e+02
4.900000e-07	-2.781127e-06	-3.025110e-09	-2.075818e+01	-2.019908e+02
5.000000e-07	-2.709897e-06	-3.016485e-09	-2.022652e+01	-2.004544e+02
5.100000e-07	-2.637829e-06	-3.035946e-09	-1.968862e+01	-1.988498e+02
5.200000e-07	-2.564816e-06	-2.993960e-09	-1.914365e+01	-1.971755e+02
5.300000e-07	-2.490518e-06	-2.925223e-09	-1.858910e+01	-1.954314e+02
5.400000e-07	-2.414972e-06	-2.901577e-09	-1.802522e+01	-1.936186e+02
5.500000e-07	-2.338586e-06	-2.902287e-09	-1.745508e+01	-1.917395e+02
5.600000e-07	-2.261323e-06	-2.864251e-09	-1.687839e+01	-1.897974e+02
5.700000e-07	-2.183006e-06	-2.814649e-09	-1.629384e+01	-1.877959e+02
5.800000e-07	-2.103673e-06	-2.792036e-09	-1.570170e+01	-1.857389e+02
5.900000e-07	-2.023378e-06	-2.766237e-09	-1.510238e+01	-1.836297e+02
6.000000e-07	-1.942337e-06	-2.723071e-09	-1.449750e+01	-1.814704e+02
6.100000e-07	-1.860654e-06	-2.687916e-09	-1.388783e+01	-1.792619e+02
6.200000e-07	-1.778314e-06	-2.659041e-09	-1.327324e+01	-1.770033e+02
6.300000e-07	-1.695395e-06	-2.620963e-09	-1.265434e+01	-1.746913e+02
6.400000e-07	-1.611974e-06	-2.579651e-09	-1.203169e+01	-1.723208e+02
6.500000e-07	-1.528089e-06	-2.544466e-09	-1.140557e+01	-1.698844e+02
6.600000e-07	-1.443843e-06	-2.505784e-09	-1.077677e+01	-1.673730e+02
6.700000e-07	-1.359268e-06	-2.459909e-09	-1.014551e+01	-1.647762e+02
6.800000e-07	-1.274234e-06	-2.419183e-09	-9.510814e+00	-1.620826e+02
6.900000e-07	-1.188712e-06	-2.382503e-09	-8.872482e+00	-1.592808e+02
7.000000e-07	-1.102843e-06	-2.342896e-09	-8.231565e+00	-1.563597e+02
7.100000e-07	-1.016669e-06	-2.296400e-09	-7.588364e+00	-1.533093e+02
7.200000e-07	-9.301521e-07	-2.245639e-09	-6.942605e+00	-1.501209e+02
7.300000e-07	-8.433559e-07	-2.192296e-09	-6.294763e+00	-1.467874e+02
7.400000e-07	-7.563012e-07	-2.137395e-09	-5.644991e+00	-1.433034e+02
7.500000e-07	-6.690220e-07	-2.083931e-09	-4.993544e+00	-1.396645e+02
7.600000e-07	-5.815231e-07	-2.025959e-09	-4.340457e+00	-1.358676e+02
7.700000e-07	-4.938545e-07	-1.963288e-09	-3.686104e+00	-1.319091e+02
7.800000e-07	-4.061158e-07	-1.899152e-09	-3.031227e+00	-1.277848e+02
7.900000e-07	-3.182996e-07	-1.836372e-09	-2.375771e+00	-1.234885e+02
8.000000e-07	-2.304099e-07	-1.769186e-09	-1.719767e+00	-1.190114e+02
8.100000e-07	-1.424633e-07	-1.695271e-09	-1.063338e+00	-1.143406e+02
8.200000e-07	-5.446521e-08	-1.622088e-09	-4.065254e-01	-1.094592e+02
8.300000e-07	3.359211e-08	-1.548380e-09	2.507297e-01	-1.043458e+02
8.400000e-07	1.216385e-07	-1.466689e-09	9.079030e-01	-9.897453e+01
8.500000e-07	2.096427e-07	-1.375659e-09	1.564762e+00	-9.331609e+01
8.600000e-07	2.976389e-07	-1.282826e-09	2.221561e+00	-8.733860e+01
8.700000e-07	3.855587e-07	-1.188229e-09	2.877790e+00	-8.100936e+01
8.800000e-07	4.733558e-07	-1.087916e-09	3.533103e+00	-7.429685e+01
8.900000e-07	5.610820e-07	-9.807214e-10	4.187886e+00	-6.717306e+01
9.000000e-07	6.486940e-07	-8.688262e-10	4.841817e+00	-5.961585e+01
9.100000e-07	7.361235e-07	-7.486817e-10	5.494386e+00	-5.161142e+01
9.200000e-07	8.233162e-07	-6.200379e-10	6.145188e+00	-4.315642e+01
9.300000e-07	9.101862e-07	-4.862680e-10	6.793581e+00	-3.425979e+01
9.400000e-07	9.967712e-07	-3.476937e-10	7.439847e+00	-2.494397e+01
9.500000e-07	1.083072e-06	-2.017958e-10	8.083994e+00	-1.524548e+01
9.600000e-07	1.169043e-06	-4.794970e-11	8.725678e+00	-5.214702e+00
9.700000e-07	1.254605e-06	1.071402e-10	9.364305e+00	5.085059e+00
9.800000e-07	1.339678e-06	2.617992e-10	9.999285e+00	1.557937e+01
9.900000e-07	1.424260e-06	4.194114e-10	1.063060e+01	2.618510e+01
1.000000e-06	1.508368e-06	5.819807e-10	1.125837e+01	3.681340e+01
1.010000e-06	1.592083e-06	7.442935e-10	1.188322e+01	4.737313e+01
1.020000e-06	1.675349e-06	9.010720e-10	1.250471e+01	5.777440e+01
1.030000e-06	1.757967e-06	1.052481e-09	1.312137e+01	6.793208e+01
1.040000e-06	1.839854e-06	1.199894e-09	1.373257e+01	7.776910e+01
1.050000e-06	1.920998e-06	1.343709e-09	1.433823e+01	8.721926e+01
1.060000e-06	2.001472e-06	1.481569e-09	1.493888e+01	9.622934e+01
1.070000e-06	2.081263e-06	1.611863e-09	1.553444e+01	1.047606e+02
1.080000e-06	2.160217e-06	1.730517e-09	1.612375e+01	1.127894e+02
1.090000e-06	2.238323e-06	1.841823e-09	1.670672e+01	1.203067e+02
1.100000e-06	2.315605e-06	1.947609e-09	1.728355e+01	1.273174e+02
1.110000e-06	2.392098e-06	2.047634e-09	1.785449e+01	1.338384e+02
1.120000e-06	2.467859e-06	2.142037e-09	1.841997e+01	1.398964e+02
1.130000e-06	2.542644e-06	2.229141e-09	1.897816e+01	1.455253e+02
1.140000e-06	2.616129e-06	2.309552e-09	1.952664e+01	1.507631e+02
1.150000e-06	2.688492e-06	2.381539e-09	2.006676e+01	1.556500e+02
1.160000e-06	2.760011e-06	2.448235e-09	2.060058e+01	1.602249e+02
1.170000e-06	2.830593e-06	2.511973e-09	2.112740e+01	1.645241e+02
1.180000e-06	2.900189e-06	2.573270e-09	2.164686e+01	1.685790e+02
1.190000e-06	2.968853e-06	2.631052e-09	2.215936e+01	1.724158e+02
1.200000e-06	3.036685e-06	2.685252e-09	2.266566e+01	1.760544e+02
1.210000e-06	3.103434e-06	2.737027e-09	2.316387e+01	1.795091e+02
1.220000e-06	3.168768e-06	2.783903e-09	2.365152e+01	1.827888e+02
1.230000e-06	3.232822e-06	2.825420e-09	2.412961e+01	1.858983e+02
1.240000e-06	3.295828e-06	2.866735e-09	2.459989e+01	1.888396e+02
1.250000e-06	3.357806e-06	2.906346e-09	2.506249e+01	1.916131e+02
1.260000e-06	3.418649e-06	2.942135e-09	2.551661e+01	1.942189e+02
1.270000e-06	3.478471e-06	2.975020e-09	2.596313e+01	1.966585e+02
1.280000e-06	3.537106e-06	3.006701e-09	2.640077e+01	1.989349e+02
1.290000e-06	3.594161e-06	3.035150e-09	2.682662e+01	2.010539e+02
1.300000e-06	3.649779e-06	3.060279e-09	2.724175e+01	2.030238e+02
1.310000e-06	3.704152e-06	3.085628e-09	2.764759e+01	2.048557e+02
1.320000e-06	3.757214e-06	3.111325e-09	2.804365e+01	2.065623e+02
1.330000e-06	3.808789e-06	3.135615e-09	2.842860e+01	2.081580e+02
1.340000e-06	3.858658e-06	3.157330e-09	2.880082e+01	2.096573e+02
1.350000e-06	3.906938e-06	3.177700e-09	2.916118e+01	2.110743e+02
1.360000e-06	3.953760e-06	3.196540e-09	2.951065e+01	2.124215e+02
1.370000e-06	3.999161e-06	3.214491e-09	2.984952e+01	2.137093e+02
1.380000e-06	4.043360e-06	3.233110e-09	3.017942e+01	2.149454e+02
1.390000e-06	4.086166e-06	3.251002e-09	3.049893e+01	2.161346e+02
1.400000e-06	4.127287e-06	3.266662e-09	3.080585e+01	2.172786e+02
1.410000e-06	4.166919e-06	3.280092e-09	3.110166e+01	2.183769e+02
1.420000e-06	4.205170e-06	3.293513e-09	3.138717e+01	2.194265e+02
1.430000e-06	4.242044e-06	3.308297e-09	3.166239e+01	2.204235e+02
1.440000e-06	4.277596e-06	3.321094e-09	3.192775e+01	2.213634e+02
1.450000e-06	4.311526e-06	3.331851e-09	3.218100e+01	2.222420e+02
1.460000e-06	4.343781e-06	3.342872e-09	3.242175e+01	2.230563e+02
1.470000e-06	4.374596e-06	3.354289e-09	3.265175e+01	2.238050e+02
1.480000e-06	4.404000e-06	3.365055e-09	3.287122e+01	2.244887e+02
1.490000e-06	4.432034e-06	3.375027e-09	3.308047e+01	2.251104e+02
1.500000e-06	4.458369e-06	3.384549e-09	3.327703e+01	2.256750e+02
1.510000e-06	4.482840e-06	3.392910e-09	3.345968e+01	2.261889e+02
1.520000e-06	4.505735e-06	3.399462e-09	3.363057e+01	2.266600e+02
1.530000e-06	4.527130e-06	3.404495e-09	3.379026e+01	2.270962e+02
1.540000e-06	4.547147e-06	3.409351e-09	3.393966e+01	2.275052e+02
1.550000e-06	4.565664e-06	3.415479e-09	3.407787e+01	2.278939e+02
1.560000e-06	4.582450e-06	3.421514e-09	3.420316e+01	2.282672e+02
1.570000e-06	4.597486e-06	3.425460e-09	3.431539e+01	2.286280e+02
1.580000e-06	4.610785e-06	3.428882e-09	3.441465e+01	2.289769e+02
1.590000e-06	4.622296e-06	3.433903e-09	3.450057e+01	2.293121e+02
1.600000e-06	4.631818e-06	3.439460e-09	3.457164e+01	2.296298e+02
1.610000e-06	4.639543e-06	3.444230e-09	3.462930e+01	2.299244e+02
1.620000e-06	4.645734e-06	3.447751e-09	3.467551e+01	2.301895e+02
1.630000e-06	4.650445e-06	3.449222e-09	3.471067e+01	2.304181e+02
1.640000e-06	4.653583e-06	3.448911e-09	3.473410e+01	2.306040e+02
1.650000e-06	4.654870e-06	3.451658e-09	3.474370e+01	2.307422e+02
1.660000e-06	4.654497e-06	3.456651e-09	3.474092e+01	2.308294e+02
1.670000e-06	4.652692e-06	3.458472e-09	3.472745e+01	2.308647e+02
1.680000e-06	4.649435e-06	3.461103e-09	3.470313e+01	2.308499e+02
1.690000e-06	4.644811e-06	3.460504e-09	3.466862e+01	2.307891e+02
1.700000e-06	4.638566e-06	3.459345e-09	3.462201e+01	2.306890e+02
1.710000e-06	4.630699e-06	3.459338e-09	3.456329e+01	2.305581e+02
1.720000e-06	4.621449e-06	3.464231e-09	3.449425e+01	2.304061e+02
1.730000e-06	4.610774e-06	3.490657e-09	3.441457e+01	2.302434e+02
1.740000e-06	4.598579e-06	3.500191e-09	3.432355e+01	2.300800e+02
1.750000e-06	4.584320e-06	3.464897e-09	3.421712e+01	2.299247e+02
1.760000e-06	4.567531e-06	3.455364e-09	3.409181e+01	2.297849e+02
1.770000e-06	4.548620e-06	3.426846e-09	3.395066e+01	2.296654e+02
1.780000e-06	4.528509e-06	3.488082e-09	3.380055e+01	2.295681e+02
1.790000e-06	4.507888e-06	3.491123e-09	3.364663e+01	2.294923e+02
1.800000e-06	4.486174e-06	3.379533e-09	3.348456e+01	2.294342e+02
1.810000e-06	4.462305e-06	3.515590e-09	3.330640e+01	2.293874e+02
1.820000e-06	4.436768e-06	3.479660e-09	3.311580e+01	2.293432e+02
1.830000e-06	4.410160e-06	3.310820e-09	3.291720e+01	2.292912e+02
1.840000e-06	4.381754e-06	3.467627e-09	3.270518e+01	2.292202e+02
1.850000e-06	4.351361e-06	3.517903e-09	3.247833e+01	2.291186e+02
1.860000e-06	4.319501e-06	3.469636e-09	3.224052e+01	2.289749e+02
1.870000e-06	4.286198e-06	3.566536e-09	3.199195e+01	2.287791e+02
1.880000e-06	4.251533e-06	3.436898e-09	3.173321e+01	2.285222e+02
1.890000e-06	4.215507e-06	3.396452e-09	3.146432e+01	2.281975e+02
1.900000e-06	4.177648e-06	3.494799e-09	3.118174e+01	2.278003e+02
1.910000e-06	4.138087e-06	3.403949e-09	3.088646e+01	2.273282e+02
1.920000e-06	4.097052e-06	3.513846e-09	3.058018e+01	2.267809e+02
1.930000e-06	4.054616e-06	3.537937e-09	3.026344e+01	2.261601e+02
1.940000e-06	4.011046e-06	3.378283e-09	2.993823e+01	2.254694e+02
1.950000e-06	3.966071e-06	3.438174e-09	2.960254e+01	2.247137e+02
1.960000e-06	3.919474e-06	3.400405e-09	2.925475e+01	2.238989e+02
1.970000e-06	3.871320e-06	3.346091e-09	2.889533e+01	2.230314e+02
1.980000e-06	3.821727e-06	3.415844e-09	2.852517e+01	2.221180e+02
1.990000e-06	3.770907e-06	3.403034e-09	2.814585e+01	2.211651e+02
2.000000e-06	3.718621e-06	3.397721e-09	2.775559e+01	2.201787e+02
2.010000e-06	3.664592e-06	3.318525e-09	2.735232e+01	2.191641e+02
2.020000e-06	3.609023e-06	3.324299e-09	2.693756e+01	2.181256e+02
2.030000e-06	3.552200e-06	3.380366e-09	2.651343e+01	2.170661e+02
2.040000e-06	3.494146e-06	3.294804e-09	2.608012e+01	2.159876e+02
2.050000e-06	3.434880e-06	3.274617e-09	2.563776e+01	2.148904e+02
2.060000e-06	3.374708e-06	3.293696e-09	2.518864e+01	2.137739e+02
2.070000e-06	3.313407e-06	3.316396e-09	2.473109e+01	2.126358e+02
2.080000e-06	3.250523e-06	3.230569e-09	2.426173e+01	2.114729e+02
2.090000e-06	3.186434e-06	3.148626e-09	2.378337e+01	2.102810e+02
2.100000e-06	3.121353e-06	3.250664e-09	2.329761e+01	2.090548e+02
2.110000e-06	3.055146e-06	3.240574e-09	2.280345e+01	2.077889e+02
2.120000e-06	2.987935e-06	3.151008e-09	2.230179e+01	2.064773e+02
2.130000e-06	2.919899e-06	3.140145e-09	2.179397e+01	2.051140e+02
2.140000e-06	2.850768e-06	3.178352e-09	2.127798e+01	2.036935e+02
2.150000e-06	2.780163e-06	3.149116e-09	2.075099e+01	2.022111e+02
2.160000e-06	2.708430e-06	3.035329e-09	2.021558e+01	2.006628e+02
2.170000e-06	2.635833e-06	3.042366e-09	1.967371e+01	1.990460e+02
2.180000e-06	2.562389e-06	3.085623e-09	1.912553e+01	1.973594e+02
2.190000e-06	2.488080e-06	3.040694e-09	1.857089e+01	1.956031e+02
2.200000e-06	2.412861e-06	2.977369e-09	1.800947e+01	1.937785e+02
2.210000e-06	2.336691e-06	2.968570e-09	1.744093e+01	1.918881e+02
2.220000e-06	2.259369e-06	2.970318e-09	1.686381e+01	1.899353e+02
2.230000e-06	2.180884e-06	2.898585e-09	1.627800e+01	1.879238e+02
2.240000e-06	2.101453e-06	2.855483e-09	1.568513e+01	1.858575e+02
2.250000e-06	2.021393e-06	2.860554e-09	1.508757e+01	1.837393e+02
2.260000e-06	1.940717e-06	2.835271e-09	1.448541e+01	1.815714e+02
2.270000e-06	1.859329e-06	2.778136e-09	1.387793e+01	1.793543e+02
2.280000e-06	1.777331e-06	2.735093e-09	1.326590e+01	1.770866e+02
2.290000e-06	1.694655e-06	2.720945e-09	1.264882e+01	1.747649e+02
2.300000e-06	1.611364e-06	2.685704e-09	1.202713e+01	1.723834e+02
2.310000e-06	1.527687e-06	2.642982e-09	1.140257e+01	1.699345e+02
2.320000e-06	1.443679e-06	2.610780e-09	1.077554e+01	1.674088e+02
2.330000e-06	1.359268e-06	2.572903e-09	1.014550e+01	1.647957e+02
2.340000e-06	1.274373e-06	2.526531e-09	9.511851e+00	1.620838e+02
2.350000e-06	1.188999e-06	2.477920e-09	8.874622e+00	1.592617e+02
2.360000e-06	1.102955e-06	2.433704e-09	8.232398e+00	1.563184e+02
2.370000e-06	1.016325e-06	2.385148e-09	7.585794e+00	1.532442e+02
2.380000e-06	9.293600e-07	2.337435e-09	6.936693e+00	1.500305e+02
2.390000e-06	8.420359e-07	2.291100e-09	6.284911e+00	1.466707e+02
2.400000e-06	7.544012e-07	2.238487e-09	5.630810e+00	1.431595e+02
2.410000e-06	6.665401e-07	2.184064e-09	4.975020e+00	1.394928e+02
2.420000e-06	5.785310e-07	2.130870e-09	4.318125e+00	1.356675e+02
2.430000e-06	4.904640e-07	2.069278e-09	3.660797e+00	1.316799e+02
2.440000e-06	4.023255e-07	1.997253e-09	3.002936e+00	1.275256e+02
2.450000e-06	3.140429e-07	1.931148e-09	2.343999e+00	1.231980e+02
2.460000e-06	2.256244e-07	1.868919e-09	1.684049e+00	1.186875e+02
2.470000e-06	1.371053e-07	1.794797e-09	1.023346e+00	1.139806e+02
2.480000e-06	4.857396e-08	1.710703e-09	3.625534e-01	1.090597e+02
2.490000e-06	-4.000492e-08	1.633052e-09	-2.985946e-01	1.039024e+02
2.500000e-06	-1.285797e-07	1.558727e-09	-9.597120e-01	9.848236e+01
2.510000e-06	-2.170277e-07	1.470385e-09	-1.619883e+00	9.276952e+01
2.520000e-06	-3.054122e-07	1.370472e-09	-2.279580e+00	8.673180e+01
2.530000e-06	-3.937521e-07	1.271257e-09	-2.938944e+00	8.033654e+01
2.540000e-06	-4.820011e-07	1.168226e-09	-3.597631e+00	7.355270e+01
2.550000e-06	-5.701691e-07	1.054542e-09	-4.255712e+00	6.635311e+01
2.560000e-06	-6.582190e-07	9.371479e-10	-4.912911e+00	5.871697e+01
2.570000e-06	-7.460708e-07	8.181282e-10	-5.568633e+00	5.063218e+01
2.580000e-06	-8.336902e-07	6.906559e-10	-6.222619e+00	4.209747e+01
2.590000e-06	-9.209993e-07	5.508555e-10	-6.874289e+00	3.312413e+01
2.600000e-06	-1.007945e-06	4.062770e-10	-7.523250e+00	2.373708e+01
2.610000e-06	-1.094471e-06	2.593508e-10	-8.169070e+00	1.397535e+01
2.620000e-06	-1.180404e-06	1.036173e-10	-8.810474e+00	3.891738e+00
2.630000e-06	-1.265670e-06	-6.048617e-11	-9.446895e+00	-6.448322e+00
2.640000e-06	-1.350315e-06	-2.266202e-10	-1.007868e+01	-1.696864e+01
2.650000e-06	-1.434454e-06	-3.903202e-10	-1.070669e+01	-2.758484e+01
2.660000e-06	-1.518206e-06	-5.556887e-10	-1.133181e+01	-3.820741e+01
2.670000e-06	-1.601504e-06	-7.228023e-10	-1.195354e+01	-4.874516e+01
2.680000e-06	-1.684212e-06	-8.861172e-10	-1.257087e+01	-5.910879e+01
2.690000e-06	-1.766341e-06	-1.041955e-09	-1.318388e+01	-6.921440e+01
2.700000e-06	-1.847878e-06	-1.190710e-09	-1.379246e+01	-7.898665e+01
2.710000e-06	-1.928738e-06	-1.331843e-09	-1.439600e+01	-8.836153e+01
2.720000e-06	-2.009030e-06	-1.465827e-09	-1.499529e+01	-9.728834e+01
2.730000e-06	-2.088846e-06	-1.596106e-09	-1.559103e+01	-1.057310e+02
2.740000e-06	-2.167947e-06	-1.719559e-09	-1.618144e+01	-1.136685e+02
2.750000e-06	-2.245929e-06	-1.831527e-09	-1.676350e+01	-1.210944e+02
2.760000e-06	-2.322732e-06	-1.934381e-09	-1.733675e+01	-1.280160e+02
2.770000e-06	-2.398555e-06	-2.031784e-09	-1.790269e+01	-1.344519e+02
2.780000e-06	-2.473489e-06	-2.123022e-09	-1.846199e+01	-1.404304e+02
2.790000e-06	-2.547602e-06	-2.208082e-09	-1.901517e+01	-1.459864e+02
2.800000e-06	-2.620870e-06	-2.289860e-09	-1.956203e+01	-1.511585e+02
2.810000e-06	-2.693280e-06	-2.368414e-09	-2.010250e+01	-1.559866e+02
2.820000e-06	-2.764882e-06	-2.439034e-09	-2.063693e+01	-1.605096e+02
2.830000e-06	-2.835431e-06	-2.503855e-09	-2.116350e+01	-1.647627e+02
2.840000e-06	-2.904710e-06	-2.566815e-09	-2.168060e+01	-1.687768e+02
2.850000e-06	-2.972871e-06	-2.627688e-09	-2.218935e+01	-1.725767e+02
2.860000e-06	-3.040083e-06	-2.685696e-09	-2.269102e+01	-1.761814e+02
2.870000e-06	-3.106335e-06	-2.740589e-09	-2.318552e+01	-1.796041e+02
2.880000e-06	-3.171493e-06	-2.793755e-09	-2.367186e+01	-1.828530e+02
2.890000e-06	-3.235642e-06	-2.843868e-09	-2.415066e+01	-1.859323e+02
2.900000e-06	-3.298700e-06	-2.889357e-09	-2.462132e+01	-1.888434e+02
2.910000e-06	-3.360289e-06	-2.932848e-09	-2.508102e+01	-1.915867e+02
2.920000e-06	-3.420554e-06	-2.974563e-09	-2.553083e+01	-1.941625e+02
2.930000e-06	-3.479698e-06	-3.011957e-09	-2.597228e+01	-1.965724e+02
2.940000e-06	-3.537625e-06	-3.048777e-09	-2.640464e+01	-1.988201e+02
2.950000e-06	-3.594358e-06	-3.085634e-09	-2.682809e+01	-2.009116e+02
2.960000e-06	-3.649906e-06	-3.117030e-09	-2.724270e+01	-2.028558e+02
2.970000e-06	-3.703902e-06	-3.145670e-09	-2.764573e+01	-2.046641e+02
2.980000e-06	-3.756196e-06	-3.176231e-09	-2.803605e+01	-2.063497e+02
2.990000e-06	-3.807011e-06	-3.205325e-09	-2.841532e+01	-2.079269e+02
3.000000e-06	-3.856224e-06	-3.229986e-09	-2.878265e+01	-2.094103e+02
3.010000e-06	-3.903668e-06	-3.253424e-09	-2.913677e+01	-2.108137e+02
3.020000e-06	-3.949701e-06	-3.276961e-09	-2.948035e+01	-2.121494e+02
3.030000e-06	-3.994542e-06	-3.299272e-09	-2.981505e+01	-2.134274e+02
3.040000e-06	-4.038150e-06	-3.318792e-09	-3.014053e+01	-2.146547e+02
3.050000e-06	-4.080579e-06	-3.335617e-09	-3.045722e+01	-2.158355e+02
3.060000e-06	-4.121739e-06	-3.351991e-09	-3.076444e+01	-2.169714e+02
3.070000e-06	-4.161644e-06	-3.368285e-09	-3.106229e+01	-2.180610e+02
3.080000e-06	-4.200005e-06	-3.383850e-09	-3.134861e+01	-2.191013e+02
3.090000e-06	-4.236620e-06	-3.399638e-09	-3.162190e+01	-2.200883e+02
3.100000e-06	-4.271803e-06	-3.414997e-09	-3.188451e+01	-2.210173e+02
3.110000e-06	-4.305593e-06	-3.429291e-09	-3.213671e+01	-2.218844e+02
3.120000e-06	-4.337982e-06	-3.444478e-09	-3.237846e+01	-2.226869e+02
3.130000e-06	-4.368834e-06	-3.458056e-09	-3.260874e+01	-2.234236e+02
3.140000e-06	-4.397903e-06	-3.467140e-09	-3.282571e+01	-2.240959e+02
3.150000e-06	-4.425401e-06	-3.472199e-09	-3.303096e+01	-2.247068e+02
3.160000e-06	-4.451408e-06	-3.478212e-09	-3.322507e+01	-2.252616e+02
3.170000e-06	-4.475904e-06	-3.486537e-09	-3.340791e+01	-2.257671e+02
3.180000e-06	-4.498791e-06	-3.497230e-09	-3.357873e+01	-2.262311e+02
3.190000e-06	-4.519846e-06	-3.508216e-09	-3.373589e+01	-2.266617e+02
3.200000e-06	-4.539318e-06	-3.516440e-09	-3.388123e+01	-2.270665e+02
3.210000e-06	-4.557369e-06	-3.523301e-09	-3.401596e+01	-2.274519e+02
3.220000e-06	-4.573965e-06	-3.529217e-09	-3.413983e+01	-2.278227e+02
3.230000e-06	-4.588791e-06	-3.535171e-09	-3.425049e+01	-2.281812e+02
3.240000e-06	-4.601527e-06	-3.538594e-09	-3.434555e+01	-2.285277e+02
3.250000e-06	-4.612456e-06	-3.539868e-09	-3.442712e+01	-2.288599e+02
3.260000e-06	-4.621794e-06	-3.542628e-09	-3.449682e+01	-2.291737e+02
3.270000e-06	-4.629566e-06	-3.546309e-09	-3.455483e+01	-2.294634e+02
3.280000e-06	-4.635584e-06	-3.550022e-09	-3.459975e+01	-2.297222e+02
3.290000e-06	-4.639875e-06	-3.554240e-09	-3.463178e+01	-2.299435e+02
3.300000e-06	-4.642666e-06	-3.557292e-09	-3.465261e+01	-2.301210e+02
3.310000e-06	-4.643935e-06	-3.556370e-09	-3.466208e+01	-2.302501e+02
