# Temperatura_=_20.0
# Concentracion g/m^3_=_6200.0
# C_Vs_to_Am_M_A/Vsm_=_65563218390.804596
# pendiente_HvsI_1/m_=_3716.3
# ordenada_HvsI_A/m_=_1297.0
# frecuencia_Hz_=_301518.0520705135

Tiempo_(s)	Campo_(V.s)	Magnetizacion_(V.s)	Campo_(kA/m)	Magnetizacion_(A/m)
0.000000e+00	-4.656462e-06	-4.600751e-09	-3.466522e+01	-3.000402e+02
1.000000e-08	-4.655063e-06	-4.603081e-09	-3.465481e+01	-3.000862e+02
2.000000e-08	-4.651905e-06	-4.603693e-09	-3.463130e+01	-3.000885e+02
3.000000e-08	-4.647324e-06	-4.602772e-09	-3.459720e+01	-3.000498e+02
4.000000e-08	-4.641365e-06	-4.601135e-09	-3.455283e+01	-2.999737e+02
5.000000e-08	-4.634007e-06	-4.598709e-09	-3.449806e+01	-2.998634e+02
6.000000e-08	-4.625180e-06	-4.594726e-09	-3.443235e+01	-2.997222e+02
7.000000e-08	-4.614568e-06	-4.586166e-09	-3.435335e+01	-2.995526e+02
8.000000e-08	-4.602196e-06	-4.576384e-09	-3.426124e+01	-2.993565e+02
9.000000e-08	-4.587976e-06	-4.598786e-09	-3.415538e+01	-2.991346e+02
1.000000e-07	-4.571518e-06	-4.619365e-09	-3.403286e+01	-2.988867e+02
1.100000e-07	-4.553075e-06	-4.605834e-09	-3.389556e+01	-2.986116e+02
1.200000e-07	-4.533182e-06	-4.593921e-09	-3.374746e+01	-2.983074e+02
1.300000e-07	-4.512086e-06	-4.528493e-09	-3.359041e+01	-2.979717e+02
1.400000e-07	-4.489896e-06	-4.534643e-09	-3.342522e+01	-2.976018e+02
1.500000e-07	-4.466411e-06	-4.616383e-09	-3.325038e+01	-2.971951e+02
1.600000e-07	-4.441514e-06	-4.508145e-09	-3.306504e+01	-2.967497e+02
1.700000e-07	-4.415152e-06	-4.485596e-09	-3.286878e+01	-2.962640e+02
1.800000e-07	-4.387070e-06	-4.570034e-09	-3.265972e+01	-2.957375e+02
1.900000e-07	-4.357367e-06	-4.492802e-09	-3.243860e+01	-2.951703e+02
2.000000e-07	-4.326336e-06	-4.504645e-09	-3.220759e+01	-2.945636e+02
2.100000e-07	-4.293827e-06	-4.554406e-09	-3.196557e+01	-2.939188e+02
2.200000e-07	-4.259557e-06	-4.461364e-09	-3.171045e+01	-2.932378e+02
2.300000e-07	-4.223721e-06	-4.457558e-09	-3.144367e+01	-2.925228e+02
2.400000e-07	-4.186448e-06	-4.471460e-09	-3.116618e+01	-2.917753e+02
2.500000e-07	-4.147667e-06	-4.436284e-09	-3.087748e+01	-2.909966e+02
2.600000e-07	-4.107395e-06	-4.476159e-09	-3.057767e+01	-2.901872e+02
2.700000e-07	-4.065456e-06	-4.418560e-09	-3.026546e+01	-2.893466e+02
2.800000e-07	-4.021922e-06	-4.351989e-09	-2.994136e+01	-2.884734e+02
2.900000e-07	-3.976934e-06	-4.368075e-09	-2.960645e+01	-2.875657e+02
3.000000e-07	-3.930493e-06	-4.350719e-09	-2.926072e+01	-2.866208e+02
3.100000e-07	-3.882557e-06	-4.360729e-09	-2.890385e+01	-2.856356e+02
3.200000e-07	-3.832820e-06	-4.386287e-09	-2.853359e+01	-2.846073e+02
3.300000e-07	-3.781261e-06	-4.344093e-09	-2.814975e+01	-2.835334e+02
3.400000e-07	-3.728256e-06	-4.293692e-09	-2.775516e+01	-2.824118e+02
3.500000e-07	-3.673962e-06	-4.279444e-09	-2.735096e+01	-2.812417e+02
3.600000e-07	-3.618464e-06	-4.265619e-09	-2.693781e+01	-2.800230e+02
3.700000e-07	-3.561877e-06	-4.238140e-09	-2.651654e+01	-2.787566e+02
3.800000e-07	-3.503808e-06	-4.218906e-09	-2.608425e+01	-2.774444e+02
3.900000e-07	-3.444222e-06	-4.200711e-09	-2.564066e+01	-2.760887e+02
4.000000e-07	-3.383492e-06	-4.187289e-09	-2.518855e+01	-2.746922e+02
4.100000e-07	-3.321640e-06	-4.173747e-09	-2.472809e+01	-2.732573e+02
4.200000e-07	-3.258722e-06	-4.129733e-09	-2.425969e+01	-2.717857e+02
4.300000e-07	-3.194875e-06	-4.109691e-09	-2.378438e+01	-2.702783e+02
4.400000e-07	-3.129847e-06	-4.097407e-09	-2.330028e+01	-2.687344e+02
4.500000e-07	-3.063311e-06	-4.052930e-09	-2.280495e+01	-2.671519e+02
4.600000e-07	-2.995607e-06	-4.029887e-09	-2.230092e+01	-2.655271e+02
4.700000e-07	-2.927067e-06	-4.021835e-09	-2.179067e+01	-2.638550e+02
4.800000e-07	-2.857612e-06	-3.987913e-09	-2.127361e+01	-2.621294e+02
4.900000e-07	-2.787152e-06	-3.937740e-09	-2.074907e+01	-2.603433e+02
5.000000e-07	-2.715708e-06	-3.916200e-09	-2.021720e+01	-2.584895e+02
5.100000e-07	-2.643439e-06	-3.905044e-09	-1.967919e+01	-2.565611e+02
5.200000e-07	-2.570156e-06	-3.865617e-09	-1.913363e+01	-2.545522e+02
5.300000e-07	-2.495554e-06	-3.820791e-09	-1.857826e+01	-2.524579e+02
5.400000e-07	-2.419806e-06	-3.789463e-09	-1.801435e+01	-2.502751e+02
5.500000e-07	-2.343161e-06	-3.753499e-09	-1.744376e+01	-2.480023e+02
5.600000e-07	-2.265611e-06	-3.706578e-09	-1.686644e+01	-2.456397e+02
5.700000e-07	-2.186947e-06	-3.676336e-09	-1.628082e+01	-2.431888e+02
5.800000e-07	-2.107154e-06	-3.655150e-09	-1.568680e+01	-2.406521e+02
5.900000e-07	-2.026578e-06	-3.612146e-09	-1.508695e+01	-2.380322e+02
6.000000e-07	-1.945318e-06	-3.564508e-09	-1.448200e+01	-2.353318e+02
6.100000e-07	-1.863343e-06	-3.528216e-09	-1.387174e+01	-2.325522e+02
6.200000e-07	-1.780732e-06	-3.480026e-09	-1.325673e+01	-2.296933e+02
6.300000e-07	-1.697561e-06	-3.421238e-09	-1.263756e+01	-2.267528e+02
6.400000e-07	-1.613947e-06	-3.376375e-09	-1.201510e+01	-2.237261e+02
6.500000e-07	-1.529917e-06	-3.338000e-09	-1.138953e+01	-2.206058e+02
6.600000e-07	-1.445513e-06	-3.284877e-09	-1.076118e+01	-2.173827e+02
6.700000e-07	-1.360690e-06	-3.227388e-09	-1.012972e+01	-2.140453e+02
6.800000e-07	-1.275354e-06	-3.180223e-09	-9.494423e+00	-2.105808e+02
6.900000e-07	-1.189573e-06	-3.129458e-09	-8.855826e+00	-2.069758e+02
7.000000e-07	-1.103459e-06	-3.069615e-09	-8.214744e+00	-2.032171e+02
7.100000e-07	-1.017045e-06	-3.010723e-09	-7.571435e+00	-1.992921e+02
7.200000e-07	-9.302942e-07	-2.950265e-09	-6.925614e+00	-1.951897e+02
7.300000e-07	-8.433068e-07	-2.878966e-09	-6.278033e+00	-1.909004e+02
7.400000e-07	-7.561313e-07	-2.803788e-09	-5.629051e+00	-1.864164e+02
7.500000e-07	-6.687017e-07	-2.734059e-09	-4.978178e+00	-1.817316e+02
7.600000e-07	-5.810734e-07	-2.660721e-09	-4.325825e+00	-1.768405e+02
7.700000e-07	-4.932681e-07	-2.579860e-09	-3.672155e+00	-1.717378e+02
7.800000e-07	-4.053535e-07	-2.499138e-09	-3.017671e+00	-1.664170e+02
7.900000e-07	-3.174049e-07	-2.418702e-09	-2.362934e+00	-1.608696e+02
8.000000e-07	-2.293663e-07	-2.331527e-09	-1.707527e+00	-1.550832e+02
8.100000e-07	-1.412233e-07	-2.239352e-09	-1.051342e+00	-1.490416e+02
8.200000e-07	-5.301424e-08	-2.143975e-09	-3.946667e-01	-1.427229e+02
8.300000e-07	3.521619e-08	-2.042459e-09	2.621684e-01	-1.361002e+02
8.400000e-07	1.234279e-07	-1.933923e-09	9.188642e-01	-1.291411e+02
8.500000e-07	2.115875e-07	-1.820736e-09	1.575172e+00	-1.218092e+02
8.600000e-07	2.996934e-07	-1.703102e-09	2.231080e+00	-1.140649e+02
8.700000e-07	3.877529e-07	-1.577585e-09	2.886643e+00	-1.058681e+02
8.800000e-07	4.757116e-07	-1.445258e-09	3.541455e+00	-9.717979e+01
8.900000e-07	5.635643e-07	-1.305686e-09	4.195478e+00	-8.796576e+01
9.000000e-07	6.513002e-07	-1.158240e-09	4.848631e+00	-7.819898e+01
9.100000e-07	7.388907e-07	-1.000881e-09	5.500703e+00	-6.786269e+01
9.200000e-07	8.262633e-07	-8.347069e-10	6.151151e+00	-5.695305e+01
9.300000e-07	9.133878e-07	-6.596131e-10	6.799753e+00	-4.548125e+01
9.400000e-07	1.000272e-06	-4.756487e-10	7.446568e+00	-3.347505e+01
9.500000e-07	1.086792e-06	-2.861577e-10	8.090665e+00	-2.097939e+01
9.600000e-07	1.172911e-06	-9.182846e-11	8.731784e+00	-8.056192e+00
9.700000e-07	1.258633e-06	1.074177e-10	9.369949e+00	5.216825e+00
9.800000e-07	1.343852e-06	3.102516e-10	1.000436e+01	1.874828e+01
9.900000e-07	1.428556e-06	5.147588e-10	1.063494e+01	3.243601e+01
1.000000e-06	1.512804e-06	7.226532e-10	1.126213e+01	4.617068e+01
1.010000e-06	1.596642e-06	9.322978e-10	1.188627e+01	5.983977e+01
1.020000e-06	1.680047e-06	1.137974e-09	1.250718e+01	7.333182e+01
1.030000e-06	1.762870e-06	1.336363e-09	1.312376e+01	8.654058e+01
1.040000e-06	1.844955e-06	1.528456e-09	1.373485e+01	9.936894e+01
1.050000e-06	1.926317e-06	1.715647e-09	1.434055e+01	1.117322e+02
1.060000e-06	2.007021e-06	1.897090e-09	1.494135e+01	1.235608e+02
1.070000e-06	2.087025e-06	2.068773e-09	1.553695e+01	1.348019e+02
1.080000e-06	2.166229e-06	2.225985e-09	1.612658e+01	1.454204e+02
1.090000e-06	2.244554e-06	2.373966e-09	1.670967e+01	1.553987e+02
1.100000e-06	2.322059e-06	2.513198e-09	1.728666e+01	1.647354e+02
1.110000e-06	2.398841e-06	2.644323e-09	1.785827e+01	1.734441e+02
1.120000e-06	2.474845e-06	2.770107e-09	1.842409e+01	1.815506e+02
1.130000e-06	2.549885e-06	2.889878e-09	1.898273e+01	1.890899e+02
1.140000e-06	2.623699e-06	3.001265e-09	1.953224e+01	1.961036e+02
1.150000e-06	2.696283e-06	3.100183e-09	2.007259e+01	2.026366e+02
1.160000e-06	2.767901e-06	3.189647e-09	2.060575e+01	2.087343e+02
1.170000e-06	2.838633e-06	3.274324e-09	2.113232e+01	2.144404e+02
1.180000e-06	2.908371e-06	3.354364e-09	2.165149e+01	2.197948e+02
1.190000e-06	2.977089e-06	3.428825e-09	2.216306e+01	2.248325e+02
1.200000e-06	3.044969e-06	3.500325e-09	2.266840e+01	2.295827e+02
1.210000e-06	3.111929e-06	3.569470e-09	2.316689e+01	2.340688e+02
1.220000e-06	3.177502e-06	3.633802e-09	2.365505e+01	2.383087e+02
1.230000e-06	3.241714e-06	3.692488e-09	2.413307e+01	2.423157e+02
1.240000e-06	3.304870e-06	3.747562e-09	2.460324e+01	2.460997e+02
1.250000e-06	3.366972e-06	3.796502e-09	2.506557e+01	2.496681e+02
1.260000e-06	3.427952e-06	3.840512e-09	2.551953e+01	2.530273e+02
1.270000e-06	3.487910e-06	3.883215e-09	2.596589e+01	2.561835e+02
1.280000e-06	3.546764e-06	3.923751e-09	2.640403e+01	2.591437e+02
1.290000e-06	3.604093e-06	3.960949e-09	2.683082e+01	2.619164e+02
1.300000e-06	3.659874e-06	3.997151e-09	2.724608e+01	2.645117e+02
1.310000e-06	3.714343e-06	4.034156e-09	2.765158e+01	2.669409e+02
1.320000e-06	3.767496e-06	4.068485e-09	2.804728e+01	2.692172e+02
1.330000e-06	3.819226e-06	4.098591e-09	2.843238e+01	2.713539e+02
1.340000e-06	3.869218e-06	4.127372e-09	2.880456e+01	2.733649e+02
1.350000e-06	3.917456e-06	4.155916e-09	2.916367e+01	2.752630e+02
1.360000e-06	3.964312e-06	4.182309e-09	2.951249e+01	2.770603e+02
1.370000e-06	4.009867e-06	4.206195e-09	2.985162e+01	2.787668e+02
1.380000e-06	4.054189e-06	4.229636e-09	3.018158e+01	2.803906e+02
1.390000e-06	4.097183e-06	4.252804e-09	3.050165e+01	2.819376e+02
1.400000e-06	4.138488e-06	4.273273e-09	3.080914e+01	2.834113e+02
1.410000e-06	4.178225e-06	4.291808e-09	3.110497e+01	2.848138e+02
1.420000e-06	4.216566e-06	4.311196e-09	3.139040e+01	2.861455e+02
1.430000e-06	4.253519e-06	4.331020e-09	3.166550e+01	2.874059e+02
1.440000e-06	4.289217e-06	4.348474e-09	3.193125e+01	2.885941e+02
1.450000e-06	4.323297e-06	4.363648e-09	3.218496e+01	2.897097e+02
1.460000e-06	4.355615e-06	4.378100e-09	3.242556e+01	2.907526e+02
1.470000e-06	4.386470e-06	4.393057e-09	3.265526e+01	2.917238e+02
1.480000e-06	4.415881e-06	4.408307e-09	3.287421e+01	2.926254e+02
1.490000e-06	4.443916e-06	4.422825e-09	3.308292e+01	2.934608e+02
1.500000e-06	4.470363e-06	4.436253e-09	3.327980e+01	2.942340e+02
1.510000e-06	4.494946e-06	4.447774e-09	3.346281e+01	2.949501e+02
1.520000e-06	4.517877e-06	4.456397e-09	3.363352e+01	2.956141e+02
1.530000e-06	4.539337e-06	4.462728e-09	3.379328e+01	2.962312e+02
1.540000e-06	4.559388e-06	4.469845e-09	3.394255e+01	2.968058e+02
1.550000e-06	4.577894e-06	4.479825e-09	3.408032e+01	2.973415e+02
1.560000e-06	4.594651e-06	4.491055e-09	3.420507e+01	2.978408e+02
1.570000e-06	4.609638e-06	4.501156e-09	3.431664e+01	2.983049e+02
1.580000e-06	4.622942e-06	4.508866e-09	3.441568e+01	2.987338e+02
1.590000e-06	4.634496e-06	4.515596e-09	3.450170e+01	2.991263e+02
1.600000e-06	4.644089e-06	4.523376e-09	3.457311e+01	2.994806e+02
1.610000e-06	4.651858e-06	4.529650e-09	3.463095e+01	2.997942e+02
1.620000e-06	4.658030e-06	4.533046e-09	3.467690e+01	3.000647e+02
1.630000e-06	4.662684e-06	4.535384e-09	3.471154e+01	3.002899e+02
1.640000e-06	4.665720e-06	4.537177e-09	3.473415e+01	3.004682e+02
1.650000e-06	4.667003e-06	4.541484e-09	3.474370e+01	3.005992e+02
1.660000e-06	4.666666e-06	4.544979e-09	3.474119e+01	3.006830e+02
1.670000e-06	4.664815e-06	4.545479e-09	3.472741e+01	3.007213e+02
1.680000e-06	4.661549e-06	4.547084e-09	3.470310e+01	3.007162e+02
1.690000e-06	4.656860e-06	4.544968e-09	3.466819e+01	3.006708e+02
1.700000e-06	4.650460e-06	4.542112e-09	3.462055e+01	3.005884e+02
1.710000e-06	4.642489e-06	4.542669e-09	3.456120e+01	3.004726e+02
1.720000e-06	4.633219e-06	4.547937e-09	3.449219e+01	3.003263e+02
1.730000e-06	4.622538e-06	4.560804e-09	3.441267e+01	3.001521e+02
1.740000e-06	4.610316e-06	4.546029e-09	3.432169e+01	2.999515e+02
1.750000e-06	4.596072e-06	4.501864e-09	3.421565e+01	2.997252e+02
1.760000e-06	4.579314e-06	4.505667e-09	3.409089e+01	2.994727e+02
1.770000e-06	4.560400e-06	4.508953e-09	3.395009e+01	2.991928e+02
1.780000e-06	4.540185e-06	4.569744e-09	3.379960e+01	2.988834e+02
1.790000e-06	4.519401e-06	4.559030e-09	3.364487e+01	2.985419e+02
1.800000e-06	4.497645e-06	4.444116e-09	3.348290e+01	2.981657e+02
1.810000e-06	4.473822e-06	4.555567e-09	3.330555e+01	2.977525e+02
1.820000e-06	4.448231e-06	4.576999e-09	3.311504e+01	2.973001e+02
1.830000e-06	4.421486e-06	4.452015e-09	3.291594e+01	2.968073e+02
1.840000e-06	4.393010e-06	4.536292e-09	3.270395e+01	2.962737e+02
1.850000e-06	4.362563e-06	4.535839e-09	3.247728e+01	2.956996e+02
1.860000e-06	4.330636e-06	4.440639e-09	3.223960e+01	2.950861e+02
1.870000e-06	4.297302e-06	4.521578e-09	3.199144e+01	2.944349e+02
1.880000e-06	4.262591e-06	4.492610e-09	3.173303e+01	2.937479e+02
1.890000e-06	4.226445e-06	4.464478e-09	3.146394e+01	2.930271e+02
1.900000e-06	4.188462e-06	4.495979e-09	3.118118e+01	2.922742e+02
1.910000e-06	4.148825e-06	4.384586e-09	3.088610e+01	2.914902e+02
1.920000e-06	4.107714e-06	4.451984e-09	3.058005e+01	2.906754e+02
1.930000e-06	4.065160e-06	4.494320e-09	3.026325e+01	2.898293e+02
1.940000e-06	4.021445e-06	4.386733e-09	2.993781e+01	2.889503e+02
1.950000e-06	3.976313e-06	4.444880e-09	2.960183e+01	2.880363e+02
1.960000e-06	3.929582e-06	4.401685e-09	2.925393e+01	2.870846e+02
1.970000e-06	3.881398e-06	4.304164e-09	2.889523e+01	2.860921e+02
1.980000e-06	3.831771e-06	4.336249e-09	2.852578e+01	2.850560e+02
1.990000e-06	3.780740e-06	4.332937e-09	2.814588e+01	2.839739e+02
2.000000e-06	3.728198e-06	4.347128e-09	2.775472e+01	2.828439e+02
2.010000e-06	3.673984e-06	4.315099e-09	2.735113e+01	2.816652e+02
2.020000e-06	3.618239e-06	4.289461e-09	2.693613e+01	2.804381e+02
2.030000e-06	3.561226e-06	4.291483e-09	2.651170e+01	2.791635e+02
2.040000e-06	3.502958e-06	4.227776e-09	2.607792e+01	2.778436e+02
2.050000e-06	3.443527e-06	4.213296e-09	2.563548e+01	2.764806e+02
2.060000e-06	3.383215e-06	4.208801e-09	2.518649e+01	2.750773e+02
2.070000e-06	3.321677e-06	4.206265e-09	2.472836e+01	2.736359e+02
2.080000e-06	3.258619e-06	4.163153e-09	2.425892e+01	2.721581e+02
2.090000e-06	3.194353e-06	4.111435e-09	2.378050e+01	2.706444e+02
2.100000e-06	3.129013e-06	4.151356e-09	2.329406e+01	2.690939e+02
2.110000e-06	3.062653e-06	4.117412e-09	2.280005e+01	2.675044e+02
2.120000e-06	2.995321e-06	4.055389e-09	2.229879e+01	2.658718e+02
2.130000e-06	2.927053e-06	4.049402e-09	2.179056e+01	2.641908e+02
2.140000e-06	2.857669e-06	4.042140e-09	2.127403e+01	2.624551e+02
2.150000e-06	2.786870e-06	4.009184e-09	2.074697e+01	2.606575e+02
2.160000e-06	2.714934e-06	3.949891e-09	2.021144e+01	2.587911e+02
2.170000e-06	2.642131e-06	3.942850e-09	1.966945e+01	2.568489e+02
2.180000e-06	2.568477e-06	3.926119e-09	1.912113e+01	2.548252e+02
2.190000e-06	2.493948e-06	3.872850e-09	1.856630e+01	2.527155e+02
2.200000e-06	2.418452e-06	3.851782e-09	1.800427e+01	2.505169e+02
2.210000e-06	2.342009e-06	3.840874e-09	1.743518e+01	2.482282e+02
2.220000e-06	2.264409e-06	3.799639e-09	1.685749e+01	2.458499e+02
2.230000e-06	2.185648e-06	3.728813e-09	1.627115e+01	2.433836e+02
2.240000e-06	2.106031e-06	3.695238e-09	1.567844e+01	2.408320e+02
2.250000e-06	2.025771e-06	3.670396e-09	1.508094e+01	2.381978e+02
2.260000e-06	1.944832e-06	3.618827e-09	1.447838e+01	2.354834e+02
2.270000e-06	1.863203e-06	3.581589e-09	1.387069e+01	2.326899e+02
2.280000e-06	1.780953e-06	3.551478e-09	1.325838e+01	2.298168e+02
2.290000e-06	1.698019e-06	3.504616e-09	1.264097e+01	2.268615e+02
2.300000e-06	1.614565e-06	3.445928e-09	1.201970e+01	2.238188e+02
2.310000e-06	1.530747e-06	3.407375e-09	1.139571e+01	2.206812e+02
2.320000e-06	1.446477e-06	3.369167e-09	1.076836e+01	2.174387e+02
2.330000e-06	1.361665e-06	3.306511e-09	1.013697e+01	2.140797e+02
2.340000e-06	1.276338e-06	3.246460e-09	9.501750e+00	2.105913e+02
2.350000e-06	1.190484e-06	3.196043e-09	8.862610e+00	2.069600e+02
2.360000e-06	1.104028e-06	3.136183e-09	8.218985e+00	2.031727e+02
2.370000e-06	1.017143e-06	3.068640e-09	7.572160e+00	1.992169e+02
2.380000e-06	9.299163e-07	3.013375e-09	6.922800e+00	1.950820e+02
2.390000e-06	8.423306e-07	2.957921e-09	6.270766e+00	1.907586e+02
2.400000e-06	7.545518e-07	2.887958e-09	5.617292e+00	1.862394e+02
2.410000e-06	6.665688e-07	2.816805e-09	4.962299e+00	1.815183e+02
2.420000e-06	5.783351e-07	2.748603e-09	4.305440e+00	1.765900e+02
2.430000e-06	4.899725e-07	2.669065e-09	3.647620e+00	1.714490e+02
2.440000e-06	4.015634e-07	2.577877e-09	2.989456e+00	1.660887e+02
2.450000e-06	3.130305e-07	2.491364e-09	2.330369e+00	1.604997e+02
2.460000e-06	2.243741e-07	2.406629e-09	1.670363e+00	1.546694e+02
2.470000e-06	1.356805e-07	2.312755e-09	1.010079e+00	1.485802e+02
2.480000e-06	4.692474e-08	2.213081e-09	3.493332e-01	1.422095e+02
2.490000e-06	-4.189709e-08	2.114248e-09	-3.119046e-01	1.355294e+02
2.500000e-06	-1.307061e-07	2.009384e-09	-9.730470e-01	1.285067e+02
2.510000e-06	-2.194244e-07	1.892760e-09	-1.633514e+00	1.211043e+02
2.520000e-06	-3.080607e-07	1.769686e-09	-2.293371e+00	1.132823e+02
2.530000e-06	-3.965864e-07	1.642010e-09	-2.952404e+00	1.050007e+02
2.540000e-06	-4.850194e-07	1.505655e-09	-3.610747e+00	9.622102e+01
2.550000e-06	-5.733261e-07	1.361047e-09	-4.268150e+00	8.691019e+01
2.560000e-06	-6.614542e-07	1.212986e-09	-4.924223e+00	7.704278e+01
2.570000e-06	-7.494028e-07	1.056477e-09	-5.578960e+00	6.660416e+01
2.580000e-06	-8.371224e-07	8.891651e-10	-6.231992e+00	5.559303e+01
2.590000e-06	-9.245993e-07	7.143874e-10	-6.883218e+00	4.402346e+01
2.600000e-06	-1.011755e-06	5.333564e-10	-7.532054e+00	3.192623e+01
2.610000e-06	-1.098530e-06	3.431901e-10	-8.178053e+00	1.934939e+01
2.620000e-06	-1.184763e-06	1.421800e-10	-8.820015e+00	6.357781e+00
2.630000e-06	-1.270296e-06	-6.619279e-11	-9.456773e+00	-6.968261e+00
2.640000e-06	-1.355201e-06	-2.781853e-10	-1.008885e+01	-2.053519e+01
2.650000e-06	-1.439542e-06	-4.910648e-10	-1.071673e+01	-3.423929e+01
2.660000e-06	-1.523380e-06	-7.048567e-10	-1.134087e+01	-4.797035e+01
2.670000e-06	-1.606791e-06	-9.175067e-10	-1.196183e+01	-6.161572e+01
2.680000e-06	-1.689718e-06	-1.127229e-09	-1.257918e+01	-7.506458e+01
2.690000e-06	-1.772061e-06	-1.331874e-09	-1.319218e+01	-8.821204e+01
2.700000e-06	-1.853771e-06	-1.529687e-09	-1.380047e+01	-1.009630e+02
2.710000e-06	-1.934809e-06	-1.716818e-09	-1.440376e+01	-1.132352e+02
2.720000e-06	-2.015256e-06	-1.893927e-09	-1.500266e+01	-1.249621e+02
2.730000e-06	-2.095213e-06	-2.064350e-09	-1.559790e+01	-1.360939e+02
2.740000e-06	-2.174512e-06	-2.224738e-09	-1.618825e+01	-1.465987e+02
2.750000e-06	-2.252755e-06	-2.373815e-09	-1.677073e+01	-1.564618e+02
2.760000e-06	-2.329781e-06	-2.513994e-09	-1.734415e+01	-1.656849e+02
2.770000e-06	-2.405802e-06	-2.645989e-09	-1.791010e+01	-1.742837e+02
2.780000e-06	-2.480926e-06	-2.767116e-09	-1.846936e+01	-1.822859e+02
2.790000e-06	-2.555175e-06	-2.878920e-09	-1.902211e+01	-1.897280e+02
2.800000e-06	-2.628578e-06	-2.985524e-09	-1.956856e+01	-1.966523e+02
2.810000e-06	-2.701077e-06	-3.086008e-09	-2.010828e+01	-2.031041e+02
2.820000e-06	-2.772822e-06	-3.179425e-09	-2.064239e+01	-2.091286e+02
2.830000e-06	-2.843663e-06	-3.268307e-09	-2.116977e+01	-2.147689e+02
2.840000e-06	-2.913167e-06	-3.351836e-09	-2.168719e+01	-2.200642e+02
2.850000e-06	-2.981499e-06	-3.428714e-09	-2.219590e+01	-2.250484e+02
2.860000e-06	-3.048925e-06	-3.500873e-09	-2.269785e+01	-2.297497e+02
2.870000e-06	-3.115343e-06	-3.570135e-09	-2.319230e+01	-2.341904e+02
2.880000e-06	-3.180669e-06	-3.636460e-09	-2.367862e+01	-2.383877e+02
2.890000e-06	-3.244963e-06	-3.700119e-09	-2.415726e+01	-2.423541e+02
2.900000e-06	-3.308218e-06	-3.761334e-09	-2.462817e+01	-2.460989e+02
2.910000e-06	-3.370084e-06	-3.818125e-09	-2.508873e+01	-2.496294e+02
2.920000e-06	-3.430520e-06	-3.869393e-09	-2.553865e+01	-2.529516e+02
2.930000e-06	-3.489875e-06	-3.917561e-09	-2.598052e+01	-2.560721e+02
2.940000e-06	-3.548049e-06	-3.966549e-09	-2.641360e+01	-2.589980e+02
2.950000e-06	-3.604901e-06	-4.014015e-09	-2.683684e+01	-2.617381e+02
2.960000e-06	-3.660535e-06	-4.056330e-09	-2.725101e+01	-2.643026e+02
2.970000e-06	-3.714702e-06	-4.096180e-09	-2.765425e+01	-2.667034e+02
2.980000e-06	-3.767173e-06	-4.135501e-09	-2.804488e+01	-2.689535e+02
2.990000e-06	-3.818107e-06	-4.169646e-09	-2.842405e+01	-2.710666e+02
3.000000e-06	-3.867405e-06	-4.198056e-09	-2.879106e+01	-2.730563e+02
3.010000e-06	-3.914985e-06	-4.227958e-09	-2.914527e+01	-2.749355e+02
3.020000e-06	-3.961146e-06	-4.258406e-09	-2.948892e+01	-2.767157e+02
3.030000e-06	-4.006084e-06	-4.287263e-09	-2.982346e+01	-2.784067e+02
3.040000e-06	-4.049804e-06	-4.314073e-09	-3.014894e+01	-2.800163e+02
3.050000e-06	-4.092259e-06	-4.337784e-09	-3.046499e+01	-2.815497e+02
3.060000e-06	-4.133373e-06	-4.358644e-09	-3.077107e+01	-2.830105e+02
3.070000e-06	-4.173261e-06	-4.378541e-09	-3.106802e+01	-2.844002e+02
3.080000e-06	-4.211624e-06	-4.398973e-09	-3.135361e+01	-2.857190e+02
3.090000e-06	-4.248262e-06	-4.419274e-09	-3.162637e+01	-2.869663e+02
3.100000e-06	-4.283492e-06	-4.438670e-09	-3.188863e+01	-2.881415e+02
3.110000e-06	-4.317301e-06	-4.456188e-09	-3.214033e+01	-2.892439e+02
3.120000e-06	-4.349702e-06	-4.472345e-09	-3.238154e+01	-2.902737e+02
3.130000e-06	-4.380570e-06	-4.487043e-09	-3.261133e+01	-2.912321e+02
3.140000e-06	-4.409679e-06	-4.499163e-09	-3.282804e+01	-2.921214e+02
3.150000e-06	-4.437231e-06	-4.507964e-09	-3.303315e+01	-2.929452e+02
3.160000e-06	-4.463300e-06	-4.516812e-09	-3.322722e+01	-2.937077e+02
3.170000e-06	-4.487873e-06	-4.528417e-09	-3.341015e+01	-2.944139e+02
3.180000e-06	-4.510855e-06	-4.541823e-09	-3.358125e+01	-2.950690e+02
3.190000e-06	-4.532034e-06	-4.554066e-09	-3.373892e+01	-2.956780e+02
3.200000e-06	-4.551582e-06	-4.563414e-09	-3.388444e+01	-2.962452e+02
3.210000e-06	-4.569634e-06	-4.571394e-09	-3.401883e+01	-2.967741e+02
3.220000e-06	-4.586204e-06	-4.576917e-09	-3.414219e+01	-2.972669e+02
3.230000e-06	-4.601037e-06	-4.581189e-09	-3.425261e+01	-2.977245e+02
3.240000e-06	-4.613845e-06	-4.585209e-09	-3.434796e+01	-2.981469e+02
3.250000e-06	-4.624811e-06	-4.588068e-09	-3.442960e+01	-2.985325e+02
3.260000e-06	-4.634188e-06	-4.590245e-09	-3.449940e+01	-2.988796e+02
3.270000e-06	-4.642026e-06	-4.592829e-09	-3.455775e+01	-2.991855e+02
3.280000e-06	-4.648054e-06	-4.596265e-09	-3.460263e+01	-2.994478e+02
3.290000e-06	-4.652325e-06	-4.599250e-09	-3.463443e+01	-2.996645e+02
3.300000e-06	-4.655128e-06	-4.601357e-09	-3.465529e+01	-2.998343e+02
3.310000e-06	-4.656423e-06	-4.601266e-09	-3.466494e+01	-2.999566e+02
