# Temperatura_=_20.0
# Concentracion g/m^3_=_8200.0
# C_Vs_to_Am_M_A/Vsm_=_65563218390.804596
# pendiente_HvsI_1/m_=_3716.3
# ordenada_HvsI_A/m_=_1297.0
# frecuencia_Hz_=_301430.6471814861

Tiempo_(s)	Campo_(V.s)	Magnetizacion_(V.s)	Campo_(kA/m)	Magnetizacion_(A/m)
0.000000e+00	-3.221451e-06	-4.665617e-09	-2.355453e+01	-3.041566e+02
1.000000e-08	-3.220109e-06	-4.668301e-09	-2.354472e+01	-3.042741e+02
2.000000e-08	-3.217477e-06	-4.668966e-09	-2.352548e+01	-3.043497e+02
3.000000e-08	-3.213790e-06	-4.668026e-09	-2.349852e+01	-3.043842e+02
4.000000e-08	-3.209187e-06	-4.666485e-09	-2.346486e+01	-3.043779e+02
5.000000e-08	-3.203532e-06	-4.664953e-09	-2.342352e+01	-3.043312e+02
6.000000e-08	-3.196830e-06	-4.655526e-09	-2.337451e+01	-3.042439e+02
7.000000e-08	-3.189229e-06	-4.641237e-09	-2.331893e+01	-3.041157e+02
8.000000e-08	-3.180527e-06	-4.670788e-09	-2.325531e+01	-3.039461e+02
9.000000e-08	-3.170147e-06	-4.723061e-09	-2.317941e+01	-3.037342e+02
1.000000e-07	-3.158028e-06	-4.717078e-09	-2.309080e+01	-3.034790e+02
1.100000e-07	-3.144743e-06	-4.586529e-09	-2.299367e+01	-3.031790e+02
1.200000e-07	-3.130562e-06	-4.516489e-09	-2.288998e+01	-3.028329e+02
1.300000e-07	-3.115110e-06	-4.681014e-09	-2.277699e+01	-3.024389e+02
1.400000e-07	-3.098334e-06	-4.708447e-09	-2.265433e+01	-3.019952e+02
1.500000e-07	-3.080739e-06	-4.527904e-09	-2.252568e+01	-3.015000e+02
1.600000e-07	-3.062400e-06	-4.585912e-09	-2.239159e+01	-3.009516e+02
1.700000e-07	-3.042937e-06	-4.674592e-09	-2.224928e+01	-3.003483e+02
1.800000e-07	-3.022442e-06	-4.506114e-09	-2.209942e+01	-2.996884e+02
1.900000e-07	-3.001187e-06	-4.532838e-09	-2.194402e+01	-2.989707e+02
2.000000e-07	-2.978898e-06	-4.649377e-09	-2.178104e+01	-2.981942e+02
2.100000e-07	-2.955513e-06	-4.486135e-09	-2.161006e+01	-2.973582e+02
2.200000e-07	-2.931253e-06	-4.456905e-09	-2.143267e+01	-2.964625e+02
2.300000e-07	-2.905781e-06	-4.579081e-09	-2.124643e+01	-2.955071e+02
2.400000e-07	-2.878897e-06	-4.500483e-09	-2.104986e+01	-2.944928e+02
2.500000e-07	-2.850946e-06	-4.460643e-09	-2.084549e+01	-2.934206e+02
2.600000e-07	-2.822107e-06	-4.478239e-09	-2.063462e+01	-2.922917e+02
2.700000e-07	-2.792285e-06	-4.387286e-09	-2.041657e+01	-2.911081e+02
2.800000e-07	-2.761471e-06	-4.402540e-09	-2.019127e+01	-2.898718e+02
2.900000e-07	-2.729823e-06	-4.432968e-09	-1.995986e+01	-2.885850e+02
3.000000e-07	-2.697332e-06	-4.375286e-09	-1.972230e+01	-2.872502e+02
3.100000e-07	-2.663666e-06	-4.399435e-09	-1.947613e+01	-2.858696e+02
3.200000e-07	-2.628746e-06	-4.357367e-09	-1.922081e+01	-2.844457e+02
3.300000e-07	-2.592948e-06	-4.237531e-09	-1.895906e+01	-2.829802e+02
3.400000e-07	-2.556355e-06	-4.290304e-09	-1.869150e+01	-2.814750e+02
3.500000e-07	-2.518774e-06	-4.328639e-09	-1.841672e+01	-2.799312e+02
3.600000e-07	-2.480231e-06	-4.222699e-09	-1.813490e+01	-2.783493e+02
3.700000e-07	-2.440908e-06	-4.192715e-09	-1.784738e+01	-2.767294e+02
3.800000e-07	-2.400955e-06	-4.216407e-09	-1.755525e+01	-2.750708e+02
3.900000e-07	-2.360234e-06	-4.183714e-09	-1.725751e+01	-2.733719e+02
4.000000e-07	-2.318373e-06	-4.130537e-09	-1.695143e+01	-2.716308e+02
4.100000e-07	-2.275379e-06	-4.103493e-09	-1.663707e+01	-2.698447e+02
4.200000e-07	-2.231591e-06	-4.103160e-09	-1.631690e+01	-2.680104e+02
4.300000e-07	-2.187133e-06	-4.077640e-09	-1.599183e+01	-2.661240e+02
4.400000e-07	-2.141947e-06	-4.006444e-09	-1.566144e+01	-2.641817e+02
4.500000e-07	-2.096025e-06	-3.983320e-09	-1.532567e+01	-2.621792e+02
4.600000e-07	-2.049365e-06	-4.000294e-09	-1.498451e+01	-2.601124e+02
4.700000e-07	-2.002058e-06	-3.933007e-09	-1.463861e+01	-2.579774e+02
4.800000e-07	-1.954108e-06	-3.854125e-09	-1.428800e+01	-2.557704e+02
4.900000e-07	-1.905318e-06	-3.868562e-09	-1.393126e+01	-2.534882e+02
5.000000e-07	-1.855424e-06	-3.865162e-09	-1.356645e+01	-2.511278e+02
5.100000e-07	-1.804470e-06	-3.779516e-09	-1.319388e+01	-2.486869e+02
5.200000e-07	-1.752765e-06	-3.728198e-09	-1.281583e+01	-2.461638e+02
5.300000e-07	-1.700426e-06	-3.719696e-09	-1.243314e+01	-2.435568e+02
5.400000e-07	-1.647496e-06	-3.671932e-09	-1.204613e+01	-2.408649e+02
5.500000e-07	-1.593989e-06	-3.610497e-09	-1.165490e+01	-2.380870e+02
5.600000e-07	-1.539874e-06	-3.585199e-09	-1.125922e+01	-2.352222e+02
5.700000e-07	-1.485109e-06	-3.556073e-09	-1.085879e+01	-2.322692e+02
5.800000e-07	-1.429875e-06	-3.486310e-09	-1.045493e+01	-2.292265e+02
5.900000e-07	-1.374363e-06	-3.429396e-09	-1.004904e+01	-2.260920e+02
6.000000e-07	-1.318538e-06	-3.400709e-09	-9.640854e+00	-2.228630e+02
6.100000e-07	-1.262310e-06	-3.347948e-09	-9.229731e+00	-2.195360e+02
6.200000e-07	-1.205530e-06	-3.275030e-09	-8.814568e+00	-2.161067e+02
6.300000e-07	-1.148066e-06	-3.230901e-09	-8.394401e+00	-2.125702e+02
6.400000e-07	-1.089944e-06	-3.189271e-09	-7.969431e+00	-2.089206e+02
6.500000e-07	-1.031208e-06	-3.115261e-09	-7.539965e+00	-2.051518e+02
6.600000e-07	-9.719709e-07	-3.047481e-09	-7.106835e+00	-2.012569e+02
6.700000e-07	-9.124489e-07	-3.000853e-09	-6.671624e+00	-1.972292e+02
6.800000e-07	-8.527947e-07	-2.940918e-09	-6.235446e+00	-1.930615e+02
6.900000e-07	-7.930535e-07	-2.866780e-09	-5.798631e+00	-1.887469e+02
7.000000e-07	-7.331962e-07	-2.804042e-09	-5.360968e+00	-1.842789e+02
7.100000e-07	-6.731821e-07	-2.735402e-09	-4.922158e+00	-1.796512e+02
7.200000e-07	-6.129381e-07	-2.649876e-09	-4.481667e+00	-1.748577e+02
7.300000e-07	-5.523987e-07	-2.571939e-09	-4.039016e+00	-1.698929e+02
7.400000e-07	-4.915988e-07	-2.504066e-09	-3.594462e+00	-1.647514e+02
7.500000e-07	-4.306158e-07	-2.422813e-09	-3.148567e+00	-1.594280e+02
7.600000e-07	-3.695324e-07	-2.329127e-09	-2.701939e+00	-1.539170e+02
7.700000e-07	-3.083509e-07	-2.244617e-09	-2.254593e+00	-1.482127e+02
7.800000e-07	-2.470190e-07	-2.160374e-09	-1.806148e+00	-1.423087e+02
7.900000e-07	-1.856019e-07	-2.061713e-09	-1.357080e+00	-1.361977e+02
8.000000e-07	-1.241512e-07	-1.960942e-09	-9.077663e-01	-1.298716e+02
8.100000e-07	-6.266541e-08	-1.865174e-09	-4.581956e-01	-1.233213e+02
8.200000e-07	-1.151039e-09	-1.762849e-09	-8.416139e-03	-1.165367e+02
8.300000e-07	6.036927e-08	-1.652147e-09	4.414067e-01	-1.095072e+02
8.400000e-07	1.218752e-07	-1.539598e-09	8.911244e-01	-1.022218e+02
8.500000e-07	1.833176e-07	-1.422698e-09	1.340378e+00	-9.466962e+01
8.600000e-07	2.446977e-07	-1.300575e-09	1.789175e+00	-8.684067e+01
8.700000e-07	3.060556e-07	-1.176291e-09	2.237811e+00	-7.872640e+01
8.800000e-07	3.673353e-07	-1.051039e-09	2.685874e+00	-7.032055e+01
8.900000e-07	4.285165e-07	-9.198505e-10	3.133218e+00	-6.161998e+01
9.000000e-07	4.895309e-07	-7.814024e-10	3.579341e+00	-5.262547e+01
9.100000e-07	5.502949e-07	-6.382799e-10	4.023634e+00	-4.334236e+01
9.200000e-07	6.107729e-07	-4.919524e-10	4.465836e+00	-3.378125e+01
9.300000e-07	6.710469e-07	-3.428354e-10	4.906546e+00	-2.395832e+01
9.400000e-07	7.311443e-07	-1.890403e-10	5.345965e+00	-1.389557e+01
9.500000e-07	7.910019e-07	-3.225064e-11	5.783630e+00	-3.620843e+00
9.600000e-07	8.506885e-07	1.268144e-10	6.220045e+00	6.832538e+00
9.700000e-07	9.102547e-07	2.886196e-10	6.655580e+00	1.742624e+01
9.800000e-07	9.696679e-07	4.528200e-10	7.089996e+00	2.811770e+01
9.900000e-07	1.028727e-06	6.163632e-10	7.521827e+00	3.886110e+01
1.000000e-06	1.087246e-06	7.789702e-10	7.949703e+00	4.960849e+01
1.010000e-06	1.145101e-06	9.427983e-10	8.372725e+00	6.031104e+01
1.020000e-06	1.202217e-06	1.106659e-09	8.790341e+00	7.092030e+01
1.030000e-06	1.258711e-06	1.267999e-09	9.203419e+00	8.138953e+01
1.040000e-06	1.314721e-06	1.425700e-09	9.612947e+00	9.167483e+01
1.050000e-06	1.370389e-06	1.579997e-09	1.001998e+01	1.017363e+02
1.060000e-06	1.425740e-06	1.728143e-09	1.042469e+01	1.115388e+02
1.070000e-06	1.480676e-06	1.870051e-09	1.082638e+01	1.210527e+02
1.080000e-06	1.535083e-06	2.009891e-09	1.122419e+01	1.302544e+02
1.090000e-06	1.588947e-06	2.145565e-09	1.161803e+01	1.391263e+02
1.100000e-06	1.642330e-06	2.272274e-09	1.200835e+01	1.476567e+02
1.110000e-06	1.695107e-06	2.395296e-09	1.239424e+01	1.558398e+02
1.120000e-06	1.747251e-06	2.517826e-09	1.277551e+01	1.636749e+02
1.130000e-06	1.798766e-06	2.631281e-09	1.315218e+01	1.711656e+02
1.140000e-06	1.849490e-06	2.735073e-09	1.352306e+01	1.783196e+02
1.150000e-06	1.899217e-06	2.839130e-09	1.388665e+01	1.851471e+02
1.160000e-06	1.947937e-06	2.942418e-09	1.424288e+01	1.916607e+02
1.170000e-06	1.995892e-06	3.037442e-09	1.459352e+01	1.978740e+02
1.180000e-06	2.043240e-06	3.127598e-09	1.493972e+01	2.038011e+02
1.190000e-06	2.089921e-06	3.216239e-09	1.528104e+01	2.094560e+02
1.200000e-06	2.135870e-06	3.298837e-09	1.561701e+01	2.148523e+02
1.210000e-06	2.181053e-06	3.372888e-09	1.594737e+01	2.200022e+02
1.220000e-06	2.225492e-06	3.444044e-09	1.627230e+01	2.249171e+02
1.230000e-06	2.269334e-06	3.514355e-09	1.659287e+01	2.296071e+02
1.240000e-06	2.312601e-06	3.579354e-09	1.690922e+01	2.340810e+02
1.250000e-06	2.354918e-06	3.640793e-09	1.721864e+01	2.383466e+02
1.260000e-06	2.396032e-06	3.703470e-09	1.751925e+01	2.424109e+02
1.270000e-06	2.436122e-06	3.762854e-09	1.781238e+01	2.462803e+02
1.280000e-06	2.475386e-06	3.814967e-09	1.809947e+01	2.499608e+02
1.290000e-06	2.513878e-06	3.864845e-09	1.838091e+01	2.534582e+02
1.300000e-06	2.551543e-06	3.913765e-09	1.865632e+01	2.567786e+02
1.310000e-06	2.588306e-06	3.958333e-09	1.892512e+01	2.599281e+02
1.320000e-06	2.624276e-06	3.998960e-09	1.918812e+01	2.629131e+02
1.330000e-06	2.659507e-06	4.040132e-09	1.944572e+01	2.657405e+02
1.340000e-06	2.693680e-06	4.080625e-09	1.969559e+01	2.684174e+02
1.350000e-06	2.726615e-06	4.115416e-09	1.993641e+01	2.709509e+02
1.360000e-06	2.758491e-06	4.146627e-09	2.016947e+01	2.733485e+02
1.370000e-06	2.789474e-06	4.178681e-09	2.039601e+01	2.756175e+02
1.380000e-06	2.819564e-06	4.210449e-09	2.061602e+01	2.777650e+02
1.390000e-06	2.848752e-06	4.239149e-09	2.082944e+01	2.797978e+02
1.400000e-06	2.877063e-06	4.266899e-09	2.103645e+01	2.817224e+02
1.410000e-06	2.904549e-06	4.294943e-09	2.123742e+01	2.835444e+02
1.420000e-06	2.930991e-06	4.320331e-09	2.143076e+01	2.852692e+02
1.430000e-06	2.956043e-06	4.343642e-09	2.161393e+01	2.869013e+02
1.440000e-06	2.979840e-06	4.366747e-09	2.178793e+01	2.884448e+02
1.450000e-06	3.002616e-06	4.388932e-09	2.195447e+01	2.899030e+02
1.460000e-06	3.024388e-06	4.409137e-09	2.211365e+01	2.912789e+02
1.470000e-06	3.045157e-06	4.428025e-09	2.226551e+01	2.925751e+02
1.480000e-06	3.065088e-06	4.446712e-09	2.241124e+01	2.937938e+02
1.490000e-06	3.084122e-06	4.465666e-09	2.255042e+01	2.949370e+02
1.500000e-06	3.102006e-06	4.482684e-09	2.268118e+01	2.960065e+02
1.510000e-06	3.118689e-06	4.496421e-09	2.280316e+01	2.970042e+02
1.520000e-06	3.134233e-06	4.508422e-09	2.291681e+01	2.979318e+02
1.530000e-06	3.148582e-06	4.520185e-09	2.302173e+01	2.987913e+02
1.540000e-06	3.161755e-06	4.531322e-09	2.311805e+01	2.995846e+02
1.550000e-06	3.173825e-06	4.541446e-09	2.320630e+01	3.003136e+02
1.560000e-06	3.184540e-06	4.553162e-09	2.328465e+01	3.009804e+02
1.570000e-06	3.193763e-06	4.565345e-09	2.335209e+01	3.015872e+02
1.580000e-06	3.201764e-06	4.574542e-09	2.341059e+01	3.021359e+02
1.590000e-06	3.208694e-06	4.581013e-09	2.346126e+01	3.026289e+02
1.600000e-06	3.214503e-06	4.586766e-09	2.350373e+01	3.030681e+02
1.610000e-06	3.219247e-06	4.592235e-09	2.353842e+01	3.034555e+02
1.620000e-06	3.222996e-06	4.596959e-09	2.356583e+01	3.037931e+02
1.630000e-06	3.225614e-06	4.601581e-09	2.358497e+01	3.040826e+02
1.640000e-06	3.226894e-06	4.606604e-09	2.359433e+01	3.043256e+02
1.650000e-06	3.226958e-06	4.612903e-09	2.359480e+01	3.045237e+02
1.660000e-06	3.225998e-06	4.617275e-09	2.358778e+01	3.046780e+02
1.670000e-06	3.224039e-06	4.619256e-09	2.357346e+01	3.047897e+02
1.680000e-06	3.221120e-06	4.621934e-09	2.355211e+01	3.048597e+02
1.690000e-06	3.217315e-06	4.623573e-09	2.352429e+01	3.048885e+02
1.700000e-06	3.212582e-06	4.623261e-09	2.348969e+01	3.048768e+02
1.710000e-06	3.206686e-06	4.624653e-09	2.344657e+01	3.048245e+02
1.720000e-06	3.199500e-06	4.642624e-09	2.339403e+01	3.047316e+02
1.730000e-06	3.191290e-06	4.628261e-09	2.333401e+01	3.045979e+02
1.740000e-06	3.182039e-06	4.557109e-09	2.326636e+01	3.044225e+02
1.750000e-06	3.171237e-06	4.518450e-09	2.318738e+01	3.042048e+02
1.760000e-06	3.158536e-06	4.620899e-09	2.309451e+01	3.039435e+02
1.770000e-06	3.144375e-06	4.726517e-09	2.299097e+01	3.036374e+02
1.780000e-06	3.129876e-06	4.604896e-09	2.288496e+01	3.032847e+02
1.790000e-06	3.114805e-06	4.504134e-09	2.277476e+01	3.028840e+02
1.800000e-06	3.098207e-06	4.672594e-09	2.265340e+01	3.024333e+02
1.810000e-06	3.080466e-06	4.657060e-09	2.252368e+01	3.019310e+02
1.820000e-06	3.062112e-06	4.455200e-09	2.238949e+01	3.013751e+02
1.830000e-06	3.042779e-06	4.596883e-09	2.224813e+01	3.007640e+02
1.840000e-06	3.022348e-06	4.682698e-09	2.209873e+01	3.000962e+02
1.850000e-06	3.001015e-06	4.461640e-09	2.194275e+01	2.993704e+02
1.860000e-06	2.978385e-06	4.499057e-09	2.177729e+01	2.985857e+02
1.870000e-06	2.954388e-06	4.615403e-09	2.160183e+01	2.977414e+02
1.880000e-06	2.929414e-06	4.470560e-09	2.141922e+01	2.968374e+02
1.890000e-06	2.903290e-06	4.472775e-09	2.122821e+01	2.958739e+02
1.900000e-06	2.875965e-06	4.527823e-09	2.102842e+01	2.948515e+02
1.910000e-06	2.847796e-06	4.452588e-09	2.082245e+01	2.937713e+02
1.920000e-06	2.818679e-06	4.499446e-09	2.060956e+01	2.926348e+02
1.930000e-06	2.788426e-06	4.465008e-09	2.038835e+01	2.914438e+02
1.940000e-06	2.757030e-06	4.373952e-09	2.015879e+01	2.902004e+02
1.950000e-06	2.724502e-06	4.455171e-09	1.992095e+01	2.889069e+02
1.960000e-06	2.691048e-06	4.354405e-09	1.967635e+01	2.875656e+02
1.970000e-06	2.656764e-06	4.263238e-09	1.942567e+01	2.861790e+02
1.980000e-06	2.621529e-06	4.432075e-09	1.916804e+01	2.847493e+02
1.990000e-06	2.585521e-06	4.354877e-09	1.890476e+01	2.832783e+02
2.000000e-06	2.548697e-06	4.207884e-09	1.863550e+01	2.817678e+02
2.010000e-06	2.510687e-06	4.296546e-09	1.835759e+01	2.802188e+02
2.020000e-06	2.471489e-06	4.273791e-09	1.807098e+01	2.786318e+02
2.030000e-06	2.431384e-06	4.175029e-09	1.777774e+01	2.770067e+02
2.040000e-06	2.390564e-06	4.178011e-09	1.747927e+01	2.753426e+02
2.050000e-06	2.349073e-06	4.201218e-09	1.717590e+01	2.736382e+02
2.060000e-06	2.306835e-06	4.182354e-09	1.686706e+01	2.718911e+02
2.070000e-06	2.263746e-06	4.076024e-09	1.655201e+01	2.700986e+02
2.080000e-06	2.219969e-06	4.039967e-09	1.623192e+01	2.682573e+02
2.090000e-06	2.175651e-06	4.117416e-09	1.590788e+01	2.663634e+02
2.100000e-06	2.130634e-06	4.071048e-09	1.557872e+01	2.644130e+02
2.110000e-06	2.084699e-06	3.957399e-09	1.524285e+01	2.624019e+02
2.120000e-06	2.037988e-06	3.959329e-09	1.490131e+01	2.603259e+02
2.130000e-06	1.990712e-06	3.993581e-09	1.455564e+01	2.581811e+02
2.140000e-06	1.942698e-06	3.910202e-09	1.420458e+01	2.559638e+02
2.150000e-06	1.893781e-06	3.818412e-09	1.384691e+01	2.536708e+02
2.160000e-06	1.844070e-06	3.851737e-09	1.348343e+01	2.512993e+02
2.170000e-06	1.793737e-06	3.835233e-09	1.311540e+01	2.488471e+02
2.180000e-06	1.742754e-06	3.733667e-09	1.274263e+01	2.463123e+02
2.190000e-06	1.691086e-06	3.708181e-09	1.236485e+01	2.436935e+02
2.200000e-06	1.638819e-06	3.717420e-09	1.198268e+01	2.409896e+02
2.210000e-06	1.585761e-06	3.655882e-09	1.159474e+01	2.381997e+02
2.220000e-06	1.531749e-06	3.563040e-09	1.119981e+01	2.353226e+02
2.230000e-06	1.476846e-06	3.535497e-09	1.079837e+01	2.323572e+02
2.240000e-06	1.421286e-06	3.530642e-09	1.039213e+01	2.293018e+02
2.250000e-06	1.365342e-06	3.457921e-09	9.983080e+00	2.261542e+02
2.260000e-06	1.309102e-06	3.393280e-09	9.571862e+00	2.229117e+02
2.270000e-06	1.252464e-06	3.373657e-09	9.157737e+00	2.195706e+02
2.280000e-06	1.195348e-06	3.318927e-09	8.740122e+00	2.161266e+02
2.290000e-06	1.137786e-06	3.243601e-09	8.319242e+00	2.125746e+02
2.300000e-06	1.079883e-06	3.201407e-09	7.895863e+00	2.089086e+02
2.310000e-06	1.021707e-06	3.164652e-09	7.470496e+00	2.051225e+02
2.320000e-06	9.631464e-07	3.086422e-09	7.042313e+00	2.012093e+02
2.330000e-06	9.041724e-07	3.007025e-09	6.611108e+00	1.971623e+02
2.340000e-06	8.448532e-07	2.960219e-09	6.177379e+00	1.929743e+02
2.350000e-06	7.852251e-07	2.896723e-09	5.741392e+00	1.886385e+02
2.360000e-06	7.253767e-07	2.817711e-09	5.303794e+00	1.841483e+02
2.370000e-06	6.654315e-07	2.755824e-09	4.865487e+00	1.794975e+02
2.380000e-06	6.053904e-07	2.692246e-09	4.426481e+00	1.746801e+02
2.390000e-06	5.452558e-07	2.608129e-09	3.986790e+00	1.696907e+02
2.400000e-06	4.850146e-07	2.523840e-09	3.546319e+00	1.645238e+02
2.410000e-06	4.246610e-07	2.452555e-09	3.105027e+00	1.591742e+02
2.420000e-06	3.641635e-07	2.369355e-09	2.662683e+00	1.536362e+02
2.430000e-06	3.035942e-07	2.272525e-09	2.219813e+00	1.479041e+02
2.440000e-06	2.429943e-07	2.188576e-09	1.776720e+00	1.419712e+02
2.450000e-06	1.821896e-07	2.105794e-09	1.332130e+00	1.358303e+02
2.460000e-06	1.212005e-07	2.003237e-09	8.861910e-01	1.294730e+02
2.470000e-06	6.018993e-08	1.895483e-09	4.400954e-01	1.228901e+02
2.480000e-06	-8.531216e-10	1.795058e-09	-6.237836e-03	1.160714e+02
2.490000e-06	-6.193505e-08	1.689791e-09	-4.528553e-01	1.090063e+02
2.500000e-06	-1.229446e-07	1.574262e-09	-8.989438e-01	1.016837e+02
2.510000e-06	-1.838754e-07	1.461034e-09	-1.344456e+00	9.409288e+01
2.520000e-06	-2.448000e-07	1.347782e-09	-1.789923e+00	8.622391e+01
2.530000e-06	-3.056545e-07	1.222391e-09	-2.234878e+00	7.806857e+01
2.540000e-06	-3.664013e-07	1.089884e-09	-2.679045e+00	6.962099e+01
2.550000e-06	-4.269993e-07	9.584794e-10	-3.122124e+00	6.087855e+01
2.560000e-06	-4.874155e-07	8.234684e-10	-3.563874e+00	5.184263e+01
2.570000e-06	-5.477464e-07	6.777078e-10	-4.005000e+00	4.251930e+01
2.580000e-06	-6.079363e-07	5.278109e-10	-4.445095e+00	3.291992e+01
2.590000e-06	-6.680019e-07	3.792982e-10	-4.884282e+00	2.306151e+01
2.600000e-06	-7.279916e-07	2.283792e-10	-5.322913e+00	1.296691e+01
2.610000e-06	-7.878049e-07	7.201675e-11	-5.760254e+00	2.664761e+00
2.620000e-06	-8.473887e-07	-8.841266e-11	-6.195918e+00	-7.810855e+00
2.630000e-06	-9.066713e-07	-2.504704e-10	-6.629380e+00	-1.842095e+01
2.640000e-06	-9.655500e-07	-4.152742e-10	-7.059887e+00	-2.912243e+01
2.650000e-06	-1.024017e-06	-5.804044e-10	-7.487382e+00	-3.986911e+01
2.660000e-06	-1.082107e-06	-7.420613e-10	-7.912124e+00	-5.061283e+01
2.670000e-06	-1.139794e-06	-9.032887e-10	-8.333918e+00	-6.130472e+01
2.680000e-06	-1.197044e-06	-1.067376e-09	-8.752516e+00	-7.189652e+01
2.690000e-06	-1.253840e-06	-1.228748e-09	-9.167799e+00	-8.234181e+01
2.700000e-06	-1.310203e-06	-1.382372e-09	-9.579917e+00	-9.259721e+01
2.710000e-06	-1.366243e-06	-1.532804e-09	-9.989665e+00	-1.026234e+02
2.720000e-06	-1.422007e-06	-1.684719e-09	-1.039740e+01	-1.123861e+02
2.730000e-06	-1.477330e-06	-1.831465e-09	-1.080191e+01	-1.218565e+02
2.740000e-06	-1.531922e-06	-1.969354e-09	-1.120108e+01	-1.310117e+02
2.750000e-06	-1.585669e-06	-2.105056e-09	-1.159406e+01	-1.398351e+02
2.760000e-06	-1.638529e-06	-2.238089e-09	-1.198056e+01	-1.483159e+02
2.770000e-06	-1.690645e-06	-2.361091e-09	-1.236162e+01	-1.564490e+02
2.780000e-06	-1.742209e-06	-2.476569e-09	-1.273865e+01	-1.642342e+02
2.790000e-06	-1.793128e-06	-2.592509e-09	-1.311096e+01	-1.716761e+02
2.800000e-06	-1.843352e-06	-2.705077e-09	-1.347818e+01	-1.787824e+02
2.810000e-06	-1.892883e-06	-2.808216e-09	-1.384034e+01	-1.855641e+02
2.820000e-06	-1.941443e-06	-2.906231e-09	-1.419540e+01	-1.920337e+02
2.830000e-06	-1.988972e-06	-3.002847e-09	-1.454292e+01	-1.982049e+02
2.840000e-06	-2.035791e-06	-3.094366e-09	-1.488525e+01	-2.040920e+02
2.850000e-06	-2.082075e-06	-3.178247e-09	-1.522367e+01	-2.097089e+02
2.860000e-06	-2.127775e-06	-3.258186e-09	-1.555782e+01	-2.150690e+02
2.870000e-06	-2.172696e-06	-3.336347e-09	-1.588627e+01	-2.201844e+02
2.880000e-06	-2.216951e-06	-3.411625e-09	-1.620986e+01	-2.250663e+02
2.890000e-06	-2.260703e-06	-3.486154e-09	-1.652976e+01	-2.297247e+02
2.900000e-06	-2.303745e-06	-3.558662e-09	-1.684447e+01	-2.341681e+02
2.910000e-06	-2.345963e-06	-3.624110e-09	-1.715316e+01	-2.384042e+02
2.920000e-06	-2.387399e-06	-3.686203e-09	-1.745613e+01	-2.424401e+02
2.930000e-06	-2.428030e-06	-3.749564e-09	-1.775322e+01	-2.462818e+02
2.940000e-06	-2.467938e-06	-3.809072e-09	-1.804502e+01	-2.499355e+02
2.950000e-06	-2.506924e-06	-3.861133e-09	-1.833007e+01	-2.534071e+02
2.960000e-06	-2.544681e-06	-3.910812e-09	-1.860614e+01	-2.567024e+02
2.970000e-06	-2.581336e-06	-3.962553e-09	-1.887415e+01	-2.598277e+02
2.980000e-06	-2.617144e-06	-4.010021e-09	-1.913598e+01	-2.627896e+02
2.990000e-06	-2.652111e-06	-4.052969e-09	-1.939165e+01	-2.655948e+02
3.000000e-06	-2.686159e-06	-4.099094e-09	-1.964060e+01	-2.682504e+02
3.010000e-06	-2.719306e-06	-4.144946e-09	-1.988296e+01	-2.707638e+02
3.020000e-06	-2.751619e-06	-4.184645e-09	-2.011923e+01	-2.731423e+02
3.030000e-06	-2.783116e-06	-4.220613e-09	-2.034952e+01	-2.753932e+02
3.040000e-06	-2.813459e-06	-4.255341e-09	-2.057139e+01	-2.775237e+02
3.050000e-06	-2.842475e-06	-4.287752e-09	-2.078355e+01	-2.795404e+02
3.060000e-06	-2.870503e-06	-4.317658e-09	-2.098848e+01	-2.814497e+02
3.070000e-06	-2.897672e-06	-4.345603e-09	-2.118713e+01	-2.832573e+02
3.080000e-06	-2.923784e-06	-4.372386e-09	-2.137806e+01	-2.849683e+02
3.090000e-06	-2.948816e-06	-4.397391e-09	-2.156109e+01	-2.865873e+02
3.100000e-06	-2.973011e-06	-4.421620e-09	-2.173800e+01	-2.881181e+02
3.110000e-06	-2.996335e-06	-4.445309e-09	-2.190853e+01	-2.895641e+02
3.120000e-06	-3.018361e-06	-4.466565e-09	-2.206958e+01	-2.909282e+02
3.130000e-06	-3.039088e-06	-4.486485e-09	-2.222114e+01	-2.922130e+02
3.140000e-06	-3.058854e-06	-4.505186e-09	-2.236566e+01	-2.934205e+02
3.150000e-06	-3.077649e-06	-4.522591e-09	-2.250309e+01	-2.945528e+02
3.160000e-06	-3.095363e-06	-4.539807e-09	-2.263260e+01	-2.956116e+02
3.170000e-06	-3.112129e-06	-4.557165e-09	-2.275519e+01	-2.965989e+02
3.180000e-06	-3.127920e-06	-4.571916e-09	-2.287066e+01	-2.975165e+02
3.190000e-06	-3.142401e-06	-4.583697e-09	-2.297654e+01	-2.983661e+02
3.200000e-06	-3.155391e-06	-4.594864e-09	-2.307152e+01	-2.991498e+02
3.210000e-06	-3.167069e-06	-4.606452e-09	-2.315690e+01	-2.998695e+02
3.220000e-06	-3.177580e-06	-4.616212e-09	-2.323376e+01	-3.005274e+02
3.230000e-06	-3.186974e-06	-4.623714e-09	-2.330245e+01	-3.011255e+02
3.240000e-06	-3.195367e-06	-4.631152e-09	-2.336382e+01	-3.016659e+02
3.250000e-06	-3.202702e-06	-4.638839e-09	-2.341744e+01	-3.021508e+02
3.260000e-06	-3.208678e-06	-4.647389e-09	-2.346114e+01	-3.025822e+02
3.270000e-06	-3.213341e-06	-4.654875e-09	-2.349524e+01	-3.029621e+02
3.280000e-06	-3.216957e-06	-4.660319e-09	-2.352168e+01	-3.032924e+02
3.290000e-06	-3.219577e-06	-4.662842e-09	-2.354083e+01	-3.035749e+02
3.300000e-06	-3.221158e-06	-4.663020e-09	-2.355239e+01	-3.038112e+02
3.310000e-06	-3.221736e-06	-4.663266e-09	-2.355662e+01	-3.040026e+02
