# Temperatura_=_20.0
# Concentracion g/m^3_=_8200.0
# C_Vs_to_Am_M_A/Vsm_=_65563218390.804596
# pendiente_HvsI_1/m_=_3716.3
# ordenada_HvsI_A/m_=_1297.0
# frecuencia_Hz_=_301425.33223549346

Tiempo_(s)	Campo_(V.s)	Magnetizacion_(V.s)	Campo_(kA/m)	Magnetizacion_(A/m)
0.000000e+00	-3.220973e-06	-4.575398e-09	-2.355252e+01	-2.987878e+02
1.000000e-08	-3.219935e-06	-4.578150e-09	-2.354493e+01	-2.989190e+02
2.000000e-08	-3.217570e-06	-4.579668e-09	-2.352764e+01	-2.990112e+02
3.000000e-08	-3.214067e-06	-4.582224e-09	-2.350202e+01	-2.990639e+02
4.000000e-08	-3.209617e-06	-4.585048e-09	-2.346948e+01	-2.990758e+02
5.000000e-08	-3.204109e-06	-4.584709e-09	-2.342921e+01	-2.990454e+02
6.000000e-08	-3.197522e-06	-4.576170e-09	-2.338104e+01	-2.989711e+02
7.000000e-08	-3.189956e-06	-4.560406e-09	-2.332572e+01	-2.988513e+02
8.000000e-08	-3.181393e-06	-4.575142e-09	-2.326311e+01	-2.986842e+02
9.000000e-08	-3.171336e-06	-4.621246e-09	-2.318957e+01	-2.984688e+02
1.000000e-07	-3.159547e-06	-4.622142e-09	-2.310336e+01	-2.982039e+02
1.100000e-07	-3.146468e-06	-4.528909e-09	-2.300772e+01	-2.978892e+02
1.200000e-07	-3.132454e-06	-4.448506e-09	-2.290525e+01	-2.975248e+02
1.300000e-07	-3.117278e-06	-4.564958e-09	-2.279428e+01	-2.971112e+02
1.400000e-07	-3.100687e-06	-4.643403e-09	-2.267296e+01	-2.966493e+02
1.500000e-07	-3.083196e-06	-4.465577e-09	-2.254506e+01	-2.961405e+02
1.600000e-07	-3.065020e-06	-4.478867e-09	-2.241216e+01	-2.955862e+02
1.700000e-07	-3.045782e-06	-4.583002e-09	-2.227148e+01	-2.949877e+02
1.800000e-07	-3.025505e-06	-4.431355e-09	-2.212321e+01	-2.943464e+02
1.900000e-07	-3.004412e-06	-4.429543e-09	-2.196897e+01	-2.936630e+02
2.000000e-07	-2.982289e-06	-4.581321e-09	-2.180720e+01	-2.929379e+02
2.100000e-07	-2.959035e-06	-4.456671e-09	-2.163717e+01	-2.921707e+02
2.200000e-07	-2.934914e-06	-4.377348e-09	-2.146079e+01	-2.913607e+02
2.300000e-07	-2.909664e-06	-4.507463e-09	-2.127615e+01	-2.905062e+02
2.400000e-07	-2.882994e-06	-4.426610e-09	-2.108114e+01	-2.896053e+02
2.500000e-07	-2.855237e-06	-4.351795e-09	-2.087817e+01	-2.886556e+02
2.600000e-07	-2.826581e-06	-4.432727e-09	-2.066863e+01	-2.876545e+02
2.700000e-07	-2.796925e-06	-4.376981e-09	-2.045178e+01	-2.865996e+02
2.800000e-07	-2.766303e-06	-4.315472e-09	-2.022786e+01	-2.854887e+02
2.900000e-07	-2.734842e-06	-4.358341e-09	-1.999782e+01	-2.843205e+02
3.000000e-07	-2.702581e-06	-4.326136e-09	-1.976191e+01	-2.830939e+02
3.100000e-07	-2.669203e-06	-4.314179e-09	-1.951785e+01	-2.818090e+02
3.200000e-07	-2.634519e-06	-4.297163e-09	-1.926423e+01	-2.804668e+02
3.300000e-07	-2.598859e-06	-4.214517e-09	-1.900348e+01	-2.790691e+02
3.400000e-07	-2.562401e-06	-4.220734e-09	-1.873689e+01	-2.776185e+02
3.500000e-07	-2.525029e-06	-4.246288e-09	-1.846361e+01	-2.761179e+02
3.600000e-07	-2.486683e-06	-4.194798e-09	-1.818322e+01	-2.745708e+02
3.700000e-07	-2.447488e-06	-4.154740e-09	-1.789661e+01	-2.729805e+02
3.800000e-07	-2.407656e-06	-4.155552e-09	-1.760535e+01	-2.713498e+02
3.900000e-07	-2.367132e-06	-4.131518e-09	-1.730904e+01	-2.696810e+02
4.000000e-07	-2.325544e-06	-4.090802e-09	-1.700493e+01	-2.679753e+02
4.100000e-07	-2.282777e-06	-4.054544e-09	-1.669221e+01	-2.662326e+02
4.200000e-07	-2.239173e-06	-4.049424e-09	-1.637336e+01	-2.644518e+02
4.300000e-07	-2.194883e-06	-4.033813e-09	-1.604950e+01	-2.626302e+02
4.400000e-07	-2.149811e-06	-3.973646e-09	-1.571993e+01	-2.607640e+02
4.500000e-07	-2.104019e-06	-3.939056e-09	-1.538508e+01	-2.588483e+02
4.600000e-07	-2.057556e-06	-3.945058e-09	-1.504534e+01	-2.568776e+02
4.700000e-07	-2.010366e-06	-3.911247e-09	-1.470028e+01	-2.548458e+02
4.800000e-07	-1.962474e-06	-3.834971e-09	-1.435008e+01	-2.527469e+02
4.900000e-07	-1.913823e-06	-3.817798e-09	-1.399433e+01	-2.505751e+02
5.000000e-07	-1.864144e-06	-3.815317e-09	-1.363106e+01	-2.483254e+02
5.100000e-07	-1.813361e-06	-3.756514e-09	-1.325973e+01	-2.459935e+02
5.200000e-07	-1.761777e-06	-3.700247e-09	-1.288253e+01	-2.435764e+02
5.300000e-07	-1.709534e-06	-3.684585e-09	-1.250052e+01	-2.410721e+02
5.400000e-07	-1.656616e-06	-3.648771e-09	-1.211357e+01	-2.384797e+02
5.500000e-07	-1.603126e-06	-3.585036e-09	-1.172244e+01	-2.357993e+02
5.600000e-07	-1.549084e-06	-3.549664e-09	-1.132727e+01	-2.330314e+02
5.700000e-07	-1.494447e-06	-3.525496e-09	-1.092775e+01	-2.301770e+02
5.800000e-07	-1.439316e-06	-3.470761e-09	-1.052462e+01	-2.272369e+02
5.900000e-07	-1.383810e-06	-3.406424e-09	-1.011875e+01	-2.242114e+02
6.000000e-07	-1.327910e-06	-3.369033e-09	-9.709995e+00	-2.210999e+02
6.100000e-07	-1.271640e-06	-3.324652e-09	-9.298536e+00	-2.179007e+02
6.200000e-07	-1.214956e-06	-3.260913e-09	-8.884047e+00	-2.146106e+02
6.300000e-07	-1.157614e-06	-3.210290e-09	-8.464748e+00	-2.112251e+02
6.400000e-07	-1.099514e-06	-3.168955e-09	-8.039911e+00	-2.077383e+02
6.500000e-07	-1.040770e-06	-3.108945e-09	-7.610361e+00	-2.041430e+02
6.600000e-07	-9.816235e-07	-3.040956e-09	-7.177864e+00	-2.004308e+02
6.700000e-07	-9.222003e-07	-2.988452e-09	-6.743348e+00	-1.965931e+02
6.800000e-07	-8.625346e-07	-2.931232e-09	-6.307058e+00	-1.926207e+02
6.900000e-07	-8.027320e-07	-2.863048e-09	-5.869768e+00	-1.885044e+02
7.000000e-07	-7.427729e-07	-2.799852e-09	-5.431332e+00	-1.842358e+02
7.100000e-07	-6.826031e-07	-2.736705e-09	-4.991356e+00	-1.798068e+02
7.200000e-07	-6.222558e-07	-2.659797e-09	-4.550082e+00	-1.752103e+02
7.300000e-07	-5.617172e-07	-2.582747e-09	-4.107410e+00	-1.704400e+02
7.400000e-07	-5.010096e-07	-2.514562e-09	-3.663501e+00	-1.654903e+02
7.500000e-07	-4.401724e-07	-2.437184e-09	-3.218645e+00	-1.603561e+02
7.600000e-07	-3.791762e-07	-2.349730e-09	-2.772626e+00	-1.550322e+02
7.700000e-07	-3.180037e-07	-2.265893e-09	-2.325318e+00	-1.495134e+02
7.800000e-07	-2.566962e-07	-2.184454e-09	-1.877023e+00	-1.437935e+02
7.900000e-07	-1.953652e-07	-2.090547e-09	-1.428557e+00	-1.378650e+02
8.000000e-07	-1.339774e-07	-1.991283e-09	-9.796745e-01	-1.317191e+02
8.100000e-07	-7.248649e-08	-1.893916e-09	-5.300385e-01	-1.253451e+02
8.200000e-07	-1.096346e-08	-1.791578e-09	-8.016742e-02	-1.187305e+02
8.300000e-07	5.056506e-08	-1.685514e-09	3.697437e-01	-1.118615e+02
8.400000e-07	1.120792e-07	-1.578889e-09	8.195500e-01	-1.047229e+02
8.500000e-07	1.735378e-07	-1.468184e-09	1.268950e+00	-9.729911e+01
8.600000e-07	2.349799e-07	-1.348826e-09	1.718229e+00	-8.957483e+01
8.700000e-07	2.963399e-07	-1.224331e-09	2.166908e+00	-8.153623e+01
8.800000e-07	3.575677e-07	-1.096037e-09	2.614620e+00	-7.317200e+01
8.900000e-07	4.186595e-07	-9.633332e-10	3.061338e+00	-6.447447e+01
9.000000e-07	4.795773e-07	-8.256121e-10	3.506783e+00	-5.544085e+01
9.100000e-07	5.403097e-07	-6.835863e-10	3.950873e+00	-4.607415e+01
9.200000e-07	6.008276e-07	-5.351100e-10	4.393394e+00	-3.638406e+01
9.300000e-07	6.611682e-07	-3.819718e-10	4.834619e+00	-2.638754e+01
9.400000e-07	7.213060e-07	-2.273304e-10	5.274361e+00	-1.610903e+01
9.500000e-07	7.812322e-07	-6.859376e-11	5.712555e+00	-5.580404e+00
9.600000e-07	8.410089e-07	9.600798e-11	6.149657e+00	5.159429e+00
9.700000e-07	9.006397e-07	2.647402e-10	6.585692e+00	1.606533e+01
9.800000e-07	9.600538e-07	4.344776e-10	7.020142e+00	2.708698e+01
9.900000e-07	1.019110e-06	6.052354e-10	7.451976e+00	3.817021e+01
1.000000e-06	1.077634e-06	7.741045e-10	7.879914e+00	4.925849e+01
1.010000e-06	1.135476e-06	9.410551e-10	8.302869e+00	6.029459e+01
1.020000e-06	1.192628e-06	1.109890e-09	8.720778e+00	7.122218e+01
1.030000e-06	1.249144e-06	1.276458e-09	9.134037e+00	8.198743e+01
1.040000e-06	1.305178e-06	1.435368e-09	9.543770e+00	9.254044e+01
1.050000e-06	1.360920e-06	1.589447e-09	9.951368e+00	1.028365e+02
1.060000e-06	1.416358e-06	1.743221e-09	1.035674e+01	1.128369e+02
1.070000e-06	1.471328e-06	1.891420e-09	1.075870e+01	1.225099e+02
1.080000e-06	1.525758e-06	2.032230e-09	1.115670e+01	1.318308e+02
1.090000e-06	1.579692e-06	2.167973e-09	1.155109e+01	1.407820e+02
1.100000e-06	1.633117e-06	2.297012e-09	1.194174e+01	1.493530e+02
1.110000e-06	1.686007e-06	2.419581e-09	1.232848e+01	1.575397e+02
1.120000e-06	1.738291e-06	2.538153e-09	1.271080e+01	1.653435e+02
1.130000e-06	1.789914e-06	2.652386e-09	1.308828e+01	1.727711e+02
1.140000e-06	1.840758e-06	2.758336e-09	1.346006e+01	1.798326e+02
1.150000e-06	1.890547e-06	2.859578e-09	1.382413e+01	1.865415e+02
1.160000e-06	1.939279e-06	2.957254e-09	1.418047e+01	1.929131e+02
1.170000e-06	1.987276e-06	3.048838e-09	1.453143e+01	1.989639e+02
1.180000e-06	2.034727e-06	3.135348e-09	1.487841e+01	2.047107e+02
1.190000e-06	2.081512e-06	3.219409e-09	1.522051e+01	2.101701e+02
1.200000e-06	2.127562e-06	3.299326e-09	1.555724e+01	2.153581e+02
1.210000e-06	2.172891e-06	3.371873e-09	1.588870e+01	2.202894e+02
1.220000e-06	2.217466e-06	3.440422e-09	1.621464e+01	2.249777e+02
1.230000e-06	2.261410e-06	3.507763e-09	1.653597e+01	2.294352e+02
1.240000e-06	2.304749e-06	3.569400e-09	1.685287e+01	2.336731e+02
1.250000e-06	2.347205e-06	3.625750e-09	1.716333e+01	2.377013e+02
1.260000e-06	2.388519e-06	3.682506e-09	1.746542e+01	2.415286e+02
1.270000e-06	2.428750e-06	3.738137e-09	1.775960e+01	2.451633e+02
1.280000e-06	2.468143e-06	3.787107e-09	1.804765e+01	2.486130e+02
1.290000e-06	2.506794e-06	3.832079e-09	1.833028e+01	2.518849e+02
1.300000e-06	2.544620e-06	3.878278e-09	1.860686e+01	2.549860e+02
1.310000e-06	2.581554e-06	3.921926e-09	1.887694e+01	2.579232e+02
1.320000e-06	2.617700e-06	3.960286e-09	1.914125e+01	2.607034e+02
1.330000e-06	2.653071e-06	3.996492e-09	1.939989e+01	2.633333e+02
1.340000e-06	2.687403e-06	4.032752e-09	1.965093e+01	2.658201e+02
1.350000e-06	2.720524e-06	4.065327e-09	1.989312e+01	2.681705e+02
1.360000e-06	2.752575e-06	4.093925e-09	2.012748e+01	2.703915e+02
1.370000e-06	2.783709e-06	4.124194e-09	2.035514e+01	2.724900e+02
1.380000e-06	2.813963e-06	4.155135e-09	2.057636e+01	2.744724e+02
1.390000e-06	2.843319e-06	4.181980e-09	2.079102e+01	2.763453e+02
1.400000e-06	2.871722e-06	4.206422e-09	2.099871e+01	2.781147e+02
1.410000e-06	2.899289e-06	4.231996e-09	2.120029e+01	2.797864e+02
1.420000e-06	2.925881e-06	4.257538e-09	2.139474e+01	2.813658e+02
1.430000e-06	2.951101e-06	4.280415e-09	2.157916e+01	2.828578e+02
1.440000e-06	2.975101e-06	4.300442e-09	2.175465e+01	2.842668e+02
1.450000e-06	2.998093e-06	4.319161e-09	2.192277e+01	2.855968e+02
1.460000e-06	3.020014e-06	4.337608e-09	2.208306e+01	2.868513e+02
1.470000e-06	3.040941e-06	4.355318e-09	2.223609e+01	2.880333e+02
1.480000e-06	3.061034e-06	4.372143e-09	2.238301e+01	2.891455e+02
1.490000e-06	3.080296e-06	4.389423e-09	2.252386e+01	2.901901e+02
1.500000e-06	3.098466e-06	4.405198e-09	2.265672e+01	2.911691e+02
1.510000e-06	3.115393e-06	4.418314e-09	2.278049e+01	2.920843e+02
1.520000e-06	3.131171e-06	4.429935e-09	2.289587e+01	2.929372e+02
1.530000e-06	3.145724e-06	4.441291e-09	2.300228e+01	2.937293e+02
1.540000e-06	3.159066e-06	4.452561e-09	2.309985e+01	2.944622e+02
1.550000e-06	3.171334e-06	4.461667e-09	2.318955e+01	2.951374e+02
1.560000e-06	3.182336e-06	4.469963e-09	2.327000e+01	2.957567e+02
1.570000e-06	3.191823e-06	4.479715e-09	2.333937e+01	2.963218e+02
1.580000e-06	3.200032e-06	4.489512e-09	2.339940e+01	2.968348e+02
1.590000e-06	3.207246e-06	4.496350e-09	2.345215e+01	2.972976e+02
1.600000e-06	3.213322e-06	4.500771e-09	2.349658e+01	2.977125e+02
1.610000e-06	3.218246e-06	4.506763e-09	2.353258e+01	2.980815e+02
1.620000e-06	3.222185e-06	4.513270e-09	2.356139e+01	2.984067e+02
1.630000e-06	3.225030e-06	4.518841e-09	2.358219e+01	2.986898e+02
1.640000e-06	3.226523e-06	4.524186e-09	2.359310e+01	2.989325e+02
1.650000e-06	3.226755e-06	4.528941e-09	2.359480e+01	2.991357e+02
1.660000e-06	3.225979e-06	4.530894e-09	2.358913e+01	2.993002e+02
1.670000e-06	3.224258e-06	4.530239e-09	2.357654e+01	2.994261e+02
1.680000e-06	3.221540e-06	4.533231e-09	2.355666e+01	2.995130e+02
1.690000e-06	3.217897e-06	4.536995e-09	2.353003e+01	2.995602e+02
1.700000e-06	3.213386e-06	4.537272e-09	2.349704e+01	2.995665e+02
1.710000e-06	3.207773e-06	4.536566e-09	2.345600e+01	2.995302e+02
1.720000e-06	3.200833e-06	4.547213e-09	2.340525e+01	2.994498e+02
1.730000e-06	3.192851e-06	4.546939e-09	2.334689e+01	2.993236e+02
1.740000e-06	3.183883e-06	4.485776e-09	2.328131e+01	2.991500e+02
1.750000e-06	3.173415e-06	4.449603e-09	2.320476e+01	2.989278e+02
1.760000e-06	3.161016e-06	4.505973e-09	2.311410e+01	2.986561e+02
1.770000e-06	3.147112e-06	4.615604e-09	2.301243e+01	2.983346e+02
1.780000e-06	3.132720e-06	4.549231e-09	2.290719e+01	2.979634e+02
1.790000e-06	3.117803e-06	4.424590e-09	2.279812e+01	2.975431e+02
1.800000e-06	3.101478e-06	4.568277e-09	2.267875e+01	2.970747e+02
1.810000e-06	3.083875e-06	4.592867e-09	2.255002e+01	2.965596e+02
1.820000e-06	3.065660e-06	4.401157e-09	2.241683e+01	2.959991e+02
1.830000e-06	3.046504e-06	4.468399e-09	2.227676e+01	2.953948e+02
1.840000e-06	3.026155e-06	4.579612e-09	2.212797e+01	2.947477e+02
1.850000e-06	3.004896e-06	4.392015e-09	2.197252e+01	2.940586e+02
1.860000e-06	2.982411e-06	4.380029e-09	2.180810e+01	2.933278e+02
1.870000e-06	2.958539e-06	4.527130e-09	2.163354e+01	2.925549e+02
1.880000e-06	2.933706e-06	4.404058e-09	2.145196e+01	2.917389e+02
1.890000e-06	2.907789e-06	4.382875e-09	2.126244e+01	2.908782e+02
1.900000e-06	2.880630e-06	4.495280e-09	2.106385e+01	2.899707e+02
1.910000e-06	2.852622e-06	4.386334e-09	2.085905e+01	2.890141e+02
1.920000e-06	2.823655e-06	4.374437e-09	2.064724e+01	2.880057e+02
1.930000e-06	2.793442e-06	4.420749e-09	2.042631e+01	2.869432e+02
1.940000e-06	2.762141e-06	4.330419e-09	2.019744e+01	2.858246e+02
1.950000e-06	2.729778e-06	4.359004e-09	1.996079e+01	2.846483e+02
1.960000e-06	2.696438e-06	4.329391e-09	1.971700e+01	2.834136e+02
1.970000e-06	2.662276e-06	4.230744e-09	1.946720e+01	2.821208e+02
1.980000e-06	2.627209e-06	4.318587e-09	1.921078e+01	2.807708e+02
1.990000e-06	2.591365e-06	4.300773e-09	1.894868e+01	2.793656e+02
2.000000e-06	2.554788e-06	4.185665e-09	1.868122e+01	2.779079e+02
2.010000e-06	2.517063e-06	4.231747e-09	1.840536e+01	2.764008e+02
2.020000e-06	2.478042e-06	4.213982e-09	1.812004e+01	2.748477e+02
2.030000e-06	2.438030e-06	4.141403e-09	1.782745e+01	2.732517e+02
2.040000e-06	2.397296e-06	4.127503e-09	1.752960e+01	2.716158e+02
2.050000e-06	2.355913e-06	4.122057e-09	1.722699e+01	2.699419e+02
2.060000e-06	2.313789e-06	4.132777e-09	1.691897e+01	2.682312e+02
2.070000e-06	2.270852e-06	4.053666e-09	1.660501e+01	2.664835e+02
2.080000e-06	2.227203e-06	3.994753e-09	1.628584e+01	2.646973e+02
2.090000e-06	2.183043e-06	4.049941e-09	1.596293e+01	2.628698e+02
2.100000e-06	2.138250e-06	4.024494e-09	1.563539e+01	2.609972e+02
2.110000e-06	2.092478e-06	3.935303e-09	1.530069e+01	2.590743e+02
2.120000e-06	2.045880e-06	3.906463e-09	1.495996e+01	2.570955e+02
2.130000e-06	1.998701e-06	3.922273e-09	1.461498e+01	2.550548e+02
2.140000e-06	1.950723e-06	3.883168e-09	1.426415e+01	2.529461e+02
2.150000e-06	1.901845e-06	3.793707e-09	1.390674e+01	2.507638e+02
2.160000e-06	1.852225e-06	3.796308e-09	1.354391e+01	2.485028e+02
2.170000e-06	1.802030e-06	3.800148e-09	1.317687e+01	2.461592e+02
2.180000e-06	1.751161e-06	3.710042e-09	1.280491e+01	2.437300e+02
2.190000e-06	1.699600e-06	3.666617e-09	1.242788e+01	2.412134e+02
2.200000e-06	1.647498e-06	3.668252e-09	1.204690e+01	2.386087e+02
2.210000e-06	1.594711e-06	3.630531e-09	1.166091e+01	2.359160e+02
2.220000e-06	1.541018e-06	3.551685e-09	1.126829e+01	2.331360e+02
2.230000e-06	1.486278e-06	3.504327e-09	1.086802e+01	2.302696e+02
2.240000e-06	1.430758e-06	3.498889e-09	1.046204e+01	2.273176e+02
2.250000e-06	1.374848e-06	3.441553e-09	1.005322e+01	2.242802e+02
2.260000e-06	1.318652e-06	3.377403e-09	9.642295e+00	2.211565e+02
2.270000e-06	1.262101e-06	3.350149e-09	9.228785e+00	2.179448e+02
2.280000e-06	1.205058e-06	3.302438e-09	8.811668e+00	2.146417e+02
2.290000e-06	1.147504e-06	3.236175e-09	8.390819e+00	2.112425e+02
2.300000e-06	1.089612e-06	3.188116e-09	7.967503e+00	2.077409e+02
2.310000e-06	1.031442e-06	3.152851e-09	7.542151e+00	2.041296e+02
2.320000e-06	9.728311e-07	3.088813e-09	7.113572e+00	2.004004e+02
2.330000e-06	9.138444e-07	3.010910e-09	6.682248e+00	1.965443e+02
2.340000e-06	8.545621e-07	2.958323e-09	6.248761e+00	1.925521e+02
2.350000e-06	7.949848e-07	2.899640e-09	5.813118e+00	1.884149e+02
2.360000e-06	7.352057e-07	2.825849e-09	5.375999e+00	1.841241e+02
2.370000e-06	6.753011e-07	2.762843e-09	4.937962e+00	1.796719e+02
2.380000e-06	6.153111e-07	2.699615e-09	4.499302e+00	1.750512e+02
2.390000e-06	5.552144e-07	2.624589e-09	4.059860e+00	1.702559e+02
2.400000e-06	4.949891e-07	2.546521e-09	3.619478e+00	1.652804e+02
2.410000e-06	4.346110e-07	2.475237e-09	3.177979e+00	1.601197e+02
2.420000e-06	3.740899e-07	2.394353e-09	2.735434e+00	1.547687e+02
2.430000e-06	3.134847e-07	2.299993e-09	2.292274e+00	1.492218e+02
2.440000e-06	2.528196e-07	2.215050e-09	1.848677e+00	1.434728e+02
2.450000e-06	1.920321e-07	2.132155e-09	1.404185e+00	1.375141e+02
2.460000e-06	1.310841e-07	2.036780e-09	9.585178e-01	1.313366e+02
2.470000e-06	7.007206e-08	1.936259e-09	5.123836e-01	1.249293e+02
2.480000e-06	9.085594e-09	1.837711e-09	6.643603e-02	1.182796e+02
2.490000e-06	-5.193940e-08	1.732969e-09	-3.797932e-01	1.113733e+02
2.500000e-06	-1.130478e-07	1.620154e-09	-8.266326e-01	1.041952e+02
2.510000e-06	-1.741059e-07	1.509050e-09	-1.273104e+00	9.672968e+01
2.520000e-06	-2.350675e-07	1.394974e-09	-1.718870e+00	8.896158e+01
2.530000e-06	-2.959872e-07	1.269661e-09	-2.164329e+00	8.087737e+01
2.540000e-06	-3.567555e-07	1.137184e-09	-2.608681e+00	7.246617e+01
2.550000e-06	-4.173272e-07	1.004232e-09	-3.051596e+00	6.372096e+01
2.560000e-06	-4.777591e-07	8.674724e-10	-3.493488e+00	5.463970e+01
2.570000e-06	-5.380953e-07	7.235922e-10	-3.934681e+00	4.522633e+01
2.580000e-06	-5.982810e-07	5.755399e-10	-4.374773e+00	3.549154e+01
2.590000e-06	-6.583223e-07	4.236438e-10	-4.813809e+00	2.545334e+01
2.600000e-06	-7.182828e-07	2.684265e-10	-5.252254e+00	1.513726e+01
2.610000e-06	-7.781142e-07	1.086885e-10	-5.689756e+00	4.576213e+00
2.620000e-06	-8.377203e-07	-5.828182e-11	-6.125610e+00	-6.189960e+00
2.630000e-06	-8.970094e-07	-2.291132e-10	-6.559147e+00	-1.711530e+01
2.640000e-06	-9.559545e-07	-3.980979e-10	-6.990167e+00	-2.814885e+01
2.650000e-06	-1.014532e-06	-5.656389e-10	-7.418500e+00	-3.923601e+01
2.660000e-06	-1.072733e-06	-7.327707e-10	-7.844079e+00	-5.032006e+01
2.670000e-06	-1.130533e-06	-8.983507e-10	-8.266726e+00	-6.134378e+01
2.680000e-06	-1.187882e-06	-1.063192e-09	-8.686076e+00	-7.225111e+01
2.690000e-06	-1.244748e-06	-1.228778e-09	-9.101892e+00	-8.298871e+01
2.700000e-06	-1.301202e-06	-1.390409e-09	-9.514696e+00	-9.350733e+01
2.710000e-06	-1.357347e-06	-1.545026e-09	-9.925245e+00	-1.037631e+02
2.720000e-06	-1.413165e-06	-1.698065e-09	-1.033340e+01	-1.137182e+02
2.730000e-06	-1.468494e-06	-1.848332e-09	-1.073798e+01	-1.233420e+02
2.740000e-06	-1.523066e-06	-1.990820e-09	-1.113702e+01	-1.326107e+02
2.750000e-06	-1.576773e-06	-2.127625e-09	-1.152974e+01	-1.415078e+02
2.760000e-06	-1.629693e-06	-2.260775e-09	-1.191671e+01	-1.500237e+02
2.770000e-06	-1.681946e-06	-2.384329e-09	-1.229879e+01	-1.581552e+02
2.780000e-06	-1.733566e-06	-2.498199e-09	-1.267625e+01	-1.659045e+02
2.790000e-06	-1.784564e-06	-2.611618e-09	-1.304916e+01	-1.732788e+02
2.800000e-06	-1.834979e-06	-2.723358e-09	-1.341780e+01	-1.802888e+02
2.810000e-06	-1.884675e-06	-2.824819e-09	-1.378119e+01	-1.869483e+02
2.820000e-06	-1.933421e-06	-2.919376e-09	-1.413764e+01	-1.932727e+02
2.830000e-06	-1.981189e-06	-3.013860e-09	-1.448692e+01	-1.992787e+02
2.840000e-06	-2.028170e-06	-3.104179e-09	-1.483046e+01	-2.049832e+02
2.850000e-06	-2.074495e-06	-3.185991e-09	-1.516920e+01	-2.104026e+02
2.860000e-06	-2.120198e-06	-3.263800e-09	-1.550339e+01	-2.155527e+02
2.870000e-06	-2.165219e-06	-3.339573e-09	-1.583260e+01	-2.204482e+02
2.880000e-06	-2.209563e-06	-3.409637e-09	-1.615685e+01	-2.251026e+02
2.890000e-06	-2.253333e-06	-3.477761e-09	-1.647690e+01	-2.295278e+02
2.900000e-06	-2.296443e-06	-3.547199e-09	-1.679214e+01	-2.337349e+02
2.910000e-06	-2.338761e-06	-3.612705e-09	-1.710157e+01	-2.377335e+02
2.920000e-06	-2.380224e-06	-3.672972e-09	-1.740477e+01	-2.415326e+02
2.930000e-06	-2.420889e-06	-3.732398e-09	-1.770212e+01	-2.451401e+02
2.940000e-06	-2.460878e-06	-3.790422e-09	-1.799452e+01	-2.485637e+02
2.950000e-06	-2.500040e-06	-3.839843e-09	-1.828089e+01	-2.518105e+02
2.960000e-06	-2.538072e-06	-3.885305e-09	-1.855899e+01	-2.548875e+02
2.970000e-06	-2.574927e-06	-3.933787e-09	-1.882848e+01	-2.578015e+02
2.980000e-06	-2.610878e-06	-3.979405e-09	-1.909136e+01	-2.605595e+02
2.990000e-06	-2.646026e-06	-4.020164e-09	-1.934837e+01	-2.631683e+02
3.000000e-06	-2.680249e-06	-4.061632e-09	-1.959862e+01	-2.656349e+02
3.010000e-06	-2.713509e-06	-4.103200e-09	-1.984182e+01	-2.679661e+02
3.020000e-06	-2.745913e-06	-4.139278e-09	-2.007877e+01	-2.701689e+02
3.030000e-06	-2.777497e-06	-4.171518e-09	-2.030972e+01	-2.722501e+02
3.040000e-06	-2.808032e-06	-4.203106e-09	-2.053300e+01	-2.742162e+02
3.050000e-06	-2.837310e-06	-4.232541e-09	-2.074709e+01	-2.760736e+02
3.060000e-06	-2.865507e-06	-4.259637e-09	-2.095327e+01	-2.778285e+02
3.070000e-06	-2.892833e-06	-4.285792e-09	-2.115309e+01	-2.794864e+02
3.080000e-06	-2.919140e-06	-4.311290e-09	-2.134545e+01	-2.810528e+02
3.090000e-06	-2.944351e-06	-4.334116e-09	-2.152979e+01	-2.825324e+02
3.100000e-06	-2.968682e-06	-4.355439e-09	-2.170771e+01	-2.839296e+02
3.110000e-06	-2.992158e-06	-4.377601e-09	-2.187937e+01	-2.852483e+02
3.120000e-06	-3.014395e-06	-4.395818e-09	-2.204197e+01	-2.864920e+02
3.130000e-06	-3.035325e-06	-4.410474e-09	-2.219502e+01	-2.876636e+02
3.140000e-06	-3.055242e-06	-4.426045e-09	-2.234066e+01	-2.887657e+02
3.150000e-06	-3.074202e-06	-4.442878e-09	-2.247930e+01	-2.898006e+02
3.160000e-06	-3.092119e-06	-4.459609e-09	-2.261031e+01	-2.907701e+02
3.170000e-06	-3.109022e-06	-4.475896e-09	-2.273391e+01	-2.916759e+02
3.180000e-06	-3.124947e-06	-4.490406e-09	-2.285036e+01	-2.925198e+02
3.190000e-06	-3.139586e-06	-4.501692e-09	-2.295740e+01	-2.933030e+02
3.200000e-06	-3.152706e-06	-4.511445e-09	-2.305333e+01	-2.940273e+02
3.210000e-06	-3.164516e-06	-4.520791e-09	-2.313969e+01	-2.946942e+02
3.220000e-06	-3.175178e-06	-4.528249e-09	-2.321766e+01	-2.953053e+02
3.230000e-06	-3.184694e-06	-4.534232e-09	-2.328724e+01	-2.958626e+02
3.240000e-06	-3.193208e-06	-4.541629e-09	-2.334950e+01	-2.963680e+02
3.250000e-06	-3.200772e-06	-4.550262e-09	-2.340480e+01	-2.968235e+02
3.260000e-06	-3.207020e-06	-4.559226e-09	-2.345049e+01	-2.972314e+02
3.270000e-06	-3.211876e-06	-4.567495e-09	-2.348600e+01	-2.975938e+02
3.280000e-06	-3.215691e-06	-4.572460e-09	-2.351390e+01	-2.979126e+02
3.290000e-06	-3.218540e-06	-4.572827e-09	-2.353473e+01	-2.981896e+02
3.300000e-06	-3.220333e-06	-4.571728e-09	-2.354784e+01	-2.984262e+02
3.310000e-06	-3.221068e-06	-4.572524e-09	-2.355321e+01	-2.986236e+02
