# Temperatura_=_20.0
# Concentracion g/m^3_=_4600.0
# C_Vs_to_Am_M_A/Vsm_=_65563218390.804596
# pendiente_HvsI_1/m_=_3716.3
# ordenada_HvsI_A/m_=_1297.0
# frecuencia_Hz_=_302078.3561263168

Tiempo_(s)	Campo_(V.s)	Magnetizacion_(V.s)	Campo_(kA/m)	Magnetizacion_(A/m)
0.000000e+00	-6.347105e-06	-4.435879e-09	-4.560322e+01	-2.915835e+02
1.000000e-08	-6.345396e-06	-4.442462e-09	-4.559094e+01	-2.916411e+02
2.000000e-08	-6.341457e-06	-4.440298e-09	-4.556264e+01	-2.918948e+02
3.000000e-08	-6.335528e-06	-4.440994e-09	-4.552004e+01	-2.922301e+02
4.000000e-08	-6.327691e-06	-4.442865e-09	-4.546373e+01	-2.924674e+02
5.000000e-08	-6.317607e-06	-4.440676e-09	-4.539128e+01	-2.924646e+02
6.000000e-08	-6.305118e-06	-4.436631e-09	-4.530155e+01	-2.922051e+02
7.000000e-08	-6.290341e-06	-4.419931e-09	-4.519538e+01	-2.918216e+02
8.000000e-08	-6.273244e-06	-4.411205e-09	-4.507254e+01	-2.915344e+02
9.000000e-08	-6.254008e-06	-4.475209e-09	-4.493433e+01	-2.915319e+02
1.000000e-07	-6.232573e-06	-4.492371e-09	-4.478032e+01	-2.918534e+02
1.100000e-07	-6.208729e-06	-4.447432e-09	-4.460900e+01	-2.923393e+02
1.200000e-07	-6.182362e-06	-4.457412e-09	-4.441956e+01	-2.926806e+02
1.300000e-07	-6.153796e-06	-4.467844e-09	-4.421432e+01	-2.925523e+02
1.400000e-07	-6.123580e-06	-4.373645e-09	-4.399722e+01	-2.917685e+02
1.500000e-07	-6.091767e-06	-4.457056e-09	-4.376865e+01	-2.903853e+02
1.600000e-07	-6.057928e-06	-4.526143e-09	-4.352552e+01	-2.886953e+02
1.700000e-07	-6.022091e-06	-4.328887e-09	-4.326803e+01	-2.871145e+02
1.800000e-07	-5.984403e-06	-4.460866e-09	-4.299725e+01	-2.860097e+02
1.900000e-07	-5.944529e-06	-4.450492e-09	-4.271076e+01	-2.855480e+02
2.000000e-07	-5.902339e-06	-4.352205e-09	-4.240762e+01	-2.856364e+02
2.100000e-07	-5.857940e-06	-4.496463e-09	-4.208862e+01	-2.859786e+02
2.200000e-07	-5.811394e-06	-4.408679e-09	-4.175420e+01	-2.862188e+02
2.300000e-07	-5.762536e-06	-4.384473e-09	-4.140316e+01	-2.861003e+02
2.400000e-07	-5.711128e-06	-4.398079e-09	-4.103380e+01	-2.855664e+02
2.500000e-07	-5.657312e-06	-4.346122e-09	-4.064713e+01	-2.847579e+02
2.600000e-07	-5.601479e-06	-4.372326e-09	-4.024598e+01	-2.839181e+02
2.700000e-07	-5.543492e-06	-4.352732e-09	-3.982935e+01	-2.832587e+02
2.800000e-07	-5.483414e-06	-4.338421e-09	-3.939770e+01	-2.828567e+02
2.900000e-07	-5.421455e-06	-4.307951e-09	-3.895253e+01	-2.826306e+02
3.000000e-07	-5.357521e-06	-4.307094e-09	-3.849317e+01	-2.824026e+02
3.100000e-07	-5.291460e-06	-4.323682e-09	-3.801853e+01	-2.820050e+02
3.200000e-07	-5.223314e-06	-4.316335e-09	-3.752891e+01	-2.813712e+02
3.300000e-07	-5.153301e-06	-4.345260e-09	-3.702587e+01	-2.805635e+02
3.400000e-07	-5.081556e-06	-4.285809e-09	-3.651040e+01	-2.797255e+02
3.500000e-07	-5.007947e-06	-4.264094e-09	-3.598153e+01	-2.789915e+02
3.600000e-07	-4.932194e-06	-4.273252e-09	-3.543725e+01	-2.784049e+02
3.700000e-07	-4.854362e-06	-4.248032e-09	-3.487804e+01	-2.778949e+02
3.800000e-07	-4.774560e-06	-4.253114e-09	-3.430466e+01	-2.773206e+02
3.900000e-07	-4.692901e-06	-4.225226e-09	-3.371796e+01	-2.765579e+02
4.000000e-07	-4.609697e-06	-4.207077e-09	-3.312014e+01	-2.755773e+02
4.100000e-07	-4.525107e-06	-4.204678e-09	-3.251238e+01	-2.744656e+02
4.200000e-07	-4.439135e-06	-4.204174e-09	-3.189467e+01	-2.733792e+02
4.300000e-07	-4.351804e-06	-4.186172e-09	-3.126721e+01	-2.724531e+02
4.400000e-07	-4.262913e-06	-4.158904e-09	-3.062854e+01	-2.717193e+02
4.500000e-07	-4.172330e-06	-4.151695e-09	-2.997771e+01	-2.710802e+02
4.600000e-07	-4.080206e-06	-4.124394e-09	-2.931581e+01	-2.703580e+02
4.700000e-07	-3.986722e-06	-4.111636e-09	-2.864414e+01	-2.693923e+02
4.800000e-07	-3.891925e-06	-4.105935e-09	-2.796303e+01	-2.681330e+02
4.900000e-07	-3.795710e-06	-4.091188e-09	-2.727174e+01	-2.666748e+02
5.000000e-07	-3.698025e-06	-4.060267e-09	-2.656988e+01	-2.652112e+02
5.100000e-07	-3.598855e-06	-4.033060e-09	-2.585736e+01	-2.639287e+02
5.200000e-07	-3.498323e-06	-4.026283e-09	-2.513505e+01	-2.628999e+02
5.300000e-07	-3.396529e-06	-4.005740e-09	-2.440367e+01	-2.620347e+02
5.400000e-07	-3.293620e-06	-3.978737e-09	-2.366428e+01	-2.611211e+02
5.500000e-07	-3.189605e-06	-3.955540e-09	-2.291694e+01	-2.599367e+02
5.600000e-07	-3.084290e-06	-3.938876e-09	-2.216027e+01	-2.583724e+02
5.700000e-07	-2.977725e-06	-3.912044e-09	-2.139462e+01	-2.564997e+02
5.800000e-07	-2.870018e-06	-3.892002e-09	-2.062075e+01	-2.545396e+02
5.900000e-07	-2.761252e-06	-3.879359e-09	-1.983927e+01	-2.527464e+02
6.000000e-07	-2.651530e-06	-3.855156e-09	-1.905094e+01	-2.512662e+02
6.100000e-07	-2.540942e-06	-3.822072e-09	-1.825638e+01	-2.500460e+02
6.200000e-07	-2.429487e-06	-3.792075e-09	-1.745559e+01	-2.488499e+02
6.300000e-07	-2.317051e-06	-3.766994e-09	-1.664774e+01	-2.473764e+02
6.400000e-07	-2.203588e-06	-3.732368e-09	-1.583252e+01	-2.454202e+02
6.500000e-07	-2.089206e-06	-3.699312e-09	-1.501071e+01	-2.429892e+02
6.600000e-07	-1.973957e-06	-3.669835e-09	-1.418265e+01	-2.403102e+02
6.700000e-07	-1.857892e-06	-3.638924e-09	-1.334874e+01	-2.377118e+02
6.800000e-07	-1.741173e-06	-3.605067e-09	-1.251013e+01	-2.354438e+02
6.900000e-07	-1.623834e-06	-3.573726e-09	-1.166706e+01	-2.335268e+02
7.000000e-07	-1.505892e-06	-3.540374e-09	-1.081966e+01	-2.317207e+02
7.100000e-07	-1.387501e-06	-3.496907e-09	-9.969037e+00	-2.296349e+02
7.200000e-07	-1.268746e-06	-3.450658e-09	-9.115798e+00	-2.269314e+02
7.300000e-07	-1.149615e-06	-3.405123e-09	-8.259849e+00	-2.235114e+02
7.400000e-07	-1.030105e-06	-3.356515e-09	-7.401186e+00	-2.195807e+02
7.500000e-07	-9.102784e-07	-3.301822e-09	-6.540245e+00	-2.155454e+02
7.600000e-07	-7.900865e-07	-3.244083e-09	-5.676681e+00	-2.117807e+02
7.700000e-07	-6.695433e-07	-3.181066e-09	-4.810592e+00	-2.083924e+02
7.800000e-07	-5.487028e-07	-3.114843e-09	-3.942367e+00	-2.051015e+02
7.900000e-07	-4.275892e-07	-3.048559e-09	-3.072180e+00	-2.013335e+02
8.000000e-07	-3.063022e-07	-2.977714e-09	-2.200746e+00	-1.964813e+02
8.100000e-07	-1.849310e-07	-2.891849e-09	-1.328708e+00	-1.902132e+02
8.200000e-07	-6.349989e-08	-2.788068e-09	-4.562394e-01	-1.826510e+02
8.300000e-07	5.800743e-08	-2.672998e-09	4.167767e-01	-1.742907e+02
8.400000e-07	1.795647e-07	-2.542033e-09	1.290152e+00	-1.656593e+02
8.500000e-07	3.010813e-07	-2.388101e-09	2.163235e+00	-1.568417e+02
8.600000e-07	4.224940e-07	-2.207191e-09	3.035571e+00	-1.471091e+02
8.700000e-07	5.438375e-07	-1.993321e-09	3.907410e+00	-1.348675e+02
8.800000e-07	6.650449e-07	-1.731740e-09	4.778271e+00	-1.180290e+02
8.900000e-07	7.859766e-07	-1.402380e-09	5.647152e+00	-9.472233e+01
9.000000e-07	9.065661e-07	-9.822947e-10	6.513573e+00	-6.409482e+01
9.100000e-07	1.026792e-06	-4.388728e-10	7.377384e+00	-2.688157e+01
9.200000e-07	1.146564e-06	2.283468e-10	8.237934e+00	1.451560e+01
9.300000e-07	1.265874e-06	9.438031e-10	9.095162e+00	5.651932e+01
9.400000e-07	1.384780e-06	1.571545e-09	9.949482e+00	9.529271e+01
9.500000e-07	1.503284e-06	2.031587e-09	1.080093e+01	1.277630e+02
9.600000e-07	1.621330e-06	2.344636e-09	1.164907e+01	1.523886e+02
9.700000e-07	1.738785e-06	2.566133e-09	1.249297e+01	1.694056e+02
9.800000e-07	1.855578e-06	2.740869e-09	1.333211e+01	1.804953e+02
9.900000e-07	1.971646e-06	2.887325e-09	1.416605e+01	1.880359e+02
1.000000e-06	2.086888e-06	3.013139e-09	1.499405e+01	1.942466e+02
1.010000e-06	2.201237e-06	3.122150e-09	1.581563e+01	2.005479e+02
1.020000e-06	2.314611e-06	3.216184e-09	1.663022e+01	2.073404e+02
1.030000e-06	2.426880e-06	3.297494e-09	1.743685e+01	2.142167e+02
1.040000e-06	2.538157e-06	3.372965e-09	1.823637e+01	2.204445e+02
1.050000e-06	2.648630e-06	3.443750e-09	1.903010e+01	2.254692e+02
1.060000e-06	2.758270e-06	3.508810e-09	1.981785e+01	2.292155e+02
1.070000e-06	2.867042e-06	3.566701e-09	2.059937e+01	2.320880e+02
1.080000e-06	2.974926e-06	3.621274e-09	2.137450e+01	2.347245e+02
1.090000e-06	3.081765e-06	3.671676e-09	2.214212e+01	2.376593e+02
1.100000e-06	3.187379e-06	3.718135e-09	2.290095e+01	2.410786e+02
1.110000e-06	3.291679e-06	3.762189e-09	2.365033e+01	2.447785e+02
1.120000e-06	3.394721e-06	3.803526e-09	2.439068e+01	2.483253e+02
1.130000e-06	3.496642e-06	3.843608e-09	2.512297e+01	2.513152e+02
1.140000e-06	3.597468e-06	3.881941e-09	2.584739e+01	2.535914e+02
1.150000e-06	3.697119e-06	3.918704e-09	2.656338e+01	2.553133e+02
1.160000e-06	3.795389e-06	3.951425e-09	2.726943e+01	2.568536e+02
1.170000e-06	3.892106e-06	3.980573e-09	2.796434e+01	2.585928e+02
1.180000e-06	3.987379e-06	4.009189e-09	2.864886e+01	2.607245e+02
1.190000e-06	4.081351e-06	4.037758e-09	2.932404e+01	2.631706e+02
1.200000e-06	4.174024e-06	4.063778e-09	2.998989e+01	2.656438e+02
1.210000e-06	4.265362e-06	4.088084e-09	3.064614e+01	2.678124e+02
1.220000e-06	4.355111e-06	4.113374e-09	3.129097e+01	2.694775e+02
1.230000e-06	4.443084e-06	4.137176e-09	3.192305e+01	2.706681e+02
1.240000e-06	4.529434e-06	4.155641e-09	3.254346e+01	2.716124e+02
1.250000e-06	4.614369e-06	4.173274e-09	3.315371e+01	2.726072e+02
1.260000e-06	4.697879e-06	4.191448e-09	3.375372e+01	2.738614e+02
1.270000e-06	4.779693e-06	4.208621e-09	3.434154e+01	2.753956e+02
1.280000e-06	4.859591e-06	4.224118e-09	3.491560e+01	2.770456e+02
1.290000e-06	4.937653e-06	4.240090e-09	3.547647e+01	2.785628e+02
1.300000e-06	5.013957e-06	4.255874e-09	3.602471e+01	2.797509e+02
1.310000e-06	5.088319e-06	4.269654e-09	3.655899e+01	2.805651e+02
1.320000e-06	5.160657e-06	4.284025e-09	3.707873e+01	2.811258e+02
1.330000e-06	5.231096e-06	4.297681e-09	3.758482e+01	2.816445e+02
1.340000e-06	5.299735e-06	4.308508e-09	3.807799e+01	2.823066e+02
1.350000e-06	5.366525e-06	4.317698e-09	3.855787e+01	2.831780e+02
1.360000e-06	5.431220e-06	4.326142e-09	3.902269e+01	2.841820e+02
1.370000e-06	5.493913e-06	4.334836e-09	3.947313e+01	2.851539e+02
1.380000e-06	5.554882e-06	4.344825e-09	3.991119e+01	2.859398e+02
1.390000e-06	5.614047e-06	4.356374e-09	4.033628e+01	2.864811e+02
1.400000e-06	5.671091e-06	4.367465e-09	4.074613e+01	2.868410e+02
1.410000e-06	5.726037e-06	4.375954e-09	4.114092e+01	2.871610e+02
1.420000e-06	5.778963e-06	4.383359e-09	4.152119e+01	2.875755e+02
1.430000e-06	5.829460e-06	4.391027e-09	4.188400e+01	2.881361e+02
1.440000e-06	5.877490e-06	4.398299e-09	4.222909e+01	2.887858e+02
1.450000e-06	5.923466e-06	4.405650e-09	4.255942e+01	2.893979e+02
1.460000e-06	5.967586e-06	4.412790e-09	4.287642e+01	2.898538e+02
1.470000e-06	6.009546e-06	4.420047e-09	4.317790e+01	2.901146e+02
1.480000e-06	6.049269e-06	4.425845e-09	4.346330e+01	2.902453e+02
1.490000e-06	6.086941e-06	4.430384e-09	4.373397e+01	2.903778e+02
1.500000e-06	6.122587e-06	4.436083e-09	4.399008e+01	2.906347e+02
1.510000e-06	6.156046e-06	4.442434e-09	4.423048e+01	2.910581e+02
1.520000e-06	6.187215e-06	4.448438e-09	4.445443e+01	2.915833e+02
1.530000e-06	6.216308e-06	4.453528e-09	4.466346e+01	2.920745e+02
1.540000e-06	6.243326e-06	4.457818e-09	4.485758e+01	2.924012e+02
1.550000e-06	6.267929e-06	4.461053e-09	4.503435e+01	2.925122e+02
1.560000e-06	6.290127e-06	4.464783e-09	4.519384e+01	2.924666e+02
1.570000e-06	6.310316e-06	4.469111e-09	4.533889e+01	2.924015e+02
1.580000e-06	6.328340e-06	4.471753e-09	4.546840e+01	2.924557e+02
1.590000e-06	6.343939e-06	4.474013e-09	4.558047e+01	2.926914e+02
1.600000e-06	6.357148e-06	4.476712e-09	4.567538e+01	2.930584e+02
1.610000e-06	6.367883e-06	4.479132e-09	4.575251e+01	2.934220e+02
1.620000e-06	6.376118e-06	4.480749e-09	4.581167e+01	2.936394e+02
1.630000e-06	6.382047e-06	4.483103e-09	4.585427e+01	2.936434e+02
1.640000e-06	6.385875e-06	4.486322e-09	4.588178e+01	2.934833e+02
1.650000e-06	6.387381e-06	4.490124e-09	4.589260e+01	2.933003e+02
1.660000e-06	6.386549e-06	4.490164e-09	4.588662e+01	2.932483e+02
1.670000e-06	6.383732e-06	4.485460e-09	4.586638e+01	2.934034e+02
1.680000e-06	6.378915e-06	4.490491e-09	4.583177e+01	2.937150e+02
1.690000e-06	6.371855e-06	4.492027e-09	4.578105e+01	2.940270e+02
1.700000e-06	6.362670e-06	4.490848e-09	4.571505e+01	2.941641e+02
1.710000e-06	6.351548e-06	4.494080e-09	4.563514e+01	2.940343e+02
1.720000e-06	6.338189e-06	4.510166e-09	4.553916e+01	2.936927e+02
1.730000e-06	6.322595e-06	4.520581e-09	4.542712e+01	2.933250e+02
1.740000e-06	6.304980e-06	4.431796e-09	4.530056e+01	2.931530e+02
1.750000e-06	6.284898e-06	4.437956e-09	4.515627e+01	2.933076e+02
1.760000e-06	6.261748e-06	4.488138e-09	4.498994e+01	2.937364e+02
1.770000e-06	6.235812e-06	4.454026e-09	4.480359e+01	2.941980e+02
1.780000e-06	6.207990e-06	4.507405e-09	4.460369e+01	2.943562e+02
1.790000e-06	6.178749e-06	4.542670e-09	4.439360e+01	2.939329e+02
1.800000e-06	6.147936e-06	4.362719e-09	4.417222e+01	2.928477e+02
1.810000e-06	6.114966e-06	4.461881e-09	4.393533e+01	2.912741e+02
1.820000e-06	6.079861e-06	4.390304e-09	4.368310e+01	2.895815e+02
1.830000e-06	6.043019e-06	4.221926e-09	4.341840e+01	2.881852e+02
1.840000e-06	6.003853e-06	4.436667e-09	4.313699e+01	2.873736e+02
1.850000e-06	5.962386e-06	4.273091e-09	4.283906e+01	2.871934e+02
1.860000e-06	5.919042e-06	4.271526e-09	4.252764e+01	2.874437e+02
1.870000e-06	5.873619e-06	4.373157e-09	4.220128e+01	2.877798e+02
1.880000e-06	5.826126e-06	4.234238e-09	4.186005e+01	2.878741e+02
1.890000e-06	5.776284e-06	4.399493e-09	4.150194e+01	2.875561e+02
1.900000e-06	5.724023e-06	4.345444e-09	4.112644e+01	2.868676e+02
1.910000e-06	5.669429e-06	4.293159e-09	4.073420e+01	2.860128e+02
1.920000e-06	5.612540e-06	4.363327e-09	4.032546e+01	2.852367e+02
1.930000e-06	5.553764e-06	4.256818e-09	3.990316e+01	2.846970e+02
1.940000e-06	5.493038e-06	4.357877e-09	3.946685e+01	2.843945e+02
1.950000e-06	5.430119e-06	4.290975e-09	3.901478e+01	2.841913e+02
1.960000e-06	5.365040e-06	4.300857e-09	3.854719e+01	2.839005e+02
1.970000e-06	5.298020e-06	4.288551e-09	3.806566e+01	2.833930e+02
1.980000e-06	5.229123e-06	4.223376e-09	3.757065e+01	2.826636e+02
1.990000e-06	5.158070e-06	4.310188e-09	3.706014e+01	2.818219e+02
2.000000e-06	5.085140e-06	4.219152e-09	3.653614e+01	2.810193e+02
2.010000e-06	5.010473e-06	4.266483e-09	3.599967e+01	2.803551e+02
2.020000e-06	4.933774e-06	4.258037e-09	3.544860e+01	2.798186e+02
2.030000e-06	4.855080e-06	4.223817e-09	3.488319e+01	2.792970e+02
2.040000e-06	4.774557e-06	4.235778e-09	3.430464e+01	2.786460e+02
2.050000e-06	4.692462e-06	4.178022e-09	3.371480e+01	2.777781e+02
2.060000e-06	4.608893e-06	4.214580e-09	3.311437e+01	2.767194e+02
2.070000e-06	4.523735e-06	4.169725e-09	3.250252e+01	2.755986e+02
2.080000e-06	4.436808e-06	4.162526e-09	3.187796e+01	2.745743e+02
2.090000e-06	4.348231e-06	4.148513e-09	3.124154e+01	2.737413e+02
2.100000e-06	4.258257e-06	4.154840e-09	3.059508e+01	2.730700e+02
2.110000e-06	4.166958e-06	4.154232e-09	2.993911e+01	2.724156e+02
2.120000e-06	4.074241e-06	4.099902e-09	2.927296e+01	2.715950e+02
2.130000e-06	3.979902e-06	4.092264e-09	2.859514e+01	2.704899e+02
2.140000e-06	3.884062e-06	4.076171e-09	2.790654e+01	2.691181e+02
2.150000e-06	3.786908e-06	4.074625e-09	2.720850e+01	2.676306e+02
2.160000e-06	3.688466e-06	4.044932e-09	2.650120e+01	2.662324e+02
2.170000e-06	3.588794e-06	4.038233e-09	2.578507e+01	2.650681e+02
2.180000e-06	3.487738e-06	4.027798e-09	2.505900e+01	2.641355e+02
2.190000e-06	3.385173e-06	4.000228e-09	2.432208e+01	2.632775e+02
2.200000e-06	3.281256e-06	3.975737e-09	2.357545e+01	2.622611e+02
2.210000e-06	3.176239e-06	3.966325e-09	2.282091e+01	2.609031e+02
2.220000e-06	3.070122e-06	3.951198e-09	2.205847e+01	2.591755e+02
2.230000e-06	2.962976e-06	3.910287e-09	2.128864e+01	2.572289e+02
2.240000e-06	2.854895e-06	3.882341e-09	2.051209e+01	2.553178e+02
2.250000e-06	2.745857e-06	3.862589e-09	1.972867e+01	2.536625e+02
2.260000e-06	2.635801e-06	3.842037e-09	1.893793e+01	2.523220e+02
2.270000e-06	2.524680e-06	3.812257e-09	1.813954e+01	2.511496e+02
2.280000e-06	2.412572e-06	3.796901e-09	1.733405e+01	2.498597e+02
2.290000e-06	2.299495e-06	3.772290e-09	1.652161e+01	2.481760e+02
2.300000e-06	2.185532e-06	3.738212e-09	1.570280e+01	2.459833e+02
2.310000e-06	2.070767e-06	3.706954e-09	1.487822e+01	2.433986e+02
2.320000e-06	1.955323e-06	3.680610e-09	1.404877e+01	2.407162e+02
2.330000e-06	1.839107e-06	3.644773e-09	1.321378e+01	2.382512e+02
2.340000e-06	1.722122e-06	3.598642e-09	1.237325e+01	2.361601e+02
2.350000e-06	1.604442e-06	3.560557e-09	1.152773e+01	2.343373e+02
2.360000e-06	1.486075e-06	3.523340e-09	1.067728e+01	2.324514e+02
2.370000e-06	1.367172e-06	3.484416e-09	9.822977e+00	2.301094e+02
2.380000e-06	1.247825e-06	3.442758e-09	8.965479e+00	2.270663e+02
2.390000e-06	1.128066e-06	3.403067e-09	8.105024e+00	2.233668e+02
2.400000e-06	1.007952e-06	3.354401e-09	7.242018e+00	2.193324e+02
2.410000e-06	8.874586e-07	3.300816e-09	6.376288e+00	2.153873e+02
2.420000e-06	7.666442e-07	3.246271e-09	5.508251e+00	2.118067e+02
2.430000e-06	6.456844e-07	3.185707e-09	4.639168e+00	2.085204e+02
2.440000e-06	5.245499e-07	3.116298e-09	3.768831e+00	2.050885e+02
2.450000e-06	4.032050e-07	3.039024e-09	2.896981e+00	2.008821e+02
2.460000e-06	2.817626e-07	2.958208e-09	2.024432e+00	1.953875e+02
2.470000e-06	1.601867e-07	2.871107e-09	1.150923e+00	1.884751e+02
2.480000e-06	3.847914e-08	2.774867e-09	2.764682e-01	1.804680e+02
2.490000e-06	-8.319448e-08	2.664011e-09	-5.977427e-01	1.719317e+02
2.500000e-06	-2.048522e-07	2.530883e-09	-1.471840e+00	1.632464e+02
2.510000e-06	-3.265029e-07	2.370538e-09	-2.345886e+00	1.541504e+02
2.520000e-06	-4.480234e-07	2.179993e-09	-3.218997e+00	1.434942e+02
2.530000e-06	-5.693861e-07	1.953072e-09	-4.090974e+00	1.293836e+02
2.540000e-06	-6.905684e-07	1.671178e-09	-4.961655e+00	1.097301e+02
2.550000e-06	-8.115442e-07	1.311937e-09	-5.830852e+00	8.304237e+01
2.560000e-06	-9.322768e-07	8.475934e-10	-6.698302e+00	4.915939e+01
2.570000e-06	-1.052652e-06	2.525198e-10	-7.563181e+00	9.615650e+00
2.580000e-06	-1.172644e-06	-4.455895e-10	-8.425309e+00	-3.254853e+01
2.590000e-06	-1.292193e-06	-1.137029e-09	-9.284255e+00	-7.350616e+01
2.600000e-06	-1.411250e-06	-1.699364e-09	-1.013967e+01	-1.096554e+02
2.610000e-06	-1.529786e-06	-2.095913e-09	-1.099133e+01	-1.385666e+02
2.620000e-06	-1.647645e-06	-2.367770e-09	-1.183814e+01	-1.595291e+02
2.630000e-06	-1.764695e-06	-2.567089e-09	-1.267913e+01	-1.735227e+02
2.640000e-06	-1.880905e-06	-2.727977e-09	-1.351409e+01	-1.826599e+02
2.650000e-06	-1.996230e-06	-2.865455e-09	-1.434268e+01	-1.893452e+02
2.660000e-06	-2.110742e-06	-2.983949e-09	-1.516544e+01	-1.954839e+02
2.670000e-06	-2.224438e-06	-3.084937e-09	-1.598233e+01	-2.020220e+02
2.680000e-06	-2.337129e-06	-3.172841e-09	-1.679201e+01	-2.089369e+02
2.690000e-06	-2.448718e-06	-3.252157e-09	-1.759376e+01	-2.156030e+02
2.700000e-06	-2.559190e-06	-3.324269e-09	-1.838748e+01	-2.213162e+02
2.710000e-06	-2.668730e-06	-3.389695e-09	-1.917452e+01	-2.257245e+02
2.720000e-06	-2.777479e-06	-3.449645e-09	-1.995587e+01	-2.289932e+02
2.730000e-06	-2.885390e-06	-3.507523e-09	-2.073120e+01	-2.316759e+02
2.740000e-06	-2.992432e-06	-3.561657e-09	-2.150028e+01	-2.344022e+02
2.750000e-06	-3.098476e-06	-3.611505e-09	-2.226220e+01	-2.375645e+02
2.760000e-06	-3.203434e-06	-3.658782e-09	-2.301630e+01	-2.411593e+02
2.770000e-06	-3.307265e-06	-3.702771e-09	-2.376232e+01	-2.448469e+02
2.780000e-06	-3.409796e-06	-3.742455e-09	-2.449899e+01	-2.481744e+02
2.790000e-06	-3.510891e-06	-3.778017e-09	-2.522535e+01	-2.508331e+02
2.800000e-06	-3.610655e-06	-3.813556e-09	-2.594214e+01	-2.528154e+02
2.810000e-06	-3.709291e-06	-3.849774e-09	-2.665083e+01	-2.544013e+02
2.820000e-06	-3.806737e-06	-3.885406e-09	-2.735097e+01	-2.559947e+02
2.830000e-06	-3.902944e-06	-3.919636e-09	-2.804221e+01	-2.579086e+02
2.840000e-06	-3.997827e-06	-3.952129e-09	-2.872393e+01	-2.602121e+02
2.850000e-06	-4.091198e-06	-3.985594e-09	-2.939479e+01	-2.627140e+02
2.860000e-06	-4.183102e-06	-4.017854e-09	-3.005510e+01	-2.650829e+02
2.870000e-06	-4.273547e-06	-4.047283e-09	-3.070495e+01	-2.670299e+02
2.880000e-06	-4.362440e-06	-4.072852e-09	-3.134363e+01	-2.684572e+02
2.890000e-06	-4.449771e-06	-4.094421e-09	-3.197109e+01	-2.694975e+02
2.900000e-06	-4.535443e-06	-4.115426e-09	-3.258663e+01	-2.704306e+02
2.910000e-06	-4.619439e-06	-4.137647e-09	-3.319014e+01	-2.715304e+02
2.920000e-06	-4.701890e-06	-4.160557e-09	-3.378254e+01	-2.729250e+02
2.930000e-06	-4.782759e-06	-4.183090e-09	-3.436358e+01	-2.745420e+02
2.940000e-06	-4.861844e-06	-4.205789e-09	-3.493179e+01	-2.761615e+02
2.950000e-06	-4.938867e-06	-4.226915e-09	-3.548519e+01	-2.775430e+02
2.960000e-06	-5.013875e-06	-4.244501e-09	-3.602412e+01	-2.785525e+02
2.970000e-06	-5.087098e-06	-4.259511e-09	-3.655021e+01	-2.792264e+02
2.980000e-06	-5.158448e-06	-4.273772e-09	-3.706286e+01	-2.797404e+02
2.990000e-06	-5.227742e-06	-4.286958e-09	-3.756073e+01	-2.803087e+02
3.000000e-06	-5.295083e-06	-4.297054e-09	-3.804456e+01	-2.810693e+02
3.010000e-06	-5.360626e-06	-4.305472e-09	-3.851548e+01	-2.820195e+02
3.020000e-06	-5.424415e-06	-4.316587e-09	-3.897380e+01	-2.830312e+02
3.030000e-06	-5.486233e-06	-4.328286e-09	-3.941795e+01	-2.839319e+02
3.040000e-06	-5.545953e-06	-4.341217e-09	-3.984703e+01	-2.846042e+02
3.050000e-06	-5.603703e-06	-4.354206e-09	-4.026196e+01	-2.850474e+02
3.060000e-06	-5.659584e-06	-4.364780e-09	-4.066346e+01	-2.853698e+02
3.070000e-06	-5.713358e-06	-4.372529e-09	-4.104982e+01	-2.857209e+02
3.080000e-06	-5.764727e-06	-4.378108e-09	-4.141890e+01	-2.862040e+02
3.090000e-06	-5.813587e-06	-4.380145e-09	-4.176996e+01	-2.868192e+02
3.100000e-06	-5.860157e-06	-4.381987e-09	-4.210456e+01	-2.874690e+02
3.110000e-06	-5.904904e-06	-4.386000e-09	-4.242606e+01	-2.880201e+02
3.120000e-06	-5.947837e-06	-4.391896e-09	-4.273453e+01	-2.883842e+02
3.130000e-06	-5.988838e-06	-4.398265e-09	-4.302911e+01	-2.885713e+02
3.140000e-06	-6.027796e-06	-4.404917e-09	-4.330902e+01	-2.886854e+02
3.150000e-06	-6.064533e-06	-4.412657e-09	-4.357297e+01	-2.888644e+02
3.160000e-06	-6.099101e-06	-4.416772e-09	-4.382134e+01	-2.892003e+02
3.170000e-06	-6.131609e-06	-4.420968e-09	-4.405491e+01	-2.896851e+02
3.180000e-06	-6.161837e-06	-4.423423e-09	-4.427209e+01	-2.902135e+02
3.190000e-06	-6.189760e-06	-4.424516e-09	-4.447271e+01	-2.906415e+02
3.200000e-06	-6.215517e-06	-4.424803e-09	-4.465778e+01	-2.908680e+02
3.210000e-06	-6.239117e-06	-4.425772e-09	-4.482734e+01	-2.908932e+02
3.220000e-06	-6.260322e-06	-4.428575e-09	-4.497969e+01	-2.908197e+02
3.230000e-06	-6.279252e-06	-4.432492e-09	-4.511570e+01	-2.907961e+02
3.240000e-06	-6.296130e-06	-4.435038e-09	-4.523697e+01	-2.909339e+02
3.250000e-06	-6.310543e-06	-4.436969e-09	-4.534052e+01	-2.912437e+02
3.260000e-06	-6.322363e-06	-4.438732e-09	-4.542545e+01	-2.916289e+02
3.270000e-06	-6.331872e-06	-4.439439e-09	-4.549377e+01	-2.919397e+02
3.280000e-06	-6.339218e-06	-4.437538e-09	-4.554656e+01	-2.920600e+02
3.290000e-06	-6.344247e-06	-4.435061e-09	-4.558268e+01	-2.919750e+02
3.300000e-06	-6.346954e-06	-4.433800e-09	-4.560214e+01	-2.917841e+02
3.310000e-06	-6.347566e-06	-4.433070e-09	-4.560653e+01	-2.916460e+02
