# Temperatura_=_20.0
# Concentracion g/m^3_=_4600.0
# C_Vs_to_Am_M_A/Vsm_=_65563218390.804596
# pendiente_HvsI_1/m_=_3716.3
# ordenada_HvsI_A/m_=_1297.0
# frecuencia_Hz_=_301463.1028614741

Tiempo_(s)	Campo_(V.s)	Magnetizacion_(V.s)	Campo_(kA/m)	Magnetizacion_(A/m)
0.000000e+00	-3.204751e-06	-2.843209e-09	-2.354641e+01	-1.868037e+02
1.000000e-08	-3.204240e-06	-2.845835e-09	-2.354266e+01	-1.868369e+02
2.000000e-08	-3.202355e-06	-2.847619e-09	-2.352881e+01	-1.868588e+02
3.000000e-08	-3.199187e-06	-2.846970e-09	-2.350552e+01	-1.868815e+02
4.000000e-08	-3.195194e-06	-2.846572e-09	-2.347619e+01	-1.869049e+02
5.000000e-08	-3.190292e-06	-2.845067e-09	-2.344017e+01	-1.869155e+02
6.000000e-08	-3.184284e-06	-2.841571e-09	-2.339603e+01	-1.868937e+02
7.000000e-08	-3.177228e-06	-2.829800e-09	-2.334419e+01	-1.868243e+02
8.000000e-08	-3.169302e-06	-2.806923e-09	-2.328596e+01	-1.867059e+02
9.000000e-08	-3.160090e-06	-2.862483e-09	-2.321827e+01	-1.865527e+02
1.000000e-07	-3.149044e-06	-2.913927e-09	-2.313711e+01	-1.863894e+02
1.100000e-07	-3.136449e-06	-2.904884e-09	-2.304457e+01	-1.862392e+02
1.200000e-07	-3.122889e-06	-2.721515e-09	-2.294494e+01	-1.861140e+02
1.300000e-07	-3.108505e-06	-2.699311e-09	-2.283925e+01	-1.860098e+02
1.400000e-07	-3.092686e-06	-2.969845e-09	-2.272303e+01	-1.859107e+02
1.500000e-07	-3.075541e-06	-2.913228e-09	-2.259706e+01	-1.857979e+02
1.600000e-07	-3.057837e-06	-2.644350e-09	-2.246698e+01	-1.856606e+02
1.700000e-07	-3.039240e-06	-2.864062e-09	-2.233034e+01	-1.854999e+02
1.800000e-07	-3.019383e-06	-2.939380e-09	-2.218445e+01	-1.853269e+02
1.900000e-07	-2.998675e-06	-2.613876e-09	-2.203230e+01	-1.851532e+02
2.000000e-07	-2.977232e-06	-2.852062e-09	-2.187475e+01	-1.849814e+02
2.100000e-07	-2.954605e-06	-2.998895e-09	-2.170850e+01	-1.848001e+02
2.200000e-07	-2.930955e-06	-2.680294e-09	-2.153474e+01	-1.845871e+02
2.300000e-07	-2.906496e-06	-2.780286e-09	-2.135503e+01	-1.843190e+02
2.400000e-07	-2.880621e-06	-2.941290e-09	-2.116491e+01	-1.839838e+02
2.500000e-07	-2.853376e-06	-2.694649e-09	-2.096474e+01	-1.835889e+02
2.600000e-07	-2.825238e-06	-2.767323e-09	-2.075799e+01	-1.831603e+02
2.700000e-07	-2.796168e-06	-2.873949e-09	-2.054441e+01	-1.827334e+02
2.800000e-07	-2.766127e-06	-2.722449e-09	-2.032368e+01	-1.823387e+02
2.900000e-07	-2.735158e-06	-2.762943e-09	-2.009615e+01	-1.819893e+02
3.000000e-07	-2.703367e-06	-2.781986e-09	-1.986256e+01	-1.816755e+02
3.100000e-07	-2.670683e-06	-2.735662e-09	-1.962243e+01	-1.813685e+02
3.200000e-07	-2.636718e-06	-2.823093e-09	-1.937287e+01	-1.810323e+02
3.300000e-07	-2.601578e-06	-2.747962e-09	-1.911469e+01	-1.806362e+02
3.400000e-07	-2.565638e-06	-2.647600e-09	-1.885062e+01	-1.801654e+02
3.500000e-07	-2.528829e-06	-2.794221e-09	-1.858017e+01	-1.796232e+02
3.600000e-07	-2.491023e-06	-2.757222e-09	-1.830240e+01	-1.790270e+02
3.700000e-07	-2.452292e-06	-2.668436e-09	-1.801783e+01	-1.784000e+02
3.800000e-07	-2.412869e-06	-2.713817e-09	-1.772818e+01	-1.777630e+02
3.900000e-07	-2.372954e-06	-2.711668e-09	-1.743491e+01	-1.771292e+02
4.000000e-07	-2.332220e-06	-2.687735e-09	-1.713562e+01	-1.765034e+02
4.100000e-07	-2.290237e-06	-2.670719e-09	-1.682716e+01	-1.758833e+02
4.200000e-07	-2.247144e-06	-2.669361e-09	-1.651054e+01	-1.752617e+02
4.300000e-07	-2.203330e-06	-2.691196e-09	-1.618862e+01	-1.746278e+02
4.400000e-07	-2.158855e-06	-2.676618e-09	-1.586185e+01	-1.739683e+02
4.500000e-07	-2.113592e-06	-2.588800e-09	-1.552929e+01	-1.732692e+02
4.600000e-07	-2.067626e-06	-2.611195e-09	-1.519156e+01	-1.725192e+02
4.700000e-07	-2.020931e-06	-2.667616e-09	-1.484848e+01	-1.717139e+02
4.800000e-07	-1.973560e-06	-2.608239e-09	-1.450042e+01	-1.708595e+02
4.900000e-07	-1.925618e-06	-2.548270e-09	-1.414817e+01	-1.699728e+02
5.000000e-07	-1.876796e-06	-2.594199e-09	-1.378946e+01	-1.690756e+02
5.100000e-07	-1.826780e-06	-2.600898e-09	-1.342198e+01	-1.681862e+02
5.200000e-07	-1.775769e-06	-2.521116e-09	-1.304718e+01	-1.673097e+02
5.300000e-07	-1.724142e-06	-2.515428e-09	-1.266787e+01	-1.664341e+02
5.400000e-07	-1.671897e-06	-2.540758e-09	-1.228400e+01	-1.655325e+02
5.500000e-07	-1.618997e-06	-2.516226e-09	-1.189532e+01	-1.645744e+02
5.600000e-07	-1.565540e-06	-2.463713e-09	-1.150256e+01	-1.635384e+02
5.700000e-07	-1.511481e-06	-2.472883e-09	-1.110537e+01	-1.624220e+02
5.800000e-07	-1.456770e-06	-2.483126e-09	-1.070339e+01	-1.612432e+02
5.900000e-07	-1.401566e-06	-2.435642e-09	-1.029779e+01	-1.600309e+02
6.000000e-07	-1.346060e-06	-2.407156e-09	-9.889964e+00	-1.588104e+02
6.100000e-07	-1.290306e-06	-2.412992e-09	-9.480324e+00	-1.575896e+02
6.200000e-07	-1.234204e-06	-2.392757e-09	-9.068120e+00	-1.563536e+02
6.300000e-07	-1.177611e-06	-2.346848e-09	-8.652312e+00	-1.550719e+02
6.400000e-07	-1.120271e-06	-2.338044e-09	-8.231014e+00	-1.537135e+02
6.500000e-07	-1.062141e-06	-2.322898e-09	-7.803918e+00	-1.522637e+02
6.600000e-07	-1.003487e-06	-2.283049e-09	-7.372964e+00	-1.507337e+02
6.700000e-07	-9.443824e-07	-2.256225e-09	-6.938702e+00	-1.491561e+02
6.800000e-07	-8.849632e-07	-2.250764e-09	-6.502129e+00	-1.475692e+02
6.900000e-07	-8.254207e-07	-2.227010e-09	-6.064650e+00	-1.459964e+02
7.000000e-07	-7.657698e-07	-2.192753e-09	-5.626374e+00	-1.444315e+02
7.100000e-07	-7.059905e-07	-2.175620e-09	-5.187156e+00	-1.428386e+02
7.200000e-07	-6.460499e-07	-2.146400e-09	-4.746751e+00	-1.411655e+02
7.300000e-07	-5.859492e-07	-2.108120e-09	-4.305170e+00	-1.393671e+02
7.400000e-07	-5.256412e-07	-2.079999e-09	-3.862067e+00	-1.374249e+02
7.500000e-07	-4.651143e-07	-2.059176e-09	-3.417355e+00	-1.353537e+02
7.600000e-07	-4.043892e-07	-2.018115e-09	-2.971187e+00	-1.331914e+02
7.700000e-07	-3.434146e-07	-1.975697e-09	-2.523185e+00	-1.309762e+02
7.800000e-07	-2.823049e-07	-1.951492e-09	-2.074191e+00	-1.287235e+02
7.900000e-07	-2.211900e-07	-1.919878e-09	-1.625159e+00	-1.264139e+02
8.000000e-07	-1.600610e-07	-1.874331e-09	-1.176023e+00	-1.239988e+02
8.100000e-07	-9.888231e-08	-1.832042e-09	-7.265223e-01	-1.214212e+02
8.200000e-07	-3.760880e-08	-1.795003e-09	-2.763248e-01	-1.186402e+02
8.300000e-07	2.370081e-08	-1.745241e-09	1.741380e-01	-1.156456e+02
8.400000e-07	8.495452e-08	-1.693822e-09	6.241901e-01	-1.124544e+02
8.500000e-07	1.461406e-07	-1.645434e-09	1.073745e+00	-1.090901e+02
8.600000e-07	2.072642e-07	-1.592480e-09	1.522841e+00	-1.055549e+02
8.700000e-07	2.683207e-07	-1.532017e-09	1.971445e+00	-1.018111e+02
8.800000e-07	3.292838e-07	-1.469006e-09	2.419362e+00	-9.778230e+01
8.900000e-07	3.902017e-07	-1.404582e-09	2.866946e+00	-9.337432e+01
9.000000e-07	4.510325e-07	-1.329944e-09	3.313891e+00	-8.850457e+01
9.100000e-07	5.116130e-07	-1.250110e-09	3.758997e+00	-8.312048e+01
9.200000e-07	5.719340e-07	-1.161789e-09	4.202196e+00	-7.719218e+01
9.300000e-07	6.320523e-07	-1.061194e-09	4.643905e+00	-7.067678e+01
9.400000e-07	6.919908e-07	-9.458939e-10	5.084294e+00	-6.346927e+01
9.500000e-07	7.517730e-07	-8.180351e-10	5.523535e+00	-5.536731e+01
9.600000e-07	8.113967e-07	-6.716617e-10	5.961611e+00	-4.607784e+01
9.700000e-07	8.708796e-07	-5.051603e-10	6.398652e+00	-3.527975e+01
9.800000e-07	9.302004e-07	-3.202238e-10	6.834503e+00	-2.273299e+01
9.900000e-07	9.892252e-07	-1.072874e-10	7.268178e+00	-8.400876e+00
1.000000e-06	1.047738e-06	1.342869e-10	7.698090e+00	7.460504e+00
1.010000e-06	1.105563e-06	3.943061e-10	8.122955e+00	2.428653e+01
1.020000e-06	1.162676e-06	6.559503e-10	8.542577e+00	4.127947e+01
1.030000e-06	1.219135e-06	9.079703e-10	8.957402e+00	5.756014e+01
1.040000e-06	1.275089e-06	1.131468e-09	9.368521e+00	7.235175e+01
1.050000e-06	1.330717e-06	1.317872e-09	9.777239e+00	8.513840e+01
1.060000e-06	1.386044e-06	1.473297e-09	1.018374e+01	9.574886e+01
1.070000e-06	1.440930e-06	1.601666e-09	1.058701e+01	1.043427e+02
1.080000e-06	1.495265e-06	1.706369e-09	1.098622e+01	1.113106e+02
1.090000e-06	1.549104e-06	1.794175e-09	1.138180e+01	1.171294e+02
1.100000e-06	1.602484e-06	1.874061e-09	1.177400e+01	1.222236e+02
1.110000e-06	1.655342e-06	1.943482e-09	1.216236e+01	1.268777e+02
1.120000e-06	1.707564e-06	2.006560e-09	1.254606e+01	1.312171e+02
1.130000e-06	1.759159e-06	2.064921e-09	1.292515e+01	1.352503e+02
1.140000e-06	1.810086e-06	2.120058e-09	1.329932e+01	1.389392e+02
1.150000e-06	1.860062e-06	2.166787e-09	1.366651e+01	1.422629e+02
1.160000e-06	1.909018e-06	2.209847e-09	1.402621e+01	1.452501e+02
1.170000e-06	1.957133e-06	2.253899e-09	1.437973e+01	1.479709e+02
1.180000e-06	2.004599e-06	2.291474e-09	1.472848e+01	1.505050e+02
1.190000e-06	2.051456e-06	2.324895e-09	1.507275e+01	1.529062e+02
1.200000e-06	2.097608e-06	2.358430e-09	1.541184e+01	1.551845e+02
1.210000e-06	2.143024e-06	2.391651e-09	1.574553e+01	1.573150e+02
1.220000e-06	2.187689e-06	2.417471e-09	1.607370e+01	1.592649e+02
1.230000e-06	2.231661e-06	2.441764e-09	1.639678e+01	1.610228e+02
1.240000e-06	2.275133e-06	2.468125e-09	1.671619e+01	1.626144e+02
1.250000e-06	2.317959e-06	2.491364e-09	1.703084e+01	1.640950e+02
1.260000e-06	2.359602e-06	2.511130e-09	1.733681e+01	1.655254e+02
1.270000e-06	2.399990e-06	2.533257e-09	1.763355e+01	1.669430e+02
1.280000e-06	2.439530e-06	2.556518e-09	1.792407e+01	1.683454e+02
1.290000e-06	2.478291e-06	2.573944e-09	1.820886e+01	1.696945e+02
1.300000e-06	2.516222e-06	2.589030e-09	1.848755e+01	1.709387e+02
1.310000e-06	2.553304e-06	2.607448e-09	1.876000e+01	1.720425e+02
1.320000e-06	2.589508e-06	2.624980e-09	1.902601e+01	1.730068e+02
1.330000e-06	2.625046e-06	2.637373e-09	1.928712e+01	1.738714e+02
1.340000e-06	2.659818e-06	2.649994e-09	1.954260e+01	1.746968e+02
1.350000e-06	2.693368e-06	2.664509e-09	1.978910e+01	1.755370e+02
1.360000e-06	2.725654e-06	2.676371e-09	2.002632e+01	1.764150e+02
1.370000e-06	2.757015e-06	2.687784e-09	2.025674e+01	1.773142e+02
1.380000e-06	2.787529e-06	2.701502e-09	2.048094e+01	1.781897e+02
1.390000e-06	2.817143e-06	2.714748e-09	2.069852e+01	1.789917e+02
1.400000e-06	2.845827e-06	2.724480e-09	2.090927e+01	1.796904e+02
1.410000e-06	2.873656e-06	2.735043e-09	2.111374e+01	1.802890e+02
1.420000e-06	2.900646e-06	2.746934e-09	2.131204e+01	1.808203e+02
1.430000e-06	2.926343e-06	2.756052e-09	2.150085e+01	1.813279e+02
1.440000e-06	2.950651e-06	2.762764e-09	2.167945e+01	1.818445e+02
1.450000e-06	2.973924e-06	2.770470e-09	2.185044e+01	1.823760e+02
1.460000e-06	2.996224e-06	2.779105e-09	2.201429e+01	1.829016e+02
1.470000e-06	3.017549e-06	2.786352e-09	2.217097e+01	1.833864e+02
1.480000e-06	3.037914e-06	2.793941e-09	2.232060e+01	1.838015e+02
1.490000e-06	3.057429e-06	2.801996e-09	2.246398e+01	1.841390e+02
1.500000e-06	3.075950e-06	2.808438e-09	2.260006e+01	1.844163e+02
1.510000e-06	3.093190e-06	2.813287e-09	2.272673e+01	1.846660e+02
1.520000e-06	3.109348e-06	2.818068e-09	2.284545e+01	1.849196e+02
1.530000e-06	3.124360e-06	2.822602e-09	2.295575e+01	1.851917e+02
1.540000e-06	3.138157e-06	2.826007e-09	2.305712e+01	1.854742e+02
1.550000e-06	3.150888e-06	2.829328e-09	2.315066e+01	1.857426e+02
1.560000e-06	3.162467e-06	2.832829e-09	2.323573e+01	1.859704e+02
1.570000e-06	3.172632e-06	2.837480e-09	2.331042e+01	1.861433e+02
1.580000e-06	3.181287e-06	2.843210e-09	2.337401e+01	1.862671e+02
1.590000e-06	3.188816e-06	2.848380e-09	2.342933e+01	1.863642e+02
1.600000e-06	3.195353e-06	2.851368e-09	2.347736e+01	1.864616e+02
1.610000e-06	3.200761e-06	2.852348e-09	2.351709e+01	1.865776e+02
1.620000e-06	3.205092e-06	2.853206e-09	2.354891e+01	1.867132e+02
1.630000e-06	3.208470e-06	2.854505e-09	2.357373e+01	1.868536e+02
1.640000e-06	3.210632e-06	2.856672e-09	2.358962e+01	1.869774e+02
1.650000e-06	3.211337e-06	2.859580e-09	2.359480e+01	1.870684e+02
1.660000e-06	3.210954e-06	2.862458e-09	2.359198e+01	1.871239e+02
1.670000e-06	3.209610e-06	2.861440e-09	2.358211e+01	1.871546e+02
1.680000e-06	3.207244e-06	2.862160e-09	2.356473e+01	1.871762e+02
1.690000e-06	3.203937e-06	2.867123e-09	2.354043e+01	1.871994e+02
1.700000e-06	3.199792e-06	2.869161e-09	2.350997e+01	1.872221e+02
1.710000e-06	3.194708e-06	2.867487e-09	2.347262e+01	1.872295e+02
1.720000e-06	3.188330e-06	2.870380e-09	2.342576e+01	1.872017e+02
1.730000e-06	3.180717e-06	2.902432e-09	2.336982e+01	1.871251e+02
1.740000e-06	3.172191e-06	2.877462e-09	2.330718e+01	1.870005e+02
1.750000e-06	3.162503e-06	2.777925e-09	2.323600e+01	1.868444e+02
1.760000e-06	3.151033e-06	2.762978e-09	2.315173e+01	1.866818e+02
1.770000e-06	3.137618e-06	2.937860e-09	2.305316e+01	1.865349e+02
1.780000e-06	3.123268e-06	3.020335e-09	2.294772e+01	1.864134e+02
1.790000e-06	3.108865e-06	2.785929e-09	2.284190e+01	1.863112e+02
1.800000e-06	3.093417e-06	2.687840e-09	2.272840e+01	1.862112e+02
1.810000e-06	3.076223e-06	3.026040e-09	2.260207e+01	1.860955e+02
1.820000e-06	3.058234e-06	2.858658e-09	2.246990e+01	1.859545e+02
1.830000e-06	3.039698e-06	2.610114e-09	2.233371e+01	1.857914e+02
1.840000e-06	3.019975e-06	3.018894e-09	2.218880e+01	1.856178e+02
1.850000e-06	2.999283e-06	2.955050e-09	2.203676e+01	1.854446e+02
1.860000e-06	2.977671e-06	2.568541e-09	2.187797e+01	1.852725e+02
1.870000e-06	2.954548e-06	2.861964e-09	2.170808e+01	1.850883e+02
1.880000e-06	2.930257e-06	2.937212e-09	2.152961e+01	1.848688e+02
1.890000e-06	2.905062e-06	2.625623e-09	2.134449e+01	1.845915e+02
1.900000e-06	2.878556e-06	2.866604e-09	2.114974e+01	1.842470e+02
1.910000e-06	2.850964e-06	2.895425e-09	2.094701e+01	1.838454e+02
1.920000e-06	2.822649e-06	2.660251e-09	2.073897e+01	1.834149e+02
1.930000e-06	2.793281e-06	2.830707e-09	2.052319e+01	1.829911e+02
1.940000e-06	2.762685e-06	2.788449e-09	2.029840e+01	1.826027e+02
1.950000e-06	2.730952e-06	2.689871e-09	2.006524e+01	1.822596e+02
1.960000e-06	2.698054e-06	2.889150e-09	1.982353e+01	1.819489e+02
1.970000e-06	2.664346e-06	2.665929e-09	1.957587e+01	1.816401e+02
1.980000e-06	2.629805e-06	2.668382e-09	1.932208e+01	1.812970e+02
1.990000e-06	2.594282e-06	2.917372e-09	1.906108e+01	1.808909e+02
2.000000e-06	2.558170e-06	2.659970e-09	1.879576e+01	1.804093e+02
2.010000e-06	2.521221e-06	2.660535e-09	1.852428e+01	1.798582e+02
2.020000e-06	2.482931e-06	2.832080e-09	1.824295e+01	1.792563e+02
2.030000e-06	2.443523e-06	2.679038e-09	1.795340e+01	1.786268e+02
2.040000e-06	2.403324e-06	2.670739e-09	1.765805e+01	1.779897e+02
2.050000e-06	2.362469e-06	2.701105e-09	1.735787e+01	1.773570e+02
2.060000e-06	2.320914e-06	2.696915e-09	1.705256e+01	1.767324e+02
2.070000e-06	2.278507e-06	2.733738e-09	1.674098e+01	1.761128e+02
2.080000e-06	2.235222e-06	2.586517e-09	1.642295e+01	1.754902e+02
2.090000e-06	2.191312e-06	2.614904e-09	1.610033e+01	1.748536e+02
2.100000e-06	2.146973e-06	2.748289e-09	1.577455e+01	1.741894e+02
2.110000e-06	2.101898e-06	2.643866e-09	1.544337e+01	1.734837e+02
2.120000e-06	2.055826e-06	2.574972e-09	1.510486e+01	1.727259e+02
2.130000e-06	2.009031e-06	2.603803e-09	1.476104e+01	1.719131e+02
2.140000e-06	1.961644e-06	2.653839e-09	1.441287e+01	1.710529e+02
2.150000e-06	1.913428e-06	2.574524e-09	1.405862e+01	1.701634e+02
2.160000e-06	1.864352e-06	2.504348e-09	1.369803e+01	1.692665e+02
2.170000e-06	1.814563e-06	2.615964e-09	1.333222e+01	1.683791e+02
2.180000e-06	1.764194e-06	2.589312e-09	1.296214e+01	1.675041e+02
2.190000e-06	1.713176e-06	2.486883e-09	1.258729e+01	1.666267e+02
2.200000e-06	1.661496e-06	2.505936e-09	1.220758e+01	1.657189e+02
2.210000e-06	1.609302e-06	2.540437e-09	1.182409e+01	1.647507e+02
2.220000e-06	1.556431e-06	2.508093e-09	1.143564e+01	1.637029e+02
2.230000e-06	1.502581e-06	2.430389e-09	1.103998e+01	1.625763e+02
2.240000e-06	1.447644e-06	2.443323e-09	1.063634e+01	1.613909e+02
2.250000e-06	1.391970e-06	2.479470e-09	1.022728e+01	1.601763e+02
2.260000e-06	1.336003e-06	2.401712e-09	9.816076e+00	1.589558e+02
2.270000e-06	1.279816e-06	2.378402e-09	9.403251e+00	1.577343e+02
2.280000e-06	1.223329e-06	2.397591e-09	8.988220e+00	1.564940e+02
2.290000e-06	1.166329e-06	2.364088e-09	8.569420e+00	1.552031e+02
2.300000e-06	1.108788e-06	2.327072e-09	8.146646e+00	1.538321e+02
2.310000e-06	1.050903e-06	2.315507e-09	7.721346e+00	1.523697e+02
2.320000e-06	9.927878e-07	2.322967e-09	7.294353e+00	1.508306e+02
2.330000e-06	9.343884e-07	2.276371e-09	6.865273e+00	1.492495e+02
2.340000e-06	8.755743e-07	2.236293e-09	6.433146e+00	1.476639e+02
2.350000e-06	8.164000e-07	2.231615e-09	5.998372e+00	1.460934e+02
2.360000e-06	7.569260e-07	2.198537e-09	5.561396e+00	1.445274e+02
2.370000e-06	6.972114e-07	2.168490e-09	5.122652e+00	1.429264e+02
2.380000e-06	6.373525e-07	2.152631e-09	4.682848e+00	1.412378e+02
2.390000e-06	5.773756e-07	2.129543e-09	4.242178e+00	1.394193e+02
2.400000e-06	5.173149e-07	2.092209e-09	3.800891e+00	1.374571e+02
2.410000e-06	4.571992e-07	2.062538e-09	3.359200e+00	1.353705e+02
2.420000e-06	3.969999e-07	2.042435e-09	2.916895e+00	1.331986e+02
2.430000e-06	3.367145e-07	2.000336e-09	2.473957e+00	1.309780e+02
2.440000e-06	2.763949e-07	1.954616e-09	2.030768e+00	1.287193e+02
2.450000e-06	2.160360e-07	1.928693e-09	1.587291e+00	1.263981e+02
2.460000e-06	1.555501e-07	1.894384e-09	1.142880e+00	1.239633e+02
2.470000e-06	9.498007e-08	1.847780e-09	6.978513e-01	1.213586e+02
2.480000e-06	3.445273e-08	1.808959e-09	2.531360e-01	1.185470e+02
2.490000e-06	-2.608417e-08	1.771686e-09	-1.916494e-01	1.155229e+02
2.500000e-06	-8.671716e-08	1.721909e-09	-6.371408e-01	1.123059e+02
2.510000e-06	-1.473271e-07	1.665511e-09	-1.082463e+00	1.089180e+02
2.520000e-06	-2.078203e-07	1.616115e-09	-1.526927e+00	1.053564e+02
2.530000e-06	-2.682342e-07	1.557572e-09	-1.970809e+00	1.015774e+02
2.540000e-06	-3.285960e-07	1.487505e-09	-2.414308e+00	9.750025e+01
2.550000e-06	-3.888817e-07	1.416852e-09	-2.857248e+00	9.303086e+01
2.560000e-06	-4.490923e-07	1.345150e-09	-3.299636e+00	8.809019e+01
2.570000e-06	-5.092536e-07	1.267439e-09	-3.741661e+00	8.263009e+01
2.580000e-06	-5.693453e-07	1.178088e-09	-4.183176e+00	7.662155e+01
2.590000e-06	-6.293533e-07	1.080055e-09	-4.624075e+00	7.001582e+01
2.600000e-06	-6.892636e-07	9.678769e-10	-5.064257e+00	6.269545e+01
2.610000e-06	-7.490173e-07	8.401362e-10	-5.503288e+00	5.444348e+01
2.620000e-06	-8.085580e-07	6.954101e-10	-5.940754e+00	4.495769e+01
2.630000e-06	-8.677589e-07	5.287157e-10	-6.375724e+00	3.392111e+01
2.640000e-06	-9.264569e-07	3.382552e-10	-6.806998e+00	2.111551e+01
2.650000e-06	-9.847588e-07	1.225202e-10	-7.235362e+00	6.541901e+00
2.660000e-06	-1.042801e-06	-1.211705e-10	-7.661817e+00	-9.498437e+00
2.670000e-06	-1.100536e-06	-3.849098e-10	-8.086020e+00	-2.640087e+01
2.680000e-06	-1.157818e-06	-6.484737e-10	-8.506885e+00	-4.334541e+01
2.690000e-06	-1.214517e-06	-8.980258e-10	-8.923478e+00	-5.945619e+01
2.700000e-06	-1.270828e-06	-1.121477e-09	-9.337213e+00	-7.398530e+01
2.710000e-06	-1.326928e-06	-1.309059e-09	-9.749395e+00	-8.646314e+01
2.720000e-06	-1.382737e-06	-1.461766e-09	-1.015944e+01	-9.676886e+01
2.730000e-06	-1.438056e-06	-1.592290e-09	-1.056589e+01	-1.051028e+02
2.740000e-06	-1.492618e-06	-1.702281e-09	-1.096678e+01	-1.118771e+02
2.750000e-06	-1.546285e-06	-1.790856e-09	-1.136109e+01	-1.175689e+02
2.760000e-06	-1.599113e-06	-1.871012e-09	-1.174923e+01	-1.225866e+02
2.770000e-06	-1.651306e-06	-1.946887e-09	-1.213271e+01	-1.271913e+02
2.780000e-06	-1.702988e-06	-2.012368e-09	-1.251244e+01	-1.314883e+02
2.790000e-06	-1.754080e-06	-2.068487e-09	-1.288783e+01	-1.354747e+02
2.800000e-06	-1.804491e-06	-2.123951e-09	-1.325822e+01	-1.391116e+02
2.810000e-06	-1.854210e-06	-2.175136e-09	-1.362352e+01	-1.423842e+02
2.820000e-06	-1.902991e-06	-2.218961e-09	-1.398193e+01	-1.453283e+02
2.830000e-06	-1.950743e-06	-2.263601e-09	-1.433278e+01	-1.480177e+02
2.840000e-06	-1.997740e-06	-2.308873e-09	-1.467809e+01	-1.505304e+02
2.850000e-06	-2.044154e-06	-2.345735e-09	-1.501910e+01	-1.529143e+02
2.860000e-06	-2.089969e-06	-2.377393e-09	-1.535572e+01	-1.551735e+02
2.870000e-06	-2.135076e-06	-2.412234e-09	-1.568714e+01	-1.572799e+02
2.880000e-06	-2.179516e-06	-2.442296e-09	-1.601365e+01	-1.592022e+02
2.890000e-06	-2.223405e-06	-2.463305e-09	-1.633612e+01	-1.609338e+02
2.900000e-06	-2.266601e-06	-2.486919e-09	-1.665349e+01	-1.625056e+02
2.910000e-06	-2.309004e-06	-2.516921e-09	-1.696504e+01	-1.639755e+02
2.920000e-06	-2.350660e-06	-2.541374e-09	-1.727111e+01	-1.654025e+02
2.930000e-06	-2.391471e-06	-2.560654e-09	-1.757096e+01	-1.668190e+02
2.940000e-06	-2.431591e-06	-2.583683e-09	-1.786574e+01	-1.682167e+02
2.950000e-06	-2.470939e-06	-2.604712e-09	-1.815484e+01	-1.695538e+02
2.960000e-06	-2.509073e-06	-2.618193e-09	-1.843502e+01	-1.707793e+02
2.970000e-06	-2.545994e-06	-2.633023e-09	-1.870629e+01	-1.718620e+02
2.980000e-06	-2.582082e-06	-2.654492e-09	-1.897144e+01	-1.728088e+02
2.990000e-06	-2.617457e-06	-2.669344e-09	-1.923136e+01	-1.736638e+02
3.000000e-06	-2.651935e-06	-2.678515e-09	-1.948468e+01	-1.744885e+02
3.010000e-06	-2.685474e-06	-2.691943e-09	-1.973110e+01	-1.753335e+02
3.020000e-06	-2.718102e-06	-2.708125e-09	-1.997083e+01	-1.762163e+02
3.030000e-06	-2.749939e-06	-2.719281e-09	-2.020475e+01	-1.771152e+02
3.040000e-06	-2.780831e-06	-2.731777e-09	-2.043172e+01	-1.779829e+02
3.050000e-06	-2.810383e-06	-2.746022e-09	-2.064885e+01	-1.787712e+02
3.060000e-06	-2.838813e-06	-2.756306e-09	-2.085774e+01	-1.794545e+02
3.070000e-06	-2.866421e-06	-2.764160e-09	-2.106058e+01	-1.800409e+02
3.080000e-06	-2.893076e-06	-2.773382e-09	-2.125643e+01	-1.805660e+02
3.090000e-06	-2.918687e-06	-2.782284e-09	-2.144460e+01	-1.810734e+02
3.100000e-06	-2.943305e-06	-2.786920e-09	-2.162548e+01	-1.815923e+02
3.110000e-06	-2.967057e-06	-2.794323e-09	-2.179999e+01	-1.821247e+02
3.120000e-06	-2.989736e-06	-2.802351e-09	-2.196662e+01	-1.826466e+02
3.130000e-06	-3.011022e-06	-2.808155e-09	-2.212301e+01	-1.831227e+02
3.140000e-06	-3.031209e-06	-2.811347e-09	-2.227134e+01	-1.835265e+02
3.150000e-06	-3.050506e-06	-2.815494e-09	-2.241312e+01	-1.838538e+02
3.160000e-06	-3.068778e-06	-2.819473e-09	-2.254737e+01	-1.841248e+02
3.170000e-06	-3.086000e-06	-2.823108e-09	-2.267390e+01	-1.843734e+02
3.180000e-06	-3.102329e-06	-2.828082e-09	-2.279388e+01	-1.846291e+02
3.190000e-06	-3.117602e-06	-2.833729e-09	-2.290609e+01	-1.849036e+02
3.200000e-06	-3.131302e-06	-2.836556e-09	-2.300676e+01	-1.851857e+02
3.210000e-06	-3.143555e-06	-2.838322e-09	-2.309678e+01	-1.854498e+02
3.220000e-06	-3.154654e-06	-2.840366e-09	-2.317833e+01	-1.856700e+02
3.230000e-06	-3.164622e-06	-2.842168e-09	-2.325157e+01	-1.858349e+02
3.240000e-06	-3.173539e-06	-2.841979e-09	-2.331709e+01	-1.859532e+02
3.250000e-06	-3.181545e-06	-2.840868e-09	-2.337590e+01	-1.860487e+02
3.260000e-06	-3.188365e-06	-2.841956e-09	-2.342602e+01	-1.861479e+02
3.270000e-06	-3.193701e-06	-2.843455e-09	-2.346522e+01	-1.862670e+02
3.280000e-06	-3.197908e-06	-2.846170e-09	-2.349613e+01	-1.864044e+02
3.290000e-06	-3.201150e-06	-2.847523e-09	-2.351995e+01	-1.865436e+02
3.300000e-06	-3.203322e-06	-2.846129e-09	-2.353591e+01	-1.866633e+02
3.310000e-06	-3.204438e-06	-2.844586e-09	-2.354411e+01	-1.867490e+02
