# Temperatura_=_20.0
# Concentracion g/m^3_=_8200.0
# C_Vs_to_Am_M_A/Vsm_=_65563218390.804596
# pendiente_HvsI_1/m_=_3716.3
# ordenada_HvsI_A/m_=_1297.0
# frecuencia_Hz_=_301511.4498665881

Tiempo_(s)	Campo_(V.s)	Magnetizacion_(V.s)	Campo_(kA/m)	Magnetizacion_(A/m)
0.000000e+00	-4.643432e-06	-3.239696e-09	-3.466926e+01	-2.120135e+02
1.000000e-08	-4.642425e-06	-3.242741e-09	-3.466174e+01	-2.120122e+02
2.000000e-08	-4.639704e-06	-3.241529e-09	-3.464143e+01	-2.119995e+02
3.000000e-08	-4.635500e-06	-3.238977e-09	-3.461004e+01	-2.119776e+02
4.000000e-08	-4.629853e-06	-3.240675e-09	-3.456788e+01	-2.119472e+02
5.000000e-08	-4.622765e-06	-3.241318e-09	-3.451495e+01	-2.119073e+02
6.000000e-08	-4.614289e-06	-3.238592e-09	-3.445167e+01	-2.118549e+02
7.000000e-08	-4.604128e-06	-3.227432e-09	-3.437581e+01	-2.117860e+02
8.000000e-08	-4.592162e-06	-3.198449e-09	-3.428646e+01	-2.116952e+02
9.000000e-08	-4.578311e-06	-3.233978e-09	-3.418305e+01	-2.115768e+02
1.000000e-07	-4.562295e-06	-3.300346e-09	-3.406347e+01	-2.114249e+02
1.100000e-07	-4.544241e-06	-3.269463e-09	-3.392867e+01	-2.112345e+02
1.200000e-07	-4.524638e-06	-3.249960e-09	-3.378231e+01	-2.110012e+02
1.300000e-07	-4.503756e-06	-3.156205e-09	-3.362640e+01	-2.107225e+02
1.400000e-07	-4.481784e-06	-3.109466e-09	-3.346235e+01	-2.103975e+02
1.500000e-07	-4.458562e-06	-3.335663e-09	-3.328897e+01	-2.100268e+02
1.600000e-07	-4.433917e-06	-3.202718e-09	-3.310496e+01	-2.096129e+02
1.700000e-07	-4.407862e-06	-3.053642e-09	-3.291042e+01	-2.091597e+02
1.800000e-07	-4.380163e-06	-3.282155e-09	-3.270362e+01	-2.086720e+02
1.900000e-07	-4.350848e-06	-3.149298e-09	-3.248474e+01	-2.081549e+02
2.000000e-07	-4.320177e-06	-3.085179e-09	-3.225575e+01	-2.076136e+02
2.100000e-07	-4.288144e-06	-3.316727e-09	-3.201657e+01	-2.070527e+02
2.200000e-07	-4.254385e-06	-3.150496e-09	-3.176452e+01	-2.064757e+02
2.300000e-07	-4.218988e-06	-3.059777e-09	-3.150023e+01	-2.058848e+02
2.400000e-07	-4.182169e-06	-3.176430e-09	-3.122534e+01	-2.052806e+02
2.500000e-07	-4.143794e-06	-3.065557e-09	-3.093882e+01	-2.046624e+02
2.600000e-07	-4.103963e-06	-3.113804e-09	-3.064142e+01	-2.040278e+02
2.700000e-07	-4.062519e-06	-3.164886e-09	-3.033199e+01	-2.033738e+02
2.800000e-07	-4.019398e-06	-3.072725e-09	-3.001004e+01	-2.026963e+02
2.900000e-07	-3.974821e-06	-3.055696e-09	-2.967721e+01	-2.019915e+02
3.000000e-07	-3.928781e-06	-3.037229e-09	-2.933346e+01	-2.012556e+02
3.100000e-07	-3.881352e-06	-3.047344e-09	-2.897934e+01	-2.004853e+02
3.200000e-07	-3.832221e-06	-3.079396e-09	-2.861252e+01	-1.996786e+02
3.300000e-07	-3.781171e-06	-3.049943e-09	-2.823136e+01	-1.988344e+02
3.400000e-07	-3.728569e-06	-2.988521e-09	-2.783862e+01	-1.979528e+02
3.500000e-07	-3.674643e-06	-2.963335e-09	-2.743599e+01	-1.970348e+02
3.600000e-07	-3.619533e-06	-3.000692e-09	-2.702453e+01	-1.960822e+02
3.700000e-07	-3.563267e-06	-2.989624e-09	-2.660442e+01	-1.950970e+02
3.800000e-07	-3.505580e-06	-2.952906e-09	-2.617372e+01	-1.940812e+02
3.900000e-07	-3.446431e-06	-2.947124e-09	-2.573210e+01	-1.930360e+02
4.000000e-07	-3.386085e-06	-2.927911e-09	-2.528153e+01	-1.919621e+02
4.100000e-07	-3.324666e-06	-2.925849e-09	-2.482296e+01	-1.908586e+02
4.200000e-07	-3.262190e-06	-2.885692e-09	-2.435649e+01	-1.897235e+02
4.300000e-07	-3.198742e-06	-2.859600e-09	-2.388277e+01	-1.885534e+02
4.400000e-07	-3.134123e-06	-2.863128e-09	-2.340031e+01	-1.873438e+02
4.500000e-07	-3.068035e-06	-2.814351e-09	-2.290687e+01	-1.860895e+02
4.600000e-07	-3.000726e-06	-2.784248e-09	-2.240433e+01	-1.847849e+02
4.700000e-07	-2.932545e-06	-2.803509e-09	-2.189526e+01	-1.834246e+02
4.800000e-07	-2.863538e-06	-2.804583e-09	-2.138004e+01	-1.820038e+02
4.900000e-07	-2.793531e-06	-2.737935e-09	-2.085734e+01	-1.805187e+02
5.000000e-07	-2.722528e-06	-2.691274e-09	-2.032722e+01	-1.789672e+02
5.100000e-07	-2.650694e-06	-2.702185e-09	-1.979088e+01	-1.773485e+02
5.200000e-07	-2.577847e-06	-2.682946e-09	-1.924698e+01	-1.756634e+02
5.300000e-07	-2.503748e-06	-2.635755e-09	-1.869373e+01	-1.739141e+02
5.400000e-07	-2.428482e-06	-2.610727e-09	-1.813178e+01	-1.721037e+02
5.500000e-07	-2.352260e-06	-2.592683e-09	-1.756268e+01	-1.702354e+02
5.600000e-07	-2.275156e-06	-2.552241e-09	-1.698700e+01	-1.683125e+02
5.700000e-07	-2.197025e-06	-2.517521e-09	-1.640365e+01	-1.663369e+02
5.800000e-07	-2.117790e-06	-2.506950e-09	-1.581206e+01	-1.643094e+02
5.900000e-07	-2.037669e-06	-2.475773e-09	-1.521385e+01	-1.622284e+02
6.000000e-07	-1.956860e-06	-2.421763e-09	-1.461050e+01	-1.600901e+02
6.100000e-07	-1.875330e-06	-2.386390e-09	-1.400178e+01	-1.578884e+02
6.200000e-07	-1.793093e-06	-2.358669e-09	-1.338778e+01	-1.556146e+02
6.300000e-07	-1.710293e-06	-2.313947e-09	-1.276956e+01	-1.532586e+02
6.400000e-07	-1.626989e-06	-2.268632e-09	-1.214759e+01	-1.508088e+02
6.500000e-07	-1.543251e-06	-2.242230e-09	-1.152237e+01	-1.482532e+02
6.600000e-07	-1.459153e-06	-2.207476e-09	-1.089448e+01	-1.455801e+02
6.700000e-07	-1.374671e-06	-2.154910e-09	-1.026371e+01	-1.427788e+02
6.800000e-07	-1.289717e-06	-2.109629e-09	-9.629415e+00	-1.398404e+02
6.900000e-07	-1.204277e-06	-2.067363e-09	-8.991497e+00	-1.367584e+02
7.000000e-07	-1.118450e-06	-2.015389e-09	-8.350681e+00	-1.335282e+02
7.100000e-07	-1.032331e-06	-1.961003e-09	-7.707698e+00	-1.301477e+02
7.200000e-07	-9.459144e-07	-1.912974e-09	-7.062482e+00	-1.266164e+02
7.300000e-07	-8.591412e-07	-1.860709e-09	-6.414607e+00	-1.229347e+02
7.400000e-07	-7.720968e-07	-1.800924e-09	-5.764707e+00	-1.191028e+02
7.500000e-07	-6.848827e-07	-1.743092e-09	-5.113541e+00	-1.151197e+02
7.600000e-07	-5.974652e-07	-1.682498e-09	-4.460855e+00	-1.109820e+02
7.700000e-07	-5.098671e-07	-1.615719e-09	-3.806821e+00	-1.066828e+02
7.800000e-07	-4.221827e-07	-1.545375e-09	-3.152144e+00	-1.022106e+02
7.900000e-07	-3.344336e-07	-1.473912e-09	-2.496982e+00	-9.754923e+01
8.000000e-07	-2.465766e-07	-1.396259e-09	-1.841015e+00	-9.267773e+01
8.100000e-07	-1.586179e-07	-1.312711e-09	-1.184289e+00	-8.757067e+01
8.200000e-07	-7.061165e-08	-1.227148e-09	-5.272079e-01	-8.219934e+01
8.300000e-07	1.743563e-08	-1.138069e-09	1.301797e-01	-7.653330e+01
8.400000e-07	1.054807e-07	-1.046840e-09	7.875504e-01	-7.054231e+01
8.500000e-07	1.934966e-07	-9.544120e-10	1.444704e+00	-6.419866e+01
8.600000e-07	2.814599e-07	-8.579519e-10	2.101464e+00	-5.747959e+01
8.700000e-07	3.693206e-07	-7.528450e-10	2.757459e+00	-5.036968e+01
8.800000e-07	4.570877e-07	-6.397442e-10	3.412755e+00	-4.286306e+01
8.900000e-07	5.447982e-07	-5.199962e-10	4.067628e+00	-3.496517e+01
9.000000e-07	6.324092e-07	-3.947335e-10	4.721758e+00	-2.669398e+01
9.100000e-07	7.197911e-07	-2.634558e-10	5.374178e+00	-1.808051e+01
9.200000e-07	8.069340e-07	-1.271840e-10	6.024813e+00	-9.168557e+00
9.300000e-07	8.937991e-07	1.469840e-11	6.673374e+00	-1.373436e-02
9.400000e-07	9.803362e-07	1.584425e-10	7.319486e+00	9.318352e+00
9.500000e-07	1.066591e-06	3.011870e-10	7.963489e+00	1.875449e+01
9.600000e-07	1.152548e-06	4.464891e-10	8.605274e+00	2.821676e+01
9.700000e-07	1.238116e-06	5.920469e-10	9.244147e+00	3.762578e+01
9.800000e-07	1.323170e-06	7.318605e-10	9.879189e+00	4.690396e+01
9.900000e-07	1.407686e-06	8.676868e-10	1.051021e+01	5.597872e+01
1.000000e-06	1.491799e-06	1.004984e-09	1.113822e+01	6.478536e+01
1.010000e-06	1.575624e-06	1.134770e-09	1.176408e+01	7.326934e+01
1.020000e-06	1.658983e-06	1.253397e-09	1.238646e+01	8.138799e+01
1.030000e-06	1.741624e-06	1.367971e-09	1.300349e+01	8.911141e+01
1.040000e-06	1.823497e-06	1.478300e-09	1.361478e+01	9.642265e+01
1.050000e-06	1.904711e-06	1.581019e-09	1.422114e+01	1.033170e+02
1.060000e-06	1.985319e-06	1.676113e-09	1.482299e+01	1.098009e+02
1.070000e-06	2.065222e-06	1.768812e-09	1.541957e+01	1.158899e+02
1.080000e-06	2.144255e-06	1.856294e-09	1.600965e+01	1.216064e+02
1.090000e-06	2.222445e-06	1.938199e-09	1.659345e+01	1.269774e+02
1.100000e-06	2.299900e-06	2.017186e-09	1.717175e+01	1.320323e+02
1.110000e-06	2.376559e-06	2.092861e-09	1.774411e+01	1.368000e+02
1.120000e-06	2.452416e-06	2.160748e-09	1.831048e+01	1.413078e+02
1.130000e-06	2.527370e-06	2.222197e-09	1.887011e+01	1.455793e+02
1.140000e-06	2.601120e-06	2.282217e-09	1.942075e+01	1.496338e+02
1.150000e-06	2.673685e-06	2.338647e-09	1.996254e+01	1.534861e+02
1.160000e-06	2.745304e-06	2.391363e-09	2.049727e+01	1.571460e+02
1.170000e-06	2.816045e-06	2.443242e-09	2.102544e+01	1.606196e+02
1.180000e-06	2.885870e-06	2.493219e-09	2.154677e+01	1.639098e+02
1.190000e-06	2.954682e-06	2.536960e-09	2.206054e+01	1.670175e+02
1.200000e-06	3.022559e-06	2.577786e-09	2.256734e+01	1.699431e+02
1.210000e-06	3.089469e-06	2.617515e-09	2.306690e+01	1.726871e+02
1.220000e-06	3.155103e-06	2.653995e-09	2.355695e+01	1.752517e+02
1.230000e-06	3.219468e-06	2.686113e-09	2.403752e+01	1.776413e+02
1.240000e-06	3.282720e-06	2.717550e-09	2.450977e+01	1.798629e+02
1.250000e-06	3.344888e-06	2.749404e-09	2.497394e+01	1.819260e+02
1.260000e-06	3.405933e-06	2.779516e-09	2.542972e+01	1.838427e+02
1.270000e-06	3.465947e-06	2.807606e-09	2.587781e+01	1.856269e+02
1.280000e-06	3.524847e-06	2.834530e-09	2.631757e+01	1.872934e+02
1.290000e-06	3.582209e-06	2.858986e-09	2.674585e+01	1.888576e+02
1.300000e-06	3.638074e-06	2.880202e-09	2.716296e+01	1.903340e+02
1.310000e-06	3.692670e-06	2.900456e-09	2.757059e+01	1.917356e+02
1.320000e-06	3.745937e-06	2.919598e-09	2.796830e+01	1.930734e+02
1.330000e-06	3.797795e-06	2.937802e-09	2.835548e+01	1.943557e+02
1.340000e-06	3.848007e-06	2.956475e-09	2.873038e+01	1.955881e+02
1.350000e-06	3.896480e-06	2.975160e-09	2.909230e+01	1.967735e+02
1.360000e-06	3.943481e-06	2.992977e-09	2.944322e+01	1.979127e+02
1.370000e-06	3.989160e-06	3.010311e-09	2.978427e+01	1.990043e+02
1.380000e-06	4.033566e-06	3.027350e-09	3.011582e+01	2.000461e+02
1.390000e-06	4.076611e-06	3.042495e-09	3.043721e+01	2.010352e+02
1.400000e-06	4.118002e-06	3.056468e-09	3.074624e+01	2.019691e+02
1.410000e-06	4.157818e-06	3.069879e-09	3.104352e+01	2.028461e+02
1.420000e-06	4.196319e-06	3.082790e-09	3.133098e+01	2.036656e+02
1.430000e-06	4.233492e-06	3.095078e-09	3.160853e+01	2.044287e+02
1.440000e-06	4.269364e-06	3.107653e-09	3.187636e+01	2.051379e+02
1.450000e-06	4.303670e-06	3.121281e-09	3.213250e+01	2.057971e+02
1.460000e-06	4.336237e-06	3.132239e-09	3.237565e+01	2.064111e+02
1.470000e-06	4.367353e-06	3.140986e-09	3.260797e+01	2.069854e+02
1.480000e-06	4.397073e-06	3.150139e-09	3.282988e+01	2.075253e+02
1.490000e-06	4.425369e-06	3.159770e-09	3.304114e+01	2.080357e+02
1.500000e-06	4.452065e-06	3.167901e-09	3.324046e+01	2.085207e+02
1.510000e-06	4.476877e-06	3.174164e-09	3.342572e+01	2.089827e+02
1.520000e-06	4.499989e-06	3.180045e-09	3.359828e+01	2.094229e+02
1.530000e-06	4.521628e-06	3.186679e-09	3.375984e+01	2.098410e+02
1.540000e-06	4.541859e-06	3.193752e-09	3.391089e+01	2.102351e+02
1.550000e-06	4.560620e-06	3.200812e-09	3.405096e+01	2.106025e+02
1.560000e-06	4.577678e-06	3.207213e-09	3.417832e+01	2.109400e+02
1.570000e-06	4.592995e-06	3.210792e-09	3.429268e+01	2.112441e+02
1.580000e-06	4.606663e-06	3.213325e-09	3.439474e+01	2.115120e+02
1.590000e-06	4.618607e-06	3.216235e-09	3.448391e+01	2.117416e+02
1.600000e-06	4.628572e-06	3.218726e-09	3.455831e+01	2.119321e+02
1.610000e-06	4.636687e-06	3.221259e-09	3.461890e+01	2.120842e+02
1.620000e-06	4.643205e-06	3.223969e-09	3.466756e+01	2.121998e+02
1.630000e-06	4.648165e-06	3.227305e-09	3.470460e+01	2.122825e+02
1.640000e-06	4.651665e-06	3.229693e-09	3.473073e+01	2.123364e+02
1.650000e-06	4.653402e-06	3.232736e-09	3.474370e+01	2.123666e+02
1.660000e-06	4.653328e-06	3.237045e-09	3.474315e+01	2.123779e+02
1.670000e-06	4.651719e-06	3.234513e-09	3.473113e+01	2.123748e+02
1.680000e-06	4.648708e-06	3.232286e-09	3.470866e+01	2.123606e+02
1.690000e-06	4.644372e-06	3.231627e-09	3.467628e+01	2.123376e+02
1.700000e-06	4.638381e-06	3.231264e-09	3.463155e+01	2.123060e+02
1.710000e-06	4.630723e-06	3.232031e-09	3.457438e+01	2.122644e+02
1.720000e-06	4.621736e-06	3.234914e-09	3.450727e+01	2.122100e+02
1.730000e-06	4.611407e-06	3.261820e-09	3.443015e+01	2.121383e+02
1.740000e-06	4.599602e-06	3.258368e-09	3.434201e+01	2.120440e+02
1.750000e-06	4.585836e-06	3.157425e-09	3.423923e+01	2.119211e+02
1.760000e-06	4.569582e-06	3.164079e-09	3.411788e+01	2.117641e+02
1.770000e-06	4.551061e-06	3.179168e-09	3.397959e+01	2.115678e+02
1.780000e-06	4.531062e-06	3.279128e-09	3.383027e+01	2.113282e+02
1.790000e-06	4.510505e-06	3.330000e-09	3.367679e+01	2.110429e+02
1.800000e-06	4.489213e-06	3.063777e-09	3.351781e+01	2.107112e+02
1.810000e-06	4.465934e-06	3.219326e-09	3.334401e+01	2.103342e+02
1.820000e-06	4.440656e-06	3.354510e-09	3.315528e+01	2.099145e+02
1.830000e-06	4.414245e-06	3.040048e-09	3.295808e+01	2.094561e+02
1.840000e-06	4.386355e-06	3.197407e-09	3.274985e+01	2.089638e+02
1.850000e-06	4.356491e-06	3.295478e-09	3.252687e+01	2.084430e+02
1.860000e-06	4.325005e-06	3.003790e-09	3.229179e+01	2.078987e+02
1.870000e-06	4.292031e-06	3.202413e-09	3.204559e+01	2.073353e+02
1.880000e-06	4.257613e-06	3.231846e-09	3.178862e+01	2.067563e+02
1.890000e-06	4.221901e-06	3.062897e-09	3.152198e+01	2.061635e+02
1.900000e-06	4.184549e-06	3.251876e-09	3.124310e+01	2.055574e+02
1.910000e-06	4.145448e-06	3.091571e-09	3.095117e+01	2.049370e+02
1.920000e-06	4.104768e-06	3.038643e-09	3.064744e+01	2.042998e+02
1.930000e-06	4.062606e-06	3.180455e-09	3.033264e+01	2.036427e+02
1.940000e-06	4.019273e-06	3.027729e-09	3.000911e+01	2.029617e+02
1.950000e-06	3.974648e-06	3.128595e-09	2.967592e+01	2.022526e+02
1.960000e-06	3.928413e-06	3.127032e-09	2.933071e+01	2.015120e+02
1.970000e-06	3.880615e-06	2.996399e-09	2.897384e+01	2.007366e+02
1.980000e-06	3.831352e-06	3.056538e-09	2.860603e+01	1.999246e+02
1.990000e-06	3.780738e-06	3.015873e-09	2.822813e+01	1.990751e+02
2.000000e-06	3.728716e-06	3.077387e-09	2.783972e+01	1.981882e+02
2.010000e-06	3.675130e-06	3.022423e-09	2.743963e+01	1.972652e+02
2.020000e-06	3.619944e-06	2.967422e-09	2.702759e+01	1.963078e+02
2.030000e-06	3.563357e-06	3.035234e-09	2.660510e+01	1.953181e+02
2.040000e-06	3.505560e-06	2.916248e-09	2.617357e+01	1.942980e+02
2.050000e-06	3.446577e-06	2.928105e-09	2.573319e+01	1.932488e+02
2.060000e-06	3.386624e-06	2.943173e-09	2.528556e+01	1.921707e+02
2.070000e-06	3.325544e-06	2.947689e-09	2.482952e+01	1.910629e+02
2.080000e-06	3.262981e-06	2.937463e-09	2.436240e+01	1.899230e+02
2.090000e-06	3.199171e-06	2.818166e-09	2.388597e+01	1.887476e+02
2.100000e-06	3.134291e-06	2.896517e-09	2.340156e+01	1.875320e+02
2.110000e-06	3.068331e-06	2.890167e-09	2.290908e+01	1.862709e+02
2.120000e-06	3.001360e-06	2.792374e-09	2.240906e+01	1.849587e+02
2.130000e-06	2.933473e-06	2.771942e-09	2.190220e+01	1.835900e+02
2.140000e-06	2.864565e-06	2.780886e-09	2.138770e+01	1.821602e+02
2.150000e-06	2.794260e-06	2.799376e-09	2.086279e+01	1.806658e+02
2.160000e-06	2.722731e-06	2.711905e-09	2.032873e+01	1.791047e+02
2.170000e-06	2.650268e-06	2.711907e-09	1.978770e+01	1.774764e+02
2.180000e-06	2.576973e-06	2.725627e-09	1.924046e+01	1.757820e+02
2.190000e-06	2.502844e-06	2.653480e-09	1.868699e+01	1.740238e+02
2.200000e-06	2.427740e-06	2.615190e-09	1.812624e+01	1.722049e+02
2.210000e-06	2.351708e-06	2.614775e-09	1.755856e+01	1.703287e+02
2.220000e-06	2.274614e-06	2.620114e-09	1.698295e+01	1.683982e+02
2.230000e-06	2.196269e-06	2.539479e-09	1.639801e+01	1.664152e+02
2.240000e-06	2.116913e-06	2.490228e-09	1.580551e+01	1.643802e+02
2.250000e-06	2.036896e-06	2.495405e-09	1.520808e+01	1.622914e+02
2.260000e-06	1.956249e-06	2.466052e-09	1.460594e+01	1.601445e+02
2.270000e-06	1.874981e-06	2.425400e-09	1.399917e+01	1.579330e+02
2.280000e-06	1.793094e-06	2.393749e-09	1.338778e+01	1.556482e+02
2.290000e-06	1.710510e-06	2.371527e-09	1.277118e+01	1.532796e+02
2.300000e-06	1.627380e-06	2.312942e-09	1.215051e+01	1.508154e+02
2.310000e-06	1.543885e-06	2.264914e-09	1.152711e+01	1.482437e+02
2.320000e-06	1.460017e-06	2.242336e-09	1.090093e+01	1.455529e+02
2.330000e-06	1.375678e-06	2.198114e-09	1.027122e+01	1.427325e+02
2.340000e-06	1.290819e-06	2.141695e-09	9.637643e+00	1.397740e+02
2.350000e-06	1.205406e-06	2.094760e-09	8.999927e+00	1.366711e+02
2.360000e-06	1.119405e-06	2.058049e-09	8.357815e+00	1.334195e+02
2.370000e-06	1.032885e-06	2.009182e-09	7.711832e+00	1.300175e+02
2.380000e-06	9.459723e-07	1.954062e-09	7.062914e+00	1.264647e+02
2.390000e-06	8.587363e-07	1.897089e-09	6.411584e+00	1.227615e+02
2.400000e-06	7.711537e-07	1.831909e-09	5.757666e+00	1.189081e+02
2.410000e-06	6.832933e-07	1.766889e-09	5.101673e+00	1.149033e+02
2.420000e-06	5.952770e-07	1.708674e-09	4.444517e+00	1.107431e+02
2.430000e-06	5.071411e-07	1.643785e-09	3.786468e+00	1.064199e+02
2.440000e-06	4.189155e-07	1.567207e-09	3.127750e+00	1.019218e+02
2.450000e-06	3.305850e-07	1.493295e-09	2.468247e+00	9.723188e+01
2.460000e-06	2.421049e-07	1.423086e-09	1.807628e+00	9.232839e+01
2.470000e-06	1.535361e-07	1.349514e-09	1.146347e+00	8.718541e+01
2.480000e-06	6.500198e-08	1.268675e-09	4.853244e-01	8.177388e+01
2.490000e-06	-2.353758e-08	1.180624e-09	-1.757387e-01	7.606325e+01
2.500000e-06	-1.121167e-07	1.084951e-09	-8.370971e-01	7.002351e+01
2.510000e-06	-2.006151e-07	9.847970e-10	-1.497852e+00	6.362750e+01
2.520000e-06	-2.890723e-07	8.826941e-10	-2.158301e+00	5.685335e+01
2.530000e-06	-3.774812e-07	7.764648e-10	-2.818388e+00	4.968690e+01
2.540000e-06	-4.657882e-07	6.624852e-10	-3.477715e+00	4.212379e+01
2.550000e-06	-5.539989e-07	5.410959e-10	-4.136323e+00	3.417119e+01
2.560000e-06	-6.420681e-07	4.153843e-10	-4.793874e+00	2.584891e+01
2.570000e-06	-7.300116e-07	2.861168e-10	-5.450487e+00	1.718984e+01
2.580000e-06	-8.177404e-07	1.515090e-10	-6.105497e+00	8.239556e+00
2.590000e-06	-9.051537e-07	7.751425e-12	-6.758151e+00	-9.447945e-01
2.600000e-06	-9.921931e-07	-1.420335e-10	-7.408013e+00	-1.029635e+01
2.610000e-06	-1.078712e-06	-2.900194e-10	-8.053989e+00	-1.974104e+01
2.620000e-06	-1.164561e-06	-4.338560e-10	-8.694965e+00	-2.920055e+01
2.630000e-06	-1.249742e-06	-5.791114e-10	-9.330953e+00	-3.859552e+01
2.640000e-06	-1.334399e-06	-7.231753e-10	-9.963028e+00	-4.784891e+01
2.650000e-06	-1.418652e-06	-8.590973e-10	-1.059209e+01	-5.688910e+01
2.660000e-06	-1.502507e-06	-9.914921e-10	-1.121817e+01	-6.565271e+01
2.670000e-06	-1.585863e-06	-1.122553e-09	-1.184053e+01	-7.408680e+01
2.680000e-06	-1.668624e-06	-1.246964e-09	-1.245845e+01	-8.215049e+01
2.690000e-06	-1.750799e-06	-1.362745e-09	-1.307199e+01	-8.981576e+01
2.700000e-06	-1.832374e-06	-1.472717e-09	-1.368105e+01	-9.706744e+01
2.710000e-06	-1.913295e-06	-1.576652e-09	-1.428524e+01	-1.039025e+02
2.720000e-06	-1.993670e-06	-1.671963e-09	-1.488534e+01	-1.103289e+02
2.730000e-06	-2.073578e-06	-1.762669e-09	-1.548196e+01	-1.163631e+02
2.740000e-06	-2.152778e-06	-1.850807e-09	-1.607329e+01	-1.220285e+02
2.750000e-06	-2.230925e-06	-1.933481e-09	-1.665676e+01	-1.273525e+02
2.760000e-06	-2.307883e-06	-2.012173e-09	-1.723135e+01	-1.323646e+02
2.770000e-06	-2.383839e-06	-2.089106e-09	-1.779846e+01	-1.370936e+02
2.780000e-06	-2.458946e-06	-2.160953e-09	-1.835923e+01	-1.415662e+02
2.790000e-06	-2.533151e-06	-2.226313e-09	-1.891327e+01	-1.458056e+02
2.800000e-06	-2.606451e-06	-2.291043e-09	-1.946055e+01	-1.498305e+02
2.810000e-06	-2.678936e-06	-2.355433e-09	-2.000175e+01	-1.536547e+02
2.820000e-06	-2.750707e-06	-2.412130e-09	-2.053761e+01	-1.572877e+02
2.830000e-06	-2.821505e-06	-2.463325e-09	-2.106620e+01	-1.607350e+02
2.840000e-06	-2.891019e-06	-2.515500e-09	-2.158522e+01	-1.639990e+02
2.850000e-06	-2.959399e-06	-2.562772e-09	-2.209577e+01	-1.670807e+02
2.860000e-06	-3.026801e-06	-2.603342e-09	-2.259901e+01	-1.699802e+02
2.870000e-06	-3.093195e-06	-2.645551e-09	-2.309472e+01	-1.726984e+02
2.880000e-06	-3.158520e-06	-2.689159e-09	-2.358246e+01	-1.752377e+02
2.890000e-06	-3.222804e-06	-2.726962e-09	-2.406243e+01	-1.776029e+02
2.900000e-06	-3.286052e-06	-2.761815e-09	-2.453465e+01	-1.798011e+02
2.910000e-06	-3.347909e-06	-2.797415e-09	-2.499650e+01	-1.818425e+02
2.920000e-06	-3.408387e-06	-2.828156e-09	-2.544805e+01	-1.837394e+02
2.930000e-06	-3.467792e-06	-2.851407e-09	-2.589158e+01	-1.855058e+02
2.940000e-06	-3.525971e-06	-2.874940e-09	-2.632596e+01	-1.871568e+02
2.950000e-06	-3.582873e-06	-2.902189e-09	-2.675081e+01	-1.887075e+02
2.960000e-06	-3.638580e-06	-2.926869e-09	-2.716673e+01	-1.901725e+02
2.970000e-06	-3.692815e-06	-2.949144e-09	-2.757167e+01	-1.915643e+02
2.980000e-06	-3.745394e-06	-2.972045e-09	-2.796424e+01	-1.928937e+02
2.990000e-06	-3.796441e-06	-2.993553e-09	-2.834538e+01	-1.941686e+02
3.000000e-06	-3.846011e-06	-3.010148e-09	-2.871548e+01	-1.953941e+02
3.010000e-06	-3.893888e-06	-3.026322e-09	-2.907294e+01	-1.965729e+02
3.020000e-06	-3.940231e-06	-3.043958e-09	-2.941895e+01	-1.977054e+02
3.030000e-06	-3.985382e-06	-3.058772e-09	-2.975606e+01	-1.987900e+02
3.040000e-06	-4.029377e-06	-3.070543e-09	-3.008455e+01	-1.998244e+02
3.050000e-06	-4.072149e-06	-3.084082e-09	-3.040389e+01	-2.008058e+02
3.060000e-06	-4.113541e-06	-3.098708e-09	-3.071293e+01	-2.017316e+02
3.070000e-06	-4.153639e-06	-3.111260e-09	-3.101232e+01	-2.026004e+02
3.080000e-06	-4.192311e-06	-3.122936e-09	-3.130106e+01	-2.034118e+02
3.090000e-06	-4.229290e-06	-3.135342e-09	-3.157715e+01	-2.041670e+02
3.100000e-06	-4.264758e-06	-3.145953e-09	-3.184197e+01	-2.048687e+02
3.110000e-06	-4.298815e-06	-3.152623e-09	-3.209625e+01	-2.055211e+02
3.120000e-06	-4.331442e-06	-3.159309e-09	-3.233985e+01	-2.061291e+02
3.130000e-06	-4.362495e-06	-3.167507e-09	-3.257170e+01	-2.066981e+02
3.140000e-06	-4.391776e-06	-3.176709e-09	-3.279032e+01	-2.072335e+02
3.150000e-06	-4.419509e-06	-3.185658e-09	-3.299738e+01	-2.077401e+02
3.160000e-06	-4.445806e-06	-3.192607e-09	-3.319373e+01	-2.082216e+02
3.170000e-06	-4.470557e-06	-3.199519e-09	-3.337852e+01	-2.086805e+02
3.180000e-06	-4.493743e-06	-3.206062e-09	-3.355164e+01	-2.091176e+02
3.190000e-06	-4.515187e-06	-3.211741e-09	-3.371175e+01	-2.095323e+02
3.200000e-06	-4.535032e-06	-3.216283e-09	-3.385992e+01	-2.099227e+02
3.210000e-06	-4.553430e-06	-3.220897e-09	-3.399728e+01	-2.102861e+02
3.220000e-06	-4.570255e-06	-3.224615e-09	-3.412290e+01	-2.106190e+02
3.230000e-06	-4.585335e-06	-3.226868e-09	-3.423549e+01	-2.109181e+02
3.240000e-06	-4.598475e-06	-3.230316e-09	-3.433360e+01	-2.111806e+02
3.250000e-06	-4.609771e-06	-3.235189e-09	-3.441794e+01	-2.114046e+02
3.260000e-06	-4.619400e-06	-3.239740e-09	-3.448983e+01	-2.115895e+02
3.270000e-06	-4.627488e-06	-3.240859e-09	-3.455022e+01	-2.117362e+02
3.280000e-06	-4.633846e-06	-3.240135e-09	-3.459769e+01	-2.118469e+02
3.290000e-06	-4.638479e-06	-3.240783e-09	-3.463228e+01	-2.119251e+02
3.300000e-06	-4.641613e-06	-3.241723e-09	-3.465568e+01	-2.119754e+02
3.310000e-06	-4.643149e-06	-3.240653e-09	-3.466715e+01	-2.120025e+02
