# Temperatura_=_20.0
# Concentracion g/m^3_=_6200.0
# C_Vs_to_Am_M_A/Vsm_=_65563218390.804596
# pendiente_HvsI_1/m_=_3716.3
# ordenada_HvsI_A/m_=_1297.0
# frecuencia_Hz_=_302611.19491295767

Tiempo_(s)	Campo_(V.s)	Magnetizacion_(V.s)	Campo_(kA/m)	Magnetizacion_(A/m)
0.000000e+00	-8.015561e-06	-5.187075e-09	-5.756000e+01	-3.385588e+02
1.000000e-08	-8.013259e-06	-5.188492e-09	-5.754348e+01	-3.384346e+02
2.000000e-08	-8.008262e-06	-5.189994e-09	-5.750759e+01	-3.385655e+02
3.000000e-08	-8.000715e-06	-5.186685e-09	-5.745340e+01	-3.388512e+02
4.000000e-08	-7.990417e-06	-5.185613e-09	-5.737944e+01	-3.390929e+02
5.000000e-08	-7.977153e-06	-5.184283e-09	-5.728420e+01	-3.391035e+02
6.000000e-08	-7.960957e-06	-5.178793e-09	-5.716789e+01	-3.388133e+02
7.000000e-08	-7.942225e-06	-5.170883e-09	-5.703338e+01	-3.383099e+02
8.000000e-08	-7.921209e-06	-5.153815e-09	-5.688246e+01	-3.377905e+02
9.000000e-08	-7.897504e-06	-5.164938e-09	-5.671223e+01	-3.374532e+02
1.000000e-07	-7.870693e-06	-5.208969e-09	-5.651970e+01	-3.373862e+02
1.100000e-07	-7.840843e-06	-5.184279e-09	-5.630535e+01	-3.375187e+02
1.200000e-07	-7.808112e-06	-5.153946e-09	-5.607031e+01	-3.376602e+02
1.300000e-07	-7.772567e-06	-5.158012e-09	-5.581506e+01	-3.376090e+02
1.400000e-07	-7.734533e-06	-5.150610e-09	-5.554193e+01	-3.372681e+02
1.500000e-07	-7.694192e-06	-5.109100e-09	-5.525224e+01	-3.367042e+02
1.600000e-07	-7.651463e-06	-5.086522e-09	-5.494541e+01	-3.361131e+02
1.700000e-07	-7.606123e-06	-5.170791e-09	-5.461982e+01	-3.357086e+02
1.800000e-07	-7.558094e-06	-5.134206e-09	-5.427492e+01	-3.355931e+02
1.900000e-07	-7.507193e-06	-5.111357e-09	-5.390940e+01	-3.356849e+02
2.000000e-07	-7.453282e-06	-5.150366e-09	-5.352226e+01	-3.357434e+02
2.100000e-07	-7.396583e-06	-5.084716e-09	-5.311511e+01	-3.354868e+02
2.200000e-07	-7.337195e-06	-5.077867e-09	-5.268864e+01	-3.347412e+02
2.300000e-07	-7.275214e-06	-5.056110e-09	-5.224355e+01	-3.335438e+02
2.400000e-07	-7.210579e-06	-5.048134e-09	-5.177940e+01	-3.321403e+02
2.500000e-07	-7.143187e-06	-5.050191e-09	-5.129546e+01	-3.308750e+02
2.600000e-07	-7.073139e-06	-5.035524e-09	-5.079244e+01	-3.300248e+02
2.700000e-07	-7.000249e-06	-5.053078e-09	-5.026902e+01	-3.296621e+02
2.800000e-07	-6.924475e-06	-5.038509e-09	-4.972488e+01	-3.296176e+02
2.900000e-07	-6.845969e-06	-5.027272e-09	-4.916113e+01	-3.295631e+02
3.000000e-07	-6.764782e-06	-4.995246e-09	-4.857812e+01	-3.291735e+02
3.100000e-07	-6.681165e-06	-4.988749e-09	-4.797766e+01	-3.282856e+02
3.200000e-07	-6.595246e-06	-4.987232e-09	-4.736068e+01	-3.269731e+02
3.300000e-07	-6.506967e-06	-4.952446e-09	-4.672675e+01	-3.255010e+02
3.400000e-07	-6.416273e-06	-4.945887e-09	-4.607547e+01	-3.241847e+02
3.500000e-07	-6.323227e-06	-4.932348e-09	-4.540730e+01	-3.232281e+02
3.600000e-07	-6.227916e-06	-4.923129e-09	-4.472287e+01	-3.226261e+02
3.700000e-07	-6.130291e-06	-4.896763e-09	-4.402182e+01	-3.221785e+02
3.800000e-07	-6.030457e-06	-4.884700e-09	-4.330491e+01	-3.216058e+02
3.900000e-07	-5.928540e-06	-4.885726e-09	-4.257304e+01	-3.207011e+02
4.000000e-07	-5.824508e-06	-4.871167e-09	-4.182598e+01	-3.194368e+02
4.100000e-07	-5.718362e-06	-4.847696e-09	-4.106374e+01	-3.179692e+02
4.200000e-07	-5.610212e-06	-4.818644e-09	-4.028712e+01	-3.165415e+02
4.300000e-07	-5.500122e-06	-4.810541e-09	-3.949656e+01	-3.153419e+02
4.400000e-07	-5.387937e-06	-4.785700e-09	-3.869095e+01	-3.143962e+02
4.500000e-07	-5.273629e-06	-4.756893e-09	-3.787010e+01	-3.135546e+02
4.600000e-07	-5.157297e-06	-4.743090e-09	-3.703472e+01	-3.125802e+02
4.700000e-07	-5.039076e-06	-4.735822e-09	-3.618577e+01	-3.112874e+02
4.800000e-07	-4.919045e-06	-4.708075e-09	-3.532382e+01	-3.096528e+02
4.900000e-07	-4.797242e-06	-4.674037e-09	-3.444915e+01	-3.078328e+02
5.000000e-07	-4.673676e-06	-4.659321e-09	-3.356182e+01	-3.060764e+02
5.100000e-07	-4.548385e-06	-4.642444e-09	-3.266210e+01	-3.045813e+02
5.200000e-07	-4.421519e-06	-4.612376e-09	-3.175107e+01	-3.033738e+02
5.300000e-07	-4.293036e-06	-4.581186e-09	-3.082843e+01	-3.022830e+02
5.400000e-07	-4.162960e-06	-4.566596e-09	-2.989435e+01	-3.010291e+02
5.500000e-07	-4.031318e-06	-4.543225e-09	-2.894903e+01	-2.993780e+02
5.600000e-07	-3.898110e-06	-4.510540e-09	-2.799246e+01	-2.972781e+02
5.700000e-07	-3.763379e-06	-4.482862e-09	-2.702495e+01	-2.949001e+02
5.800000e-07	-3.627099e-06	-4.457439e-09	-2.604631e+01	-2.925501e+02
5.900000e-07	-3.489461e-06	-4.421526e-09	-2.505793e+01	-2.905006e+02
6.000000e-07	-3.350538e-06	-4.381683e-09	-2.406033e+01	-2.888310e+02
6.100000e-07	-3.210133e-06	-4.353337e-09	-2.305207e+01	-2.873682e+02
6.200000e-07	-3.068267e-06	-4.323877e-09	-2.203333e+01	-2.857686e+02
6.300000e-07	-2.925192e-06	-4.287878e-09	-2.100590e+01	-2.837015e+02
6.400000e-07	-2.781106e-06	-4.251938e-09	-1.997122e+01	-2.810375e+02
6.500000e-07	-2.636004e-06	-4.220166e-09	-1.892923e+01	-2.779335e+02
6.600000e-07	-2.489889e-06	-4.184396e-09	-1.787998e+01	-2.747591e+02
6.700000e-07	-2.342943e-06	-4.143519e-09	-1.682475e+01	-2.718944e+02
6.800000e-07	-2.195305e-06	-4.099617e-09	-1.576456e+01	-2.695066e+02
6.900000e-07	-2.046942e-06	-4.050597e-09	-1.469916e+01	-2.674293e+02
7.000000e-07	-1.897913e-06	-4.000234e-09	-1.362898e+01	-2.652243e+02
7.100000e-07	-1.748341e-06	-3.949869e-09	-1.255489e+01	-2.624040e+02
7.200000e-07	-1.598225e-06	-3.899770e-09	-1.147690e+01	-2.587041e+02
7.300000e-07	-1.447584e-06	-3.847736e-09	-1.039515e+01	-2.542515e+02
7.400000e-07	-1.296405e-06	-3.792917e-09	-9.309528e+00	-2.495231e+02
7.500000e-07	-1.144717e-06	-3.733804e-09	-8.220251e+00	-2.450933e+02
7.600000e-07	-9.926073e-07	-3.670107e-09	-7.127945e+00	-2.412911e+02
7.700000e-07	-8.401417e-07	-3.604807e-09	-6.033085e+00	-2.379508e+02
7.800000e-07	-6.873722e-07	-3.533783e-09	-4.936042e+00	-2.344097e+02
7.900000e-07	-5.343534e-07	-3.449303e-09	-3.837209e+00	-2.297845e+02
8.000000e-07	-3.811664e-07	-3.349841e-09	-2.737169e+00	-2.234073e+02
8.100000e-07	-2.278149e-07	-3.241995e-09	-1.635946e+00	-2.151910e+02
8.200000e-07	-7.432968e-08	-3.125145e-09	-5.337639e-01	-2.057012e+02
8.300000e-07	7.915898e-08	-2.992957e-09	5.684432e-01	-1.958314e+02
8.400000e-07	2.326125e-07	-2.839863e-09	1.670398e+00	-1.861811e+02
8.500000e-07	3.860654e-07	-2.660817e-09	2.772348e+00	-1.764079e+02
8.600000e-07	5.394396e-07	-2.445415e-09	3.873734e+00	-1.648926e+02
8.700000e-07	6.926594e-07	-2.177930e-09	4.974010e+00	-1.489589e+02
8.800000e-07	8.456486e-07	-1.839711e-09	6.072630e+00	-1.256663e+02
8.900000e-07	9.983874e-07	-1.400879e-09	7.169452e+00	-9.292909e+01
9.000000e-07	1.150854e-06	-8.175971e-10	8.264318e+00	-5.053750e+01
9.100000e-07	1.302888e-06	-5.245171e-11	9.356083e+00	-6.468259e-01
9.200000e-07	1.454375e-06	8.512013e-10	1.044392e+01	5.251861e+01
9.300000e-07	1.605230e-06	1.723242e-09	1.152721e+01	1.036983e+02
9.400000e-07	1.755479e-06	2.388160e-09	1.260615e+01	1.480209e+02
9.500000e-07	1.905185e-06	2.820910e-09	1.368120e+01	1.823153e+02
9.600000e-07	2.054251e-06	3.101196e-09	1.475164e+01	2.058393e+02
9.700000e-07	2.202518e-06	3.300957e-09	1.581636e+01	2.201899e+02
9.800000e-07	2.349932e-06	3.459239e-09	1.687494e+01	2.284771e+02
9.900000e-07	2.496473e-06	3.592693e-09	1.792725e+01	2.341188e+02
1.000000e-06	2.642107e-06	3.710484e-09	1.897305e+01	2.397323e+02
1.010000e-06	2.786704e-06	3.813519e-09	2.001142e+01	2.465136e+02
1.020000e-06	2.930148e-06	3.906875e-09	2.104149e+01	2.542653e+02
1.030000e-06	3.072510e-06	3.992874e-09	2.206379e+01	2.619521e+02
1.040000e-06	3.213781e-06	4.073125e-09	2.307827e+01	2.684676e+02
1.050000e-06	3.353800e-06	4.144648e-09	2.408374e+01	2.732507e+02
1.060000e-06	3.492456e-06	4.207712e-09	2.507944e+01	2.765110e+02
1.070000e-06	3.629786e-06	4.265837e-09	2.606561e+01	2.790299e+02
1.080000e-06	3.765764e-06	4.319486e-09	2.704208e+01	2.817018e+02
1.090000e-06	3.900319e-06	4.370324e-09	2.800832e+01	2.850793e+02
1.100000e-06	4.033503e-06	4.418323e-09	2.896472e+01	2.891454e+02
1.110000e-06	4.165184e-06	4.464282e-09	2.991032e+01	2.934010e+02
1.120000e-06	4.295345e-06	4.505296e-09	3.084501e+01	2.971858e+02
1.130000e-06	4.424056e-06	4.543963e-09	3.176929e+01	3.000471e+02
1.140000e-06	4.551209e-06	4.580043e-09	3.268238e+01	3.019633e+02
1.150000e-06	4.676823e-06	4.612982e-09	3.358442e+01	3.033239e+02
1.160000e-06	4.800876e-06	4.643528e-09	3.447525e+01	3.046970e+02
1.170000e-06	4.923224e-06	4.673987e-09	3.535384e+01	3.065246e+02
1.180000e-06	5.043830e-06	4.704501e-09	3.621991e+01	3.089071e+02
1.190000e-06	5.162612e-06	4.734185e-09	3.707288e+01	3.115828e+02
1.200000e-06	5.279450e-06	4.760690e-09	3.791190e+01	3.140965e+02
1.210000e-06	5.394247e-06	4.784677e-09	3.873626e+01	3.160557e+02
1.220000e-06	5.506972e-06	4.806946e-09	3.954575e+01	3.173354e+02
1.230000e-06	5.617671e-06	4.826162e-09	4.034068e+01	3.181268e+02
1.240000e-06	5.726386e-06	4.845568e-09	4.112136e+01	3.188174e+02
1.250000e-06	5.833052e-06	4.864472e-09	4.188734e+01	3.197757e+02
1.260000e-06	5.937544e-06	4.881857e-09	4.263770e+01	3.211604e+02
1.270000e-06	6.039868e-06	4.898256e-09	4.337249e+01	3.228531e+02
1.280000e-06	6.139928e-06	4.912927e-09	4.409102e+01	3.245424e+02
1.290000e-06	6.237655e-06	4.928674e-09	4.479280e+01	3.259042e+02
1.300000e-06	6.333109e-06	4.944907e-09	4.547827e+01	3.267789e+02
1.310000e-06	6.426303e-06	4.959574e-09	4.614749e+01	3.272482e+02
1.320000e-06	6.517190e-06	4.972573e-09	4.680015e+01	3.275794e+02
1.330000e-06	6.605704e-06	4.984359e-09	4.743578e+01	3.280716e+02
1.340000e-06	6.691911e-06	4.996482e-09	4.805483e+01	3.288941e+02
1.350000e-06	6.775819e-06	5.008311e-09	4.865738e+01	3.300021e+02
1.360000e-06	6.857288e-06	5.018833e-09	4.924241e+01	3.311737e+02
1.370000e-06	6.936274e-06	5.029066e-09	4.980961e+01	3.321413e+02
1.380000e-06	7.012723e-06	5.038094e-09	5.035860e+01	3.327419e+02
1.390000e-06	7.086502e-06	5.045773e-09	5.088840e+01	3.330043e+02
1.400000e-06	7.157642e-06	5.054646e-09	5.139926e+01	3.331275e+02
1.410000e-06	7.226272e-06	5.063569e-09	5.189210e+01	3.333666e+02
1.420000e-06	7.292325e-06	5.072423e-09	5.236642e+01	3.338912e+02
1.430000e-06	7.355753e-06	5.080210e-09	5.282190e+01	3.346954e+02
1.440000e-06	7.416703e-06	5.087972e-09	5.325959e+01	3.356060e+02
1.450000e-06	7.475098e-06	5.096558e-09	5.367893e+01	3.363829e+02
1.460000e-06	7.530796e-06	5.103664e-09	5.407890e+01	3.368535e+02
1.470000e-06	7.583657e-06	5.108870e-09	5.445849e+01	3.370062e+02
1.480000e-06	7.633471e-06	5.113161e-09	5.481621e+01	3.369936e+02
1.490000e-06	7.680329e-06	5.118595e-09	5.515270e+01	3.370443e+02
1.500000e-06	7.724475e-06	5.123933e-09	5.546971e+01	3.373353e+02
1.510000e-06	7.765867e-06	5.128647e-09	5.576695e+01	3.378944e+02
1.520000e-06	7.804470e-06	5.133863e-09	5.604416e+01	3.385865e+02
1.530000e-06	7.840354e-06	5.139552e-09	5.630184e+01	3.391903e+02
1.540000e-06	7.873397e-06	5.144761e-09	5.653913e+01	3.395210e+02
1.550000e-06	7.903645e-06	5.149101e-09	5.675633e+01	3.395316e+02
1.560000e-06	7.931165e-06	5.153127e-09	5.695396e+01	3.393370e+02
1.570000e-06	7.955733e-06	5.156091e-09	5.713038e+01	3.391490e+02
1.580000e-06	7.977399e-06	5.157859e-09	5.728596e+01	3.391592e+02
1.590000e-06	7.996290e-06	5.158456e-09	5.742162e+01	3.394339e+02
1.600000e-06	8.012271e-06	5.158749e-09	5.753638e+01	3.398800e+02
1.610000e-06	8.025216e-06	5.160190e-09	5.762934e+01	3.402990e+02
1.620000e-06	8.034988e-06	5.162542e-09	5.769951e+01	3.404987e+02
1.630000e-06	8.041733e-06	5.164189e-09	5.774795e+01	3.404002e+02
1.640000e-06	8.045699e-06	5.165440e-09	5.777643e+01	3.400807e+02
1.650000e-06	8.046859e-06	5.167540e-09	5.778476e+01	3.397301e+02
1.660000e-06	8.045235e-06	5.167943e-09	5.777309e+01	3.395437e+02
1.670000e-06	8.040932e-06	5.164140e-09	5.774219e+01	3.396136e+02
1.680000e-06	8.033911e-06	5.164759e-09	5.769178e+01	3.398761e+02
1.690000e-06	8.024209e-06	5.164841e-09	5.762211e+01	3.401479e+02
1.700000e-06	8.011666e-06	5.161650e-09	5.753204e+01	3.402278e+02
1.710000e-06	7.996290e-06	5.161466e-09	5.742162e+01	3.400096e+02
1.720000e-06	7.978470e-06	5.168576e-09	5.729366e+01	3.395428e+02
1.730000e-06	7.958356e-06	5.186465e-09	5.714922e+01	3.390058e+02
1.740000e-06	7.935523e-06	5.140782e-09	5.698525e+01	3.386079e+02
1.750000e-06	7.909304e-06	5.113572e-09	5.679698e+01	3.384728e+02
1.760000e-06	7.879405e-06	5.150637e-09	5.658227e+01	3.385692e+02
1.770000e-06	7.846302e-06	5.145875e-09	5.634455e+01	3.387281e+02
1.780000e-06	7.810839e-06	5.121008e-09	5.608989e+01	3.387390e+02
1.790000e-06	7.773104e-06	5.161923e-09	5.581892e+01	3.384698e+02
1.800000e-06	7.733163e-06	5.209308e-09	5.553210e+01	3.379459e+02
1.810000e-06	7.691164e-06	5.108006e-09	5.523050e+01	3.373390e+02
1.820000e-06	7.646611e-06	5.149327e-09	5.491057e+01	3.368710e+02
1.830000e-06	7.599292e-06	5.155707e-09	5.457076e+01	3.366824e+02
1.840000e-06	7.549168e-06	5.090849e-09	5.421083e+01	3.367393e+02
1.850000e-06	7.495949e-06	5.162824e-09	5.382865e+01	3.368325e+02
1.860000e-06	7.439857e-06	5.112583e-09	5.342586e+01	3.366766e+02
1.870000e-06	7.381125e-06	5.161375e-09	5.300410e+01	3.360580e+02
1.880000e-06	7.319703e-06	5.130645e-09	5.256302e+01	3.349566e+02
1.890000e-06	7.255555e-06	5.071324e-09	5.210238e+01	3.335725e+02
1.900000e-06	7.188634e-06	5.106587e-09	5.162182e+01	3.322403e+02
1.910000e-06	7.118916e-06	5.040586e-09	5.112117e+01	3.312689e+02
1.920000e-06	7.046380e-06	5.062313e-09	5.060028e+01	3.307904e+02
1.930000e-06	6.971156e-06	5.023663e-09	5.006010e+01	3.306924e+02
1.940000e-06	6.893143e-06	5.038433e-09	4.949988e+01	3.306731e+02
1.950000e-06	6.812428e-06	5.049534e-09	4.892027e+01	3.303901e+02
1.960000e-06	6.729287e-06	5.005298e-09	4.832323e+01	3.296283e+02
1.970000e-06	6.643631e-06	5.032641e-09	4.770813e+01	3.284017e+02
1.980000e-06	6.555463e-06	4.990135e-09	4.707500e+01	3.269381e+02
1.990000e-06	6.464961e-06	4.986837e-09	4.642510e+01	3.255560e+02
2.000000e-06	6.372240e-06	4.954384e-09	4.575926e+01	3.245001e+02
2.010000e-06	6.277218e-06	4.957443e-09	4.507691e+01	3.238210e+02
2.020000e-06	6.179949e-06	4.947691e-09	4.437842e+01	3.233596e+02
2.030000e-06	6.080501e-06	4.912182e-09	4.366427e+01	3.228419e+02
2.040000e-06	5.978840e-06	4.898610e-09	4.293425e+01	3.220297e+02
2.050000e-06	5.875023e-06	4.881763e-09	4.218873e+01	3.208460e+02
2.060000e-06	5.769153e-06	4.894067e-09	4.142848e+01	3.194065e+02
2.070000e-06	5.661373e-06	4.863401e-09	4.065450e+01	3.179456e+02
2.080000e-06	5.551661e-06	4.859049e-09	3.986666e+01	3.166782e+02
2.090000e-06	5.439894e-06	4.840165e-09	3.906406e+01	3.156761e+02
2.100000e-06	5.326037e-06	4.814884e-09	3.824645e+01	3.148287e+02
2.110000e-06	5.210087e-06	4.778003e-09	3.741380e+01	3.139083e+02
2.120000e-06	5.092118e-06	4.763696e-09	3.656667e+01	3.127038e+02
2.130000e-06	4.972253e-06	4.759788e-09	3.570592e+01	3.111453e+02
2.140000e-06	4.850599e-06	4.736446e-09	3.483231e+01	3.093487e+02
2.150000e-06	4.727252e-06	4.715043e-09	3.394655e+01	3.075524e+02
2.160000e-06	4.602170e-06	4.699117e-09	3.304834e+01	3.059805e+02
2.170000e-06	4.475334e-06	4.684835e-09	3.213752e+01	3.047091e+02
2.180000e-06	4.346831e-06	4.644039e-09	3.121473e+01	3.036126e+02
2.190000e-06	4.216753e-06	4.615267e-09	3.028064e+01	3.024251e+02
2.200000e-06	4.085245e-06	4.590067e-09	2.933628e+01	3.008859e+02
2.210000e-06	3.952257e-06	4.566414e-09	2.838129e+01	2.988894e+02
2.220000e-06	3.817754e-06	4.534388e-09	2.741542e+01	2.965541e+02
2.230000e-06	3.681749e-06	4.516063e-09	2.643876e+01	2.941660e+02
2.240000e-06	3.544299e-06	4.496279e-09	2.545172e+01	2.920234e+02
2.250000e-06	3.405491e-06	4.463743e-09	2.445494e+01	2.902645e+02
2.260000e-06	3.265339e-06	4.428904e-09	2.344851e+01	2.887773e+02
2.270000e-06	3.123880e-06	4.396863e-09	2.243269e+01	2.872461e+02
2.280000e-06	2.981169e-06	4.362331e-09	2.140787e+01	2.853174e+02
2.290000e-06	2.837292e-06	4.320192e-09	2.037469e+01	2.827982e+02
2.300000e-06	2.692381e-06	4.284485e-09	1.933408e+01	2.797742e+02
2.310000e-06	2.546626e-06	4.250939e-09	1.828740e+01	2.765770e+02
2.320000e-06	2.400062e-06	4.213916e-09	1.723492e+01	2.736067e+02
2.330000e-06	2.252679e-06	4.171374e-09	1.617656e+01	2.711009e+02
2.340000e-06	2.104442e-06	4.130918e-09	1.511207e+01	2.689783e+02
2.350000e-06	1.955463e-06	4.086664e-09	1.404224e+01	2.668528e+02
2.360000e-06	1.805855e-06	4.039121e-09	1.296790e+01	2.642231e+02
2.370000e-06	1.655696e-06	3.991040e-09	1.188961e+01	2.607467e+02
2.380000e-06	1.505042e-06	3.939910e-09	1.080776e+01	2.564473e+02
2.390000e-06	1.353965e-06	3.882294e-09	9.722867e+00	2.517311e+02
2.400000e-06	1.202481e-06	3.820522e-09	8.635056e+00	2.471797e+02
2.410000e-06	1.050535e-06	3.757469e-09	7.543928e+00	2.432135e+02
2.420000e-06	8.981867e-07	3.690892e-09	6.449908e+00	2.398022e+02
2.430000e-06	7.455354e-07	3.618142e-09	5.353714e+00	2.363914e+02
2.440000e-06	5.925791e-07	3.538475e-09	4.255330e+00	2.321151e+02
2.450000e-06	4.393482e-07	3.451492e-09	3.154974e+00	2.262099e+02
2.460000e-06	2.859966e-07	3.354392e-09	2.053751e+00	2.184224e+02
2.470000e-06	1.325397e-07	3.245287e-09	9.517722e-01	2.091700e+02
2.480000e-06	-2.101854e-08	3.118012e-09	-1.509348e-01	1.993144e+02
2.490000e-06	-1.746103e-07	2.968732e-09	-1.253882e+00	1.895944e+02
2.500000e-06	-3.281454e-07	2.790888e-09	-2.356423e+00	1.799519e+02
2.510000e-06	-4.815644e-07	2.580418e-09	-3.458130e+00	1.690903e+02
2.520000e-06	-6.348386e-07	2.329056e-09	-4.558797e+00	1.545436e+02
2.530000e-06	-7.879323e-07	2.016921e-09	-5.658168e+00	1.333386e+02
2.540000e-06	-9.407770e-07	1.614057e-09	-6.755751e+00	1.030683e+02
2.550000e-06	-1.093231e-06	1.079153e-09	-7.850529e+00	6.298098e+01
2.560000e-06	-1.245200e-06	3.714145e-10	-8.941819e+00	1.463614e+01
2.570000e-06	-1.396693e-06	-5.016458e-10	-1.002970e+01	-3.818727e+01
2.580000e-06	-1.547675e-06	-1.410928e-09	-1.111391e+01	-9.036136e+01
2.590000e-06	-1.698083e-06	-2.160725e-09	-1.219399e+01	-1.367812e+02
2.600000e-06	-1.847901e-06	-2.669359e-09	-1.326984e+01	-1.737531e+02
2.610000e-06	-1.997082e-06	-2.994374e-09	-1.434111e+01	-1.999030e+02
2.620000e-06	-2.145533e-06	-3.216777e-09	-1.540714e+01	-2.162961e+02
2.630000e-06	-2.293138e-06	-3.385645e-09	-1.646710e+01	-2.257703e+02
2.640000e-06	-2.439817e-06	-3.522775e-09	-1.752041e+01	-2.317823e+02
2.650000e-06	-2.585618e-06	-3.643852e-09	-1.856741e+01	-2.372316e+02
2.660000e-06	-2.730489e-06	-3.753723e-09	-1.960773e+01	-2.436923e+02
2.670000e-06	-2.874246e-06	-3.851802e-09	-2.064005e+01	-2.512795e+02
2.680000e-06	-3.016794e-06	-3.940632e-09	-2.166370e+01	-2.590973e+02
2.690000e-06	-3.158153e-06	-4.022630e-09	-2.267880e+01	-2.659879e+02
2.700000e-06	-3.298227e-06	-4.098664e-09	-2.368468e+01	-2.712150e+02
2.710000e-06	-3.436982e-06	-4.168348e-09	-2.468108e+01	-2.747993e+02
2.720000e-06	-3.574533e-06	-4.230856e-09	-2.566884e+01	-2.774163e+02
2.730000e-06	-3.710767e-06	-4.288758e-09	-2.664714e+01	-2.799796e+02
2.740000e-06	-3.845565e-06	-4.344668e-09	-2.761513e+01	-2.831600e+02
2.750000e-06	-3.979019e-06	-4.398588e-09	-2.857347e+01	-2.870871e+02
2.760000e-06	-4.111100e-06	-4.450442e-09	-2.952194e+01	-2.913586e+02
2.770000e-06	-4.241712e-06	-4.498797e-09	-3.045987e+01	-2.953181e+02
2.780000e-06	-4.370912e-06	-4.544256e-09	-3.138766e+01	-2.984317e+02
2.790000e-06	-4.498534e-06	-4.585913e-09	-3.230412e+01	-3.005620e+02
2.800000e-06	-4.624555e-06	-4.621636e-09	-3.320908e+01	-3.020109e+02
2.810000e-06	-4.749079e-06	-4.654345e-09	-3.410329e+01	-3.033306e+02
2.820000e-06	-4.871949e-06	-4.686284e-09	-3.498562e+01	-3.050207e+02
2.830000e-06	-4.993040e-06	-4.719065e-09	-3.585519e+01	-3.072775e+02
2.840000e-06	-5.112254e-06	-4.749806e-09	-3.671127e+01	-3.099202e+02
2.850000e-06	-5.229476e-06	-4.776932e-09	-3.755304e+01	-3.125189e+02
2.860000e-06	-5.344578e-06	-4.803959e-09	-3.837959e+01	-3.146422e+02
2.870000e-06	-5.457462e-06	-4.830807e-09	-3.919022e+01	-3.160862e+02
2.880000e-06	-5.568231e-06	-4.856415e-09	-3.998565e+01	-3.169686e+02
2.890000e-06	-5.677021e-06	-4.880001e-09	-4.076688e+01	-3.176462e+02
2.900000e-06	-5.783844e-06	-4.900866e-09	-4.153398e+01	-3.185131e+02
2.910000e-06	-5.888603e-06	-4.917487e-09	-4.228625e+01	-3.197928e+02
2.920000e-06	-5.991170e-06	-4.932223e-09	-4.302279e+01	-3.214338e+02
2.930000e-06	-6.091514e-06	-4.949711e-09	-4.374336e+01	-3.231582e+02
2.940000e-06	-6.189691e-06	-4.969890e-09	-4.444838e+01	-3.246266e+02
2.950000e-06	-6.285714e-06	-4.988698e-09	-4.513792e+01	-3.256258e+02
2.960000e-06	-6.379452e-06	-5.002721e-09	-4.581106e+01	-3.261775e+02
2.970000e-06	-6.470836e-06	-5.014664e-09	-4.646729e+01	-3.265143e+02
2.980000e-06	-6.559909e-06	-5.027032e-09	-4.710692e+01	-3.269440e+02
2.990000e-06	-6.646577e-06	-5.037729e-09	-4.772929e+01	-3.276804e+02
3.000000e-06	-6.730799e-06	-5.046795e-09	-4.833409e+01	-3.287335e+02
3.010000e-06	-6.812702e-06	-5.055917e-09	-4.892223e+01	-3.299162e+02
3.020000e-06	-6.892127e-06	-5.066226e-09	-4.949259e+01	-3.309574e+02
3.030000e-06	-6.968802e-06	-5.078137e-09	-5.004319e+01	-3.316560e+02
3.040000e-06	-7.042820e-06	-5.089427e-09	-5.057472e+01	-3.319905e+02
3.050000e-06	-7.114321e-06	-5.098926e-09	-5.108818e+01	-3.321252e+02
3.060000e-06	-7.183262e-06	-5.107607e-09	-5.158324e+01	-3.323148e+02
3.070000e-06	-7.249693e-06	-5.114193e-09	-5.206028e+01	-3.327621e+02
3.080000e-06	-7.313643e-06	-5.120008e-09	-5.251951e+01	-3.335082e+02
3.090000e-06	-7.374948e-06	-5.126423e-09	-5.295974e+01	-3.344153e+02
3.100000e-06	-7.433580e-06	-5.133769e-09	-5.338078e+01	-3.352476e+02
3.110000e-06	-7.489587e-06	-5.141432e-09	-5.378297e+01	-3.358039e+02
3.120000e-06	-7.542726e-06	-5.146850e-09	-5.416456e+01	-3.360283e+02
3.130000e-06	-7.592721e-06	-5.152694e-09	-5.452358e+01	-3.360373e+02
3.140000e-06	-7.639687e-06	-5.160468e-09	-5.486084e+01	-3.360524e+02
3.150000e-06	-7.684092e-06	-5.167672e-09	-5.517972e+01	-3.362749e+02
3.160000e-06	-7.726101e-06	-5.173048e-09	-5.548138e+01	-3.367749e+02
3.170000e-06	-7.765429e-06	-5.177155e-09	-5.576380e+01	-3.374540e+02
3.180000e-06	-7.801974e-06	-5.180755e-09	-5.602623e+01	-3.381018e+02
3.190000e-06	-7.835795e-06	-5.182270e-09	-5.626910e+01	-3.385126e+02
3.200000e-06	-7.866732e-06	-5.182037e-09	-5.649126e+01	-3.385993e+02
3.210000e-06	-7.894676e-06	-5.182826e-09	-5.669193e+01	-3.384390e+02
3.220000e-06	-7.919805e-06	-5.186151e-09	-5.687238e+01	-3.382295e+02
3.230000e-06	-7.942081e-06	-5.190124e-09	-5.703235e+01	-3.381787e+02
3.240000e-06	-7.961471e-06	-5.192850e-09	-5.717158e+01	-3.383910e+02
3.250000e-06	-7.978052e-06	-5.195124e-09	-5.729066e+01	-3.388113e+02
3.260000e-06	-7.991542e-06	-5.195822e-09	-5.738753e+01	-3.392584e+02
3.270000e-06	-8.001952e-06	-5.194772e-09	-5.746228e+01	-3.395271e+02
3.280000e-06	-8.009445e-06	-5.193413e-09	-5.751609e+01	-3.395029e+02
3.290000e-06	-8.014018e-06	-5.193247e-09	-5.754892e+01	-3.392247e+02
3.300000e-06	-8.015802e-06	-5.192156e-09	-5.756174e+01	-3.388626e+02
