# Temperatura_=_20.0
# Concentracion g/m^3_=_6200.0
# C_Vs_to_Am_M_A/Vsm_=_65563218390.804596
# pendiente_HvsI_1/m_=_3716.3
# ordenada_HvsI_A/m_=_1297.0
# frecuencia_Hz_=_302611.0655748477

Tiempo_(s)	Campo_(V.s)	Magnetizacion_(V.s)	Campo_(kA/m)	Magnetizacion_(A/m)
0.000000e+00	-8.013541e-06	-5.369250e-09	-5.755713e+01	-3.505390e+02
1.000000e-08	-8.011226e-06	-5.370520e-09	-5.754051e+01	-3.503109e+02
2.000000e-08	-8.006232e-06	-5.372041e-09	-5.750464e+01	-3.502690e+02
3.000000e-08	-7.998714e-06	-5.368474e-09	-5.745064e+01	-3.504132e+02
4.000000e-08	-7.988437e-06	-5.365934e-09	-5.737682e+01	-3.506249e+02
5.000000e-08	-7.975213e-06	-5.362390e-09	-5.728184e+01	-3.507343e+02
6.000000e-08	-7.959092e-06	-5.356433e-09	-5.716605e+01	-3.506170e+02
7.000000e-08	-7.940388e-06	-5.350362e-09	-5.703171e+01	-3.502642e+02
8.000000e-08	-7.919364e-06	-5.338321e-09	-5.688071e+01	-3.497876e+02
9.000000e-08	-7.895723e-06	-5.353248e-09	-5.671090e+01	-3.493573e+02
1.000000e-07	-7.868956e-06	-5.393790e-09	-5.651866e+01	-3.491077e+02
1.100000e-07	-7.839057e-06	-5.364018e-09	-5.630390e+01	-3.490642e+02
1.200000e-07	-7.806295e-06	-5.335326e-09	-5.606859e+01	-3.491336e+02
1.300000e-07	-7.770743e-06	-5.338869e-09	-5.581324e+01	-3.491612e+02
1.400000e-07	-7.732663e-06	-5.328206e-09	-5.553973e+01	-3.490235e+02
1.500000e-07	-7.692310e-06	-5.292669e-09	-5.524989e+01	-3.487010e+02
1.600000e-07	-7.649597e-06	-5.284767e-09	-5.494311e+01	-3.482899e+02
1.700000e-07	-7.604240e-06	-5.371034e-09	-5.461733e+01	-3.479426e+02
1.800000e-07	-7.556108e-06	-5.321990e-09	-5.427163e+01	-3.477709e+02
1.900000e-07	-7.505093e-06	-5.293741e-09	-5.390521e+01	-3.477675e+02
2.000000e-07	-7.451160e-06	-5.322937e-09	-5.351784e+01	-3.477929e+02
2.100000e-07	-7.394485e-06	-5.254458e-09	-5.311077e+01	-3.476414e+02
2.200000e-07	-7.335083e-06	-5.270742e-09	-5.268412e+01	-3.471519e+02
2.300000e-07	-7.273082e-06	-5.268267e-09	-5.223880e+01	-3.463052e+02
2.400000e-07	-7.208457e-06	-5.258565e-09	-5.177463e+01	-3.452511e+02
2.500000e-07	-7.141017e-06	-5.242542e-09	-5.129024e+01	-3.442442e+02
2.600000e-07	-7.070893e-06	-5.215546e-09	-5.078658e+01	-3.435193e+02
2.700000e-07	-6.998003e-06	-5.244789e-09	-5.026305e+01	-3.431682e+02
2.800000e-07	-6.922242e-06	-5.246403e-09	-4.971889e+01	-3.430846e+02
2.900000e-07	-6.843717e-06	-5.237222e-09	-4.915489e+01	-3.430102e+02
3.000000e-07	-6.762507e-06	-5.197936e-09	-4.857160e+01	-3.426614e+02
3.100000e-07	-6.678843e-06	-5.189947e-09	-4.797068e+01	-3.418730e+02
3.200000e-07	-6.592903e-06	-5.182554e-09	-4.735342e+01	-3.406846e+02
3.300000e-07	-6.504674e-06	-5.143655e-09	-4.671972e+01	-3.393235e+02
3.400000e-07	-6.414059e-06	-5.149531e-09	-4.606888e+01	-3.380909e+02
3.500000e-07	-6.321077e-06	-5.143323e-09	-4.540104e+01	-3.372093e+02
3.600000e-07	-6.225835e-06	-5.132792e-09	-4.471696e+01	-3.367096e+02
3.700000e-07	-6.128261e-06	-5.109923e-09	-4.401614e+01	-3.364173e+02
3.800000e-07	-6.028413e-06	-5.101821e-09	-4.329898e+01	-3.360440e+02
3.900000e-07	-5.926458e-06	-5.098560e-09	-4.256669e+01	-3.353359e+02
4.000000e-07	-5.822402e-06	-5.082548e-09	-4.181931e+01	-3.342030e+02
4.100000e-07	-5.716258e-06	-5.063896e-09	-4.105693e+01	-3.327588e+02
4.200000e-07	-5.608117e-06	-5.036484e-09	-4.028021e+01	-3.312533e+02
4.300000e-07	-5.498027e-06	-5.029959e-09	-3.948949e+01	-3.299352e+02
4.400000e-07	-5.385925e-06	-5.010791e-09	-3.868432e+01	-3.289186e+02
4.500000e-07	-5.271734e-06	-4.983566e-09	-3.786415e+01	-3.281257e+02
4.600000e-07	-5.155443e-06	-4.960538e-09	-3.702889e+01	-3.273354e+02
4.700000e-07	-5.037198e-06	-4.948553e-09	-3.617960e+01	-3.263099e+02
4.800000e-07	-4.917178e-06	-4.927022e-09	-3.531756e+01	-3.249283e+02
4.900000e-07	-4.795384e-06	-4.898995e-09	-3.444277e+01	-3.232531e+02
5.000000e-07	-4.671829e-06	-4.886178e-09	-3.355534e+01	-3.214920e+02
5.100000e-07	-4.546593e-06	-4.872234e-09	-3.265583e+01	-3.198761e+02
5.200000e-07	-4.419729e-06	-4.843933e-09	-3.174464e+01	-3.185239e+02
5.300000e-07	-4.291253e-06	-4.807662e-09	-3.082186e+01	-3.173670e+02
5.400000e-07	-4.161127e-06	-4.789005e-09	-2.988723e+01	-3.161831e+02
5.500000e-07	-4.029409e-06	-4.769018e-09	-2.894117e+01	-3.147200e+02
5.600000e-07	-3.896163e-06	-4.738295e-09	-2.798413e+01	-3.128418e+02
5.700000e-07	-3.761375e-06	-4.709784e-09	-2.701602e+01	-3.106146e+02
5.800000e-07	-3.625169e-06	-4.688078e-09	-2.603772e+01	-3.082781e+02
5.900000e-07	-3.487622e-06	-4.656336e-09	-2.504979e+01	-3.061153e+02
6.000000e-07	-3.348635e-06	-4.617086e-09	-2.405152e+01	-3.042883e+02
6.100000e-07	-3.208209e-06	-4.589027e-09	-2.304291e+01	-3.027336e+02
6.200000e-07	-3.066447e-06	-4.562947e-09	-2.202471e+01	-3.011805e+02
6.300000e-07	-2.923448e-06	-4.526451e-09	-2.099762e+01	-2.992900e+02
6.400000e-07	-2.779307e-06	-4.484305e-09	-1.996233e+01	-2.968423e+02
6.500000e-07	-2.634152e-06	-4.448912e-09	-1.891976e+01	-2.938690e+02
6.600000e-07	-2.488086e-06	-4.414185e-09	-1.787064e+01	-2.906504e+02
6.700000e-07	-2.341145e-06	-4.375010e-09	-1.681524e+01	-2.875690e+02
6.800000e-07	-2.193511e-06	-4.330917e-09	-1.575486e+01	-2.848925e+02
6.900000e-07	-2.045273e-06	-4.283970e-09	-1.469014e+01	-2.826037e+02
7.000000e-07	-1.896342e-06	-4.234768e-09	-1.362045e+01	-2.803797e+02
7.100000e-07	-1.746752e-06	-4.182678e-09	-1.254602e+01	-2.777435e+02
7.200000e-07	-1.596558e-06	-4.132158e-09	-1.146725e+01	-2.743188e+02
7.300000e-07	-1.445842e-06	-4.080873e-09	-1.038474e+01	-2.700493e+02
7.400000e-07	-1.294730e-06	-4.026676e-09	-9.299379e+00	-2.652550e+02
7.500000e-07	-1.143179e-06	-3.965653e-09	-8.210863e+00	-2.604739e+02
7.600000e-07	-9.911618e-07	-3.898794e-09	-7.119004e+00	-2.561549e+02
7.700000e-07	-8.387712e-07	-3.830701e-09	-6.024461e+00	-2.523594e+02
7.800000e-07	-6.861110e-07	-3.757128e-09	-4.927981e+00	-2.486411e+02
7.900000e-07	-5.332045e-07	-3.673290e-09	-3.829733e+00	-2.441952e+02
8.000000e-07	-3.800481e-07	-3.574927e-09	-2.729690e+00	-2.382271e+02
8.100000e-07	-2.267639e-07	-3.466553e-09	-1.628728e+00	-2.303590e+02
8.200000e-07	-7.342022e-08	-3.346081e-09	-5.273396e-01	-2.208455e+02
8.300000e-07	8.001381e-08	-3.207697e-09	5.746979e-01	-2.104352e+02
8.400000e-07	2.335022e-07	-3.052114e-09	1.677126e+00	-1.998835e+02
8.500000e-07	3.869319e-07	-2.873868e-09	2.779132e+00	-1.893075e+02
8.600000e-07	5.402571e-07	-2.662526e-09	3.880388e+00	-1.776958e+02
8.700000e-07	6.934581e-07	-2.403000e-09	4.980752e+00	-1.628637e+02
8.800000e-07	8.464774e-07	-2.080170e-09	6.079810e+00	-1.419791e+02
8.900000e-07	9.991920e-07	-1.670639e-09	7.176681e+00	-1.125368e+02
9.000000e-07	1.151498e-06	-1.137289e-09	8.270617e+00	-7.343811e+01
9.100000e-07	1.303377e-06	-4.420736e-10	9.361487e+00	-2.573877e+01
9.200000e-07	1.454790e-06	4.149866e-10	1.044901e+01	2.727385e+01
9.300000e-07	1.605682e-06	1.330968e-09	1.153279e+01	8.077231e+01
9.400000e-07	1.756060e-06	2.119614e-09	1.261288e+01	1.296420e+02
9.500000e-07	1.905856e-06	2.675647e-09	1.368878e+01	1.698610e+02
9.600000e-07	2.054891e-06	3.038209e-09	1.475922e+01	1.995150e+02
9.700000e-07	2.203080e-06	3.286998e-09	1.582358e+01	2.190985e+02
9.800000e-07	2.350412e-06	3.477685e-09	1.688180e+01	2.310315e+02
9.900000e-07	2.496945e-06	3.634941e-09	1.793427e+01	2.386225e+02
1.000000e-06	2.642559e-06	3.771402e-09	1.898014e+01	2.449003e+02
1.010000e-06	2.787164e-06	3.889569e-09	2.001876e+01	2.517523e+02
1.020000e-06	2.930786e-06	3.996608e-09	2.105032e+01	2.596418e+02
1.030000e-06	3.073249e-06	4.096412e-09	2.207356e+01	2.679167e+02
1.040000e-06	3.214450e-06	4.189472e-09	2.308774e+01	2.754854e+02
1.050000e-06	3.354365e-06	4.269621e-09	2.409267e+01	2.815131e+02
1.060000e-06	3.493007e-06	4.337167e-09	2.508847e+01	2.858401e+02
1.070000e-06	3.630275e-06	4.400634e-09	2.607440e+01	2.889853e+02
1.080000e-06	3.766091e-06	4.462697e-09	2.704989e+01	2.918069e+02
1.090000e-06	3.900567e-06	4.522207e-09	2.801576e+01	2.950401e+02
1.100000e-06	4.033691e-06	4.576408e-09	2.897192e+01	2.989549e+02
1.110000e-06	4.165345e-06	4.625894e-09	2.991753e+01	3.032906e+02
1.120000e-06	4.295539e-06	4.669328e-09	3.085264e+01	3.074649e+02
1.130000e-06	4.424255e-06	4.709977e-09	3.177714e+01	3.109222e+02
1.140000e-06	4.551405e-06	4.748431e-09	3.269040e+01	3.134289e+02
1.150000e-06	4.677055e-06	4.784526e-09	3.359287e+01	3.151721e+02
1.160000e-06	4.801114e-06	4.817819e-09	3.448392e+01	3.166289e+02
1.170000e-06	4.923465e-06	4.849249e-09	3.536271e+01	3.182973e+02
1.180000e-06	5.044062e-06	4.878804e-09	3.622889e+01	3.204383e+02
1.190000e-06	5.162788e-06	4.906881e-09	3.708164e+01	3.229649e+02
1.200000e-06	5.279583e-06	4.934518e-09	3.792052e+01	3.255211e+02
1.210000e-06	5.394383e-06	4.960984e-09	3.874507e+01	3.276980e+02
1.220000e-06	5.507074e-06	4.983909e-09	3.955447e+01	3.292607e+02
1.230000e-06	5.617669e-06	5.003632e-09	4.034882e+01	3.302679e+02
1.240000e-06	5.726242e-06	5.022846e-09	4.112864e+01	3.310256e+02
1.250000e-06	5.832850e-06	5.042783e-09	4.189435e+01	3.319124e+02
1.260000e-06	5.937420e-06	5.061185e-09	4.264542e+01	3.331746e+02
1.270000e-06	6.039756e-06	5.078764e-09	4.338045e+01	3.348026e+02
1.280000e-06	6.139822e-06	5.095318e-09	4.409917e+01	3.365510e+02
1.290000e-06	6.237612e-06	5.112074e-09	4.480155e+01	3.380824e+02
1.300000e-06	6.333054e-06	5.129984e-09	4.548706e+01	3.391546e+02
1.310000e-06	6.426176e-06	5.145697e-09	4.615591e+01	3.397474e+02
1.320000e-06	6.517035e-06	5.158140e-09	4.680850e+01	3.400664e+02
1.330000e-06	6.605541e-06	5.167483e-09	4.744420e+01	3.404249e+02
1.340000e-06	6.691707e-06	5.176583e-09	4.806308e+01	3.410739e+02
1.350000e-06	6.775489e-06	5.187036e-09	4.866484e+01	3.420727e+02
1.360000e-06	6.856859e-06	5.198480e-09	4.924928e+01	3.432666e+02
1.370000e-06	6.935767e-06	5.211352e-09	4.981604e+01	3.443801e+02
1.380000e-06	7.012094e-06	5.222416e-09	5.036425e+01	3.451713e+02
1.390000e-06	7.085782e-06	5.231187e-09	5.089352e+01	3.455616e+02
1.400000e-06	7.156835e-06	5.239969e-09	5.140386e+01	3.456737e+02
1.410000e-06	7.225377e-06	5.247889e-09	5.189615e+01	3.457596e+02
1.420000e-06	7.291366e-06	5.255613e-09	5.237012e+01	3.460619e+02
1.430000e-06	7.354749e-06	5.263001e-09	5.282537e+01	3.466844e+02
1.440000e-06	7.415618e-06	5.269593e-09	5.326256e+01	3.475422e+02
1.450000e-06	7.473964e-06	5.276945e-09	5.368163e+01	3.484134e+02
1.460000e-06	7.529672e-06	5.282782e-09	5.408175e+01	3.490635e+02
1.470000e-06	7.582534e-06	5.288522e-09	5.446143e+01	3.493712e+02
1.480000e-06	7.632271e-06	5.295474e-09	5.481866e+01	3.493905e+02
1.490000e-06	7.679040e-06	5.303002e-09	5.515458e+01	3.493147e+02
1.500000e-06	7.723142e-06	5.308041e-09	5.547134e+01	3.493682e+02
1.510000e-06	7.764483e-06	5.308961e-09	5.576827e+01	3.496837e+02
1.520000e-06	7.803072e-06	5.310523e-09	5.604544e+01	3.502339e+02
1.530000e-06	7.838956e-06	5.314076e-09	5.630318e+01	3.508512e+02
1.540000e-06	7.871979e-06	5.319376e-09	5.654036e+01	3.513230e+02
1.550000e-06	7.902185e-06	5.324182e-09	5.675732e+01	3.515082e+02
1.560000e-06	7.929711e-06	5.327996e-09	5.695503e+01	3.514123e+02
1.570000e-06	7.954312e-06	5.331250e-09	5.713172e+01	3.511806e+02
1.580000e-06	7.975983e-06	5.333266e-09	5.728737e+01	3.510152e+02
1.590000e-06	7.994896e-06	5.334202e-09	5.742322e+01	3.510653e+02
1.600000e-06	8.010862e-06	5.334167e-09	5.753789e+01	3.513479e+02
1.610000e-06	8.023775e-06	5.334729e-09	5.763064e+01	3.517443e+02
1.620000e-06	8.033552e-06	5.335524e-09	5.770086e+01	3.520699e+02
1.630000e-06	8.040259e-06	5.336567e-09	5.774903e+01	3.521778e+02
1.640000e-06	8.044153e-06	5.339382e-09	5.777700e+01	3.520392e+02
1.650000e-06	8.045233e-06	5.344185e-09	5.778476e+01	3.517547e+02
1.660000e-06	8.043523e-06	5.346543e-09	5.777248e+01	3.514943e+02
1.670000e-06	8.039192e-06	5.342236e-09	5.774137e+01	3.513996e+02
1.680000e-06	8.032144e-06	5.343511e-09	5.769075e+01	3.515035e+02
1.690000e-06	8.022359e-06	5.344882e-09	5.762047e+01	3.517129e+02
1.700000e-06	8.009810e-06	5.342733e-09	5.753033e+01	3.518619e+02
1.710000e-06	7.994447e-06	5.341678e-09	5.741999e+01	3.518063e+02
1.720000e-06	7.976610e-06	5.346738e-09	5.729187e+01	3.515050e+02
1.730000e-06	7.956483e-06	5.360201e-09	5.714731e+01	3.510432e+02
1.740000e-06	7.933580e-06	5.313158e-09	5.698281e+01	3.505848e+02
1.750000e-06	7.907212e-06	5.291162e-09	5.679342e+01	3.502816e+02
1.760000e-06	7.877220e-06	5.332439e-09	5.657801e+01	3.501903e+02
1.770000e-06	7.844155e-06	5.325651e-09	5.634052e+01	3.502440e+02
1.780000e-06	7.808717e-06	5.299703e-09	5.608599e+01	3.502955e+02
1.790000e-06	7.770942e-06	5.335616e-09	5.581467e+01	3.502048e+02
1.800000e-06	7.730972e-06	5.378751e-09	5.552758e+01	3.499225e+02
1.810000e-06	7.688972e-06	5.276385e-09	5.522592e+01	3.495190e+02
1.820000e-06	7.644346e-06	5.326301e-09	5.490540e+01	3.491410e+02
1.830000e-06	7.596949e-06	5.342739e-09	5.456497e+01	3.489196e+02
1.840000e-06	7.546765e-06	5.285657e-09	5.420452e+01	3.488815e+02
1.850000e-06	7.493522e-06	5.369675e-09	5.382210e+01	3.489172e+02
1.860000e-06	7.437463e-06	5.301838e-09	5.341946e+01	3.488278e+02
1.870000e-06	7.378724e-06	5.338794e-09	5.299757e+01	3.484303e+02
1.880000e-06	7.317301e-06	5.312665e-09	5.255640e+01	3.476641e+02
1.890000e-06	7.253098e-06	5.266913e-09	5.209526e+01	3.466393e+02
1.900000e-06	7.186070e-06	5.323144e-09	5.161384e+01	3.455944e+02
1.910000e-06	7.116283e-06	5.258855e-09	5.111259e+01	3.447822e+02
1.920000e-06	7.043676e-06	5.280103e-09	5.059109e+01	3.443389e+02
1.930000e-06	6.968374e-06	5.239486e-09	5.005024e+01	3.442074e+02
1.940000e-06	6.890298e-06	5.243916e-09	4.948946e+01	3.441579e+02
1.950000e-06	6.809553e-06	5.251952e-09	4.890951e+01	3.438990e+02
1.960000e-06	6.726402e-06	5.221330e-09	4.831227e+01	3.432244e+02
1.970000e-06	6.640699e-06	5.257719e-09	4.769672e+01	3.421197e+02
1.980000e-06	6.552492e-06	5.209118e-09	4.706317e+01	3.407729e+02
1.990000e-06	6.461996e-06	5.206956e-09	4.641318e+01	3.394807e+02
2.000000e-06	6.369306e-06	5.176858e-09	4.574744e+01	3.384989e+02
2.010000e-06	6.274288e-06	5.175716e-09	4.506498e+01	3.379119e+02
2.020000e-06	6.176983e-06	5.168359e-09	4.436609e+01	3.375918e+02
2.030000e-06	6.077534e-06	5.144393e-09	4.365179e+01	3.372655e+02
2.040000e-06	5.975871e-06	5.137163e-09	4.292160e+01	3.366565e+02
2.050000e-06	5.872040e-06	5.112974e-09	4.217584e+01	3.356258e+02
2.060000e-06	5.766173e-06	5.122219e-09	4.141545e+01	3.342383e+02
2.070000e-06	5.658387e-06	5.091910e-09	4.064128e+01	3.327211e+02
2.080000e-06	5.548637e-06	5.083046e-09	3.985300e+01	3.313375e+02
2.090000e-06	5.436840e-06	5.063350e-09	3.905002e+01	3.302444e+02
2.100000e-06	5.322944e-06	5.045723e-09	3.823196e+01	3.294115e+02
2.110000e-06	5.207032e-06	5.015497e-09	3.739943e+01	3.286438e+02
2.120000e-06	5.089128e-06	5.001506e-09	3.655258e+01	3.276938e+02
2.130000e-06	4.969302e-06	5.000732e-09	3.569193e+01	3.264018e+02
2.140000e-06	4.847671e-06	4.980718e-09	3.481832e+01	3.247836e+02
2.150000e-06	4.724286e-06	4.955942e-09	3.393211e+01	3.230197e+02
2.160000e-06	4.599206e-06	4.933604e-09	3.303372e+01	3.213490e+02
2.170000e-06	4.472391e-06	4.921881e-09	3.212287e+01	3.199287e+02
2.180000e-06	4.343902e-06	4.886735e-09	3.120001e+01	3.187384e+02
2.190000e-06	4.213807e-06	4.857822e-09	3.026560e+01	3.175854e+02
2.200000e-06	4.082225e-06	4.832054e-09	2.932051e+01	3.162106e+02
2.210000e-06	3.949181e-06	4.812192e-09	2.836493e+01	3.144374e+02
2.220000e-06	3.814593e-06	4.779988e-09	2.739825e+01	3.122792e+02
2.230000e-06	3.678533e-06	4.757157e-09	2.642101e+01	3.099413e+02
2.240000e-06	3.541110e-06	4.737883e-09	2.543397e+01	3.077116e+02
2.250000e-06	3.402344e-06	4.707829e-09	2.443728e+01	3.057961e+02
2.260000e-06	3.262318e-06	4.670193e-09	2.343155e+01	3.041912e+02
2.270000e-06	3.121002e-06	4.634817e-09	2.241655e+01	3.026690e+02
2.280000e-06	2.978362e-06	4.604294e-09	2.139204e+01	3.008902e+02
2.290000e-06	2.834618e-06	4.567253e-09	2.035960e+01	2.985888e+02
2.300000e-06	2.689842e-06	4.531563e-09	1.931975e+01	2.957279e+02
2.310000e-06	2.544018e-06	4.494966e-09	1.827237e+01	2.925342e+02
2.320000e-06	2.397351e-06	4.458707e-09	1.721893e+01	2.893843e+02
2.330000e-06	2.249942e-06	4.416584e-09	1.616017e+01	2.865943e+02
2.340000e-06	2.101808e-06	4.373317e-09	1.509620e+01	2.842273e+02
2.350000e-06	1.953017e-06	4.327959e-09	1.402752e+01	2.820287e+02
2.360000e-06	1.803519e-06	4.280931e-09	1.295375e+01	2.795384e+02
2.370000e-06	1.653417e-06	4.230020e-09	1.187564e+01	2.763302e+02
2.380000e-06	1.502819e-06	4.174868e-09	1.079397e+01	2.722545e+02
2.390000e-06	1.351714e-06	4.115967e-09	9.708668e+00	2.675440e+02
2.400000e-06	1.200175e-06	4.054144e-09	8.620236e+00	2.627072e+02
2.410000e-06	1.048261e-06	3.989432e-09	7.529115e+00	2.582469e+02
2.420000e-06	8.960219e-07	3.920417e-09	6.435663e+00	2.543420e+02
2.430000e-06	7.435185e-07	3.846653e-09	5.340310e+00	2.506699e+02
2.440000e-06	5.907236e-07	3.765084e-09	4.242863e+00	2.464873e+02
2.450000e-06	4.376763e-07	3.675101e-09	3.143603e+00	2.409564e+02
2.460000e-06	2.845017e-07	3.575365e-09	2.043429e+00	2.335638e+02
2.470000e-06	1.311620e-07	3.463774e-09	9.420692e-01	2.244038e+02
2.480000e-06	-2.232255e-08	3.332992e-09	-1.603313e-01	2.141354e+02
2.490000e-06	-1.758556e-07	3.180021e-09	-1.263080e+00	2.035714e+02
2.500000e-06	-3.293124e-07	3.001951e-09	-2.365281e+00	1.930462e+02
2.510000e-06	-4.826129e-07	2.795907e-09	-3.466360e+00	1.818560e+02
2.520000e-06	-6.357105e-07	2.550359e-09	-4.565980e+00	1.680824e+02
2.530000e-06	-7.886003e-07	2.248005e-09	-5.664109e+00	1.489767e+02
2.540000e-06	-9.412275e-07	1.867745e-09	-6.760351e+00	1.218477e+02
2.550000e-06	-1.093500e-06	1.377489e-09	-7.854044e+00	8.515457e+01
2.560000e-06	-1.245364e-06	7.366430e-10	-8.944808e+00	3.937723e+01
2.570000e-06	-1.396783e-06	-7.489044e-11	-1.003237e+01	-1.271882e+01
2.580000e-06	-1.547778e-06	-9.926447e-10	-1.111689e+01	-6.658947e+01
2.590000e-06	-1.698243e-06	-1.846892e-09	-1.219760e+01	-1.170589e+02
2.600000e-06	-1.848086e-06	-2.489149e-09	-1.327385e+01	-1.597147e+02
2.610000e-06	-1.997190e-06	-2.913713e-09	-1.434479e+01	-1.920561e+02
2.620000e-06	-2.145497e-06	-3.195548e-09	-1.541000e+01	-2.139917e+02
2.630000e-06	-2.293049e-06	-3.400359e-09	-1.646979e+01	-2.275423e+02
2.640000e-06	-2.439786e-06	-3.565060e-09	-1.752372e+01	-2.359065e+02
2.650000e-06	-2.585537e-06	-3.708554e-09	-1.857058e+01	-2.422822e+02
2.660000e-06	-2.730203e-06	-3.835723e-09	-1.960964e+01	-2.488938e+02
2.670000e-06	-2.873793e-06	-3.945974e-09	-2.064097e+01	-2.565523e+02
2.680000e-06	-3.016312e-06	-4.044629e-09	-2.166461e+01	-2.648300e+02
2.690000e-06	-3.157633e-06	-4.137585e-09	-2.267965e+01	-2.726746e+02
2.700000e-06	-3.297669e-06	-4.223961e-09	-2.368546e+01	-2.791332e+02
2.710000e-06	-3.436457e-06	-4.302419e-09	-2.468230e+01	-2.838605e+02
2.720000e-06	-3.573940e-06	-4.373266e-09	-2.566976e+01	-2.872270e+02
2.730000e-06	-3.710046e-06	-4.437252e-09	-2.664735e+01	-2.900492e+02
2.740000e-06	-3.844831e-06	-4.496850e-09	-2.761544e+01	-2.931334e+02
2.750000e-06	-3.978265e-06	-4.552846e-09	-2.857383e+01	-2.968843e+02
2.760000e-06	-4.110268e-06	-4.607533e-09	-2.952194e+01	-3.011633e+02
2.770000e-06	-4.240878e-06	-4.659517e-09	-3.046004e+01	-3.054382e+02
2.780000e-06	-4.370064e-06	-4.708038e-09	-3.138792e+01	-3.091137e+02
2.790000e-06	-4.497723e-06	-4.753922e-09	-3.230482e+01	-3.118574e+02
2.800000e-06	-4.623823e-06	-4.795219e-09	-3.321054e+01	-3.137550e+02
2.810000e-06	-4.748313e-06	-4.832701e-09	-3.410469e+01	-3.152335e+02
2.820000e-06	-4.871113e-06	-4.868693e-09	-3.498669e+01	-3.168128e+02
2.830000e-06	-4.992174e-06	-4.904359e-09	-3.585621e+01	-3.188311e+02
2.840000e-06	-5.111375e-06	-4.934628e-09	-3.671237e+01	-3.212882e+02
2.850000e-06	-5.228586e-06	-4.959963e-09	-3.755424e+01	-3.238785e+02
2.860000e-06	-5.343662e-06	-4.984583e-09	-3.838077e+01	-3.261832e+02
2.870000e-06	-5.456488e-06	-5.010413e-09	-3.919114e+01	-3.279070e+02
2.880000e-06	-5.567154e-06	-5.036794e-09	-3.998599e+01	-3.290327e+02
2.890000e-06	-5.675882e-06	-5.063752e-09	-4.076693e+01	-3.298173e+02
2.900000e-06	-5.782708e-06	-5.088958e-09	-4.153421e+01	-3.306416e+02
2.910000e-06	-5.887437e-06	-5.109053e-09	-4.228642e+01	-3.318009e+02
2.920000e-06	-5.990001e-06	-5.125750e-09	-4.302309e+01	-3.333540e+02
2.930000e-06	-6.090399e-06	-5.141648e-09	-4.374420e+01	-3.351045e+02
2.940000e-06	-6.188602e-06	-5.158945e-09	-4.444953e+01	-3.367206e+02
2.950000e-06	-6.284592e-06	-5.175454e-09	-4.513899e+01	-3.379202e+02
2.960000e-06	-6.378296e-06	-5.188819e-09	-4.581201e+01	-3.386222e+02
2.970000e-06	-6.469659e-06	-5.201443e-09	-4.646822e+01	-3.389826e+02
2.980000e-06	-6.558718e-06	-5.216319e-09	-4.710789e+01	-3.393034e+02
2.990000e-06	-6.645425e-06	-5.231157e-09	-4.773066e+01	-3.398663e+02
3.000000e-06	-6.729659e-06	-5.242994e-09	-4.833567e+01	-3.407856e+02
3.010000e-06	-6.811536e-06	-5.251178e-09	-4.892375e+01	-3.419553e+02
3.020000e-06	-6.890966e-06	-5.259617e-09	-4.949425e+01	-3.431166e+02
3.030000e-06	-6.967657e-06	-5.270540e-09	-5.004508e+01	-3.440046e+02
3.040000e-06	-7.041672e-06	-5.280515e-09	-5.057670e+01	-3.444920e+02
3.050000e-06	-7.113137e-06	-5.288326e-09	-5.108999e+01	-3.446540e+02
3.060000e-06	-7.182002e-06	-5.294842e-09	-5.158462e+01	-3.447217e+02
3.070000e-06	-7.248363e-06	-5.301901e-09	-5.206125e+01	-3.449540e+02
3.080000e-06	-7.312217e-06	-5.309544e-09	-5.251988e+01	-3.454982e+02
3.090000e-06	-7.373431e-06	-5.316578e-09	-5.295955e+01	-3.463154e+02
3.100000e-06	-7.432011e-06	-5.323643e-09	-5.338030e+01	-3.472082e+02
3.110000e-06	-7.487921e-06	-5.331145e-09	-5.378187e+01	-3.479320e+02
3.120000e-06	-7.541029e-06	-5.337044e-09	-5.416332e+01	-3.483282e+02
3.130000e-06	-7.591100e-06	-5.342286e-09	-5.452296e+01	-3.484065e+02
3.140000e-06	-7.638136e-06	-5.348023e-09	-5.486079e+01	-3.483334e+02
3.150000e-06	-7.682559e-06	-5.352719e-09	-5.517986e+01	-3.483377e+02
3.160000e-06	-7.724540e-06	-5.355525e-09	-5.548139e+01	-3.485846e+02
3.170000e-06	-7.763843e-06	-5.358230e-09	-5.576368e+01	-3.490885e+02
3.180000e-06	-7.800369e-06	-5.362794e-09	-5.602603e+01	-3.497103e+02
3.190000e-06	-7.834131e-06	-5.367508e-09	-5.626852e+01	-3.502372e+02
3.200000e-06	-7.864991e-06	-5.371114e-09	-5.649017e+01	-3.505008e+02
3.210000e-06	-7.892890e-06	-5.372510e-09	-5.669056e+01	-3.504671e+02
3.220000e-06	-7.917973e-06	-5.373065e-09	-5.687072e+01	-3.502517e+02
3.230000e-06	-7.940232e-06	-5.373628e-09	-5.703059e+01	-3.500528e+02
3.240000e-06	-7.959633e-06	-5.373430e-09	-5.716994e+01	-3.500425e+02
3.250000e-06	-7.976246e-06	-5.374151e-09	-5.728926e+01	-3.502746e+02
3.260000e-06	-7.989738e-06	-5.375455e-09	-5.738616e+01	-3.506600e+02
3.270000e-06	-8.000030e-06	-5.376792e-09	-5.746009e+01	-3.510212e+02
3.280000e-06	-8.007450e-06	-5.378364e-09	-5.751338e+01	-3.511927e+02
3.290000e-06	-8.012017e-06	-5.378310e-09	-5.754619e+01	-3.511118e+02
3.300000e-06	-8.013781e-06	-5.375083e-09	-5.755885e+01	-3.508499e+02
