# Temperatura_=_20.0
# Concentracion g/m^3_=_6200.0
# C_Vs_to_Am_M_A/Vsm_=_65563218390.804596
# pendiente_HvsI_1/m_=_3716.3
# ordenada_HvsI_A/m_=_1297.0
# frecuencia_Hz_=_302612.9575764556

Tiempo_(s)	Campo_(V.s)	Magnetizacion_(V.s)	Campo_(kA/m)	Magnetizacion_(A/m)
0.000000e+00	-8.058211e-06	-5.405676e-09	-5.754119e+01	-3.519803e+02
1.000000e-08	-8.053562e-06	-5.408254e-09	-5.750799e+01	-3.519139e+02
2.000000e-08	-8.046287e-06	-5.401957e-09	-5.745605e+01	-3.520310e+02
3.000000e-08	-8.036251e-06	-5.401390e-09	-5.738438e+01	-3.522206e+02
4.000000e-08	-8.023356e-06	-5.401790e-09	-5.729230e+01	-3.523194e+02
5.000000e-08	-8.007464e-06	-5.395026e-09	-5.717882e+01	-3.522066e+02
6.000000e-08	-7.988935e-06	-5.384186e-09	-5.704651e+01	-3.518739e+02
7.000000e-08	-7.968167e-06	-5.357980e-09	-5.689821e+01	-3.514300e+02
8.000000e-08	-7.944802e-06	-5.390177e-09	-5.673137e+01	-3.510372e+02
9.000000e-08	-7.918308e-06	-5.476047e-09	-5.654219e+01	-3.508165e+02
1.000000e-07	-7.888658e-06	-5.404246e-09	-5.633047e+01	-3.507762e+02
1.100000e-07	-7.856137e-06	-5.346658e-09	-5.609824e+01	-3.508066e+02
1.200000e-07	-7.820823e-06	-5.374112e-09	-5.584608e+01	-3.507446e+02
1.300000e-07	-7.782898e-06	-5.381908e-09	-5.557527e+01	-3.504730e+02
1.400000e-07	-7.742647e-06	-5.314471e-09	-5.528785e+01	-3.499973e+02
1.500000e-07	-7.700016e-06	-5.257168e-09	-5.498343e+01	-3.494523e+02
1.600000e-07	-7.654792e-06	-5.453796e-09	-5.466050e+01	-3.490313e+02
1.700000e-07	-7.606827e-06	-5.353909e-09	-5.431800e+01	-3.488729e+02
1.800000e-07	-7.556000e-06	-5.293747e-09	-5.395505e+01	-3.489703e+02
1.900000e-07	-7.502243e-06	-5.407258e-09	-5.357119e+01	-3.491537e+02
2.000000e-07	-7.445612e-06	-5.263215e-09	-5.316681e+01	-3.491656e+02
2.100000e-07	-7.386252e-06	-5.294905e-09	-5.274294e+01	-3.487906e+02
2.200000e-07	-7.324321e-06	-5.282547e-09	-5.230071e+01	-3.479749e+02
2.300000e-07	-7.259769e-06	-5.281435e-09	-5.183976e+01	-3.468669e+02
2.400000e-07	-7.192380e-06	-5.290450e-09	-5.135856e+01	-3.457553e+02
2.500000e-07	-7.122230e-06	-5.244937e-09	-5.085764e+01	-3.449281e+02
2.600000e-07	-7.049303e-06	-5.288904e-09	-5.033689e+01	-3.445258e+02
2.700000e-07	-6.973509e-06	-5.259671e-09	-4.979567e+01	-3.444643e+02
2.800000e-07	-6.894899e-06	-5.263570e-09	-4.923434e+01	-3.444700e+02
2.900000e-07	-6.813615e-06	-5.217968e-09	-4.865392e+01	-3.442136e+02
3.000000e-07	-6.729855e-06	-5.228066e-09	-4.805581e+01	-3.434754e+02
3.100000e-07	-6.643755e-06	-5.237738e-09	-4.744100e+01	-3.422571e+02
3.200000e-07	-6.555307e-06	-5.160872e-09	-4.680942e+01	-3.407834e+02
3.300000e-07	-6.464416e-06	-5.171196e-09	-4.616039e+01	-3.393889e+02
3.400000e-07	-6.371224e-06	-5.164229e-09	-4.549494e+01	-3.383509e+02
3.500000e-07	-6.275827e-06	-5.163001e-09	-4.481374e+01	-3.377507e+02
3.600000e-07	-6.178098e-06	-5.124258e-09	-4.411588e+01	-3.374375e+02
3.700000e-07	-6.078099e-06	-5.117380e-09	-4.340182e+01	-3.371104e+02
3.800000e-07	-5.975919e-06	-5.127563e-09	-4.267219e+01	-3.364757e+02
3.900000e-07	-5.871548e-06	-5.104437e-09	-4.192691e+01	-3.353965e+02
4.000000e-07	-5.765126e-06	-5.078986e-09	-4.116698e+01	-3.339561e+02
4.100000e-07	-5.656720e-06	-5.045114e-09	-4.039289e+01	-3.324041e+02
4.200000e-07	-5.546266e-06	-5.049712e-09	-3.960417e+01	-3.310161e+02
4.300000e-07	-5.433706e-06	-5.018338e-09	-3.880042e+01	-3.299431e+02
4.400000e-07	-5.319045e-06	-4.987855e-09	-3.798166e+01	-3.291327e+02
4.500000e-07	-5.202359e-06	-4.977672e-09	-3.714843e+01	-3.283636e+02
4.600000e-07	-5.083731e-06	-4.976163e-09	-3.630135e+01	-3.273715e+02
4.700000e-07	-4.963237e-06	-4.941344e-09	-3.544094e+01	-3.259990e+02
4.800000e-07	-4.840937e-06	-4.902878e-09	-3.456763e+01	-3.242831e+02
4.900000e-07	-4.716909e-06	-4.899866e-09	-3.368198e+01	-3.224331e+02
5.000000e-07	-4.591223e-06	-4.887511e-09	-3.278450e+01	-3.207111e+02
5.100000e-07	-4.463892e-06	-4.855550e-09	-3.187527e+01	-3.192808e+02
5.200000e-07	-4.334894e-06	-4.818715e-09	-3.095413e+01	-3.181093e+02
5.300000e-07	-4.204240e-06	-4.809683e-09	-3.002117e+01	-3.169810e+02
5.400000e-07	-4.072029e-06	-4.787034e-09	-2.907710e+01	-3.156145e+02
5.500000e-07	-3.938295e-06	-4.752170e-09	-2.812214e+01	-3.138226e+02
5.600000e-07	-3.803009e-06	-4.723463e-09	-2.715611e+01	-3.116219e+02
5.700000e-07	-3.666203e-06	-4.701535e-09	-2.617922e+01	-3.092304e+02
5.800000e-07	-3.527974e-06	-4.664059e-09	-2.519217e+01	-3.069481e+02
5.900000e-07	-3.388334e-06	-4.618121e-09	-2.419505e+01	-3.049850e+02
6.000000e-07	-3.247226e-06	-4.591236e-09	-2.318743e+01	-3.033330e+02
6.100000e-07	-3.104694e-06	-4.566012e-09	-2.216966e+01	-3.017562e+02
6.200000e-07	-2.960913e-06	-4.532910e-09	-2.114296e+01	-2.999126e+02
6.300000e-07	-2.816076e-06	-4.493553e-09	-2.010872e+01	-2.975438e+02
6.400000e-07	-2.670287e-06	-4.461216e-09	-1.906769e+01	-2.946286e+02
6.500000e-07	-2.523632e-06	-4.424545e-09	-1.802048e+01	-2.914079e+02
6.600000e-07	-2.376111e-06	-4.380955e-09	-1.696707e+01	-2.882599e+02
6.700000e-07	-2.227827e-06	-4.335128e-09	-1.590822e+01	-2.854840e+02
6.800000e-07	-2.078839e-06	-4.286776e-09	-1.484435e+01	-2.831131e+02
6.900000e-07	-1.929112e-06	-4.238528e-09	-1.377519e+01	-2.808627e+02
7.000000e-07	-1.778722e-06	-4.186344e-09	-1.270130e+01	-2.782598e+02
7.100000e-07	-1.627744e-06	-4.133205e-09	-1.162322e+01	-2.748932e+02
7.200000e-07	-1.476238e-06	-4.078443e-09	-1.054136e+01	-2.706520e+02
7.300000e-07	-1.324233e-06	-4.024744e-09	-9.455940e+00	-2.658143e+02
7.400000e-07	-1.171753e-06	-3.965963e-09	-8.367129e+00	-2.609178e+02
7.500000e-07	-1.018860e-06	-3.899404e-09	-7.275362e+00	-2.564604e+02
7.600000e-07	-8.656256e-07	-3.830607e-09	-6.181164e+00	-2.525819e+02
7.700000e-07	-7.120673e-07	-3.757197e-09	-5.084652e+00	-2.489033e+02
7.800000e-07	-5.582098e-07	-3.672625e-09	-3.986003e+00	-2.446363e+02
7.900000e-07	-4.041242e-07	-3.572195e-09	-2.885726e+00	-2.389339e+02
8.000000e-07	-2.498913e-07	-3.463808e-09	-1.784397e+00	-2.313160e+02
8.100000e-07	-9.554665e-08	-3.346068e-09	-6.822691e-01	-2.219358e+02
8.200000e-07	5.887886e-08	-3.212366e-09	4.204357e-01	-2.115021e+02
8.300000e-07	2.133009e-07	-3.057753e-09	1.523116e+00	-2.008324e+02
8.400000e-07	3.677022e-07	-2.879766e-09	2.625648e+00	-1.902044e+02
8.500000e-07	5.220630e-07	-2.670254e-09	3.727890e+00	-1.788115e+02
8.600000e-07	6.762609e-07	-2.415294e-09	4.828970e+00	-1.646306e+02
8.700000e-07	8.302291e-07	-2.100993e-09	5.928409e+00	-1.448636e+02
8.800000e-07	9.839138e-07	-1.704661e-09	7.025824e+00	-1.168677e+02
8.900000e-07	1.137184e-06	-1.193049e-09	8.120280e+00	-7.925507e+01
9.000000e-07	1.290032e-06	-5.230343e-10	9.211720e+00	-3.272495e+01
9.100000e-07	1.442444e-06	3.129577e-10	1.030004e+01	1.974309e+01
9.200000e-07	1.594309e-06	1.227064e-09	1.138447e+01	7.347403e+01
9.300000e-07	1.745616e-06	2.038440e-09	1.246491e+01	1.232964e+02
9.400000e-07	1.896265e-06	2.625272e-09	1.354064e+01	1.649417e+02
9.500000e-07	2.046147e-06	3.010717e-09	1.461090e+01	1.961457e+02
9.600000e-07	2.195271e-06	3.272726e-09	1.567575e+01	2.170664e+02
9.700000e-07	2.343587e-06	3.469943e-09	1.673483e+01	2.299057e+02
9.800000e-07	2.491107e-06	3.630195e-09	1.778822e+01	2.379251e+02
9.900000e-07	2.637764e-06	3.769778e-09	1.883546e+01	2.442634e+02
1.000000e-06	2.783377e-06	3.889247e-09	1.987523e+01	2.510062e+02
1.010000e-06	2.927930e-06	3.995702e-09	2.090745e+01	2.588124e+02
1.020000e-06	3.071348e-06	4.093397e-09	2.193155e+01	2.671485e+02
1.030000e-06	3.213564e-06	4.186367e-09	2.294706e+01	2.749333e+02
1.040000e-06	3.354532e-06	4.269748e-09	2.395367e+01	2.812547e+02
1.050000e-06	3.494167e-06	4.343051e-09	2.495077e+01	2.858411e+02
1.060000e-06	3.632475e-06	4.412548e-09	2.593838e+01	2.891250e+02
1.070000e-06	3.769404e-06	4.476987e-09	2.691615e+01	2.919433e+02
1.080000e-06	3.904894e-06	4.534736e-09	2.788364e+01	2.950770e+02
1.090000e-06	4.039015e-06	4.585019e-09	2.884136e+01	2.988800e+02
1.100000e-06	4.171758e-06	4.631159e-09	2.978923e+01	3.031695e+02
1.110000e-06	4.302979e-06	4.673829e-09	3.072624e+01	3.073997e+02
1.120000e-06	4.432633e-06	4.715821e-09	3.165206e+01	3.109970e+02
1.130000e-06	4.560704e-06	4.756107e-09	3.256658e+01	3.136717e+02
1.140000e-06	4.687186e-06	4.793926e-09	3.346975e+01	3.155472e+02
1.150000e-06	4.812091e-06	4.828923e-09	3.436166e+01	3.170620e+02
1.160000e-06	4.935356e-06	4.862584e-09	3.524185e+01	3.187167e+02
1.170000e-06	5.056879e-06	4.894047e-09	3.610961e+01	3.208112e+02
1.180000e-06	5.176588e-06	4.922147e-09	3.696442e+01	3.233107e+02
1.190000e-06	5.294416e-06	4.947674e-09	3.780578e+01	3.258987e+02
1.200000e-06	5.410242e-06	4.973283e-09	3.863287e+01	3.281743e+02
1.210000e-06	5.523895e-06	4.996571e-09	3.944442e+01	3.298776e+02
1.220000e-06	5.635391e-06	5.017987e-09	4.024058e+01	3.310234e+02
1.230000e-06	5.744905e-06	5.039535e-09	4.102259e+01	3.318775e+02
1.240000e-06	5.852459e-06	5.060315e-09	4.179060e+01	3.327988e+02
1.250000e-06	5.957885e-06	5.078567e-09	4.254341e+01	3.340420e+02
1.260000e-06	6.061059e-06	5.095693e-09	4.328014e+01	3.356269e+02
1.270000e-06	6.161998e-06	5.112423e-09	4.400092e+01	3.373427e+02
1.280000e-06	6.260652e-06	5.129202e-09	4.470538e+01	3.388760e+02
1.290000e-06	6.356909e-06	5.145971e-09	4.539272e+01	3.399891e+02
1.300000e-06	6.450879e-06	5.161519e-09	4.606373e+01	3.406483e+02
1.310000e-06	6.542639e-06	5.173222e-09	4.671896e+01	3.410366e+02
1.320000e-06	6.632007e-06	5.182403e-09	4.735711e+01	3.414480e+02
1.330000e-06	6.718955e-06	5.193540e-09	4.797798e+01	3.421256e+02
1.340000e-06	6.803616e-06	5.206339e-09	4.858252e+01	3.431334e+02
1.350000e-06	6.885849e-06	5.219638e-09	4.916972e+01	3.443295e+02
1.360000e-06	6.965521e-06	5.231510e-09	4.973863e+01	3.454514e+02
1.370000e-06	7.042692e-06	5.241807e-09	5.028968e+01	3.462648e+02
1.380000e-06	7.117201e-06	5.251000e-09	5.082173e+01	3.466910e+02
1.390000e-06	7.188995e-06	5.259511e-09	5.133439e+01	3.468474e+02
1.400000e-06	7.258303e-06	5.268314e-09	5.182929e+01	3.469799e+02
1.410000e-06	7.325057e-06	5.277359e-09	5.230597e+01	3.473274e+02
1.420000e-06	7.389109e-06	5.285808e-09	5.276334e+01	3.479936e+02
1.430000e-06	7.450656e-06	5.292869e-09	5.320283e+01	3.488951e+02
1.440000e-06	7.509725e-06	5.299985e-09	5.362462e+01	3.498108e+02
1.450000e-06	7.566110e-06	5.307476e-09	5.402725e+01	3.505044e+02
1.460000e-06	7.619760e-06	5.314423e-09	5.441035e+01	3.508515e+02
1.470000e-06	7.670324e-06	5.320561e-09	5.477141e+01	3.509028e+02
1.480000e-06	7.717734e-06	5.326424e-09	5.510995e+01	3.508518e+02
1.490000e-06	7.762446e-06	5.331181e-09	5.542923e+01	3.509261e+02
1.500000e-06	7.804446e-06	5.333756e-09	5.572914e+01	3.512645e+02
1.510000e-06	7.843622e-06	5.336372e-09	5.600888e+01	3.518447e+02
1.520000e-06	7.880078e-06	5.341456e-09	5.626920e+01	3.525004e+02
1.530000e-06	7.913719e-06	5.347907e-09	5.650942e+01	3.530157e+02
1.540000e-06	7.944476e-06	5.354053e-09	5.672904e+01	3.532431e+02
1.550000e-06	7.972465e-06	5.358235e-09	5.692891e+01	3.531811e+02
1.560000e-06	7.997553e-06	5.360911e-09	5.710805e+01	3.529705e+02
1.570000e-06	8.019732e-06	5.363283e-09	5.726643e+01	3.528142e+02
1.580000e-06	8.039149e-06	5.365217e-09	5.740508e+01	3.528650e+02
1.590000e-06	8.055598e-06	5.366466e-09	5.752253e+01	3.531460e+02
1.600000e-06	8.069018e-06	5.367277e-09	5.761836e+01	3.535429e+02
1.610000e-06	8.079325e-06	5.369599e-09	5.769196e+01	3.538725e+02
1.620000e-06	8.086531e-06	5.373062e-09	5.774341e+01	3.539866e+02
1.630000e-06	8.090901e-06	5.375939e-09	5.777462e+01	3.538528e+02
1.640000e-06	8.092321e-06	5.379778e-09	5.778476e+01	3.535679e+02
1.650000e-06	8.090911e-06	5.381737e-09	5.777469e+01	3.532999e+02
1.660000e-06	8.086936e-06	5.370845e-09	5.774631e+01	3.531899e+02
1.670000e-06	8.080222e-06	5.372100e-09	5.769837e+01	3.532728e+02
1.680000e-06	8.070802e-06	5.373581e-09	5.763110e+01	3.534595e+02
1.690000e-06	8.058615e-06	5.369422e-09	5.754408e+01	3.535900e+02
1.700000e-06	8.043559e-06	5.370915e-09	5.743656e+01	3.535269e+02
1.710000e-06	8.025959e-06	5.382430e-09	5.731089e+01	3.532349e+02
1.720000e-06	8.006018e-06	5.411844e-09	5.716850e+01	3.528008e+02
1.730000e-06	7.983381e-06	5.313508e-09	5.700685e+01	3.523833e+02
1.740000e-06	7.957448e-06	5.275826e-09	5.682167e+01	3.521198e+02
1.750000e-06	7.927858e-06	5.376737e-09	5.661038e+01	3.520459e+02
1.760000e-06	7.894973e-06	5.365495e-09	5.637556e+01	3.520738e+02
1.770000e-06	7.859633e-06	5.301540e-09	5.612321e+01	3.520437e+02
1.780000e-06	7.821943e-06	5.369234e-09	5.585408e+01	3.518207e+02
1.790000e-06	7.782014e-06	5.486280e-09	5.556895e+01	3.513804e+02
1.800000e-06	7.740140e-06	5.235328e-09	5.526994e+01	3.508337e+02
1.810000e-06	7.695748e-06	5.339104e-09	5.495295e+01	3.503700e+02
1.820000e-06	7.648527e-06	5.391562e-09	5.461577e+01	3.501494e+02
1.830000e-06	7.598473e-06	5.238803e-09	5.425834e+01	3.502005e+02
1.840000e-06	7.545330e-06	5.444576e-09	5.387887e+01	3.503852e+02
1.850000e-06	7.489355e-06	5.299638e-09	5.347916e+01	3.504548e+02
1.860000e-06	7.430654e-06	5.406564e-09	5.306000e+01	3.501733e+02
1.870000e-06	7.369208e-06	5.361439e-09	5.262123e+01	3.494454e+02
1.880000e-06	7.305059e-06	5.239085e-09	5.216316e+01	3.483780e+02
1.890000e-06	7.238022e-06	5.373122e-09	5.168447e+01	3.472397e+02
1.900000e-06	7.168146e-06	5.250172e-09	5.118552e+01	3.463321e+02
1.910000e-06	7.095502e-06	5.326049e-09	5.066678e+01	3.458372e+02
1.920000e-06	7.020181e-06	5.252124e-09	5.012894e+01	3.457200e+02
1.930000e-06	6.942115e-06	5.280051e-09	4.957150e+01	3.457389e+02
1.940000e-06	6.861322e-06	5.283175e-09	4.899458e+01	3.455625e+02
1.950000e-06	6.778001e-06	5.191639e-09	4.839960e+01	3.449350e+02
1.960000e-06	6.692112e-06	5.292244e-09	4.778630e+01	3.438065e+02
1.970000e-06	6.603777e-06	5.217264e-09	4.715553e+01	3.423599e+02
1.980000e-06	6.513137e-06	5.236834e-09	4.650830e+01	3.409199e+02
1.990000e-06	6.420220e-06	5.178756e-09	4.584480e+01	3.397897e+02
2.000000e-06	6.324947e-06	5.190557e-09	4.516449e+01	3.391002e+02
2.010000e-06	6.227406e-06	5.186030e-09	4.446798e+01	3.387471e+02
2.020000e-06	6.127639e-06	5.137768e-09	4.375558e+01	3.384499e+02
2.030000e-06	6.025582e-06	5.146634e-09	4.302682e+01	3.378990e+02
2.040000e-06	5.921416e-06	5.121646e-09	4.228300e+01	3.369147e+02
2.050000e-06	5.815229e-06	5.146660e-09	4.152475e+01	3.355338e+02
2.060000e-06	5.707060e-06	5.092738e-09	4.075235e+01	3.339802e+02
2.070000e-06	5.596866e-06	5.099383e-09	3.996549e+01	3.325374e+02
2.080000e-06	5.484619e-06	5.082007e-09	3.916397e+01	3.313934e+02
2.090000e-06	5.370275e-06	5.057866e-09	3.834747e+01	3.305404e+02
2.100000e-06	5.253865e-06	5.016107e-09	3.751623e+01	3.297848e+02
2.110000e-06	5.135517e-06	5.015396e-09	3.667114e+01	3.288586e+02
2.120000e-06	5.015272e-06	5.021470e-09	3.581250e+01	3.275709e+02
2.130000e-06	4.893166e-06	4.987426e-09	3.494058e+01	3.259147e+02
2.140000e-06	4.769248e-06	4.960287e-09	3.405573e+01	3.240701e+02
2.150000e-06	4.643664e-06	4.938343e-09	3.315897e+01	3.223007e+02
2.160000e-06	4.516383e-06	4.930219e-09	3.225009e+01	3.208025e+02
2.170000e-06	4.387446e-06	4.884582e-09	3.132940e+01	3.195880e+02
2.180000e-06	4.256950e-06	4.864236e-09	3.039756e+01	3.184735e+02
2.190000e-06	4.124890e-06	4.841400e-09	2.945457e+01	3.171786e+02
2.200000e-06	3.991257e-06	4.819639e-09	2.850033e+01	3.154835e+02
2.210000e-06	3.856090e-06	4.778213e-09	2.753514e+01	3.133570e+02
2.220000e-06	3.719472e-06	4.761158e-09	2.655960e+01	3.109806e+02
2.230000e-06	3.581388e-06	4.747210e-09	2.557359e+01	3.086508e+02
2.240000e-06	3.441896e-06	4.716807e-09	2.457752e+01	3.066108e+02
2.250000e-06	3.301075e-06	4.680534e-09	2.357196e+01	3.049045e+02
2.260000e-06	3.158966e-06	4.644161e-09	2.255720e+01	3.033388e+02
2.270000e-06	3.015638e-06	4.609829e-09	2.153374e+01	3.015791e+02
2.280000e-06	2.871269e-06	4.566143e-09	2.050284e+01	2.993335e+02
2.290000e-06	2.725892e-06	4.532354e-09	1.946475e+01	2.965222e+02
2.300000e-06	2.579481e-06	4.497807e-09	1.841928e+01	2.933361e+02
2.310000e-06	2.432160e-06	4.463363e-09	1.736730e+01	2.901404e+02
2.320000e-06	2.284038e-06	4.421205e-09	1.630961e+01	2.872703e+02
2.330000e-06	2.135111e-06	4.379307e-09	1.524617e+01	2.848258e+02
2.340000e-06	1.985407e-06	4.333739e-09	1.417718e+01	2.825855e+02
2.350000e-06	1.835031e-06	4.285394e-09	1.310339e+01	2.800983e+02
2.360000e-06	1.684069e-06	4.234775e-09	1.202541e+01	2.769169e+02
2.370000e-06	1.532593e-06	4.178679e-09	1.094378e+01	2.728517e+02
2.380000e-06	1.380664e-06	4.118005e-09	9.858895e+00	2.681009e+02
2.390000e-06	1.228304e-06	4.055721e-09	8.770942e+00	2.631676e+02
2.400000e-06	1.075511e-06	3.989809e-09	7.679892e+00	2.585874e+02
2.410000e-06	9.223868e-07	3.919463e-09	6.586478e+00	2.545980e+02
2.420000e-06	7.689992e-07	3.846274e-09	5.491186e+00	2.509324e+02
2.430000e-06	6.153555e-07	3.768892e-09	4.394063e+00	2.468667e+02
2.440000e-06	4.615009e-07	3.683140e-09	3.295435e+00	2.415299e+02
2.450000e-06	3.074764e-07	3.585589e-09	2.195594e+00	2.343319e+02
2.460000e-06	1.532885e-07	3.476565e-09	1.094586e+00	2.252833e+02
2.470000e-06	-1.053804e-09	3.346808e-09	-7.524888e-03	2.150002e+02
2.480000e-06	-1.553956e-07	3.193310e-09	-1.109632e+00	2.043284e+02
2.490000e-06	-3.096558e-07	3.015480e-09	-2.211156e+00	1.937161e+02
2.500000e-06	-4.638018e-07	2.812029e-09	-3.311865e+00	1.826179e+02
2.510000e-06	-6.177911e-07	2.572137e-09	-4.411455e+00	1.692544e+02
2.520000e-06	-7.716539e-07	2.279275e-09	-5.510142e+00	1.509284e+02
2.530000e-06	-9.252720e-07	1.913634e-09	-6.607081e+00	1.248705e+02
2.540000e-06	-1.078522e-06	1.440196e-09	-7.701390e+00	8.933821e+01
2.550000e-06	-1.231343e-06	8.198096e-10	-8.792639e+00	4.454138e+01
2.560000e-06	-1.383691e-06	2.960051e-11	-9.880513e+00	-7.005914e+00
2.570000e-06	-1.535566e-06	-8.813376e-10	-1.096500e+01	-6.090694e+01
2.580000e-06	-1.686931e-06	-1.752710e-09	-1.204586e+01	-1.119779e+02
2.590000e-06	-1.837709e-06	-2.425610e-09	-1.312251e+01	-1.556470e+02
2.600000e-06	-1.987803e-06	-2.874467e-09	-1.419428e+01	-1.891578e+02
2.610000e-06	-2.137073e-06	-3.168955e-09	-1.526018e+01	-2.121551e+02
2.620000e-06	-2.285516e-06	-3.379535e-09	-1.632016e+01	-2.264703e+02
2.630000e-06	-2.433142e-06	-3.545677e-09	-1.737432e+01	-2.352378e+02
2.640000e-06	-2.579854e-06	-3.689415e-09	-1.842194e+01	-2.417156e+02
2.650000e-06	-2.725611e-06	-3.819814e-09	-1.946274e+01	-2.482681e+02
2.660000e-06	-2.870329e-06	-3.935941e-09	-2.049613e+01	-2.558595e+02
2.670000e-06	-3.013915e-06	-4.039734e-09	-2.152143e+01	-2.641667e+02
2.680000e-06	-3.156260e-06	-4.134887e-09	-2.253788e+01	-2.721626e+02
2.690000e-06	-3.297375e-06	-4.221461e-09	-2.354553e+01	-2.788469e+02
2.700000e-06	-3.437236e-06	-4.298266e-09	-2.454424e+01	-2.837908e+02
2.710000e-06	-3.575730e-06	-4.367454e-09	-2.553318e+01	-2.872911e+02
2.720000e-06	-3.712874e-06	-4.432726e-09	-2.651248e+01	-2.901354e+02
2.730000e-06	-3.848642e-06	-4.493880e-09	-2.748196e+01	-2.931541e+02
2.740000e-06	-3.982985e-06	-4.551196e-09	-2.844126e+01	-2.968125e+02
2.750000e-06	-4.115954e-06	-4.607090e-09	-2.939075e+01	-3.010367e+02
2.760000e-06	-4.247461e-06	-4.659551e-09	-3.032980e+01	-3.053331e+02
2.770000e-06	-4.377483e-06	-4.709075e-09	-3.125825e+01	-3.091044e+02
2.780000e-06	-4.506064e-06	-4.757021e-09	-3.217641e+01	-3.119813e+02
2.790000e-06	-4.633093e-06	-4.800953e-09	-3.308349e+01	-3.139993e+02
2.800000e-06	-4.758535e-06	-4.839988e-09	-3.397922e+01	-3.155477e+02
2.810000e-06	-4.882299e-06	-4.874801e-09	-3.486298e+01	-3.171379e+02
2.820000e-06	-5.004319e-06	-4.908296e-09	-3.573429e+01	-3.191299e+02
2.830000e-06	-5.124532e-06	-4.939090e-09	-3.659270e+01	-3.215628e+02
2.840000e-06	-5.242752e-06	-4.966569e-09	-3.743687e+01	-3.241671e+02
2.850000e-06	-5.358843e-06	-4.993654e-09	-3.826584e+01	-3.265400e+02
2.860000e-06	-5.472738e-06	-5.020571e-09	-3.907913e+01	-3.283756e+02
2.870000e-06	-5.584455e-06	-5.046779e-09	-3.987687e+01	-3.296261e+02
2.880000e-06	-5.694089e-06	-5.073903e-09	-4.065973e+01	-3.305133e+02
2.890000e-06	-5.801764e-06	-5.101019e-09	-4.142860e+01	-3.313932e+02
2.900000e-06	-5.907453e-06	-5.124415e-09	-4.218329e+01	-3.325575e+02
2.910000e-06	-6.010977e-06	-5.141135e-09	-4.292253e+01	-3.340812e+02
2.920000e-06	-6.112234e-06	-5.156469e-09	-4.364557e+01	-3.357953e+02
2.930000e-06	-6.211244e-06	-5.173416e-09	-4.435257e+01	-3.373936e+02
2.940000e-06	-6.308053e-06	-5.189588e-09	-4.504385e+01	-3.386084e+02
2.950000e-06	-6.402574e-06	-5.203732e-09	-4.571880e+01	-3.393566e+02
2.960000e-06	-6.494731e-06	-5.217012e-09	-4.637686e+01	-3.397804e+02
2.970000e-06	-6.584613e-06	-5.232869e-09	-4.701868e+01	-3.401630e+02
2.980000e-06	-6.672189e-06	-5.247525e-09	-4.764404e+01	-3.407716e+02
2.990000e-06	-6.757283e-06	-5.259780e-09	-4.825167e+01	-3.417149e+02
3.000000e-06	-6.839960e-06	-5.269024e-09	-4.884204e+01	-3.428914e+02
3.010000e-06	-6.920247e-06	-5.277161e-09	-4.941534e+01	-3.440530e+02
3.020000e-06	-6.997870e-06	-5.287858e-09	-4.996962e+01	-3.449465e+02
3.030000e-06	-7.072720e-06	-5.298104e-09	-5.050411e+01	-3.454529e+02
3.040000e-06	-7.144965e-06	-5.306704e-09	-5.101998e+01	-3.456497e+02
3.050000e-06	-7.214613e-06	-5.313983e-09	-5.151732e+01	-3.457655e+02
3.060000e-06	-7.281684e-06	-5.323056e-09	-5.199626e+01	-3.460529e+02
3.070000e-06	-7.346283e-06	-5.332268e-09	-5.245753e+01	-3.466523e+02
3.080000e-06	-7.408295e-06	-5.339699e-09	-5.290034e+01	-3.475196e+02
3.090000e-06	-7.467644e-06	-5.347862e-09	-5.332413e+01	-3.484546e+02
3.100000e-06	-7.524308e-06	-5.357179e-09	-5.372875e+01	-3.492123e+02
3.110000e-06	-7.578189e-06	-5.362774e-09	-5.411350e+01	-3.496363e+02
3.120000e-06	-7.629145e-06	-5.366709e-09	-5.447736e+01	-3.497390e+02
3.130000e-06	-7.676980e-06	-5.372663e-09	-5.481894e+01	-3.496906e+02
3.140000e-06	-7.722018e-06	-5.378629e-09	-5.514054e+01	-3.497225e+02
3.150000e-06	-7.764591e-06	-5.383283e-09	-5.544454e+01	-3.500011e+02
3.160000e-06	-7.804532e-06	-5.388320e-09	-5.572975e+01	-3.505403e+02
3.170000e-06	-7.841689e-06	-5.393996e-09	-5.599507e+01	-3.511989e+02
3.180000e-06	-7.876045e-06	-5.397069e-09	-5.624040e+01	-3.517615e+02
3.190000e-06	-7.907500e-06	-5.397865e-09	-5.646501e+01	-3.520569e+02
3.200000e-06	-7.935978e-06	-5.397762e-09	-5.666836e+01	-3.520499e+02
3.210000e-06	-7.961650e-06	-5.398707e-09	-5.685168e+01	-3.518553e+02
3.220000e-06	-7.984498e-06	-5.401071e-09	-5.701483e+01	-3.516719e+02
3.230000e-06	-8.004486e-06	-5.403326e-09	-5.715756e+01	-3.516720e+02
3.240000e-06	-8.021619e-06	-5.403787e-09	-5.727990e+01	-3.519100e+02
3.250000e-06	-8.035615e-06	-5.403110e-09	-5.737984e+01	-3.522974e+02
3.260000e-06	-8.046444e-06	-5.402020e-09	-5.745716e+01	-3.526574e+02
3.270000e-06	-8.054342e-06	-5.402138e-09	-5.751357e+01	-3.528259e+02
3.280000e-06	-8.059345e-06	-5.402375e-09	-5.754929e+01	-3.527417e+02
3.290000e-06	-8.061529e-06	-5.400097e-09	-5.756488e+01	-3.524769e+02
3.300000e-06	-8.060917e-06	-5.397231e-09	-5.756052e+01	-3.521917e+02
