# Temperatura_=_20.0
# Concentracion g/m^3_=_6200.0
# C_Vs_to_Am_M_A/Vsm_=_65563218390.804596
# pendiente_HvsI_1/m_=_3716.3
# ordenada_HvsI_A/m_=_1297.0
# frecuencia_Hz_=_301529.61855958245

Tiempo_(s)	Campo_(V.s)	Magnetizacion_(V.s)	Campo_(kA/m)	Magnetizacion_(A/m)
0.000000e+00	-4.642239e-06	-4.306739e-09	-3.466354e+01	-2.826682e+02
1.000000e-08	-4.641041e-06	-4.313261e-09	-3.465459e+01	-2.828070e+02
2.000000e-08	-4.638139e-06	-4.314582e-09	-3.463292e+01	-2.828740e+02
3.000000e-08	-4.633778e-06	-4.313480e-09	-3.460036e+01	-2.828656e+02
4.000000e-08	-4.628074e-06	-4.313812e-09	-3.455776e+01	-2.827986e+02
5.000000e-08	-4.620978e-06	-4.312369e-09	-3.450478e+01	-2.827041e+02
6.000000e-08	-4.612452e-06	-4.309739e-09	-3.444112e+01	-2.826161e+02
7.000000e-08	-4.602199e-06	-4.304283e-09	-3.436456e+01	-2.825587e+02
8.000000e-08	-4.590145e-06	-4.282689e-09	-3.427455e+01	-2.825368e+02
9.000000e-08	-4.576253e-06	-4.314793e-09	-3.417082e+01	-2.825333e+02
1.000000e-07	-4.560113e-06	-4.378601e-09	-3.405030e+01	-2.825146e+02
1.100000e-07	-4.541897e-06	-4.353044e-09	-3.391428e+01	-2.824418e+02
1.200000e-07	-4.522234e-06	-4.340226e-09	-3.376746e+01	-2.822831e+02
1.300000e-07	-4.501369e-06	-4.257926e-09	-3.361166e+01	-2.820249e+02
1.400000e-07	-4.479360e-06	-4.193292e-09	-3.344732e+01	-2.816744e+02
1.500000e-07	-4.456065e-06	-4.405216e-09	-3.327338e+01	-2.812555e+02
1.600000e-07	-4.431413e-06	-4.297327e-09	-3.308930e+01	-2.807986e+02
1.700000e-07	-4.405349e-06	-4.152323e-09	-3.289468e+01	-2.803285e+02
1.800000e-07	-4.377543e-06	-4.374758e-09	-3.268705e+01	-2.798562e+02
1.900000e-07	-4.348091e-06	-4.250528e-09	-3.246714e+01	-2.793778e+02
2.000000e-07	-4.317351e-06	-4.153793e-09	-3.223760e+01	-2.788796e+02
2.100000e-07	-4.285180e-06	-4.372668e-09	-3.199738e+01	-2.783489e+02
2.200000e-07	-4.251202e-06	-4.237565e-09	-3.174367e+01	-2.777829e+02
2.300000e-07	-4.215679e-06	-4.150116e-09	-3.147841e+01	-2.771929e+02
2.400000e-07	-4.178754e-06	-4.282110e-09	-3.120269e+01	-2.766008e+02
2.500000e-07	-4.140247e-06	-4.191921e-09	-3.091516e+01	-2.760293e+02
2.600000e-07	-4.100308e-06	-4.222948e-09	-3.061694e+01	-2.754903e+02
2.700000e-07	-4.058743e-06	-4.250679e-09	-3.030658e+01	-2.749779e+02
2.800000e-07	-4.015506e-06	-4.166544e-09	-2.998373e+01	-2.744682e+02
2.900000e-07	-3.970818e-06	-4.171875e-09	-2.965004e+01	-2.739282e+02
3.000000e-07	-3.924705e-06	-4.161141e-09	-2.930572e+01	-2.733285e+02
3.100000e-07	-3.877210e-06	-4.160842e-09	-2.895108e+01	-2.726552e+02
3.200000e-07	-3.827959e-06	-4.189650e-09	-2.858332e+01	-2.719148e+02
3.300000e-07	-3.776823e-06	-4.171510e-09	-2.820148e+01	-2.711303e+02
3.400000e-07	-3.724194e-06	-4.120571e-09	-2.780851e+01	-2.703300e+02
3.500000e-07	-3.670233e-06	-4.090793e-09	-2.740558e+01	-2.695346e+02
3.600000e-07	-3.615087e-06	-4.120750e-09	-2.699380e+01	-2.687482e+02
3.700000e-07	-3.558881e-06	-4.109945e-09	-2.657412e+01	-2.679575e+02
3.800000e-07	-3.501238e-06	-4.073224e-09	-2.614370e+01	-2.671394e+02
3.900000e-07	-3.442055e-06	-4.074233e-09	-2.570177e+01	-2.662724e+02
4.000000e-07	-3.381667e-06	-4.056252e-09	-2.525086e+01	-2.653467e+02
4.100000e-07	-3.320140e-06	-4.052288e-09	-2.479144e+01	-2.643673e+02
4.200000e-07	-3.257501e-06	-4.018971e-09	-2.432371e+01	-2.633498e+02
4.300000e-07	-3.193887e-06	-4.001183e-09	-2.384871e+01	-2.623105e+02
4.400000e-07	-3.129191e-06	-4.011510e-09	-2.336562e+01	-2.612569e+02
4.500000e-07	-3.063022e-06	-3.971994e-09	-2.287154e+01	-2.601842e+02
4.600000e-07	-2.995629e-06	-3.946037e-09	-2.236832e+01	-2.590783e+02
4.700000e-07	-2.927429e-06	-3.953350e-09	-2.185907e+01	-2.579249e+02
4.800000e-07	-2.858363e-06	-3.947405e-09	-2.134336e+01	-2.567191e+02
4.900000e-07	-2.788253e-06	-3.896210e-09	-2.081984e+01	-2.554696e+02
5.000000e-07	-2.717106e-06	-3.865859e-09	-2.028859e+01	-2.541946e+02
5.100000e-07	-2.645202e-06	-3.876406e-09	-1.975169e+01	-2.529119e+02
5.200000e-07	-2.572359e-06	-3.857303e-09	-1.920777e+01	-2.516269e+02
5.300000e-07	-2.498175e-06	-3.819400e-09	-1.865384e+01	-2.503261e+02
5.400000e-07	-2.422755e-06	-3.802447e-09	-1.809068e+01	-2.489800e+02
5.500000e-07	-2.346457e-06	-3.787983e-09	-1.752096e+01	-2.475544e+02
5.600000e-07	-2.269364e-06	-3.753965e-09	-1.694531e+01	-2.460256e+02
5.700000e-07	-2.191274e-06	-3.724460e-09	-1.636221e+01	-2.443909e+02
5.800000e-07	-2.112060e-06	-3.712607e-09	-1.577072e+01	-2.426707e+02
5.900000e-07	-2.031894e-06	-3.688266e-09	-1.517213e+01	-2.408987e+02
6.000000e-07	-1.951019e-06	-3.652115e-09	-1.456823e+01	-2.391052e+02
6.100000e-07	-1.869443e-06	-3.629673e-09	-1.395911e+01	-2.373020e+02
6.200000e-07	-1.787178e-06	-3.605323e-09	-1.334483e+01	-2.354757e+02
6.300000e-07	-1.704359e-06	-3.567060e-09	-1.272642e+01	-2.335929e+02
6.400000e-07	-1.621007e-06	-3.531157e-09	-1.210404e+01	-2.316150e+02
6.500000e-07	-1.537147e-06	-3.508737e-09	-1.147785e+01	-2.295157e+02
6.600000e-07	-1.452968e-06	-3.478140e-09	-1.084929e+01	-2.272910e+02
6.700000e-07	-1.368476e-06	-3.436225e-09	-1.021839e+01	-2.249586e+02
6.800000e-07	-1.283492e-06	-3.400819e-09	-9.583821e+00	-2.225448e+02
6.900000e-07	-1.198028e-06	-3.364698e-09	-8.945655e+00	-2.200679e+02
7.000000e-07	-1.112199e-06	-3.323435e-09	-8.304775e+00	-2.175245e+02
7.100000e-07	-1.026022e-06	-3.283017e-09	-7.661292e+00	-2.148877e+02
7.200000e-07	-9.395140e-07	-3.245271e-09	-7.015338e+00	-2.121175e+02
7.300000e-07	-8.527465e-07	-3.199573e-09	-6.367447e+00	-2.091785e+02
7.400000e-07	-7.657673e-07	-3.148261e-09	-5.717974e+00	-2.060559e+02
7.500000e-07	-6.786132e-07	-3.100785e-09	-5.067195e+00	-2.027602e+02
7.600000e-07	-5.912437e-07	-3.050782e-09	-4.414808e+00	-1.993187e+02
7.700000e-07	-5.036438e-07	-2.994564e-09	-3.760701e+00	-1.957566e+02
7.800000e-07	-4.159236e-07	-2.935001e-09	-3.105696e+00	-1.920773e+02
7.900000e-07	-3.281174e-07	-2.876206e-09	-2.450048e+00	-1.882522e+02
8.000000e-07	-2.402634e-07	-2.815455e-09	-1.794043e+00	-1.842249e+02
8.100000e-07	-1.523703e-07	-2.751991e-09	-1.137747e+00	-1.799293e+02
8.200000e-07	-6.434295e-08	-2.684299e-09	-4.804479e-01	-1.753107e+02
8.300000e-07	2.375636e-08	-2.610706e-09	1.773884e-01	-1.703416e+02
8.400000e-07	1.118441e-07	-2.530356e-09	8.351382e-01	-1.650206e+02
8.500000e-07	1.999235e-07	-2.443706e-09	1.492826e+00	-1.593573e+02
8.600000e-07	2.879210e-07	-2.350541e-09	2.149902e+00	-1.533479e+02
8.700000e-07	3.758097e-07	-2.249088e-09	2.806166e+00	-1.469554e+02
8.800000e-07	4.636570e-07	-2.140957e-09	3.462121e+00	-1.401032e+02
8.900000e-07	5.514535e-07	-2.026385e-09	4.117696e+00	-1.326858e+02
9.000000e-07	6.390772e-07	-1.906208e-09	4.771980e+00	-1.245891e+02
9.100000e-07	7.264397e-07	-1.774531e-09	5.424315e+00	-1.157094e+02
9.200000e-07	8.135320e-07	-1.627057e-09	6.074632e+00	-1.059591e+02
9.300000e-07	9.003304e-07	-1.460321e-09	6.722755e+00	-9.525354e+01
9.400000e-07	9.868752e-07	-1.275584e-09	7.368983e+00	-8.348804e+01
9.500000e-07	1.073186e-06	-1.075233e-09	8.013466e+00	-7.051984e+01
9.600000e-07	1.159165e-06	-8.552527e-10	8.655466e+00	-5.617355e+01
9.700000e-07	1.244696e-06	-6.115351e-10	9.294127e+00	-4.028031e+01
9.800000e-07	1.329720e-06	-3.441580e-10	9.928997e+00	-2.274663e+01
9.900000e-07	1.414243e-06	-5.432700e-11	1.056013e+01	-3.632905e+00
1.000000e-06	1.498363e-06	2.585204e-10	1.118826e+01	1.678753e+01
1.010000e-06	1.582109e-06	5.849148e-10	1.181359e+01	3.801626e+01
1.020000e-06	1.665310e-06	9.138689e-10	1.243485e+01	5.937842e+01
1.030000e-06	1.747875e-06	1.232527e-09	1.305136e+01	8.012510e+01
1.040000e-06	1.829794e-06	1.527040e-09	1.366304e+01	9.956310e+01
1.050000e-06	1.911034e-06	1.789188e-09	1.426967e+01	1.171747e+02
1.060000e-06	1.991636e-06	2.019099e-09	1.487152e+01	1.326929e+02
1.070000e-06	2.071502e-06	2.222998e-09	1.546787e+01	1.461125e+02
1.080000e-06	2.150485e-06	2.399259e-09	1.605765e+01	1.576399e+02
1.090000e-06	2.228636e-06	2.550656e-09	1.664120e+01	1.676020e+02
1.100000e-06	2.305994e-06	2.683801e-09	1.721883e+01	1.763483e+02
1.110000e-06	2.382571e-06	2.802326e-09	1.779062e+01	1.841745e+02
1.120000e-06	2.458363e-06	2.909577e-09	1.835656e+01	1.912862e+02
1.130000e-06	2.533240e-06	3.010044e-09	1.891567e+01	1.978024e+02
1.140000e-06	2.606968e-06	3.103579e-09	1.946619e+01	2.037852e+02
1.150000e-06	2.679495e-06	3.186280e-09	2.000775e+01	2.092754e+02
1.160000e-06	2.751037e-06	3.258235e-09	2.054195e+01	2.143171e+02
1.170000e-06	2.821704e-06	3.324081e-09	2.106962e+01	2.189643e+02
1.180000e-06	2.891423e-06	3.387505e-09	2.159022e+01	2.232718e+02
1.190000e-06	2.960178e-06	3.447476e-09	2.210361e+01	2.272824e+02
1.200000e-06	3.028020e-06	3.503736e-09	2.261018e+01	2.310191e+02
1.210000e-06	3.094813e-06	3.555001e-09	2.310893e+01	2.344883e+02
1.220000e-06	3.160298e-06	3.601312e-09	2.359790e+01	2.376923e+02
1.230000e-06	3.224475e-06	3.644107e-09	2.407711e+01	2.406435e+02
1.240000e-06	3.287544e-06	3.685487e-09	2.454805e+01	2.433708e+02
1.250000e-06	3.349539e-06	3.723765e-09	2.501096e+01	2.459160e+02
1.260000e-06	3.410465e-06	3.758626e-09	2.546589e+01	2.483212e+02
1.270000e-06	3.470369e-06	3.792572e-09	2.591320e+01	2.506141e+02
1.280000e-06	3.529082e-06	3.826493e-09	2.635161e+01	2.527990e+02
1.290000e-06	3.586314e-06	3.858099e-09	2.677896e+01	2.548602e+02
1.300000e-06	3.642086e-06	3.886581e-09	2.719541e+01	2.567739e+02
1.310000e-06	3.696586e-06	3.914494e-09	2.760236e+01	2.585256e+02
1.320000e-06	3.749825e-06	3.941806e-09	2.799989e+01	2.601218e+02
1.330000e-06	3.801572e-06	3.966751e-09	2.838629e+01	2.615919e+02
1.340000e-06	3.851525e-06	3.989403e-09	2.875928e+01	2.629785e+02
1.350000e-06	3.899770e-06	4.009967e-09	2.911953e+01	2.643212e+02
1.360000e-06	3.946590e-06	4.029448e-09	2.946913e+01	2.656416e+02
1.370000e-06	3.992103e-06	4.048552e-09	2.980898e+01	2.669366e+02
1.380000e-06	4.036401e-06	4.066806e-09	3.013975e+01	2.681837e+02
1.390000e-06	4.079344e-06	4.085102e-09	3.046040e+01	2.693542e+02
1.400000e-06	4.120630e-06	4.104112e-09	3.076869e+01	2.704293e+02
1.410000e-06	4.160419e-06	4.122664e-09	3.106579e+01	2.714097e+02
1.420000e-06	4.198855e-06	4.137937e-09	3.135279e+01	2.723154e+02
1.430000e-06	4.235893e-06	4.149815e-09	3.162936e+01	2.731762e+02
1.440000e-06	4.271587e-06	4.160598e-09	3.189588e+01	2.740173e+02
1.450000e-06	4.305726e-06	4.171618e-09	3.215079e+01	2.748480e+02
1.460000e-06	4.338198e-06	4.182877e-09	3.239327e+01	2.756580e+02
1.470000e-06	4.369180e-06	4.194248e-09	3.262461e+01	2.764239e+02
1.480000e-06	4.398759e-06	4.205021e-09	3.284547e+01	2.771222e+02
1.490000e-06	4.426955e-06	4.215786e-09	3.305601e+01	2.777414e+02
1.500000e-06	4.453540e-06	4.225905e-09	3.325452e+01	2.782894e+02
1.510000e-06	4.478270e-06	4.235237e-09	3.343918e+01	2.787903e+02
1.520000e-06	4.501294e-06	4.243257e-09	3.361110e+01	2.792744e+02
1.530000e-06	4.522830e-06	4.248574e-09	3.377191e+01	2.797640e+02
1.540000e-06	4.543000e-06	4.255115e-09	3.392252e+01	2.802633e+02
1.550000e-06	4.561689e-06	4.262752e-09	3.406207e+01	2.807560e+02
1.560000e-06	4.578667e-06	4.268475e-09	3.418884e+01	2.812117e+02
1.570000e-06	4.593894e-06	4.273015e-09	3.430254e+01	2.815992e+02
1.580000e-06	4.607427e-06	4.277308e-09	3.440359e+01	2.818996e+02
1.590000e-06	4.619215e-06	4.282199e-09	3.449161e+01	2.821149e+02
1.600000e-06	4.628987e-06	4.286338e-09	3.456458e+01	2.822680e+02
1.610000e-06	4.636883e-06	4.289939e-09	3.462354e+01	2.823944e+02
1.620000e-06	4.643207e-06	4.294062e-09	3.467076e+01	2.825289e+02
1.630000e-06	4.648041e-06	4.297087e-09	3.470686e+01	2.826930e+02
1.640000e-06	4.651388e-06	4.298448e-09	3.473185e+01	2.828870e+02
1.650000e-06	4.652975e-06	4.299882e-09	3.474370e+01	2.830911e+02
1.660000e-06	4.652827e-06	4.300985e-09	3.474260e+01	2.832729e+02
1.670000e-06	4.651172e-06	4.297450e-09	3.473024e+01	2.834005e+02
1.680000e-06	4.648091e-06	4.297377e-09	3.470723e+01	2.834541e+02
1.690000e-06	4.643661e-06	4.298889e-09	3.467415e+01	2.834338e+02
1.700000e-06	4.637594e-06	4.298195e-09	3.462885e+01	2.833597e+02
1.710000e-06	4.629824e-06	4.298295e-09	3.457083e+01	2.832644e+02
1.720000e-06	4.620666e-06	4.301798e-09	3.450245e+01	2.831810e+02
1.730000e-06	4.610167e-06	4.319846e-09	3.442405e+01	2.831306e+02
1.740000e-06	4.598214e-06	4.316793e-09	3.433480e+01	2.831142e+02
1.750000e-06	4.584258e-06	4.222621e-09	3.423059e+01	2.831112e+02
1.760000e-06	4.567815e-06	4.233993e-09	3.410781e+01	2.830861e+02
1.770000e-06	4.549164e-06	4.250580e-09	3.396854e+01	2.830002e+02
1.780000e-06	4.529133e-06	4.343540e-09	3.381897e+01	2.828246e+02
1.790000e-06	4.508575e-06	4.397834e-09	3.366547e+01	2.825492e+02
1.800000e-06	4.487122e-06	4.135941e-09	3.350528e+01	2.821848e+02
1.810000e-06	4.463587e-06	4.283159e-09	3.332954e+01	2.817573e+02
1.820000e-06	4.438162e-06	4.439904e-09	3.313969e+01	2.812970e+02
1.830000e-06	4.411612e-06	4.161233e-09	3.294145e+01	2.808265e+02
1.840000e-06	4.383473e-06	4.311974e-09	3.273133e+01	2.803542e+02
1.850000e-06	4.353378e-06	4.431374e-09	3.250662e+01	2.798738e+02
1.860000e-06	4.321751e-06	4.146476e-09	3.227046e+01	2.793710e+02
1.870000e-06	4.288668e-06	4.304026e-09	3.202342e+01	2.788342e+02
1.880000e-06	4.254194e-06	4.334016e-09	3.176601e+01	2.782630e+02
1.890000e-06	4.218345e-06	4.154971e-09	3.149832e+01	2.776713e+02
1.900000e-06	4.180680e-06	4.314350e-09	3.121708e+01	2.770818e+02
1.910000e-06	4.141315e-06	4.184875e-09	3.092314e+01	2.765161e+02
1.920000e-06	4.100455e-06	4.168651e-09	3.061804e+01	2.759832e+02
1.930000e-06	4.058201e-06	4.309277e-09	3.030253e+01	2.754738e+02
1.940000e-06	4.014835e-06	4.146717e-09	2.997872e+01	2.749616e+02
1.950000e-06	3.970084e-06	4.241148e-09	2.964457e+01	2.744132e+02
1.960000e-06	3.923727e-06	4.236080e-09	2.929841e+01	2.738013e+02
1.970000e-06	3.875857e-06	4.100154e-09	2.894097e+01	2.731153e+02
1.980000e-06	3.826519e-06	4.167499e-09	2.857257e+01	2.723654e+02
1.990000e-06	3.775817e-06	4.127820e-09	2.819397e+01	2.715764e+02
2.000000e-06	3.723703e-06	4.188849e-09	2.780484e+01	2.707763e+02
2.010000e-06	3.669946e-06	4.140624e-09	2.740344e+01	2.699832e+02
2.020000e-06	3.614590e-06	4.082895e-09	2.699009e+01	2.691978e+02
2.030000e-06	3.557905e-06	4.157082e-09	2.656683e+01	2.684045e+02
2.040000e-06	3.500050e-06	4.047658e-09	2.613482e+01	2.675794e+02
2.050000e-06	3.441051e-06	4.062936e-09	2.569428e+01	2.667026e+02
2.060000e-06	3.381068e-06	4.076994e-09	2.524639e+01	2.657669e+02
2.070000e-06	3.319937e-06	4.069128e-09	2.478992e+01	2.647798e+02
2.080000e-06	3.257273e-06	4.063890e-09	2.432201e+01	2.637578e+02
2.090000e-06	3.193334e-06	3.959300e-09	2.384458e+01	2.627161e+02
2.100000e-06	3.128368e-06	4.031050e-09	2.335948e+01	2.616603e+02
2.110000e-06	3.062335e-06	4.018940e-09	2.286641e+01	2.605832e+02
2.120000e-06	2.995247e-06	3.941287e-09	2.236547e+01	2.594701e+02
2.130000e-06	2.927272e-06	3.942490e-09	2.185790e+01	2.583077e+02
2.140000e-06	2.858288e-06	3.940580e-09	2.134279e+01	2.570935e+02
2.150000e-06	2.787869e-06	3.949543e-09	2.081698e+01	2.558383e+02
2.160000e-06	2.716257e-06	3.873086e-09	2.028226e+01	2.545613e+02
2.170000e-06	2.643812e-06	3.875442e-09	1.974131e+01	2.532787e+02
2.180000e-06	2.570530e-06	3.885423e-09	1.919411e+01	2.519928e+02
2.190000e-06	2.496347e-06	3.825233e-09	1.864019e+01	2.506868e+02
2.200000e-06	2.421217e-06	3.807552e-09	1.807920e+01	2.493293e+02
2.210000e-06	2.345194e-06	3.805209e-09	1.751153e+01	2.478870e+02
2.220000e-06	2.268094e-06	3.803449e-09	1.693583e+01	2.463391e+02
2.230000e-06	2.189803e-06	3.739704e-09	1.635123e+01	2.446875e+02
2.240000e-06	2.110513e-06	3.706037e-09	1.575917e+01	2.429559e+02
2.250000e-06	2.030532e-06	3.706186e-09	1.516195e+01	2.411786e+02
2.260000e-06	1.949899e-06	3.671389e-09	1.455987e+01	2.393836e+02
2.270000e-06	1.868546e-06	3.638683e-09	1.395240e+01	2.375783e+02
2.280000e-06	1.786587e-06	3.613024e-09	1.334042e+01	2.357452e+02
2.290000e-06	1.704012e-06	3.594464e-09	1.272384e+01	2.338484e+02
2.300000e-06	1.620902e-06	3.550437e-09	1.210325e+01	2.318507e+02
2.310000e-06	1.537392e-06	3.517217e-09	1.147968e+01	2.297290e+02
2.320000e-06	1.453529e-06	3.497463e-09	1.085348e+01	2.274837e+02
2.330000e-06	1.369192e-06	3.457313e-09	1.022374e+01	2.251352e+02
2.340000e-06	1.284312e-06	3.415309e-09	9.589936e+00	2.227097e+02
2.350000e-06	1.198979e-06	3.378661e-09	8.952756e+00	2.202223e+02
2.360000e-06	1.112992e-06	3.343407e-09	8.310693e+00	2.176652e+02
2.370000e-06	1.026357e-06	3.299064e-09	7.663797e+00	2.150080e+02
2.380000e-06	9.393726e-07	3.256230e-09	7.014282e+00	2.122102e+02
2.390000e-06	8.520604e-07	3.211774e-09	6.362323e+00	2.092392e+02
2.400000e-06	7.644541e-07	3.159444e-09	5.708168e+00	2.060847e+02
2.410000e-06	6.766248e-07	3.109866e-09	5.052348e+00	2.027611e+02
2.420000e-06	5.885955e-07	3.064424e-09	4.395034e+00	1.992970e+02
2.430000e-06	5.004185e-07	3.011346e-09	3.736618e+00	1.957150e+02
2.440000e-06	4.121652e-07	2.949140e-09	3.077632e+00	1.920132e+02
2.450000e-06	3.238433e-07	2.889983e-09	2.418133e+00	1.881570e+02
2.460000e-06	2.353477e-07	2.828986e-09	1.757338e+00	1.840870e+02
2.470000e-06	1.467346e-07	2.759594e-09	1.095665e+00	1.797374e+02
2.480000e-06	5.813018e-08	2.685879e-09	4.340572e-01	1.750579e+02
2.490000e-06	-3.050107e-08	2.610945e-09	-2.277511e-01	1.700258e+02
2.500000e-06	-1.191530e-07	2.531304e-09	-8.897137e-01	1.646435e+02
2.510000e-06	-2.077190e-07	2.445375e-09	-1.551035e+00	1.589198e+02
2.520000e-06	-2.961780e-07	2.353400e-09	-2.211557e+00	1.528462e+02
2.530000e-06	-3.845905e-07	2.253736e-09	-2.871732e+00	1.463787e+02
2.540000e-06	-4.729106e-07	2.145957e-09	-3.531217e+00	1.394343e+02
2.550000e-06	-5.610566e-07	2.031117e-09	-4.189402e+00	1.319043e+02
2.560000e-06	-6.490393e-07	1.908581e-09	-4.846368e+00	1.236752e+02
2.570000e-06	-7.368374e-07	1.774436e-09	-5.501954e+00	1.146466e+02
2.580000e-06	-8.244221e-07	1.626047e-09	-6.155949e+00	1.047325e+02
2.590000e-06	-9.117515e-07	1.459569e-09	-6.808035e+00	9.384674e+01
2.600000e-06	-9.986793e-07	1.275038e-09	-7.457124e+00	8.187854e+01
2.610000e-06	-1.085051e-06	1.073088e-09	-8.102058e+00	6.867804e+01
2.620000e-06	-1.170817e-06	8.513982e-10	-8.742473e+00	5.406716e+01
2.630000e-06	-1.255978e-06	6.055268e-10	-9.378371e+00	3.788481e+01
2.640000e-06	-1.340618e-06	3.368268e-10	-1.001038e+01	2.005939e+01
2.650000e-06	-1.424850e-06	4.770806e-11	-1.063933e+01	6.860160e-01
2.660000e-06	-1.508675e-06	-2.643638e-10	-1.126526e+01	-1.992098e+01
2.670000e-06	-1.591997e-06	-5.916625e-10	-1.188742e+01	-4.122636e+01
2.680000e-06	-1.674710e-06	-9.208951e-10	-1.250503e+01	-6.253329e+01
2.690000e-06	-1.756838e-06	-1.237861e-09	-1.311828e+01	-8.309305e+01
2.700000e-06	-1.838368e-06	-1.530746e-09	-1.372707e+01	-1.022359e+02
2.710000e-06	-1.919222e-06	-1.792262e-09	-1.433080e+01	-1.194851e+02
2.720000e-06	-1.999503e-06	-2.021467e-09	-1.493026e+01	-1.346214e+02
2.730000e-06	-2.079343e-06	-2.222525e-09	-1.552642e+01	-1.476828e+02
2.740000e-06	-2.158488e-06	-2.397770e-09	-1.611740e+01	-1.589044e+02
2.750000e-06	-2.236564e-06	-2.549422e-09	-1.670039e+01	-1.686241e+02
2.760000e-06	-2.313476e-06	-2.683025e-09	-1.727469e+01	-1.771864e+02
2.770000e-06	-2.389336e-06	-2.802631e-09	-1.784114e+01	-1.848723e+02
2.780000e-06	-2.464322e-06	-2.908029e-09	-1.840106e+01	-1.918706e+02
2.790000e-06	-2.538520e-06	-3.002762e-09	-1.895509e+01	-1.982876e+02
2.800000e-06	-2.611853e-06	-3.092977e-09	-1.950267e+01	-2.041792e+02
2.810000e-06	-2.684286e-06	-3.178881e-09	-2.004353e+01	-2.095854e+02
2.820000e-06	-2.755972e-06	-3.257096e-09	-2.057881e+01	-2.145521e+02
2.830000e-06	-2.826644e-06	-3.329819e-09	-2.110651e+01	-2.191344e+02
2.840000e-06	-2.896010e-06	-3.401171e-09	-2.162446e+01	-2.233859e+02
2.850000e-06	-2.964263e-06	-3.466002e-09	-2.213411e+01	-2.273461e+02
2.860000e-06	-3.031546e-06	-3.521733e-09	-2.263652e+01	-2.310344e+02
2.870000e-06	-3.097834e-06	-3.573444e-09	-2.313148e+01	-2.344555e+02
2.880000e-06	-3.163032e-06	-3.622576e-09	-2.361832e+01	-2.376127e+02
2.890000e-06	-3.227193e-06	-3.666338e-09	-2.409741e+01	-2.405209e+02
2.900000e-06	-3.290271e-06	-3.708301e-09	-2.456840e+01	-2.432120e+02
2.910000e-06	-3.351923e-06	-3.751900e-09	-2.502877e+01	-2.457289e+02
2.920000e-06	-3.412248e-06	-3.792077e-09	-2.547920e+01	-2.481123e+02
2.930000e-06	-3.471537e-06	-3.826842e-09	-2.592192e+01	-2.503858e+02
2.940000e-06	-3.529647e-06	-3.859485e-09	-2.635583e+01	-2.525498e+02
2.950000e-06	-3.586467e-06	-3.890252e-09	-2.678010e+01	-2.545860e+02
2.960000e-06	-3.642042e-06	-3.915632e-09	-2.719508e+01	-2.564709e+02
2.970000e-06	-3.696131e-06	-3.938777e-09	-2.759896e+01	-2.581933e+02
2.980000e-06	-3.748579e-06	-3.962444e-09	-2.799059e+01	-2.597638e+02
2.990000e-06	-3.799593e-06	-3.984466e-09	-2.837151e+01	-2.612153e+02
3.000000e-06	-3.849058e-06	-4.003869e-09	-2.874086e+01	-2.625912e+02
3.010000e-06	-3.896737e-06	-4.025287e-09	-2.909688e+01	-2.639286e+02
3.020000e-06	-3.942951e-06	-4.046787e-09	-2.944196e+01	-2.652450e+02
3.030000e-06	-3.987997e-06	-4.064573e-09	-2.977832e+01	-2.665331e+02
3.040000e-06	-4.031897e-06	-4.080055e-09	-3.010612e+01	-2.677680e+02
3.050000e-06	-4.074593e-06	-4.096070e-09	-3.042493e+01	-2.689221e+02
3.060000e-06	-4.115907e-06	-4.110352e-09	-3.073342e+01	-2.699792e+02
3.070000e-06	-4.155908e-06	-4.123494e-09	-3.103211e+01	-2.709439e+02
3.080000e-06	-4.194425e-06	-4.138085e-09	-3.131971e+01	-2.718389e+02
3.090000e-06	-4.231228e-06	-4.152617e-09	-3.159452e+01	-2.726943e+02
3.100000e-06	-4.266578e-06	-4.167250e-09	-3.185848e+01	-2.735330e+02
3.110000e-06	-4.300544e-06	-4.181041e-09	-3.211210e+01	-2.743609e+02
3.120000e-06	-4.333047e-06	-4.193298e-09	-3.235480e+01	-2.751645e+02
3.130000e-06	-4.363951e-06	-4.203101e-09	-3.258556e+01	-2.759195e+02
3.140000e-06	-4.393090e-06	-4.212043e-09	-3.280315e+01	-2.766036e+02
3.150000e-06	-4.420677e-06	-4.222154e-09	-3.300913e+01	-2.772085e+02
3.160000e-06	-4.446797e-06	-4.230688e-09	-3.320417e+01	-2.777456e+02
3.170000e-06	-4.471437e-06	-4.236562e-09	-3.338816e+01	-2.782409e+02
3.180000e-06	-4.494552e-06	-4.241655e-09	-3.356075e+01	-2.787244e+02
3.190000e-06	-4.515861e-06	-4.249413e-09	-3.371987e+01	-2.792156e+02
3.200000e-06	-4.535553e-06	-4.260023e-09	-3.386691e+01	-2.797151e+02
3.210000e-06	-4.553795e-06	-4.270194e-09	-3.400312e+01	-2.802032e+02
3.220000e-06	-4.570492e-06	-4.276514e-09	-3.412780e+01	-2.806484e+02
3.230000e-06	-4.585462e-06	-4.279817e-09	-3.423958e+01	-2.810208e+02
3.240000e-06	-4.598382e-06	-4.283861e-09	-3.433605e+01	-2.813048e+02
3.250000e-06	-4.609496e-06	-4.288160e-09	-3.441904e+01	-2.815064e+02
3.260000e-06	-4.619076e-06	-4.290373e-09	-3.449057e+01	-2.816516e+02
3.270000e-06	-4.627065e-06	-4.290721e-09	-3.455023e+01	-2.817767e+02
3.280000e-06	-4.633294e-06	-4.291978e-09	-3.459674e+01	-2.819151e+02
3.290000e-06	-4.637765e-06	-4.293603e-09	-3.463013e+01	-2.820847e+02
3.300000e-06	-4.640693e-06	-4.297148e-09	-3.465199e+01	-2.822820e+02
3.310000e-06	-4.642091e-06	-4.302189e-09	-3.466243e+01	-2.824843e+02
