# Temperatura_=_20.0
# Concentracion g/m^3_=_6200.0
# C_Vs_to_Am_M_A/Vsm_=_65563218390.804596
# pendiente_HvsI_1/m_=_3716.3
# ordenada_HvsI_A/m_=_1297.0
# frecuencia_Hz_=_301433.5579557159

Tiempo_(s)	Campo_(V.s)	Magnetizacion_(V.s)	Campo_(kA/m)	Magnetizacion_(A/m)
0.000000e+00	-3.210793e-06	-3.904560e-09	-2.355053e+01	-2.537382e+02
1.000000e-08	-3.209786e-06	-3.906933e-09	-2.354314e+01	-2.538140e+02
2.000000e-08	-3.207400e-06	-3.908090e-09	-2.352563e+01	-2.539013e+02
3.000000e-08	-3.203885e-06	-3.909217e-09	-2.349985e+01	-2.539948e+02
4.000000e-08	-3.199532e-06	-3.911497e-09	-2.346793e+01	-2.540656e+02
5.000000e-08	-3.194169e-06	-3.910931e-09	-2.342859e+01	-2.540774e+02
6.000000e-08	-3.187707e-06	-3.907590e-09	-2.338119e+01	-2.540085e+02
7.000000e-08	-3.180300e-06	-3.899245e-09	-2.332687e+01	-2.538670e+02
8.000000e-08	-3.171936e-06	-3.895756e-09	-2.326552e+01	-2.536916e+02
9.000000e-08	-3.161984e-06	-3.933972e-09	-2.319252e+01	-2.535365e+02
1.000000e-07	-3.150216e-06	-3.943452e-09	-2.310620e+01	-2.534465e+02
1.100000e-07	-3.137153e-06	-3.912202e-09	-2.301039e+01	-2.534362e+02
1.200000e-07	-3.123255e-06	-3.811977e-09	-2.290845e+01	-2.534808e+02
1.300000e-07	-3.108314e-06	-3.862675e-09	-2.279886e+01	-2.535277e+02
1.400000e-07	-3.091892e-06	-4.002857e-09	-2.267841e+01	-2.535201e+02
1.500000e-07	-3.074498e-06	-3.864777e-09	-2.255083e+01	-2.534237e+02
1.600000e-07	-3.056478e-06	-3.792205e-09	-2.241865e+01	-2.532438e+02
1.700000e-07	-3.037302e-06	-3.896871e-09	-2.227800e+01	-2.530216e+02
1.800000e-07	-3.017063e-06	-3.813071e-09	-2.212955e+01	-2.528135e+02
1.900000e-07	-2.996164e-06	-3.751305e-09	-2.197626e+01	-2.526612e+02
2.000000e-07	-2.974205e-06	-3.964974e-09	-2.181520e+01	-2.525675e+02
2.100000e-07	-2.951000e-06	-3.919163e-09	-2.164500e+01	-2.524893e+02
2.200000e-07	-2.927003e-06	-3.774758e-09	-2.146898e+01	-2.523522e+02
2.300000e-07	-2.902032e-06	-3.895852e-09	-2.128582e+01	-2.520812e+02
2.400000e-07	-2.875550e-06	-3.819755e-09	-2.109158e+01	-2.516325e+02
2.500000e-07	-2.847896e-06	-3.713528e-09	-2.088875e+01	-2.510133e+02
2.600000e-07	-2.819375e-06	-3.891038e-09	-2.067955e+01	-2.502802e+02
2.700000e-07	-2.789886e-06	-3.866098e-09	-2.046325e+01	-2.495160e+02
2.800000e-07	-2.759389e-06	-3.715287e-09	-2.023957e+01	-2.487966e+02
2.900000e-07	-2.727943e-06	-3.783038e-09	-2.000892e+01	-2.481620e+02
3.000000e-07	-2.695733e-06	-3.766860e-09	-1.977266e+01	-2.476037e+02
3.100000e-07	-2.662516e-06	-3.740000e-09	-1.952902e+01	-2.470739e+02
3.200000e-07	-2.627943e-06	-3.792395e-09	-1.927544e+01	-2.465100e+02
3.300000e-07	-2.592362e-06	-3.731422e-09	-1.901445e+01	-2.458640e+02
3.400000e-07	-2.556074e-06	-3.683417e-09	-1.874829e+01	-2.451219e+02
3.500000e-07	-2.518845e-06	-3.739708e-09	-1.847522e+01	-2.443057e+02
3.600000e-07	-2.480630e-06	-3.709345e-09	-1.819493e+01	-2.434581e+02
3.700000e-07	-2.441542e-06	-3.672532e-09	-1.790822e+01	-2.426190e+02
3.800000e-07	-2.401859e-06	-3.686605e-09	-1.761716e+01	-2.418052e+02
3.900000e-07	-2.361640e-06	-3.649980e-09	-1.732215e+01	-2.410024e+02
4.000000e-07	-2.320373e-06	-3.647558e-09	-1.701947e+01	-2.401742e+02
4.100000e-07	-2.277790e-06	-3.648306e-09	-1.670713e+01	-2.392809e+02
4.200000e-07	-2.234249e-06	-3.629804e-09	-1.638777e+01	-2.383000e+02
4.300000e-07	-2.190150e-06	-3.615601e-09	-1.606431e+01	-2.372366e+02
4.400000e-07	-2.145343e-06	-3.587583e-09	-1.573566e+01	-2.361201e+02
4.500000e-07	-2.099689e-06	-3.526624e-09	-1.540080e+01	-2.349889e+02
4.600000e-07	-2.053313e-06	-3.535174e-09	-1.506064e+01	-2.338706e+02
4.700000e-07	-2.006217e-06	-3.578910e-09	-1.471520e+01	-2.327680e+02
4.800000e-07	-1.958515e-06	-3.524257e-09	-1.436532e+01	-2.316583e+02
4.900000e-07	-1.910193e-06	-3.465388e-09	-1.401088e+01	-2.305035e+02
5.000000e-07	-1.860900e-06	-3.476387e-09	-1.364933e+01	-2.292689e+02
5.100000e-07	-1.810422e-06	-3.470915e-09	-1.327908e+01	-2.279397e+02
5.200000e-07	-1.758990e-06	-3.415469e-09	-1.290184e+01	-2.265269e+02
5.300000e-07	-1.706971e-06	-3.406064e-09	-1.252029e+01	-2.250618e+02
5.400000e-07	-1.654363e-06	-3.405289e-09	-1.213442e+01	-2.235802e+02
5.500000e-07	-1.601098e-06	-3.361304e-09	-1.174374e+01	-2.221058e+02
5.600000e-07	-1.547257e-06	-3.319931e-09	-1.134882e+01	-2.206390e+02
5.700000e-07	-1.492836e-06	-3.326540e-09	-1.094965e+01	-2.191578e+02
5.800000e-07	-1.437814e-06	-3.322923e-09	-1.054608e+01	-2.176281e+02
5.900000e-07	-1.382371e-06	-3.264058e-09	-1.013941e+01	-2.160195e+02
6.000000e-07	-1.326661e-06	-3.229642e-09	-9.730793e+00	-2.143189e+02
6.100000e-07	-1.270690e-06	-3.226587e-09	-9.320257e+00	-2.125350e+02
6.200000e-07	-1.214361e-06	-3.197141e-09	-8.907092e+00	-2.106934e+02
6.300000e-07	-1.157465e-06	-3.146805e-09	-8.489772e+00	-2.088239e+02
6.400000e-07	-1.099817e-06	-3.132216e-09	-8.066941e+00	-2.069469e+02
6.500000e-07	-1.041494e-06	-3.115565e-09	-7.639148e+00	-2.050650e+02
6.600000e-07	-9.826209e-07	-3.065777e-09	-7.207328e+00	-2.031620e+02
6.700000e-07	-9.232919e-07	-3.032611e-09	-6.772161e+00	-2.012097e+02
6.800000e-07	-8.637185e-07	-3.020531e-09	-6.335202e+00	-1.991790e+02
6.900000e-07	-8.040454e-07	-2.986665e-09	-5.897512e+00	-1.970491e+02
7.000000e-07	-7.442636e-07	-2.936544e-09	-5.459025e+00	-1.948119e+02
7.100000e-07	-6.842873e-07	-2.907058e-09	-5.019110e+00	-1.924710e+02
7.200000e-07	-6.241513e-07	-2.876714e-09	-4.578025e+00	-1.900354e+02
7.300000e-07	-5.638998e-07	-2.833001e-09	-4.136092e+00	-1.875136e+02
7.400000e-07	-5.034861e-07	-2.792858e-09	-3.692970e+00	-1.849083e+02
7.500000e-07	-4.428608e-07	-2.759571e-09	-3.248295e+00	-1.822158e+02
7.600000e-07	-3.819754e-07	-2.715149e-09	-2.801713e+00	-1.794280e+02
7.700000e-07	-3.208866e-07	-2.663278e-09	-2.353639e+00	-1.765359e+02
7.800000e-07	-2.596915e-07	-2.621946e-09	-1.904785e+00	-1.735316e+02
7.900000e-07	-1.984083e-07	-2.577061e-09	-1.455285e+00	-1.704090e+02
8.000000e-07	-1.370741e-07	-2.523391e-09	-1.005411e+00	-1.671620e+02
8.100000e-07	-7.568685e-08	-2.468563e-09	-5.551479e-01	-1.637827e+02
8.200000e-07	-1.430761e-08	-2.417054e-09	-1.049435e-01	-1.602596e+02
8.300000e-07	4.704877e-08	-2.359505e-09	3.450933e-01	-1.565777e+02
8.400000e-07	1.084442e-07	-2.297589e-09	7.954161e-01	-1.527206e+02
8.500000e-07	1.697853e-07	-2.236982e-09	1.245341e+00	-1.486723e+02
8.600000e-07	2.310207e-07	-2.171891e-09	1.694490e+00	-1.444186e+02
8.700000e-07	2.921970e-07	-2.102030e-09	2.143207e+00	-1.399484e+02
8.800000e-07	3.533401e-07	-2.029706e-09	2.591679e+00	-1.352511e+02
8.900000e-07	4.143741e-07	-1.956713e-09	3.039351e+00	-1.303150e+02
9.000000e-07	4.751775e-07	-1.877869e-09	3.485332e+00	-1.251242e+02
9.100000e-07	5.357274e-07	-1.794832e-09	3.929453e+00	-1.196553e+02
9.200000e-07	5.960976e-07	-1.705917e-09	4.372256e+00	-1.138767e+02
9.300000e-07	6.563135e-07	-1.611844e-09	4.813928e+00	-1.077473e+02
9.400000e-07	7.163256e-07	-1.513731e-09	5.254105e+00	-1.012185e+02
9.500000e-07	7.761285e-07	-1.408266e-09	5.692747e+00	-9.423634e+01
9.600000e-07	8.357925e-07	-1.292875e-09	6.130371e+00	-8.674468e+01
9.700000e-07	8.953263e-07	-1.170221e-09	6.567039e+00	-7.868797e+01
9.800000e-07	9.546498e-07	-1.039881e-09	7.002165e+00	-7.001269e+01
9.900000e-07	1.013626e-06	-8.935156e-10	7.434743e+00	-6.066693e+01
1.000000e-06	1.072068e-06	-7.369419e-10	7.863406e+00	-5.059904e+01
1.010000e-06	1.129771e-06	-5.733357e-10	8.286641e+00	-3.975736e+01
1.020000e-06	1.186630e-06	-3.963213e-10	8.703691e+00	-2.809398e+01
1.030000e-06	1.242830e-06	-2.030393e-10	9.115911e+00	-1.557512e+01
1.040000e-06	1.298673e-06	3.290193e-13	9.525508e+00	-2.198432e+00
1.050000e-06	1.354303e-06	2.125973e-10	9.933544e+00	1.198546e+01
1.060000e-06	1.409647e-06	4.410694e-10	1.033948e+01	2.685321e+01
1.070000e-06	1.464521e-06	6.774733e-10	1.074197e+01	4.219842e+01
1.080000e-06	1.518854e-06	9.136369e-10	1.114049e+01	5.773734e+01
1.090000e-06	1.572683e-06	1.146731e-09	1.153532e+01	7.313332e+01
1.100000e-06	1.626022e-06	1.372476e-09	1.192655e+01	8.803683e+01
1.110000e-06	1.678756e-06	1.582132e-09	1.231334e+01	1.021325e+02
1.120000e-06	1.730843e-06	1.775876e-09	1.269539e+01	1.151812e+02
1.130000e-06	1.782312e-06	1.956168e-09	1.307291e+01	1.270470e+02
1.140000e-06	1.833006e-06	2.118177e-09	1.344473e+01	1.377013e+02
1.150000e-06	1.882624e-06	2.259542e-09	1.380867e+01	1.472061e+02
1.160000e-06	1.931155e-06	2.386176e-09	1.416464e+01	1.556824e+02
1.170000e-06	1.979001e-06	2.502827e-09	1.451558e+01	1.632745e+02
1.180000e-06	2.026328e-06	2.606828e-09	1.486271e+01	1.701209e+02
1.190000e-06	2.072992e-06	2.700073e-09	1.520498e+01	1.763368e+02
1.200000e-06	2.118955e-06	2.785332e-09	1.554211e+01	1.820108e+02
1.210000e-06	2.164126e-06	2.862391e-09	1.587343e+01	1.872099e+02
1.220000e-06	2.208482e-06	2.929992e-09	1.619877e+01	1.919880e+02
1.230000e-06	2.252322e-06	2.995507e-09	1.652033e+01	1.963921e+02
1.240000e-06	2.295740e-06	3.057931e-09	1.683879e+01	2.004643e+02
1.250000e-06	2.338225e-06	3.110842e-09	1.715041e+01	2.042400e+02
1.260000e-06	2.379369e-06	3.158782e-09	1.745219e+01	2.077465e+02
1.270000e-06	2.419467e-06	3.208677e-09	1.774630e+01	2.110040e+02
1.280000e-06	2.458803e-06	3.257343e-09	1.803483e+01	2.140286e+02
1.290000e-06	2.497348e-06	3.299460e-09	1.831755e+01	2.168373e+02
1.300000e-06	2.535064e-06	3.337233e-09	1.859419e+01	2.194504e+02
1.310000e-06	2.571886e-06	3.371431e-09	1.886427e+01	2.218902e+02
1.320000e-06	2.607941e-06	3.401366e-09	1.912872e+01	2.241770e+02
1.330000e-06	2.643401e-06	3.429380e-09	1.938882e+01	2.263237e+02
1.340000e-06	2.677840e-06	3.458896e-09	1.964142e+01	2.283336e+02
1.350000e-06	2.710809e-06	3.487315e-09	1.988324e+01	2.302037e+02
1.360000e-06	2.742676e-06	3.511514e-09	2.011698e+01	2.319321e+02
1.370000e-06	2.773772e-06	3.535850e-09	2.034506e+01	2.335263e+02
1.380000e-06	2.803965e-06	3.561007e-09	2.056652e+01	2.350079e+02
1.390000e-06	2.833254e-06	3.582760e-09	2.078135e+01	2.364093e+02
1.400000e-06	2.861658e-06	3.600097e-09	2.098969e+01	2.377640e+02
1.410000e-06	2.889271e-06	3.618417e-09	2.119222e+01	2.390933e+02
1.420000e-06	2.915893e-06	3.637823e-09	2.138749e+01	2.403967e+02
1.430000e-06	2.941061e-06	3.655083e-09	2.157209e+01	2.416519e+02
1.440000e-06	2.964954e-06	3.671286e-09	2.174734e+01	2.428238e+02
1.450000e-06	2.987918e-06	3.687055e-09	2.191578e+01	2.438816e+02
1.460000e-06	3.009931e-06	3.701985e-09	2.207724e+01	2.448146e+02
1.470000e-06	3.030935e-06	3.715578e-09	2.223130e+01	2.456398e+02
1.480000e-06	3.051036e-06	3.728492e-09	2.237874e+01	2.463963e+02
1.490000e-06	3.070288e-06	3.740922e-09	2.251995e+01	2.471292e+02
1.500000e-06	3.088368e-06	3.752462e-09	2.265256e+01	2.478697e+02
1.510000e-06	3.105217e-06	3.763526e-09	2.277614e+01	2.486209e+02
1.520000e-06	3.120975e-06	3.774315e-09	2.289172e+01	2.493561e+02
1.530000e-06	3.135517e-06	3.783916e-09	2.299839e+01	2.500315e+02
1.540000e-06	3.148868e-06	3.792129e-09	2.309631e+01	2.506074e+02
1.550000e-06	3.161124e-06	3.798852e-09	2.318621e+01	2.510678e+02
1.560000e-06	3.172164e-06	3.804272e-09	2.326718e+01	2.514296e+02
1.570000e-06	3.181668e-06	3.810608e-09	2.333690e+01	2.517363e+02
1.580000e-06	3.189837e-06	3.817404e-09	2.339682e+01	2.520388e+02
1.590000e-06	3.197024e-06	3.822436e-09	2.344953e+01	2.523735e+02
1.600000e-06	3.203109e-06	3.826681e-09	2.349417e+01	2.527462e+02
1.610000e-06	3.208049e-06	3.832984e-09	2.353040e+01	2.531315e+02
1.620000e-06	3.212017e-06	3.838089e-09	2.355950e+01	2.534863e+02
1.630000e-06	3.214993e-06	3.840254e-09	2.358133e+01	2.537711e+02
1.640000e-06	3.216577e-06	3.843035e-09	2.359295e+01	2.539691e+02
1.650000e-06	3.216829e-06	3.847820e-09	2.359480e+01	2.540926e+02
1.660000e-06	3.216075e-06	3.851791e-09	2.358927e+01	2.541751e+02
1.670000e-06	3.214317e-06	3.852249e-09	2.357637e+01	2.542520e+02
1.680000e-06	3.211573e-06	3.853563e-09	2.355625e+01	2.543413e+02
1.690000e-06	3.207931e-06	3.854464e-09	2.352953e+01	2.544338e+02
1.700000e-06	3.203495e-06	3.852963e-09	2.349699e+01	2.544984e+02
1.710000e-06	3.197977e-06	3.851705e-09	2.345652e+01	2.544996e+02
1.720000e-06	3.191033e-06	3.854437e-09	2.340559e+01	2.544191e+02
1.730000e-06	3.183007e-06	3.871752e-09	2.334672e+01	2.542700e+02
1.740000e-06	3.174129e-06	3.834748e-09	2.328160e+01	2.540943e+02
1.750000e-06	3.163844e-06	3.799513e-09	2.320616e+01	2.539463e+02
1.760000e-06	3.151495e-06	3.812357e-09	2.311558e+01	2.538679e+02
1.770000e-06	3.137446e-06	3.923065e-09	2.301254e+01	2.538679e+02
1.780000e-06	3.123005e-06	3.903282e-09	2.290662e+01	2.539166e+02
1.790000e-06	3.108264e-06	3.754448e-09	2.279850e+01	2.539591e+02
1.800000e-06	3.092075e-06	3.829531e-09	2.267975e+01	2.539402e+02
1.810000e-06	3.074489e-06	3.967479e-09	2.255076e+01	2.538308e+02
1.820000e-06	3.056392e-06	3.852064e-09	2.241803e+01	2.536417e+02
1.830000e-06	3.037434e-06	3.853913e-09	2.227897e+01	2.534182e+02
1.840000e-06	3.017200e-06	4.020258e-09	2.213056e+01	2.532163e+02
1.850000e-06	2.996112e-06	3.832005e-09	2.197588e+01	2.530735e+02
1.860000e-06	2.973789e-06	3.733993e-09	2.181215e+01	2.529858e+02
1.870000e-06	2.949969e-06	3.926312e-09	2.163744e+01	2.529042e+02
1.880000e-06	2.925263e-06	3.832636e-09	2.145622e+01	2.527523e+02
1.890000e-06	2.899551e-06	3.802142e-09	2.126762e+01	2.524577e+02
1.900000e-06	2.872524e-06	3.983861e-09	2.106939e+01	2.519830e+02
1.910000e-06	2.844637e-06	3.781366e-09	2.086484e+01	2.513433e+02
1.920000e-06	2.815890e-06	3.712746e-09	2.065399e+01	2.506006e+02
1.930000e-06	2.785915e-06	3.890429e-09	2.043413e+01	2.498388e+02
1.940000e-06	2.754801e-06	3.776793e-09	2.020591e+01	2.491303e+02
1.950000e-06	2.722557e-06	3.766877e-09	1.996941e+01	2.485084e+02
1.960000e-06	2.689251e-06	3.870041e-09	1.972512e+01	2.479579e+02
1.970000e-06	2.655189e-06	3.703131e-09	1.947528e+01	2.474271e+02
1.980000e-06	2.620235e-06	3.740843e-09	1.921890e+01	2.468539e+02
1.990000e-06	2.584468e-06	3.828073e-09	1.895656e+01	2.461943e+02
2.000000e-06	2.548112e-06	3.682206e-09	1.868989e+01	2.454397e+02
2.010000e-06	2.510543e-06	3.746382e-09	1.841433e+01	2.446163e+02
2.020000e-06	2.471575e-06	3.769976e-09	1.812851e+01	2.437679e+02
2.030000e-06	2.431749e-06	3.672061e-09	1.783639e+01	2.429323e+02
2.040000e-06	2.391248e-06	3.698177e-09	1.753933e+01	2.421218e+02
2.050000e-06	2.350069e-06	3.677389e-09	1.723729e+01	2.413180e+02
2.060000e-06	2.308139e-06	3.674152e-09	1.692974e+01	2.404828e+02
2.070000e-06	2.265368e-06	3.677958e-09	1.661602e+01	2.395780e+02
2.080000e-06	2.221852e-06	3.598564e-09	1.629684e+01	2.385844e+02
2.090000e-06	2.177773e-06	3.619645e-09	1.597353e+01	2.375114e+02
2.100000e-06	2.133136e-06	3.663373e-09	1.564612e+01	2.363906e+02
2.110000e-06	2.087580e-06	3.606968e-09	1.531198e+01	2.352601e+02
2.120000e-06	2.041105e-06	3.544316e-09	1.497110e+01	2.341446e+02
2.130000e-06	1.994040e-06	3.544341e-09	1.462588e+01	2.330432e+02
2.140000e-06	1.946275e-06	3.579756e-09	1.427554e+01	2.319296e+02
2.150000e-06	1.897630e-06	3.516091e-09	1.391874e+01	2.307653e+02
2.160000e-06	1.848228e-06	3.484783e-09	1.355638e+01	2.295176e+02
2.170000e-06	1.798225e-06	3.538201e-09	1.318962e+01	2.281753e+02
2.180000e-06	1.747600e-06	3.477157e-09	1.281829e+01	2.267530e+02
2.190000e-06	1.696269e-06	3.408961e-09	1.244179e+01	2.252836e+02
2.200000e-06	1.644346e-06	3.417111e-09	1.206095e+01	2.238022e+02
2.210000e-06	1.591793e-06	3.435787e-09	1.167548e+01	2.223295e+02
2.220000e-06	1.538284e-06	3.394704e-09	1.128300e+01	2.208626e+02
2.230000e-06	1.483769e-06	3.324205e-09	1.088315e+01	2.193768e+02
2.240000e-06	1.428507e-06	3.333630e-09	1.047781e+01	2.178375e+02
2.250000e-06	1.372749e-06	3.328829e-09	1.006884e+01	2.162162e+02
2.260000e-06	1.316664e-06	3.263107e-09	9.657470e+00	2.145028e+02
2.270000e-06	1.260267e-06	3.246579e-09	9.243804e+00	2.127090e+02
2.280000e-06	1.203463e-06	3.249740e-09	8.827163e+00	2.108618e+02
2.290000e-06	1.146181e-06	3.205651e-09	8.407009e+00	2.089904e+02
2.300000e-06	1.088480e-06	3.152793e-09	7.983781e+00	2.071132e+02
2.310000e-06	1.030509e-06	3.144968e-09	7.558576e+00	2.052298e+02
2.320000e-06	9.722100e-07	3.140537e-09	7.130966e+00	2.033217e+02
2.330000e-06	9.135358e-07	3.080074e-09	6.700602e+00	2.013601e+02
2.340000e-06	8.545034e-07	3.037991e-09	6.267611e+00	1.993163e+02
2.350000e-06	7.951320e-07	3.026100e-09	5.832134e+00	1.971714e+02
2.360000e-06	7.355371e-07	2.989252e-09	5.395018e+00	1.949191e+02
2.370000e-06	6.758046e-07	2.946219e-09	4.956892e+00	1.925641e+02
2.380000e-06	6.159626e-07	2.913542e-09	4.517963e+00	1.901160e+02
2.390000e-06	5.559889e-07	2.880997e-09	4.078067e+00	1.875824e+02
2.400000e-06	4.959084e-07	2.828115e-09	3.637389e+00	1.849651e+02
2.410000e-06	4.357409e-07	2.782709e-09	3.196073e+00	1.822596e+02
2.420000e-06	3.754819e-07	2.755159e-09	2.754084e+00	1.794577e+02
2.430000e-06	3.151292e-07	2.709403e-09	2.311410e+00	1.765501e+02
2.440000e-06	2.547502e-07	2.654095e-09	1.868542e+00	1.735294e+02
2.450000e-06	1.942641e-07	2.609853e-09	1.424889e+00	1.703895e+02
2.460000e-06	1.335627e-07	2.569027e-09	9.796555e-01	1.671243e+02
2.470000e-06	7.284071e-08	2.517492e-09	5.342721e-01	1.637254e+02
2.480000e-06	1.215249e-08	2.460284e-09	8.913609e-02	1.601807e+02
2.490000e-06	-4.861181e-08	2.404187e-09	-3.565579e-01	1.564749e+02
2.500000e-06	-1.094526e-07	2.342950e-09	-8.028129e-01	1.525916e+02
2.510000e-06	-1.702029e-07	2.278129e-09	-1.248404e+00	1.485148e+02
2.520000e-06	-2.308290e-07	2.217545e-09	-1.693085e+00	1.442310e+02
2.530000e-06	-2.914028e-07	2.154180e-09	-2.137381e+00	1.397291e+02
2.540000e-06	-3.518642e-07	2.081440e-09	-2.580854e+00	1.349986e+02
2.550000e-06	-4.122187e-07	2.002570e-09	-3.023541e+00	1.300274e+02
2.560000e-06	-4.724745e-07	1.922039e-09	-3.465506e+00	1.247986e+02
2.570000e-06	-5.326138e-07	1.840062e-09	-3.906615e+00	1.192878e+02
2.580000e-06	-5.926640e-07	1.750498e-09	-4.347072e+00	1.134618e+02
2.590000e-06	-6.526446e-07	1.654549e-09	-4.787018e+00	1.072787e+02
2.600000e-06	-7.125152e-07	1.553444e-09	-5.226156e+00	1.006887e+02
2.610000e-06	-7.722328e-07	1.448061e-09	-5.664173e+00	9.363729e+01
2.620000e-06	-8.317238e-07	1.333335e-09	-6.100527e+00	8.606840e+01
2.630000e-06	-8.908615e-07	1.208147e-09	-6.534291e+00	7.792668e+01
2.640000e-06	-9.495826e-07	1.077351e-09	-6.964998e+00	6.915890e+01
2.650000e-06	-1.007951e-06	9.346898e-10	-7.393122e+00	5.971328e+01
2.660000e-06	-1.065969e-06	7.767611e-10	-7.818669e+00	4.953813e+01
2.670000e-06	-1.123622e-06	6.094991e-10	-8.241545e+00	3.858194e+01
2.680000e-06	-1.180848e-06	4.352175e-10	-8.661280e+00	2.679803e+01
2.690000e-06	-1.237520e-06	2.425473e-10	-9.076959e+00	1.415591e+01
2.700000e-06	-1.293755e-06	3.085912e-11	-9.489435e+00	6.594259e-01
2.710000e-06	-1.349751e-06	-1.873313e-10	-9.900151e+00	-1.363147e+01
2.720000e-06	-1.405443e-06	-4.112782e-10	-1.030864e+01	-2.858189e+01
2.730000e-06	-1.460699e-06	-6.456632e-10	-1.071393e+01	-4.397359e+01
2.740000e-06	-1.515249e-06	-8.845885e-10	-1.111404e+01	-5.951336e+01
2.750000e-06	-1.568824e-06	-1.119749e-09	-1.150701e+01	-7.485998e+01
2.760000e-06	-1.621535e-06	-1.350595e-09	-1.189364e+01	-8.966588e+01
2.770000e-06	-1.673617e-06	-1.570449e-09	-1.227565e+01	-1.036243e+02
2.780000e-06	-1.725129e-06	-1.766804e-09	-1.265348e+01	-1.165097e+02
2.790000e-06	-1.776002e-06	-1.942812e-09	-1.302662e+01	-1.282016e+02
2.800000e-06	-1.826279e-06	-2.106578e-09	-1.339539e+01	-1.386860e+02
2.810000e-06	-1.875923e-06	-2.251922e-09	-1.375952e+01	-1.480354e+02
2.820000e-06	-1.924597e-06	-2.377980e-09	-1.411653e+01	-1.563763e+02
2.830000e-06	-1.972165e-06	-2.495494e-09	-1.446543e+01	-1.638537e+02
2.840000e-06	-2.018956e-06	-2.602890e-09	-1.480864e+01	-1.706035e+02
2.850000e-06	-2.065179e-06	-2.695230e-09	-1.514767e+01	-1.767370e+02
2.860000e-06	-2.110750e-06	-2.778340e-09	-1.548193e+01	-1.823393e+02
2.870000e-06	-2.155586e-06	-2.858112e-09	-1.581079e+01	-1.874750e+02
2.880000e-06	-2.199815e-06	-2.933357e-09	-1.613520e+01	-1.921968e+02
2.890000e-06	-2.243557e-06	-3.002929e-09	-1.645604e+01	-1.965510e+02
2.900000e-06	-2.286587e-06	-3.071143e-09	-1.677166e+01	-2.005787e+02
2.910000e-06	-2.328815e-06	-3.134514e-09	-1.708139e+01	-2.043143e+02
2.920000e-06	-2.370259e-06	-3.186351e-09	-1.738538e+01	-2.077840e+02
2.930000e-06	-2.410890e-06	-3.232975e-09	-1.768339e+01	-2.110071e+02
2.940000e-06	-2.450829e-06	-3.280420e-09	-1.797634e+01	-2.139997e+02
2.950000e-06	-2.489932e-06	-3.323106e-09	-1.826315e+01	-2.167790e+02
2.960000e-06	-2.527838e-06	-3.362337e-09	-1.854119e+01	-2.193657e+02
2.970000e-06	-2.564565e-06	-3.405883e-09	-1.881057e+01	-2.217824e+02
2.980000e-06	-2.600459e-06	-3.449398e-09	-1.907384e+01	-2.240485e+02
2.990000e-06	-2.635578e-06	-3.482474e-09	-1.933144e+01	-2.261755e+02
3.000000e-06	-2.669772e-06	-3.510741e-09	-1.958224e+01	-2.281656e+02
3.010000e-06	-2.703033e-06	-3.540328e-09	-1.982620e+01	-2.300153e+02
3.020000e-06	-2.735435e-06	-3.566806e-09	-2.006387e+01	-2.317237e+02
3.030000e-06	-2.767061e-06	-3.590323e-09	-2.029584e+01	-2.333000e+02
3.040000e-06	-2.797620e-06	-3.615706e-09	-2.051998e+01	-2.347679e+02
3.050000e-06	-2.826780e-06	-3.639463e-09	-2.073387e+01	-2.361606e+02
3.060000e-06	-2.854913e-06	-3.661037e-09	-2.094022e+01	-2.375107e+02
3.070000e-06	-2.882221e-06	-3.681956e-09	-2.114051e+01	-2.388367e+02
3.080000e-06	-2.908473e-06	-3.703840e-09	-2.133307e+01	-2.401349e+02
3.090000e-06	-2.933597e-06	-3.724134e-09	-2.151735e+01	-2.413803e+02
3.100000e-06	-2.957855e-06	-3.740198e-09	-2.169527e+01	-2.425373e+02
3.110000e-06	-2.981362e-06	-3.758125e-09	-2.186769e+01	-2.435772e+02
3.120000e-06	-3.003657e-06	-3.773150e-09	-2.203122e+01	-2.444931e+02
3.130000e-06	-3.024597e-06	-3.785663e-09	-2.218481e+01	-2.453056e+02
3.140000e-06	-3.044513e-06	-3.796089e-09	-2.233089e+01	-2.460559e+02
3.150000e-06	-3.063479e-06	-3.804582e-09	-2.247001e+01	-2.467883e+02
3.160000e-06	-3.081393e-06	-3.812632e-09	-2.260140e+01	-2.475308e+02
3.170000e-06	-3.098269e-06	-3.826010e-09	-2.272519e+01	-2.482819e+02
3.180000e-06	-3.114274e-06	-3.841783e-09	-2.284258e+01	-2.490112e+02
3.190000e-06	-3.129139e-06	-3.852503e-09	-2.295161e+01	-2.496743e+02
3.200000e-06	-3.142433e-06	-3.857979e-09	-2.304912e+01	-2.502338e+02
3.210000e-06	-3.154300e-06	-3.862805e-09	-2.313616e+01	-2.506782e+02
3.220000e-06	-3.164929e-06	-3.869134e-09	-2.321412e+01	-2.510289e+02
3.230000e-06	-3.174441e-06	-3.875188e-09	-2.328389e+01	-2.513319e+02
3.240000e-06	-3.183005e-06	-3.879660e-09	-2.334670e+01	-2.516373e+02
3.250000e-06	-3.190648e-06	-3.881839e-09	-2.340277e+01	-2.519777e+02
3.260000e-06	-3.196935e-06	-3.885351e-09	-2.344888e+01	-2.523542e+02
3.270000e-06	-3.201761e-06	-3.891105e-09	-2.348428e+01	-2.527378e+02
3.280000e-06	-3.205566e-06	-3.898747e-09	-2.351219e+01	-2.530845e+02
3.290000e-06	-3.208398e-06	-3.903160e-09	-2.353295e+01	-2.533571e+02
3.300000e-06	-3.210144e-06	-3.904464e-09	-2.354577e+01	-2.535430e+02
3.310000e-06	-3.210863e-06	-3.904981e-09	-2.355104e+01	-2.536582e+02
