# Temperatura_=_20.0
# Concentracion g/m^3_=_6600.0
# C_Vs_to_Am_M_A/Vsm_=_65563218390.804596
# pendiente_HvsI_1/m_=_3716.3
# ordenada_HvsI_A/m_=_1297.0
# frecuencia_Hz_=_302071.6510174626

Tiempo_(s)	Campo_(V.s)	Magnetizacion_(V.s)	Campo_(kA/m)	Magnetizacion_(A/m)
0.000000e+00	-6.276708e-06	-3.996024e-09	-4.560201e+01	-2.613861e+02
1.000000e-08	-6.274904e-06	-3.995038e-09	-4.558891e+01	-2.613071e+02
2.000000e-08	-6.270928e-06	-3.992947e-09	-4.556002e+01	-2.612186e+02
3.000000e-08	-6.265037e-06	-3.987229e-09	-4.551722e+01	-2.611560e+02
4.000000e-08	-6.257197e-06	-3.983692e-09	-4.546026e+01	-2.611288e+02
5.000000e-08	-6.247174e-06	-3.982622e-09	-4.538744e+01	-2.611135e+02
6.000000e-08	-6.234804e-06	-3.980401e-09	-4.529757e+01	-2.610646e+02
7.000000e-08	-6.220069e-06	-3.976006e-09	-4.519052e+01	-2.609403e+02
8.000000e-08	-6.203099e-06	-3.966088e-09	-4.506723e+01	-2.607290e+02
9.000000e-08	-6.184040e-06	-3.975345e-09	-4.492876e+01	-2.604622e+02
1.000000e-07	-6.162721e-06	-4.005280e-09	-4.477387e+01	-2.602044e+02
1.100000e-07	-6.138947e-06	-3.983530e-09	-4.460114e+01	-2.600238e+02
1.200000e-07	-6.112719e-06	-3.956035e-09	-4.441059e+01	-2.599552e+02
1.300000e-07	-6.084419e-06	-3.952500e-09	-4.420499e+01	-2.599750e+02
1.400000e-07	-6.054484e-06	-3.920886e-09	-4.398750e+01	-2.600011e+02
1.500000e-07	-6.022953e-06	-3.917741e-09	-4.375841e+01	-2.599217e+02
1.600000e-07	-5.989446e-06	-3.977484e-09	-4.351498e+01	-2.596395e+02
1.700000e-07	-5.953976e-06	-3.943179e-09	-4.325728e+01	-2.591143e+02
1.800000e-07	-5.916709e-06	-3.922048e-09	-4.298652e+01	-2.583823e+02
1.900000e-07	-5.877249e-06	-3.959957e-09	-4.269983e+01	-2.575433e+02
2.000000e-07	-5.835441e-06	-3.900753e-09	-4.239609e+01	-2.567209e+02
2.100000e-07	-5.791498e-06	-3.912167e-09	-4.207683e+01	-2.560132e+02
2.200000e-07	-5.745463e-06	-3.926632e-09	-4.174237e+01	-2.554563e+02
2.300000e-07	-5.697193e-06	-3.890542e-09	-4.139168e+01	-2.550166e+02
2.400000e-07	-5.646403e-06	-3.906061e-09	-4.102268e+01	-2.546135e+02
2.500000e-07	-5.593128e-06	-3.890103e-09	-4.063562e+01	-2.541616e+02
2.600000e-07	-5.537752e-06	-3.870358e-09	-4.023330e+01	-2.536104e+02
2.700000e-07	-5.480273e-06	-3.862373e-09	-3.981569e+01	-2.529645e+02
2.800000e-07	-5.420747e-06	-3.845615e-09	-3.938322e+01	-2.522741e+02
2.900000e-07	-5.359359e-06	-3.843756e-09	-3.893722e+01	-2.516046e+02
3.000000e-07	-5.296076e-06	-3.836254e-09	-3.847746e+01	-2.509989e+02
3.100000e-07	-5.230737e-06	-3.843688e-09	-3.800275e+01	-2.504552e+02
3.200000e-07	-5.163298e-06	-3.823438e-09	-3.751278e+01	-2.499271e+02
3.300000e-07	-5.093975e-06	-3.803215e-09	-3.700913e+01	-2.493487e+02
3.400000e-07	-5.022951e-06	-3.794922e-09	-3.649312e+01	-2.486676e+02
3.500000e-07	-4.950155e-06	-3.768031e-09	-3.596425e+01	-2.478711e+02
3.600000e-07	-4.875313e-06	-3.764989e-09	-3.542049e+01	-2.469903e+02
3.700000e-07	-4.798406e-06	-3.753314e-09	-3.486174e+01	-2.460815e+02
3.800000e-07	-4.719552e-06	-3.744751e-09	-3.428885e+01	-2.451956e+02
3.900000e-07	-4.638811e-06	-3.733239e-09	-3.370225e+01	-2.443505e+02
4.000000e-07	-4.556449e-06	-3.713676e-09	-3.310386e+01	-2.435227e+02
4.100000e-07	-4.472681e-06	-3.700111e-09	-3.249526e+01	-2.426597e+02
4.200000e-07	-4.387514e-06	-3.679550e-09	-3.187650e+01	-2.417096e+02
4.300000e-07	-4.300932e-06	-3.665887e-09	-3.124746e+01	-2.406483e+02
4.400000e-07	-4.212906e-06	-3.649012e-09	-3.060793e+01	-2.394927e+02
4.500000e-07	-4.123270e-06	-3.632133e-09	-2.995669e+01	-2.382919e+02
4.600000e-07	-4.032006e-06	-3.610275e-09	-2.929364e+01	-2.371009e+02
4.700000e-07	-3.939360e-06	-3.588782e-09	-2.862054e+01	-2.359516e+02
4.800000e-07	-3.845430e-06	-3.574892e-09	-2.793811e+01	-2.348355e+02
4.900000e-07	-3.750200e-06	-3.558025e-09	-2.724623e+01	-2.337072e+02
5.000000e-07	-3.653562e-06	-3.540904e-09	-2.654414e+01	-2.325078e+02
5.100000e-07	-3.555450e-06	-3.522290e-09	-2.583132e+01	-2.311939e+02
5.200000e-07	-3.455982e-06	-3.500236e-09	-2.510866e+01	-2.297587e+02
5.300000e-07	-3.355280e-06	-3.470238e-09	-2.437703e+01	-2.282332e+02
5.400000e-07	-3.253435e-06	-3.440382e-09	-2.363711e+01	-2.266683e+02
5.500000e-07	-3.150469e-06	-3.415564e-09	-2.288903e+01	-2.251059e+02
5.600000e-07	-3.046355e-06	-3.391094e-09	-2.213261e+01	-2.235563e+02
5.700000e-07	-2.940997e-06	-3.365720e-09	-2.136715e+01	-2.219916e+02
5.800000e-07	-2.834393e-06	-3.339540e-09	-2.059265e+01	-2.203602e+02
5.900000e-07	-2.726726e-06	-3.314086e-09	-1.981042e+01	-2.186129e+02
6.000000e-07	-2.618120e-06	-3.286448e-09	-1.902136e+01	-2.167274e+02
6.100000e-07	-2.508609e-06	-3.255495e-09	-1.822574e+01	-2.147178e+02
6.200000e-07	-2.398245e-06	-3.222005e-09	-1.742391e+01	-2.126245e+02
6.300000e-07	-2.287034e-06	-3.187203e-09	-1.661593e+01	-2.104906e+02
6.400000e-07	-2.174932e-06	-3.152542e-09	-1.580148e+01	-2.083369e+02
6.500000e-07	-2.061943e-06	-3.118633e-09	-1.498058e+01	-2.061500e+02
6.600000e-07	-1.948046e-06	-3.083860e-09	-1.415309e+01	-2.038881e+02
6.700000e-07	-1.833264e-06	-3.045529e-09	-1.331917e+01	-2.015025e+02
6.800000e-07	-1.717714e-06	-3.005508e-09	-1.247966e+01	-1.989605e+02
6.900000e-07	-1.601471e-06	-2.965202e-09	-1.163513e+01	-1.962586e+02
7.000000e-07	-1.484695e-06	-2.923946e-09	-1.078672e+01	-1.934170e+02
7.100000e-07	-1.367536e-06	-2.880710e-09	-9.935527e+00	-1.904597e+02
7.200000e-07	-1.249966e-06	-2.832905e-09	-9.081345e+00	-1.873920e+02
7.300000e-07	-1.131966e-06	-2.779707e-09	-8.224044e+00	-1.841877e+02
7.400000e-07	-1.013616e-06	-2.723785e-09	-7.364200e+00	-1.807957e+02
7.500000e-07	-8.949446e-07	-2.667100e-09	-6.502019e+00	-1.771613e+02
7.600000e-07	-7.759596e-07	-2.609471e-09	-5.637560e+00	-1.732512e+02
7.700000e-07	-6.567382e-07	-2.546829e-09	-4.771384e+00	-1.690654e+02
7.800000e-07	-5.373341e-07	-2.478747e-09	-3.903880e+00	-1.646276e+02
7.900000e-07	-4.177694e-07	-2.408194e-09	-3.035210e+00	-1.599564e+02
8.000000e-07	-2.980863e-07	-2.333516e-09	-2.165679e+00	-1.550312e+02
8.100000e-07	-1.782904e-07	-2.251487e-09	-1.295329e+00	-1.497719e+02
8.200000e-07	-5.837595e-08	-2.162247e-09	-4.241174e-01	-1.440447e+02
8.300000e-07	6.157414e-08	-2.066732e-09	4.473531e-01	-1.376955e+02
8.400000e-07	1.815120e-07	-1.962404e-09	1.318734e+00	-1.305924e+02
8.500000e-07	3.014771e-07	-1.844852e-09	2.190314e+00	-1.226552e+02
8.600000e-07	4.214168e-07	-1.710694e-09	3.061710e+00	-1.138533e+02
8.700000e-07	5.412366e-07	-1.560125e-09	3.932233e+00	-1.041657e+02
8.800000e-07	6.608792e-07	-1.394407e-09	4.801470e+00	-9.352335e+01
8.900000e-07	7.803385e-07	-1.212731e-09	5.669375e+00	-8.176243e+01
9.000000e-07	8.996217e-07	-1.010962e-09	6.536000e+00	-6.862311e+01
9.100000e-07	1.018605e-06	-7.851066e-10	7.400444e+00	-5.380872e+01
9.200000e-07	1.137182e-06	-5.337710e-10	8.261940e+00	-3.709628e+01
9.300000e-07	1.255345e-06	-2.531591e-10	9.120430e+00	-1.846231e+01
9.400000e-07	1.373081e-06	5.582887e-11	9.975812e+00	1.824615e+00
9.500000e-07	1.490372e-06	3.813218e-10	1.082796e+01	2.318680e+01
9.600000e-07	1.607159e-06	7.114313e-10	1.167646e+01	4.481237e+01
9.700000e-07	1.723316e-06	1.033825e-09	1.252037e+01	6.580529e+01
9.800000e-07	1.838736e-06	1.331717e-09	1.335893e+01	8.536472e+01
9.900000e-07	1.953316e-06	1.593597e-09	1.419138e+01	1.029365e+02
1.000000e-06	2.066968e-06	1.820660e-09	1.501709e+01	1.182902e+02
1.010000e-06	2.179697e-06	2.018679e-09	1.583610e+01	1.315035e+02
1.020000e-06	2.291597e-06	2.192951e-09	1.664908e+01	1.428690e+02
1.030000e-06	2.402747e-06	2.346428e-09	1.745662e+01	1.527635e+02
1.040000e-06	2.513055e-06	2.480252e-09	1.825804e+01	1.615300e+02
1.050000e-06	2.622447e-06	2.595623e-09	1.905280e+01	1.694080e+02
1.060000e-06	2.731016e-06	2.698612e-09	1.984159e+01	1.765245e+02
1.070000e-06	2.838733e-06	2.794678e-09	2.062418e+01	1.829337e+02
1.080000e-06	2.945415e-06	2.885796e-09	2.139925e+01	1.886737e+02
1.090000e-06	3.050878e-06	2.966643e-09	2.216547e+01	1.938106e+02
1.100000e-06	3.155133e-06	3.036543e-09	2.292292e+01	1.984505e+02
1.110000e-06	3.258301e-06	3.099140e-09	2.367246e+01	2.027199e+02
1.120000e-06	3.360311e-06	3.157703e-09	2.441359e+01	2.067300e+02
1.130000e-06	3.461165e-06	3.214114e-09	2.514632e+01	2.105462e+02
1.140000e-06	3.560873e-06	3.265315e-09	2.587072e+01	2.141788e+02
1.150000e-06	3.659321e-06	3.312651e-09	2.658597e+01	2.175977e+02
1.160000e-06	3.756362e-06	3.356975e-09	2.729101e+01	2.207625e+02
1.170000e-06	3.851980e-06	3.398720e-09	2.798569e+01	2.236522e+02
1.180000e-06	3.946263e-06	3.436471e-09	2.867069e+01	2.262802e+02
1.190000e-06	4.039238e-06	3.470497e-09	2.934618e+01	2.286902e+02
1.200000e-06	4.130920e-06	3.502278e-09	3.001227e+01	2.309371e+02
1.210000e-06	4.221161e-06	3.532230e-09	3.066790e+01	2.330653e+02
1.220000e-06	4.309769e-06	3.559993e-09	3.131166e+01	2.350948e+02
1.230000e-06	4.396765e-06	3.586633e-09	3.194371e+01	2.370215e+02
1.240000e-06	4.482228e-06	3.612008e-09	3.256462e+01	2.388282e+02
1.250000e-06	4.566213e-06	3.634982e-09	3.317479e+01	2.405010e+02
1.260000e-06	4.648709e-06	3.654858e-09	3.377415e+01	2.420399e+02
1.270000e-06	4.729525e-06	3.674500e-09	3.436131e+01	2.434603e+02
1.280000e-06	4.808528e-06	3.697036e-09	3.493528e+01	2.447859e+02
1.290000e-06	4.885736e-06	3.718784e-09	3.549622e+01	2.460386e+02
1.300000e-06	4.961122e-06	3.736311e-09	3.604392e+01	2.472306e+02
1.310000e-06	5.034566e-06	3.751435e-09	3.657751e+01	2.483635e+02
1.320000e-06	5.106011e-06	3.767293e-09	3.709658e+01	2.494335e+02
1.330000e-06	5.175565e-06	3.782865e-09	3.760190e+01	2.504377e+02
1.340000e-06	5.243412e-06	3.797739e-09	3.809483e+01	2.513782e+02
1.350000e-06	5.309370e-06	3.812408e-09	3.857403e+01	2.522612e+02
1.360000e-06	5.373262e-06	3.826006e-09	3.903823e+01	2.530930e+02
1.370000e-06	5.435296e-06	3.838037e-09	3.948892e+01	2.538761e+02
1.380000e-06	5.495603e-06	3.849481e-09	3.992707e+01	2.546082e+02
1.390000e-06	5.554016e-06	3.861295e-09	4.035146e+01	2.552860e+02
1.400000e-06	5.610302e-06	3.872470e-09	4.076039e+01	2.559103e+02
1.410000e-06	5.664540e-06	3.882771e-09	4.115445e+01	2.564900e+02
1.420000e-06	5.716703e-06	3.891592e-09	4.153342e+01	2.570396e+02
1.430000e-06	5.766475e-06	3.899151e-09	4.189503e+01	2.575730e+02
1.440000e-06	5.813919e-06	3.907914e-09	4.223973e+01	2.580957e+02
1.450000e-06	5.859372e-06	3.917957e-09	4.256996e+01	2.586000e+02
1.460000e-06	5.902901e-06	3.925964e-09	4.288621e+01	2.590685e+02
1.470000e-06	5.944249e-06	3.932685e-09	4.318661e+01	2.594832e+02
1.480000e-06	5.983400e-06	3.940135e-09	4.347105e+01	2.598368e+02
1.490000e-06	6.020589e-06	3.947315e-09	4.374124e+01	2.601401e+02
1.500000e-06	6.055825e-06	3.953994e-09	4.399724e+01	2.604190e+02
1.510000e-06	6.088820e-06	3.960797e-09	4.423696e+01	2.607033e+02
1.520000e-06	6.119555e-06	3.967797e-09	4.446025e+01	2.610117e+02
1.530000e-06	6.148286e-06	3.975364e-09	4.466900e+01	2.613403e+02
1.540000e-06	6.174885e-06	3.982071e-09	4.486224e+01	2.616630e+02
1.550000e-06	6.199083e-06	3.986020e-09	4.503805e+01	2.619426e+02
1.560000e-06	6.221022e-06	3.988528e-09	4.519744e+01	2.621491e+02
1.570000e-06	6.240968e-06	3.991601e-09	4.534236e+01	2.622757e+02
1.580000e-06	6.258751e-06	3.995088e-09	4.547155e+01	2.623434e+02
1.590000e-06	6.274153e-06	3.998816e-09	4.558345e+01	2.623916e+02
1.600000e-06	6.287182e-06	4.002433e-09	4.567811e+01	2.624592e+02
1.610000e-06	6.297777e-06	4.004804e-09	4.575509e+01	2.625646e+02
1.620000e-06	6.305916e-06	4.006342e-09	4.581422e+01	2.626968e+02
1.630000e-06	6.311732e-06	4.007317e-09	4.585647e+01	2.628214e+02
1.640000e-06	6.315354e-06	4.007881e-09	4.588279e+01	2.628987e+02
1.650000e-06	6.316704e-06	4.009171e-09	4.589260e+01	2.629055e+02
1.660000e-06	6.315794e-06	4.011075e-09	4.588598e+01	2.628482e+02
1.670000e-06	6.312900e-06	4.010500e-09	4.586496e+01	2.627592e+02
1.680000e-06	6.308071e-06	4.012401e-09	4.582987e+01	2.626792e+02
1.690000e-06	6.301082e-06	4.015419e-09	4.577910e+01	2.626335e+02
1.700000e-06	6.291961e-06	4.016220e-09	4.571283e+01	2.626162e+02
1.710000e-06	6.280854e-06	4.015763e-09	4.563214e+01	2.625911e+02
1.720000e-06	6.267561e-06	4.017656e-09	4.553556e+01	2.625107e+02
1.730000e-06	6.252040e-06	4.026000e-09	4.542279e+01	2.623446e+02
1.740000e-06	6.234487e-06	4.004194e-09	4.529527e+01	2.621008e+02
1.750000e-06	6.214556e-06	3.964926e-09	4.515046e+01	2.618287e+02
1.760000e-06	6.191607e-06	3.986880e-09	4.498373e+01	2.615991e+02
1.770000e-06	6.165854e-06	3.998451e-09	4.479663e+01	2.614691e+02
1.780000e-06	6.138206e-06	4.003580e-09	4.459576e+01	2.614480e+02
1.790000e-06	6.109290e-06	4.042362e-09	4.438568e+01	2.614833e+02
1.800000e-06	6.078937e-06	3.998065e-09	4.416516e+01	2.614742e+02
1.810000e-06	6.046377e-06	3.997828e-09	4.392860e+01	2.613097e+02
1.820000e-06	6.011560e-06	4.050319e-09	4.367564e+01	2.609148e+02
1.830000e-06	5.974916e-06	3.959489e-09	4.340942e+01	2.602842e+02
1.840000e-06	5.936057e-06	3.955527e-09	4.312709e+01	2.594873e+02
1.850000e-06	5.894953e-06	3.959190e-09	4.282846e+01	2.586407e+02
1.860000e-06	5.851946e-06	3.889704e-09	4.251600e+01	2.578621e+02
1.870000e-06	5.806882e-06	3.953261e-09	4.218860e+01	2.572240e+02
1.880000e-06	5.759723e-06	3.912843e-09	4.184598e+01	2.567291e+02
1.890000e-06	5.710343e-06	3.889341e-09	4.148722e+01	2.563174e+02
1.900000e-06	5.658657e-06	3.913990e-09	4.111171e+01	2.559006e+02
1.910000e-06	5.604679e-06	3.860955e-09	4.071954e+01	2.554053e+02
1.920000e-06	5.548433e-06	3.908555e-09	4.031089e+01	2.548059e+02
1.930000e-06	5.490209e-06	3.874322e-09	3.988788e+01	2.541310e+02
1.940000e-06	5.430047e-06	3.853869e-09	3.945079e+01	2.534424e+02
1.950000e-06	5.367757e-06	3.867563e-09	3.899824e+01	2.527992e+02
1.960000e-06	5.303331e-06	3.813105e-09	3.853017e+01	2.522253e+02
1.970000e-06	5.236918e-06	3.842051e-09	3.804765e+01	2.516962e+02
1.980000e-06	5.168745e-06	3.812176e-09	3.755235e+01	2.511525e+02
1.990000e-06	5.098574e-06	3.834286e-09	3.704255e+01	2.505306e+02
2.000000e-06	5.026364e-06	3.831759e-09	3.651792e+01	2.497943e+02
2.010000e-06	4.952420e-06	3.783647e-09	3.598070e+01	2.489522e+02
2.020000e-06	4.876644e-06	3.800268e-09	3.543017e+01	2.480506e+02
2.030000e-06	4.798853e-06	3.758269e-09	3.486499e+01	2.471473e+02
2.040000e-06	4.719063e-06	3.765880e-09	3.428530e+01	2.462804e+02
2.050000e-06	4.637664e-06	3.745294e-09	3.369391e+01	2.454482e+02
2.060000e-06	4.554879e-06	3.738139e-09	3.309245e+01	2.446110e+02
2.070000e-06	4.470629e-06	3.732798e-09	3.248036e+01	2.437125e+02
2.080000e-06	4.384749e-06	3.693033e-09	3.185641e+01	2.427110e+02
2.090000e-06	4.297102e-06	3.693924e-09	3.121963e+01	2.416010e+02
2.100000e-06	4.207903e-06	3.671457e-09	3.057157e+01	2.404169e+02
2.110000e-06	4.117396e-06	3.667535e-09	2.991402e+01	2.392143e+02
2.120000e-06	4.025615e-06	3.640819e-09	2.924720e+01	2.380406e+02
2.130000e-06	3.932405e-06	3.628356e-09	2.857001e+01	2.369100e+02
2.140000e-06	3.837646e-06	3.614270e-09	2.788155e+01	2.357950e+02
2.150000e-06	3.741430e-06	3.582431e-09	2.718252e+01	2.346404e+02
2.160000e-06	3.643875e-06	3.560688e-09	2.647376e+01	2.333910e+02
2.170000e-06	3.545117e-06	3.539830e-09	2.575625e+01	2.320188e+02
2.180000e-06	3.445152e-06	3.532951e-09	2.502998e+01	2.305356e+02
2.190000e-06	3.343828e-06	3.509259e-09	2.429383e+01	2.289850e+02
2.200000e-06	3.241136e-06	3.491266e-09	2.354775e+01	2.274173e+02
2.210000e-06	3.137233e-06	3.466946e-09	2.279286e+01	2.258616e+02
2.220000e-06	3.032190e-06	3.440025e-09	2.202970e+01	2.243100e+02
2.230000e-06	2.926125e-06	3.409661e-09	2.125911e+01	2.227210e+02
2.240000e-06	2.819075e-06	3.387110e-09	2.048136e+01	2.210403e+02
2.250000e-06	2.711051e-06	3.365524e-09	1.969653e+01	2.192291e+02
2.260000e-06	2.602120e-06	3.336072e-09	1.890512e+01	2.172818e+02
2.270000e-06	2.492284e-06	3.304938e-09	1.810713e+01	2.152272e+02
2.280000e-06	2.381498e-06	3.271560e-09	1.730224e+01	2.131102e+02
2.290000e-06	2.269668e-06	3.240384e-09	1.648977e+01	2.109662e+02
2.300000e-06	2.157028e-06	3.205694e-09	1.567140e+01	2.088005e+02
2.310000e-06	2.043675e-06	3.175549e-09	1.484786e+01	2.065847e+02
2.320000e-06	1.929602e-06	3.140931e-09	1.401909e+01	2.042705e+02
2.330000e-06	1.814815e-06	3.102761e-09	1.318513e+01	2.018144e+02
2.340000e-06	1.699286e-06	3.059218e-09	1.234578e+01	1.991965e+02
2.350000e-06	1.583096e-06	3.015202e-09	1.150163e+01	1.964260e+02
2.360000e-06	1.466279e-06	2.971086e-09	1.065292e+01	1.935281e+02
2.370000e-06	1.348824e-06	2.927605e-09	9.799577e+00	1.905203e+02
2.380000e-06	1.230829e-06	2.884322e-09	8.942311e+00	1.873940e+02
2.390000e-06	1.112378e-06	2.835222e-09	8.081737e+00	1.841094e+02
2.400000e-06	9.935497e-07	2.781506e-09	7.218413e+00	1.806105e+02
2.410000e-06	8.744293e-07	2.723454e-09	6.352970e+00	1.768499e+02
2.420000e-06	7.549611e-07	2.661506e-09	5.485000e+00	1.728095e+02
2.430000e-06	6.352072e-07	2.592949e-09	4.614956e+00	1.685029e+02
2.440000e-06	5.152552e-07	2.522379e-09	3.743471e+00	1.639557e+02
2.450000e-06	3.951993e-07	2.452917e-09	2.871232e+00	1.591723e+02
2.460000e-06	2.749826e-07	2.379699e-09	1.997824e+00	1.541053e+02
2.470000e-06	1.546272e-07	2.294689e-09	1.123410e+00	1.486472e+02
2.480000e-06	3.421513e-08	2.199359e-09	2.485824e-01	1.426497e+02
2.490000e-06	-8.625257e-08	2.095951e-09	-6.266487e-01	1.359638e+02
2.500000e-06	-2.066749e-07	1.980019e-09	-1.501550e+00	1.284795e+02
2.510000e-06	-3.270412e-07	1.851854e-09	-2.376045e+00	1.201425e+02
2.520000e-06	-4.473441e-07	1.713443e-09	-3.250078e+00	1.109332e+02
2.530000e-06	-5.675311e-07	1.562696e-09	-4.123270e+00	1.008156e+02
2.540000e-06	-6.875192e-07	1.392144e-09	-4.995017e+00	8.968037e+01
2.550000e-06	-8.072520e-07	1.199119e-09	-5.864909e+00	7.731577e+01
2.560000e-06	-9.267173e-07	9.862170e-10	-6.732857e+00	6.343379e+01
2.570000e-06	-1.045794e-06	7.492243e-10	-7.597984e+00	4.775623e+01
2.580000e-06	-1.164414e-06	4.831676e-10	-8.459786e+00	3.013795e+01
2.590000e-06	-1.282540e-06	1.887513e-10	-9.318008e+00	1.068337e+01
2.600000e-06	-1.400086e-06	-1.287495e-10	-1.017201e+01	-1.019196e+01
2.610000e-06	-1.516967e-06	-4.624733e-10	-1.102118e+01	-3.178696e+01
2.620000e-06	-1.633170e-06	-7.970930e-10	-1.186543e+01	-5.322894e+01
2.630000e-06	-1.748693e-06	-1.113135e-09	-1.270474e+01	-7.364413e+01
2.640000e-06	-1.863439e-06	-1.398321e-09	-1.353840e+01	-9.233105e+01
2.650000e-06	-1.977354e-06	-1.647865e-09	-1.436602e+01	-1.088819e+02
2.660000e-06	-2.090386e-06	-1.866030e-09	-1.518723e+01	-1.232166e+02
2.670000e-06	-2.202458e-06	-2.056667e-09	-1.600146e+01	-1.355278e+02
2.680000e-06	-2.313600e-06	-2.222109e-09	-1.680895e+01	-1.461635e+02
2.690000e-06	-2.423915e-06	-2.368151e-09	-1.761041e+01	-1.554974e+02
2.700000e-06	-2.533361e-06	-2.498959e-09	-1.840557e+01	-1.638292e+02
2.710000e-06	-2.641904e-06	-2.616119e-09	-1.919416e+01	-1.713439e+02
2.720000e-06	-2.749611e-06	-2.720531e-09	-1.997669e+01	-1.781279e+02
2.730000e-06	-2.856451e-06	-2.812257e-09	-2.075290e+01	-1.842210e+02
2.740000e-06	-2.962339e-06	-2.893828e-09	-2.152221e+01	-1.896706e+02
2.750000e-06	-3.067201e-06	-2.967866e-09	-2.228406e+01	-1.945619e+02
2.760000e-06	-3.170913e-06	-3.036582e-09	-2.303756e+01	-1.990144e+02
2.770000e-06	-3.273411e-06	-3.102567e-09	-2.378223e+01	-2.031522e+02
2.780000e-06	-3.374639e-06	-3.165460e-09	-2.451768e+01	-2.070680e+02
2.790000e-06	-3.474617e-06	-3.224197e-09	-2.524405e+01	-2.108010e+02
2.800000e-06	-3.573426e-06	-3.279581e-09	-2.596192e+01	-2.143399e+02
2.810000e-06	-3.671083e-06	-3.333196e-09	-2.667143e+01	-2.176455e+02
2.820000e-06	-3.767565e-06	-3.383833e-09	-2.737240e+01	-2.206836e+02
2.830000e-06	-3.862704e-06	-3.428255e-09	-2.806361e+01	-2.234484e+02
2.840000e-06	-3.956395e-06	-3.468186e-09	-2.874430e+01	-2.259689e+02
2.850000e-06	-4.048686e-06	-3.506513e-09	-2.941482e+01	-2.282968e+02
2.860000e-06	-4.139625e-06	-3.543690e-09	-3.007552e+01	-2.304847e+02
2.870000e-06	-4.229112e-06	-3.579176e-09	-3.072567e+01	-2.325666e+02
2.880000e-06	-4.317040e-06	-3.612341e-09	-3.136449e+01	-2.345504e+02
2.890000e-06	-4.403322e-06	-3.643596e-09	-3.199135e+01	-2.364240e+02
2.900000e-06	-4.487941e-06	-3.672619e-09	-3.260613e+01	-2.381699e+02
2.910000e-06	-4.571081e-06	-3.699349e-09	-3.321017e+01	-2.397799e+02
2.920000e-06	-4.652741e-06	-3.723205e-09	-3.380345e+01	-2.412615e+02
2.930000e-06	-4.732712e-06	-3.744331e-09	-3.438446e+01	-2.426351e+02
2.940000e-06	-4.810762e-06	-3.764054e-09	-3.495151e+01	-2.439250e+02
2.950000e-06	-4.886835e-06	-3.783711e-09	-3.550421e+01	-2.451490e+02
2.960000e-06	-4.961060e-06	-3.801660e-09	-3.604347e+01	-2.463142e+02
2.970000e-06	-5.033430e-06	-3.817060e-09	-3.656926e+01	-2.474188e+02
2.980000e-06	-5.103829e-06	-3.833042e-09	-3.708073e+01	-2.484588e+02
2.990000e-06	-5.172269e-06	-3.848767e-09	-3.757796e+01	-2.494331e+02
3.000000e-06	-5.238911e-06	-3.862491e-09	-3.806214e+01	-2.503463e+02
3.010000e-06	-5.303810e-06	-3.875266e-09	-3.853364e+01	-2.512053e+02
3.020000e-06	-5.366803e-06	-3.887872e-09	-3.899130e+01	-2.520149e+02
3.030000e-06	-5.427745e-06	-3.898511e-09	-3.943406e+01	-2.527752e+02
3.040000e-06	-5.486693e-06	-3.906546e-09	-3.986234e+01	-2.534826e+02
3.050000e-06	-5.543824e-06	-3.914507e-09	-4.027741e+01	-2.541354e+02
3.060000e-06	-5.599030e-06	-3.923081e-09	-4.067850e+01	-2.547378e+02
3.070000e-06	-5.651984e-06	-3.931314e-09	-4.106322e+01	-2.553018e+02
3.080000e-06	-5.702564e-06	-3.939478e-09	-4.143070e+01	-2.558429e+02
3.090000e-06	-5.750801e-06	-3.949769e-09	-4.178116e+01	-2.563718e+02
3.100000e-06	-5.796971e-06	-3.958980e-09	-4.211659e+01	-2.568880e+02
3.110000e-06	-5.841317e-06	-3.965513e-09	-4.243878e+01	-2.573785e+02
3.120000e-06	-5.883778e-06	-3.969548e-09	-4.274727e+01	-2.578242e+02
3.130000e-06	-5.924283e-06	-3.971588e-09	-4.304155e+01	-2.582107e+02
3.140000e-06	-5.962688e-06	-3.973856e-09	-4.332057e+01	-2.585390e+02
3.150000e-06	-5.998936e-06	-3.976851e-09	-4.358392e+01	-2.588274e+02
3.160000e-06	-6.033109e-06	-3.981082e-09	-4.383220e+01	-2.591058e+02
3.170000e-06	-6.065169e-06	-3.984487e-09	-4.406513e+01	-2.594005e+02
3.180000e-06	-6.094946e-06	-3.987638e-09	-4.428146e+01	-2.597206e+02
3.190000e-06	-6.122470e-06	-3.991339e-09	-4.448143e+01	-2.600512e+02
3.200000e-06	-6.147897e-06	-3.995569e-09	-4.466617e+01	-2.603588e+02
3.210000e-06	-6.171110e-06	-3.999367e-09	-4.483482e+01	-2.606074e+02
3.220000e-06	-6.191985e-06	-3.999873e-09	-4.498648e+01	-2.607762e+02
3.230000e-06	-6.210656e-06	-3.998329e-09	-4.512213e+01	-2.608717e+02
3.240000e-06	-6.227212e-06	-3.996829e-09	-4.524241e+01	-2.609254e+02
3.250000e-06	-6.241312e-06	-3.995980e-09	-4.534485e+01	-2.609789e+02
3.260000e-06	-6.252856e-06	-3.997030e-09	-4.542872e+01	-2.610639e+02
3.270000e-06	-6.262150e-06	-3.998474e-09	-4.549625e+01	-2.611852e+02
3.280000e-06	-6.269215e-06	-4.000419e-09	-4.554758e+01	-2.613194e+02
3.290000e-06	-6.274007e-06	-4.001131e-09	-4.558239e+01	-2.614267e+02
3.300000e-06	-6.276684e-06	-4.000010e-09	-4.560184e+01	-2.614729e+02
3.310000e-06	-6.277265e-06	-3.998415e-09	-4.560606e+01	-2.614476e+02
