# Temperatura_=_20.0
# Concentracion g/m^3_=_4600.0
# C_Vs_to_Am_M_A/Vsm_=_65563218390.804596
# pendiente_HvsI_1/m_=_3716.3
# ordenada_HvsI_A/m_=_1297.0
# frecuencia_Hz_=_302077.68084664206

Tiempo_(s)	Campo_(V.s)	Magnetizacion_(V.s)	Campo_(kA/m)	Magnetizacion_(A/m)
0.000000e+00	-6.431606e-06	-4.050419e-09	-4.559897e+01	-2.649890e+02
1.000000e-08	-6.429427e-06	-4.052364e-09	-4.558352e+01	-2.650855e+02
2.000000e-08	-6.425092e-06	-4.050510e-09	-4.555279e+01	-2.652390e+02
3.000000e-08	-6.418792e-06	-4.052151e-09	-4.550813e+01	-2.653642e+02
4.000000e-08	-6.410437e-06	-4.053723e-09	-4.544889e+01	-2.653727e+02
5.000000e-08	-6.399766e-06	-4.053252e-09	-4.537323e+01	-2.652284e+02
6.000000e-08	-6.386741e-06	-4.048561e-09	-4.528089e+01	-2.649786e+02
7.000000e-08	-6.371386e-06	-4.029234e-09	-4.517203e+01	-2.647381e+02
8.000000e-08	-6.353742e-06	-4.038873e-09	-4.504693e+01	-2.646291e+02
9.000000e-08	-6.333907e-06	-4.102435e-09	-4.490631e+01	-2.647053e+02
1.000000e-07	-6.311702e-06	-4.083557e-09	-4.474887e+01	-2.649010e+02
1.100000e-07	-6.286938e-06	-4.042117e-09	-4.457330e+01	-2.650373e+02
1.200000e-07	-6.259709e-06	-4.064781e-09	-4.438026e+01	-2.648923e+02
1.300000e-07	-6.230478e-06	-4.035439e-09	-4.417301e+01	-2.643051e+02
1.400000e-07	-6.199618e-06	-3.992726e-09	-4.395422e+01	-2.632677e+02
1.500000e-07	-6.167023e-06	-4.130089e-09	-4.372313e+01	-2.619551e+02
1.600000e-07	-6.132343e-06	-4.053599e-09	-4.347725e+01	-2.606737e+02
1.700000e-07	-6.095712e-06	-3.945014e-09	-4.321755e+01	-2.597460e+02
1.800000e-07	-6.057046e-06	-4.060300e-09	-4.294340e+01	-2.593793e+02
1.900000e-07	-6.016016e-06	-3.964309e-09	-4.265251e+01	-2.595792e+02
2.000000e-07	-5.972730e-06	-3.990786e-09	-4.234562e+01	-2.601472e+02
2.100000e-07	-5.927232e-06	-4.051196e-09	-4.202305e+01	-2.607658e+02
2.200000e-07	-5.879553e-06	-3.973491e-09	-4.168501e+01	-2.611304e+02
2.300000e-07	-5.829466e-06	-3.985453e-09	-4.132990e+01	-2.610708e+02
2.400000e-07	-5.776784e-06	-3.964418e-09	-4.095640e+01	-2.606057e+02
2.500000e-07	-5.721804e-06	-3.955428e-09	-4.056660e+01	-2.599112e+02
2.600000e-07	-5.664716e-06	-3.964332e-09	-4.016186e+01	-2.592211e+02
2.700000e-07	-5.605490e-06	-3.938234e-09	-3.974195e+01	-2.587116e+02
2.800000e-07	-5.544228e-06	-3.945027e-09	-3.930761e+01	-2.584253e+02
2.900000e-07	-5.481009e-06	-3.928396e-09	-3.885940e+01	-2.582672e+02
3.000000e-07	-5.415764e-06	-3.944011e-09	-3.839683e+01	-2.580706e+02
3.100000e-07	-5.348429e-06	-3.928898e-09	-3.791944e+01	-2.576916e+02
3.200000e-07	-5.279052e-06	-3.918737e-09	-3.742757e+01	-2.570845e+02
3.300000e-07	-5.207799e-06	-3.912875e-09	-3.692239e+01	-2.563186e+02
3.400000e-07	-5.134694e-06	-3.873267e-09	-3.640409e+01	-2.555324e+02
3.500000e-07	-5.059568e-06	-3.890859e-09	-3.587146e+01	-2.548525e+02
3.600000e-07	-4.982279e-06	-3.876365e-09	-3.532349e+01	-2.543239e+02
3.700000e-07	-4.902904e-06	-3.864702e-09	-3.476074e+01	-2.538877e+02
3.800000e-07	-4.821659e-06	-3.850968e-09	-3.418473e+01	-2.534174e+02
3.900000e-07	-4.738739e-06	-3.823997e-09	-3.359684e+01	-2.527924e+02
4.000000e-07	-4.654282e-06	-3.820986e-09	-3.299805e+01	-2.519657e+02
4.100000e-07	-4.568378e-06	-3.822782e-09	-3.238901e+01	-2.509896e+02
4.200000e-07	-4.481048e-06	-3.819930e-09	-3.176985e+01	-2.499847e+02
4.300000e-07	-4.392159e-06	-3.794848e-09	-3.113965e+01	-2.490707e+02
4.400000e-07	-4.301595e-06	-3.779765e-09	-3.049756e+01	-2.482977e+02
4.500000e-07	-4.209374e-06	-3.760607e-09	-2.984373e+01	-2.476163e+02
4.600000e-07	-4.115722e-06	-3.735355e-09	-2.917975e+01	-2.469046e+02
4.700000e-07	-4.020726e-06	-3.724744e-09	-2.850625e+01	-2.460360e+02
4.800000e-07	-3.924296e-06	-3.720090e-09	-2.782258e+01	-2.449516e+02
4.900000e-07	-3.826412e-06	-3.704319e-09	-2.712860e+01	-2.436951e+02
5.000000e-07	-3.727070e-06	-3.679239e-09	-2.642428e+01	-2.423899e+02
5.100000e-07	-3.626331e-06	-3.665659e-09	-2.571006e+01	-2.411704e+02
5.200000e-07	-3.524306e-06	-3.651586e-09	-2.498672e+01	-2.401045e+02
5.300000e-07	-3.421085e-06	-3.625753e-09	-2.425490e+01	-2.391513e+02
5.400000e-07	-3.316624e-06	-3.602956e-09	-2.351429e+01	-2.381785e+02
5.500000e-07	-3.210858e-06	-3.585710e-09	-2.276443e+01	-2.370335e+02
5.600000e-07	-3.103839e-06	-3.561707e-09	-2.200568e+01	-2.356281e+02
5.700000e-07	-2.995623e-06	-3.537169e-09	-2.123845e+01	-2.339917e+02
5.800000e-07	-2.886314e-06	-3.521487e-09	-2.046347e+01	-2.322596e+02
5.900000e-07	-2.776034e-06	-3.504912e-09	-1.968160e+01	-2.306007e+02
6.000000e-07	-2.664776e-06	-3.477672e-09	-1.889280e+01	-2.291215e+02
6.100000e-07	-2.552514e-06	-3.450594e-09	-1.809688e+01	-2.277987e+02
6.200000e-07	-2.439208e-06	-3.428237e-09	-1.729356e+01	-2.264800e+02
6.300000e-07	-2.324811e-06	-3.402162e-09	-1.648251e+01	-2.249569e+02
6.400000e-07	-2.209393e-06	-3.369167e-09	-1.566422e+01	-2.230729e+02
6.500000e-07	-2.093095e-06	-3.334036e-09	-1.483968e+01	-2.208100e+02
6.600000e-07	-1.976059e-06	-3.298878e-09	-1.400992e+01	-2.183043e+02
6.700000e-07	-1.858364e-06	-3.265301e-09	-1.317548e+01	-2.157766e+02
6.800000e-07	-1.740067e-06	-3.236815e-09	-1.233678e+01	-2.134133e+02
6.900000e-07	-1.621169e-06	-3.206760e-09	-1.149381e+01	-2.112567e+02
7.000000e-07	-1.501623e-06	-3.167731e-09	-1.064625e+01	-2.091683e+02
7.100000e-07	-1.381484e-06	-3.120116e-09	-9.794483e+00	-2.068880e+02
7.200000e-07	-1.260864e-06	-3.070961e-09	-8.939310e+00	-2.041633e+02
7.300000e-07	-1.139882e-06	-3.021685e-09	-8.081567e+00	-2.008820e+02
7.400000e-07	-1.018605e-06	-2.970711e-09	-7.221730e+00	-1.971344e+02
7.500000e-07	-8.970418e-07	-2.918852e-09	-6.359871e+00	-1.931669e+02
7.600000e-07	-7.751866e-07	-2.864127e-09	-5.495939e+00	-1.892409e+02
7.700000e-07	-6.530374e-07	-2.801305e-09	-4.629922e+00	-1.854705e+02
7.800000e-07	-5.306503e-07	-2.734709e-09	-3.762219e+00	-1.817233e+02
7.900000e-07	-4.080992e-07	-2.668365e-09	-2.893353e+00	-1.776473e+02
8.000000e-07	-2.853223e-07	-2.593994e-09	-2.022886e+00	-1.728167e+02
8.100000e-07	-1.623194e-07	-2.508446e-09	-1.150816e+00	-1.669288e+02
8.200000e-07	-3.917238e-08	-2.411950e-09	-2.777254e-01	-1.599401e+02
8.300000e-07	8.406360e-08	-2.303657e-09	5.959964e-01	-1.520553e+02
8.400000e-07	2.072957e-07	-2.177599e-09	1.469691e+00	-1.435473e+02
8.500000e-07	3.304443e-07	-2.031211e-09	2.342793e+00	-1.344773e+02
8.600000e-07	4.534640e-07	-1.862817e-09	3.214981e+00	-1.244499e+02
8.700000e-07	5.763311e-07	-1.666171e-09	4.086088e+00	-1.125447e+02
8.800000e-07	6.990532e-07	-1.434927e-09	4.956166e+00	-9.750412e+01
8.900000e-07	8.214920e-07	-1.155401e-09	5.824236e+00	-7.814510e+01
9.000000e-07	9.435076e-07	-8.095270e-10	6.689306e+00	-5.385840e+01
9.100000e-07	1.065164e-06	-3.838802e-10	7.551828e+00	-2.499832e+01
9.200000e-07	1.186527e-06	1.176326e-10	8.412269e+00	7.008435e+00
9.300000e-07	1.307618e-06	6.540630e-10	9.270782e+00	3.990693e+01
9.400000e-07	1.428328e-06	1.151927e-09	1.012660e+01	7.114763e+01
9.500000e-07	1.548462e-06	1.555407e-09	1.097833e+01	9.853070e+01
9.600000e-07	1.667902e-06	1.858619e-09	1.182514e+01	1.207375e+02
9.700000e-07	1.786650e-06	2.086412e-09	1.266704e+01	1.375691e+02
9.800000e-07	1.904741e-06	2.267837e-09	1.350429e+01	1.498279e+02
9.900000e-07	2.022156e-06	2.418599e-09	1.433673e+01	1.589103e+02
1.000000e-06	2.138845e-06	2.546381e-09	1.516404e+01	1.662851e+02
1.010000e-06	2.254709e-06	2.657975e-09	1.598550e+01	1.730517e+02
1.020000e-06	2.369485e-06	2.757497e-09	1.679924e+01	1.797245e+02
1.030000e-06	2.483164e-06	2.847929e-09	1.760520e+01	1.862793e+02
1.040000e-06	2.595917e-06	2.930621e-09	1.840460e+01	1.923930e+02
1.050000e-06	2.707672e-06	3.006112e-09	1.919692e+01	1.977382e+02
1.060000e-06	2.818418e-06	3.074560e-09	1.998210e+01	2.021987e+02
1.070000e-06	2.928198e-06	3.136249e-09	2.076042e+01	2.059261e+02
1.080000e-06	3.037083e-06	3.193269e-09	2.153239e+01	2.092453e+02
1.090000e-06	3.145070e-06	3.246858e-09	2.229800e+01	2.124828e+02
1.100000e-06	3.251854e-06	3.295758e-09	2.305509e+01	2.158160e+02
1.110000e-06	3.357389e-06	3.340942e-09	2.380330e+01	2.192180e+02
1.120000e-06	3.461773e-06	3.381066e-09	2.454337e+01	2.225104e+02
1.130000e-06	3.564882e-06	3.418516e-09	2.527440e+01	2.254865e+02
1.140000e-06	3.666728e-06	3.454451e-09	2.599647e+01	2.280312e+02
1.150000e-06	3.767419e-06	3.487759e-09	2.671035e+01	2.301782e+02
1.160000e-06	3.866808e-06	3.517856e-09	2.741500e+01	2.320818e+02
1.170000e-06	3.964683e-06	3.544905e-09	2.810892e+01	2.339287e+02
1.180000e-06	4.060990e-06	3.571708e-09	2.879172e+01	2.358414e+02
1.190000e-06	4.155801e-06	3.597779e-09	2.946391e+01	2.378260e+02
1.200000e-06	4.249213e-06	3.621396e-09	3.012619e+01	2.397866e+02
1.210000e-06	4.341317e-06	3.644198e-09	3.077919e+01	2.415926e+02
1.220000e-06	4.431994e-06	3.667010e-09	3.142207e+01	2.431581e+02
1.230000e-06	4.520944e-06	3.688502e-09	3.205271e+01	2.444893e+02
1.240000e-06	4.608154e-06	3.708150e-09	3.267101e+01	2.456769e+02
1.250000e-06	4.693785e-06	3.726769e-09	3.327812e+01	2.468423e+02
1.260000e-06	4.777935e-06	3.745050e-09	3.387473e+01	2.480705e+02
1.270000e-06	4.860461e-06	3.762890e-09	3.445983e+01	2.493662e+02
1.280000e-06	4.941091e-06	3.780491e-09	3.503148e+01	2.506581e+02
1.290000e-06	5.019815e-06	3.797396e-09	3.558962e+01	2.518432e+02
1.300000e-06	5.096689e-06	3.813030e-09	3.613464e+01	2.528477e+02
1.310000e-06	5.171592e-06	3.826230e-09	3.666569e+01	2.536671e+02
1.320000e-06	5.244451e-06	3.837853e-09	3.718225e+01	2.543679e+02
1.330000e-06	5.315361e-06	3.849340e-09	3.768499e+01	2.550487e+02
1.340000e-06	5.384449e-06	3.861716e-09	3.817481e+01	2.557869e+02
1.350000e-06	5.451700e-06	3.874858e-09	3.865161e+01	2.565992e+02
1.360000e-06	5.516902e-06	3.887872e-09	3.911388e+01	2.574374e+02
1.370000e-06	5.580042e-06	3.899325e-09	3.956153e+01	2.582210e+02
1.380000e-06	5.641372e-06	3.909890e-09	3.999635e+01	2.588847e+02
1.390000e-06	5.700939e-06	3.919788e-09	4.041867e+01	2.594155e+02
1.400000e-06	5.758413e-06	3.928267e-09	4.082615e+01	2.598586e+02
1.410000e-06	5.813677e-06	3.936404e-09	4.121796e+01	2.602889e+02
1.420000e-06	5.866818e-06	3.945619e-09	4.159473e+01	2.607682e+02
1.430000e-06	5.917572e-06	3.956094e-09	4.195456e+01	2.613097e+02
1.440000e-06	5.965905e-06	3.966032e-09	4.229724e+01	2.618724e+02
1.450000e-06	6.012087e-06	3.972605e-09	4.262465e+01	2.623869e+02
1.460000e-06	6.056274e-06	3.978227e-09	4.293793e+01	2.627967e+02
1.470000e-06	6.098332e-06	3.985210e-09	4.323612e+01	2.630924e+02
1.480000e-06	6.138118e-06	3.991584e-09	4.351820e+01	2.633177e+02
1.490000e-06	6.175840e-06	3.995120e-09	4.378564e+01	2.635457e+02
1.500000e-06	6.211577e-06	3.997572e-09	4.403901e+01	2.638381e+02
1.510000e-06	6.245040e-06	4.002624e-09	4.427625e+01	2.642103e+02
1.520000e-06	6.276181e-06	4.010238e-09	4.449703e+01	2.646243e+02
1.530000e-06	6.305231e-06	4.017604e-09	4.470300e+01	2.650100e+02
1.540000e-06	6.332168e-06	4.022208e-09	4.489398e+01	2.653061e+02
1.550000e-06	6.356668e-06	4.025953e-09	4.506768e+01	2.654936e+02
1.560000e-06	6.378740e-06	4.030257e-09	4.522416e+01	2.656052e+02
1.570000e-06	6.398697e-06	4.034164e-09	4.536566e+01	2.657048e+02
1.580000e-06	6.416394e-06	4.037399e-09	4.549112e+01	2.658480e+02
1.590000e-06	6.431712e-06	4.040114e-09	4.559973e+01	2.660491e+02
1.600000e-06	6.444633e-06	4.042753e-09	4.569133e+01	2.662725e+02
1.610000e-06	6.454963e-06	4.045043e-09	4.576457e+01	2.664545e+02
1.620000e-06	6.462848e-06	4.046204e-09	4.582047e+01	2.665434e+02
1.630000e-06	6.468501e-06	4.048706e-09	4.586055e+01	2.665340e+02
1.640000e-06	6.471945e-06	4.052962e-09	4.588497e+01	2.664743e+02
1.650000e-06	6.473021e-06	4.056658e-09	4.589260e+01	2.664397e+02
1.660000e-06	6.471792e-06	4.054849e-09	4.588389e+01	2.664876e+02
1.670000e-06	6.468544e-06	4.054050e-09	4.586086e+01	2.666189e+02
1.680000e-06	6.463224e-06	4.061622e-09	4.582314e+01	2.667717e+02
1.690000e-06	6.455692e-06	4.065387e-09	4.576974e+01	2.668519e+02
1.700000e-06	6.446019e-06	4.063851e-09	4.570116e+01	2.667894e+02
1.710000e-06	6.434263e-06	4.064924e-09	4.561781e+01	2.665855e+02
1.720000e-06	6.420268e-06	4.083099e-09	4.551859e+01	2.663238e+02
1.730000e-06	6.404070e-06	4.066225e-09	4.540375e+01	2.661319e+02
1.740000e-06	6.385679e-06	3.989690e-09	4.527336e+01	2.661091e+02
1.750000e-06	6.364556e-06	4.021697e-09	4.512360e+01	2.662570e+02
1.760000e-06	6.340354e-06	4.044425e-09	4.495201e+01	2.664524e+02
1.770000e-06	6.313671e-06	4.027329e-09	4.476284e+01	2.664849e+02
1.780000e-06	6.285360e-06	4.121392e-09	4.456211e+01	2.661472e+02
1.790000e-06	6.255674e-06	4.022322e-09	4.435164e+01	2.653409e+02
1.800000e-06	6.224123e-06	3.919788e-09	4.412795e+01	2.641441e+02
1.810000e-06	6.190169e-06	4.017422e-09	4.388722e+01	2.628040e+02
1.820000e-06	6.154234e-06	3.865507e-09	4.363245e+01	2.616511e+02
1.830000e-06	6.116314e-06	3.929068e-09	4.336361e+01	2.609695e+02
1.840000e-06	6.076010e-06	4.044724e-09	4.307786e+01	2.608789e+02
1.850000e-06	6.033651e-06	3.891854e-09	4.277754e+01	2.612846e+02
1.860000e-06	5.989190e-06	4.009632e-09	4.246232e+01	2.619184e+02
1.870000e-06	5.942540e-06	3.967822e-09	4.213158e+01	2.624512e+02
1.880000e-06	5.893738e-06	3.944408e-09	4.178558e+01	2.626291e+02
1.890000e-06	5.842509e-06	4.049734e-09	4.142238e+01	2.623680e+02
1.900000e-06	5.788864e-06	3.955499e-09	4.104204e+01	2.617685e+02
1.910000e-06	5.732881e-06	4.023658e-09	4.064513e+01	2.610482e+02
1.920000e-06	5.674762e-06	3.979153e-09	4.023308e+01	2.604274e+02
1.930000e-06	5.614783e-06	3.953914e-09	3.980784e+01	2.600257e+02
1.940000e-06	5.552697e-06	4.008620e-09	3.936766e+01	2.598174e+02
1.950000e-06	5.488447e-06	3.921528e-09	3.891214e+01	2.596633e+02
1.960000e-06	5.422130e-06	3.972893e-09	3.844197e+01	2.593954e+02
1.970000e-06	5.353820e-06	3.922346e-09	3.795765e+01	2.589090e+02
1.980000e-06	5.283465e-06	3.961200e-09	3.745885e+01	2.582140e+02
1.990000e-06	5.211054e-06	3.965357e-09	3.694547e+01	2.574204e+02
2.000000e-06	5.136781e-06	3.891374e-09	3.641888e+01	2.566719e+02
2.010000e-06	5.060512e-06	3.941735e-09	3.587816e+01	2.560634e+02
2.020000e-06	4.982233e-06	3.895649e-09	3.532317e+01	2.555908e+02
2.030000e-06	4.902026e-06	3.928468e-09	3.475451e+01	2.551563e+02
2.040000e-06	4.820081e-06	3.907552e-09	3.417354e+01	2.546262e+02
2.050000e-06	4.736662e-06	3.891146e-09	3.358212e+01	2.539076e+02
2.060000e-06	4.651665e-06	3.888086e-09	3.297950e+01	2.529998e+02
2.070000e-06	4.564942e-06	3.834269e-09	3.236465e+01	2.519938e+02
2.080000e-06	4.476491e-06	3.843326e-09	3.173755e+01	2.510194e+02
2.090000e-06	4.386517e-06	3.833144e-09	3.109964e+01	2.501709e+02
2.100000e-06	4.295184e-06	3.853696e-09	3.045211e+01	2.494525e+02
2.110000e-06	4.202420e-06	3.822689e-09	2.979443e+01	2.487746e+02
2.120000e-06	4.108086e-06	3.794345e-09	2.912562e+01	2.480033e+02
2.130000e-06	4.012198e-06	3.785525e-09	2.844579e+01	2.470361e+02
2.140000e-06	3.914938e-06	3.769851e-09	2.775623e+01	2.458606e+02
2.150000e-06	3.816306e-06	3.752759e-09	2.705695e+01	2.445638e+02
2.160000e-06	3.716309e-06	3.731492e-09	2.634799e+01	2.432844e+02
2.170000e-06	3.614931e-06	3.734997e-09	2.562923e+01	2.421343e+02
2.180000e-06	3.512122e-06	3.715739e-09	2.490034e+01	2.411328e+02
2.190000e-06	3.407911e-06	3.692055e-09	2.416150e+01	2.401904e+02
2.200000e-06	3.302510e-06	3.670677e-09	2.341422e+01	2.391549e+02
2.210000e-06	3.196045e-06	3.661139e-09	2.265941e+01	2.378937e+02
2.220000e-06	3.088427e-06	3.634451e-09	2.189641e+01	2.363701e+02
2.230000e-06	2.979747e-06	3.608646e-09	2.112589e+01	2.346685e+02
2.240000e-06	2.870067e-06	3.590268e-09	2.034828e+01	2.329513e+02
2.250000e-06	2.759302e-06	3.571514e-09	1.956297e+01	2.313698e+02
2.260000e-06	2.647407e-06	3.546588e-09	1.876966e+01	2.299751e+02
2.270000e-06	2.534496e-06	3.519422e-09	1.796914e+01	2.286792e+02
2.280000e-06	2.420585e-06	3.497708e-09	1.716153e+01	2.272912e+02
2.290000e-06	2.305704e-06	3.467551e-09	1.634704e+01	2.256132e+02
2.300000e-06	2.189927e-06	3.441734e-09	1.552620e+01	2.235458e+02
2.310000e-06	2.073324e-06	3.414628e-09	1.469951e+01	2.211459e+02
2.320000e-06	1.955965e-06	3.384042e-09	1.386745e+01	2.186019e+02
2.330000e-06	1.837883e-06	3.343258e-09	1.303027e+01	2.161344e+02
2.340000e-06	1.719040e-06	3.303393e-09	1.218769e+01	2.138732e+02
2.350000e-06	1.599468e-06	3.265726e-09	1.133995e+01	2.117756e+02
2.360000e-06	1.479381e-06	3.229492e-09	1.048855e+01	2.096337e+02
2.370000e-06	1.358808e-06	3.195320e-09	9.633715e+00	2.071729e+02
2.380000e-06	1.237791e-06	3.155749e-09	8.775726e+00	2.041919e+02
2.390000e-06	1.116416e-06	3.107317e-09	7.915199e+00	2.006713e+02
2.400000e-06	9.947368e-07	3.052989e-09	7.052511e+00	1.967863e+02
2.410000e-06	8.727637e-07	3.001074e-09	6.187744e+00	1.928113e+02
2.420000e-06	7.505549e-07	2.943475e-09	5.321304e+00	1.889576e+02
2.430000e-06	6.281732e-07	2.876486e-09	4.453639e+00	1.852302e+02
2.440000e-06	5.056034e-07	2.804071e-09	3.584641e+00	1.813834e+02
2.450000e-06	3.828320e-07	2.727960e-09	2.714213e+00	1.770072e+02
2.460000e-06	2.598379e-07	2.646002e-09	1.842206e+00	1.717097e+02
2.470000e-06	1.367734e-07	2.556528e-09	9.697001e-01	1.652990e+02
2.480000e-06	1.371846e-08	2.459530e-09	9.726152e-02	1.578590e+02
2.490000e-06	-1.093756e-07	2.346593e-09	-7.754541e-01	1.496572e+02
2.500000e-06	-2.324622e-07	2.212915e-09	-1.648117e+00	1.409044e+02
2.510000e-06	-3.554886e-07	2.057043e-09	-2.520353e+00	1.314723e+02
2.520000e-06	-4.783886e-07	1.873824e-09	-3.391692e+00	1.207157e+02
2.530000e-06	-6.011069e-07	1.659532e-09	-4.261744e+00	1.075184e+02
2.540000e-06	-7.236565e-07	1.405126e-09	-5.130599e+00	9.059673e+01
2.550000e-06	-8.460179e-07	1.097805e-09	-5.998120e+00	6.897392e+01
2.560000e-06	-9.681201e-07	7.200461e-10	-6.863804e+00	4.245349e+01
2.570000e-06	-1.089808e-06	2.629273e-10	-7.726553e+00	1.189536e+01
2.580000e-06	-1.211081e-06	-2.587757e-10	-8.586357e+00	-2.083824e+01
2.590000e-06	-1.332049e-06	-7.919724e-10	-9.443996e+00	-5.327741e+01
2.600000e-06	-1.452626e-06	-1.262326e-09	-1.029886e+01	-8.295656e+01
2.610000e-06	-1.572657e-06	-1.631222e-09	-1.114986e+01	-1.080335e+02
2.620000e-06	-1.691970e-06	-1.908220e-09	-1.199578e+01	-1.277017e+02
2.630000e-06	-1.810444e-06	-2.123023e-09	-1.283573e+01	-1.422623e+02
2.640000e-06	-1.928113e-06	-2.295025e-09	-1.366999e+01	-1.528559e+02
2.650000e-06	-2.045117e-06	-2.436691e-09	-1.449953e+01	-1.609768e+02
2.660000e-06	-2.161311e-06	-2.559207e-09	-1.532332e+01	-1.679658e+02
2.670000e-06	-2.276471e-06	-2.668556e-09	-1.613978e+01	-1.746612e+02
2.680000e-06	-2.390574e-06	-2.765240e-09	-1.694876e+01	-1.813071e+02
2.690000e-06	-2.503571e-06	-2.849925e-09	-1.774989e+01	-1.877038e+02
2.700000e-06	-2.615557e-06	-2.928714e-09	-1.854385e+01	-1.934916e+02
2.710000e-06	-2.726572e-06	-3.002032e-09	-1.933092e+01	-1.984234e+02
2.720000e-06	-2.836514e-06	-3.070013e-09	-2.011039e+01	-2.025103e+02
2.730000e-06	-2.945487e-06	-3.133250e-09	-2.088299e+01	-2.060032e+02
2.740000e-06	-3.053572e-06	-3.192145e-09	-2.164930e+01	-2.092500e+02
2.750000e-06	-3.160644e-06	-3.247304e-09	-2.240842e+01	-2.125220e+02
2.760000e-06	-3.266617e-06	-3.297260e-09	-2.315975e+01	-2.159018e+02
2.770000e-06	-3.371522e-06	-3.343832e-09	-2.390351e+01	-2.192797e+02
2.780000e-06	-3.475255e-06	-3.389588e-09	-2.463895e+01	-2.224475e+02
2.790000e-06	-3.577599e-06	-3.435115e-09	-2.536456e+01	-2.252287e+02
2.800000e-06	-3.678599e-06	-3.479520e-09	-2.608063e+01	-2.275754e+02
2.810000e-06	-3.778338e-06	-3.519425e-09	-2.678776e+01	-2.295855e+02
2.820000e-06	-3.876794e-06	-3.553259e-09	-2.748580e+01	-2.314412e+02
2.830000e-06	-3.974004e-06	-3.584634e-09	-2.817500e+01	-2.333098e+02
2.840000e-06	-4.069900e-06	-3.615801e-09	-2.885489e+01	-2.352621e+02
2.850000e-06	-4.164249e-06	-3.646068e-09	-2.952381e+01	-2.372513e+02
2.860000e-06	-4.257038e-06	-3.673733e-09	-3.018166e+01	-2.391550e+02
2.870000e-06	-4.348382e-06	-3.699473e-09	-3.082928e+01	-2.408547e+02
2.880000e-06	-4.438224e-06	-3.724173e-09	-3.146624e+01	-2.423045e+02
2.890000e-06	-4.526513e-06	-3.745766e-09	-3.209219e+01	-2.435540e+02
2.900000e-06	-4.613060e-06	-3.766471e-09	-3.270580e+01	-2.447167e+02
2.910000e-06	-4.697841e-06	-3.788579e-09	-3.330688e+01	-2.459047e+02
2.920000e-06	-4.780959e-06	-3.809029e-09	-3.389617e+01	-2.471687e+02
2.930000e-06	-4.862445e-06	-3.826798e-09	-3.447389e+01	-2.484746e+02
2.940000e-06	-4.942253e-06	-3.842434e-09	-3.503972e+01	-2.497290e+02
2.950000e-06	-5.020026e-06	-3.856850e-09	-3.559111e+01	-2.508355e+02
2.960000e-06	-5.095661e-06	-3.870443e-09	-3.612735e+01	-2.517495e+02
2.970000e-06	-5.169401e-06	-3.884275e-09	-3.665016e+01	-2.525022e+02
2.980000e-06	-5.241267e-06	-3.898838e-09	-3.715967e+01	-2.531812e+02
2.990000e-06	-5.311113e-06	-3.910500e-09	-3.765487e+01	-2.538819e+02
3.000000e-06	-5.378962e-06	-3.921129e-09	-3.813591e+01	-2.546565e+02
3.010000e-06	-5.445007e-06	-3.932439e-09	-3.860415e+01	-2.554895e+02
3.020000e-06	-5.509289e-06	-3.941989e-09	-3.905991e+01	-2.563123e+02
3.030000e-06	-5.571535e-06	-3.949393e-09	-3.950122e+01	-2.570455e+02
3.040000e-06	-5.631606e-06	-3.956987e-09	-3.992711e+01	-2.576450e+02
3.050000e-06	-5.689681e-06	-3.966178e-09	-4.033885e+01	-2.581265e+02
3.060000e-06	-5.745916e-06	-3.975633e-09	-4.073755e+01	-2.585538e+02
3.070000e-06	-5.800069e-06	-3.983567e-09	-4.112148e+01	-2.590013e+02
3.080000e-06	-5.851781e-06	-3.989486e-09	-4.148811e+01	-2.595111e+02
3.090000e-06	-5.901058e-06	-3.994719e-09	-4.183748e+01	-2.600699e+02
3.100000e-06	-5.948029e-06	-3.998021e-09	-4.217050e+01	-2.606189e+02
3.110000e-06	-5.992931e-06	-4.000834e-09	-4.248885e+01	-2.610892e+02
3.120000e-06	-6.035927e-06	-4.005178e-09	-4.279368e+01	-2.614434e+02
3.130000e-06	-6.077005e-06	-4.011779e-09	-4.308492e+01	-2.616980e+02
3.140000e-06	-6.116042e-06	-4.019310e-09	-4.336168e+01	-2.619150e+02
3.150000e-06	-6.152837e-06	-4.024768e-09	-4.362255e+01	-2.621672e+02
3.160000e-06	-6.187427e-06	-4.030138e-09	-4.386779e+01	-2.624979e+02
3.170000e-06	-6.219882e-06	-4.033760e-09	-4.409788e+01	-2.628967e+02
3.180000e-06	-6.250031e-06	-4.036685e-09	-4.431164e+01	-2.633065e+02
3.190000e-06	-6.277912e-06	-4.039112e-09	-4.450931e+01	-2.636560e+02
3.200000e-06	-6.303620e-06	-4.042067e-09	-4.469157e+01	-2.639005e+02
3.210000e-06	-6.327038e-06	-4.045444e-09	-4.485760e+01	-2.640457e+02
3.220000e-06	-6.348053e-06	-4.047349e-09	-4.500660e+01	-2.641431e+02
3.230000e-06	-6.366818e-06	-4.048334e-09	-4.513964e+01	-2.642576e+02
3.240000e-06	-6.383457e-06	-4.050385e-09	-4.525761e+01	-2.644289e+02
3.250000e-06	-6.397659e-06	-4.054802e-09	-4.535829e+01	-2.646471e+02
3.260000e-06	-6.409273e-06	-4.058370e-09	-4.544064e+01	-2.648592e+02
3.270000e-06	-6.418500e-06	-4.058890e-09	-4.550606e+01	-2.650018e+02
3.280000e-06	-6.425439e-06	-4.057181e-09	-4.555525e+01	-2.650420e+02
3.290000e-06	-6.430032e-06	-4.055746e-09	-4.558781e+01	-2.650005e+02
3.300000e-06	-6.432389e-06	-4.053014e-09	-4.560452e+01	-2.649428e+02
3.310000e-06	-6.432575e-06	-4.051057e-09	-4.560584e+01	-2.649418e+02
