2.898174e+02
2.900330e+02
2.893551e+02
2.858619e+02
2.939467e+02
2.983158e+02
2.987785e+02
2.914423e+02
2.983465e+02
3.023331e+02
2.940138e+02
2.933860e+02
2.931078e+02
2.963770e+02
2.960180e+02
2.939325e+02
2.962643e+02
2.915368e+02
2.967800e+02
2.869382e+02
2.887018e+02
2.878689e+02
2.855528e+02
2.833805e+02
2.769013e+02
2.850284e+02
2.812123e+02
2.802457e+02
2.769573e+02
2.695314e+02
2.664668e+02
2.642073e+02
2.624139e+02
2.585565e+02
2.510268e+02
2.538296e+02
2.505706e+02
2.456516e+02
2.445949e+02
2.451687e+02
2.553036e+02
