# Temperatura_=_20.0
# Concentracion g/m^3_=_6200.0
# C_Vs_to_Am_M_A/Vsm_=_65563218390.804596
# pendiente_HvsI_1/m_=_3716.3
# ordenada_HvsI_A/m_=_1297.0
# frecuencia_Hz_=_302618.50394042674

Tiempo_(s)	Campo_(V.s)	Magnetizacion_(V.s)	Campo_(kA/m)	Magnetizacion_(A/m)
0.000000e+00	-8.053069e-06	-4.705311e-09	-5.753664e+01	-3.053001e+02
1.000000e-08	-8.048430e-06	-4.703051e-09	-5.750349e+01	-3.053532e+02
2.000000e-08	-8.041193e-06	-4.700960e-09	-5.745179e+01	-3.055290e+02
3.000000e-08	-8.031191e-06	-4.697126e-09	-5.738032e+01	-3.056975e+02
4.000000e-08	-8.018227e-06	-4.692429e-09	-5.728770e+01	-3.057252e+02
5.000000e-08	-8.002322e-06	-4.685534e-09	-5.717407e+01	-3.055497e+02
6.000000e-08	-7.983765e-06	-4.676311e-09	-5.704148e+01	-3.052124e+02
7.000000e-08	-7.962912e-06	-4.656542e-09	-5.689249e+01	-3.048304e+02
8.000000e-08	-7.939520e-06	-4.651196e-09	-5.672537e+01	-3.045259e+02
9.000000e-08	-7.913048e-06	-4.672913e-09	-5.653623e+01	-3.043527e+02
1.000000e-07	-7.883383e-06	-4.668711e-09	-5.632428e+01	-3.042644e+02
1.100000e-07	-7.850788e-06	-4.651009e-09	-5.609140e+01	-3.041411e+02
1.200000e-07	-7.815352e-06	-4.649577e-09	-5.583822e+01	-3.038608e+02
1.300000e-07	-7.777361e-06	-4.663850e-09	-5.556679e+01	-3.033756e+02
1.400000e-07	-7.737073e-06	-4.645836e-09	-5.527895e+01	-3.027453e+02
1.500000e-07	-7.694414e-06	-4.606481e-09	-5.497416e+01	-3.021107e+02
1.600000e-07	-7.649189e-06	-4.643825e-09	-5.465104e+01	-3.016161e+02
1.700000e-07	-7.601186e-06	-4.641569e-09	-5.430807e+01	-3.013260e+02
1.800000e-07	-7.550289e-06	-4.626821e-09	-5.394443e+01	-3.011816e+02
1.900000e-07	-7.496453e-06	-4.602501e-09	-5.355979e+01	-3.010248e+02
2.000000e-07	-7.439750e-06	-4.565073e-09	-5.315466e+01	-3.006793e+02
2.100000e-07	-7.380365e-06	-4.580360e-09	-5.273037e+01	-3.000458e+02
2.200000e-07	-7.318384e-06	-4.547740e-09	-5.228754e+01	-2.991593e+02
2.300000e-07	-7.253695e-06	-4.549014e-09	-5.182536e+01	-2.981755e+02
2.400000e-07	-7.186245e-06	-4.564374e-09	-5.134345e+01	-2.972906e+02
2.500000e-07	-7.116112e-06	-4.547930e-09	-5.084237e+01	-2.966367e+02
2.600000e-07	-7.043176e-06	-4.529532e-09	-5.032127e+01	-2.962092e+02
2.700000e-07	-6.967392e-06	-4.503652e-09	-4.977981e+01	-2.958664e+02
2.800000e-07	-6.888804e-06	-4.492064e-09	-4.921833e+01	-2.954033e+02
2.900000e-07	-6.807515e-06	-4.474975e-09	-4.863755e+01	-2.946618e+02
3.000000e-07	-6.723796e-06	-4.475226e-09	-4.803940e+01	-2.936173e+02
3.100000e-07	-6.637750e-06	-4.473203e-09	-4.742463e+01	-2.923943e+02
3.200000e-07	-6.549299e-06	-4.451344e-09	-4.679268e+01	-2.912004e+02
3.300000e-07	-6.458426e-06	-4.436555e-09	-4.614342e+01	-2.902133e+02
3.400000e-07	-6.365256e-06	-4.417878e-09	-4.547774e+01	-2.894815e+02
3.500000e-07	-6.269782e-06	-4.405574e-09	-4.479561e+01	-2.888940e+02
3.600000e-07	-6.172015e-06	-4.374226e-09	-4.409710e+01	-2.882366e+02
3.700000e-07	-6.072010e-06	-4.355140e-09	-4.338260e+01	-2.873082e+02
3.800000e-07	-5.969815e-06	-4.351598e-09	-4.265244e+01	-2.860320e+02
3.900000e-07	-5.865475e-06	-4.330535e-09	-4.190697e+01	-2.845028e+02
4.000000e-07	-5.759049e-06	-4.302487e-09	-4.114659e+01	-2.829407e+02
4.100000e-07	-5.650593e-06	-4.289355e-09	-4.037171e+01	-2.815740e+02
4.200000e-07	-5.540111e-06	-4.287925e-09	-3.958234e+01	-2.805135e+02
4.300000e-07	-5.427567e-06	-4.255286e-09	-3.877825e+01	-2.796862e+02
4.400000e-07	-5.312940e-06	-4.221455e-09	-3.795928e+01	-2.788681e+02
4.500000e-07	-5.196282e-06	-4.212535e-09	-3.712579e+01	-2.778003e+02
4.600000e-07	-5.077721e-06	-4.204651e-09	-3.627871e+01	-2.763287e+02
4.700000e-07	-4.957297e-06	-4.168914e-09	-3.541832e+01	-2.744915e+02
4.800000e-07	-4.835075e-06	-4.130016e-09	-3.454509e+01	-2.725053e+02
4.900000e-07	-4.711148e-06	-4.115574e-09	-3.365966e+01	-2.706533e+02
5.000000e-07	-4.585524e-06	-4.097555e-09	-3.276212e+01	-2.691332e+02
5.100000e-07	-4.458184e-06	-4.066931e-09	-3.185232e+01	-2.679462e+02
5.200000e-07	-4.329154e-06	-4.042261e-09	-3.093044e+01	-2.668886e+02
5.300000e-07	-4.198539e-06	-4.029638e-09	-2.999724e+01	-2.656541e+02
5.400000e-07	-4.066369e-06	-4.001420e-09	-2.905292e+01	-2.639941e+02
5.500000e-07	-3.932703e-06	-3.959567e-09	-2.809792e+01	-2.618527e+02
5.600000e-07	-3.797436e-06	-3.927888e-09	-2.713148e+01	-2.594001e+02
5.700000e-07	-3.660629e-06	-3.904710e-09	-2.615404e+01	-2.569457e+02
5.800000e-07	-3.522517e-06	-3.872600e-09	-2.516727e+01	-2.547729e+02
5.900000e-07	-3.383015e-06	-3.832760e-09	-2.417058e+01	-2.529846e+02
6.000000e-07	-3.241953e-06	-3.800311e-09	-2.316273e+01	-2.514435e+02
6.100000e-07	-3.099486e-06	-3.769480e-09	-2.214485e+01	-2.498423e+02
6.200000e-07	-2.955862e-06	-3.733825e-09	-2.111870e+01	-2.478693e+02
6.300000e-07	-2.811208e-06	-3.695662e-09	-2.008519e+01	-2.453801e+02
6.400000e-07	-2.665580e-06	-3.658861e-09	-1.904472e+01	-2.424806e+02
6.500000e-07	-2.518989e-06	-3.620511e-09	-1.799738e+01	-2.394704e+02
6.600000e-07	-2.371504e-06	-3.580018e-09	-1.694365e+01	-2.366741e+02
6.700000e-07	-2.223193e-06	-3.539142e-09	-1.588401e+01	-2.342498e+02
6.800000e-07	-2.074213e-06	-3.496819e-09	-1.481960e+01	-2.320830e+02
6.900000e-07	-1.924677e-06	-3.451880e-09	-1.375121e+01	-2.298317e+02
7.000000e-07	-1.774437e-06	-3.402855e-09	-1.267779e+01	-2.271068e+02
7.100000e-07	-1.623444e-06	-3.354803e-09	-1.159900e+01	-2.236929e+02
7.200000e-07	-1.471880e-06	-3.306684e-09	-1.051612e+01	-2.196847e+02
7.300000e-07	-1.319881e-06	-3.256452e-09	-9.430134e+00	-2.154525e+02
7.400000e-07	-1.167490e-06	-3.201568e-09	-8.341344e+00	-2.114385e+02
7.500000e-07	-1.014666e-06	-3.139230e-09	-7.249471e+00	-2.078837e+02
7.600000e-07	-8.614387e-07	-3.071831e-09	-6.154708e+00	-2.046363e+02
7.700000e-07	-7.078948e-07	-3.001159e-09	-5.057685e+00	-2.011609e+02
7.800000e-07	-5.541131e-07	-2.926468e-09	-3.958963e+00	-1.967697e+02
7.900000e-07	-4.001564e-07	-2.843126e-09	-2.858991e+00	-1.909708e+02
8.000000e-07	-2.460719e-07	-2.751759e-09	-1.758106e+00	-1.837470e+02
8.100000e-07	-9.194068e-08	-2.653045e-09	-6.568871e-01	-1.755863e+02
8.200000e-07	6.220784e-08	-2.540705e-09	4.444554e-01	-1.671938e+02
8.300000e-07	2.163600e-07	-2.406471e-09	1.545824e+00	-1.589747e+02
8.400000e-07	3.704611e-07	-2.245036e-09	2.646827e+00	-1.505202e+02
8.500000e-07	5.244781e-07	-2.051601e-09	3.747231e+00	-1.403700e+02
8.600000e-07	6.783766e-07	-1.814810e-09	4.846787e+00	-1.262363e+02
8.700000e-07	8.321311e-07	-1.517032e-09	5.945314e+00	-1.056897e+02
8.800000e-07	9.856766e-07	-1.133482e-09	7.042348e+00	-7.708809e+01
8.900000e-07	1.138913e-06	-6.264649e-10	8.137176e+00	-4.039684e+01
9.000000e-07	1.291698e-06	3.594337e-11	9.228777e+00	2.450501e+00
9.100000e-07	1.443983e-06	8.074818e-10	1.031681e+01	4.784283e+01
9.200000e-07	1.595793e-06	1.538437e-09	1.140144e+01	9.137551e+01
9.300000e-07	1.747078e-06	2.094991e-09	1.248232e+01	1.290326e+02
9.400000e-07	1.897798e-06	2.464393e-09	1.355917e+01	1.582488e+02
9.500000e-07	2.047748e-06	2.707302e-09	1.463051e+01	1.784762e+02
9.600000e-07	2.196840e-06	2.882019e-09	1.569573e+01	1.910786e+02
9.700000e-07	2.345155e-06	3.023578e-09	1.675539e+01	1.986334e+02
9.800000e-07	2.492525e-06	3.142382e-09	1.780831e+01	2.039435e+02
9.900000e-07	2.638947e-06	3.244306e-09	1.885445e+01	2.091448e+02
1.000000e-06	2.784409e-06	3.336449e-09	1.989373e+01	2.152190e+02
1.010000e-06	2.928871e-06	3.420945e-09	2.092586e+01	2.220300e+02
1.020000e-06	3.072270e-06	3.498827e-09	2.195040e+01	2.287774e+02
1.030000e-06	3.214398e-06	3.570555e-09	2.296586e+01	2.346064e+02
1.040000e-06	3.355192e-06	3.636360e-09	2.397179e+01	2.390892e+02
1.050000e-06	3.494634e-06	3.698629e-09	2.496806e+01	2.423927e+02
1.060000e-06	3.632771e-06	3.755868e-09	2.595500e+01	2.451138e+02
1.070000e-06	3.769585e-06	3.806589e-09	2.693249e+01	2.479220e+02
1.080000e-06	3.905007e-06	3.853847e-09	2.790005e+01	2.512139e+02
1.090000e-06	4.038986e-06	3.898200e-09	2.885728e+01	2.549530e+02
1.100000e-06	4.171474e-06	3.940307e-09	2.980386e+01	2.587515e+02
1.110000e-06	4.302469e-06	3.980752e-09	3.073978e+01	2.621233e+02
1.120000e-06	4.431979e-06	4.018932e-09	3.166509e+01	2.647614e+02
1.130000e-06	4.559999e-06	4.054356e-09	3.257975e+01	2.666914e+02
1.140000e-06	4.686422e-06	4.087324e-09	3.348300e+01	2.682360e+02
1.150000e-06	4.811238e-06	4.118444e-09	3.437478e+01	2.698252e+02
1.160000e-06	4.934394e-06	4.148433e-09	3.525469e+01	2.717647e+02
1.170000e-06	5.055812e-06	4.177311e-09	3.612218e+01	2.740882e+02
1.180000e-06	5.175436e-06	4.204336e-09	3.697686e+01	2.765646e+02
1.190000e-06	5.293109e-06	4.229510e-09	3.781759e+01	2.788443e+02
1.200000e-06	5.408768e-06	4.251527e-09	3.864394e+01	2.806583e+02
1.210000e-06	5.522371e-06	4.272656e-09	3.945560e+01	2.819606e+02
1.220000e-06	5.633884e-06	4.294796e-09	4.025233e+01	2.829413e+02
1.230000e-06	5.743309e-06	4.317373e-09	4.103413e+01	2.839122e+02
1.240000e-06	5.850658e-06	4.337829e-09	4.180110e+01	2.851325e+02
1.250000e-06	5.955920e-06	4.356216e-09	4.255317e+01	2.866713e+02
1.260000e-06	6.059013e-06	4.375363e-09	4.328974e+01	2.883801e+02
1.270000e-06	6.159852e-06	4.391280e-09	4.401020e+01	2.899829e+02
1.280000e-06	6.258410e-06	4.403467e-09	4.471437e+01	2.912329e+02
1.290000e-06	6.354619e-06	4.414751e-09	4.540175e+01	2.920475e+02
1.300000e-06	6.448507e-06	4.427967e-09	4.607254e+01	2.925498e+02
1.310000e-06	6.540155e-06	4.443255e-09	4.672734e+01	2.929992e+02
1.320000e-06	6.629455e-06	4.457391e-09	4.736537e+01	2.936498e+02
1.330000e-06	6.716331e-06	4.470848e-09	4.798607e+01	2.946171e+02
1.340000e-06	6.800870e-06	4.483736e-09	4.859007e+01	2.958221e+02
1.350000e-06	6.883012e-06	4.495162e-09	4.917694e+01	2.970409e+02
1.360000e-06	6.962642e-06	4.505745e-09	4.974588e+01	2.980299e+02
1.370000e-06	7.039743e-06	4.515373e-09	5.029674e+01	2.986571e+02
1.380000e-06	7.114213e-06	4.524766e-09	5.082881e+01	2.989696e+02
1.390000e-06	7.186013e-06	4.533499e-09	5.134180e+01	2.991635e+02
1.400000e-06	7.255262e-06	4.540697e-09	5.183655e+01	2.994749e+02
1.410000e-06	7.321933e-06	4.547361e-09	5.231290e+01	3.000536e+02
1.420000e-06	7.385962e-06	4.555220e-09	5.277037e+01	3.008864e+02
1.430000e-06	7.447448e-06	4.563813e-09	5.320966e+01	3.018096e+02
1.440000e-06	7.506418e-06	4.571559e-09	5.363099e+01	3.026023e+02
1.450000e-06	7.562774e-06	4.577661e-09	5.403363e+01	3.031062e+02
1.460000e-06	7.616317e-06	4.582722e-09	5.441618e+01	3.033087e+02
1.470000e-06	7.666718e-06	4.589193e-09	5.477628e+01	3.033459e+02
1.480000e-06	7.714078e-06	4.594701e-09	5.511465e+01	3.034249e+02
1.490000e-06	7.758739e-06	4.599050e-09	5.543374e+01	3.037115e+02
1.500000e-06	7.800614e-06	4.602807e-09	5.573293e+01	3.042426e+02
1.510000e-06	7.839656e-06	4.607293e-09	5.601187e+01	3.049102e+02
1.520000e-06	7.876042e-06	4.613556e-09	5.627183e+01	3.055238e+02
1.530000e-06	7.909658e-06	4.617313e-09	5.651201e+01	3.059142e+02
1.540000e-06	7.940398e-06	4.619690e-09	5.673164e+01	3.060231e+02
1.550000e-06	7.968361e-06	4.621824e-09	5.693143e+01	3.059299e+02
1.560000e-06	7.993418e-06	4.624713e-09	5.711045e+01	3.058040e+02
1.570000e-06	8.015592e-06	4.626581e-09	5.726888e+01	3.058113e+02
1.580000e-06	8.034976e-06	4.626783e-09	5.740736e+01	3.060250e+02
1.590000e-06	8.051413e-06	4.627013e-09	5.752480e+01	3.063908e+02
1.600000e-06	8.064791e-06	4.627828e-09	5.762039e+01	3.067624e+02
1.610000e-06	8.074979e-06	4.627566e-09	5.769317e+01	3.069851e+02
1.620000e-06	8.082110e-06	4.627072e-09	5.774412e+01	3.069814e+02
1.630000e-06	8.086416e-06	4.628797e-09	5.777489e+01	3.067911e+02
1.640000e-06	8.087797e-06	4.631688e-09	5.778476e+01	3.065450e+02
1.650000e-06	8.086364e-06	4.634049e-09	5.777452e+01	3.063899e+02
1.660000e-06	8.082383e-06	4.633303e-09	5.774607e+01	3.064060e+02
1.670000e-06	8.075716e-06	4.633865e-09	5.769844e+01	3.065645e+02
1.680000e-06	8.066268e-06	4.633993e-09	5.763094e+01	3.067467e+02
1.690000e-06	8.053979e-06	4.634014e-09	5.754313e+01	3.068128e+02
1.700000e-06	8.038820e-06	4.635179e-09	5.743483e+01	3.066806e+02
1.710000e-06	8.021146e-06	4.641234e-09	5.730855e+01	3.063696e+02
1.720000e-06	8.001198e-06	4.665077e-09	5.716604e+01	3.059856e+02
1.730000e-06	7.978560e-06	4.651531e-09	5.700429e+01	3.056564e+02
1.740000e-06	7.952536e-06	4.630904e-09	5.681836e+01	3.054553e+02
1.750000e-06	7.922826e-06	4.636623e-09	5.660609e+01	3.053571e+02
1.760000e-06	7.889889e-06	4.637747e-09	5.637077e+01	3.052524e+02
1.770000e-06	7.854545e-06	4.611034e-09	5.611824e+01	3.050130e+02
1.780000e-06	7.816863e-06	4.607375e-09	5.584902e+01	3.045701e+02
1.790000e-06	7.776952e-06	4.623590e-09	5.556387e+01	3.039606e+02
1.800000e-06	7.735020e-06	4.568570e-09	5.526428e+01	3.033132e+02
1.810000e-06	7.690465e-06	4.596162e-09	5.494594e+01	3.027792e+02
1.820000e-06	7.643148e-06	4.569299e-09	5.460788e+01	3.024456e+02
1.830000e-06	7.593095e-06	4.574559e-09	5.425026e+01	3.022806e+02
1.840000e-06	7.539911e-06	4.623250e-09	5.387028e+01	3.021419e+02
1.850000e-06	7.483841e-06	4.570576e-09	5.346968e+01	3.018488e+02
1.860000e-06	7.425100e-06	4.618592e-09	5.305000e+01	3.012787e+02
1.870000e-06	7.363648e-06	4.574189e-09	5.261094e+01	3.004363e+02
1.880000e-06	7.299434e-06	4.517619e-09	5.215215e+01	2.994564e+02
1.890000e-06	7.232377e-06	4.528063e-09	5.167305e+01	2.985352e+02
1.900000e-06	7.162494e-06	4.524325e-09	5.117376e+01	2.978267e+02
1.910000e-06	7.089799e-06	4.556261e-09	5.065437e+01	2.973584e+02
1.920000e-06	7.014444e-06	4.536043e-09	5.011599e+01	2.970139e+02
1.930000e-06	6.936342e-06	4.536191e-09	4.955797e+01	2.965929e+02
1.940000e-06	6.855535e-06	4.504912e-09	4.898063e+01	2.959182e+02
1.950000e-06	6.772193e-06	4.466777e-09	4.838518e+01	2.949324e+02
1.960000e-06	6.686299e-06	4.462450e-09	4.777150e+01	2.937312e+02
1.970000e-06	6.597937e-06	4.449102e-09	4.714017e+01	2.925130e+02
1.980000e-06	6.507250e-06	4.465247e-09	4.649225e+01	2.914718e+02
1.990000e-06	6.414294e-06	4.441910e-09	4.582810e+01	2.906893e+02
2.000000e-06	6.318995e-06	4.442700e-09	4.514723e+01	2.900866e+02
2.010000e-06	6.221502e-06	4.423029e-09	4.445067e+01	2.894632e+02
2.020000e-06	6.121837e-06	4.391440e-09	4.373860e+01	2.886046e+02
2.030000e-06	6.019928e-06	4.375761e-09	4.301048e+01	2.874005e+02
2.040000e-06	5.915850e-06	4.371105e-09	4.226688e+01	2.859095e+02
2.050000e-06	5.809733e-06	4.367236e-09	4.150871e+01	2.843332e+02
2.060000e-06	5.701624e-06	4.331924e-09	4.073630e+01	2.829095e+02
2.070000e-06	5.591482e-06	4.322909e-09	3.994937e+01	2.817827e+02
2.080000e-06	5.479320e-06	4.305346e-09	3.914801e+01	2.809202e+02
2.090000e-06	5.365052e-06	4.279308e-09	3.833160e+01	2.801227e+02
2.100000e-06	5.248692e-06	4.245383e-09	3.750024e+01	2.791266e+02
2.110000e-06	5.130345e-06	4.239590e-09	3.665470e+01	2.777451e+02
2.120000e-06	5.010073e-06	4.235272e-09	3.579539e+01	2.759727e+02
2.130000e-06	4.888001e-06	4.210253e-09	3.492323e+01	2.739943e+02
2.140000e-06	4.764104e-06	4.182665e-09	3.403802e+01	2.720915e+02
2.150000e-06	4.638478e-06	4.159580e-09	3.314046e+01	2.704922e+02
2.160000e-06	4.511171e-06	4.132317e-09	3.223089e+01	2.692446e+02
2.170000e-06	4.382180e-06	4.092618e-09	3.130929e+01	2.681837e+02
2.180000e-06	4.251650e-06	4.075634e-09	3.037670e+01	2.670122e+02
2.190000e-06	4.119525e-06	4.065930e-09	2.943271e+01	2.654558e+02
2.200000e-06	3.985875e-06	4.046218e-09	2.847782e+01	2.634101e+02
2.210000e-06	3.850840e-06	4.006317e-09	2.751304e+01	2.610004e+02
2.220000e-06	3.714311e-06	3.973849e-09	2.653758e+01	2.585186e+02
2.230000e-06	3.576283e-06	3.945448e-09	2.555141e+01	2.562686e+02
2.240000e-06	3.436805e-06	3.913692e-09	2.455489e+01	2.544012e+02
2.250000e-06	3.296052e-06	3.883095e-09	2.354925e+01	2.528291e+02
2.260000e-06	3.154130e-06	3.856452e-09	2.253526e+01	2.512695e+02
2.270000e-06	3.010921e-06	3.827793e-09	2.151208e+01	2.493958e+02
2.280000e-06	2.866549e-06	3.792413e-09	2.048059e+01	2.470167e+02
2.290000e-06	2.721164e-06	3.758229e-09	1.944186e+01	2.441842e+02
2.300000e-06	2.574823e-06	3.724327e-09	1.839630e+01	2.411679e+02
2.310000e-06	2.427500e-06	3.687023e-09	1.734372e+01	2.383041e+02
2.320000e-06	2.279301e-06	3.645177e-09	1.628489e+01	2.357997e+02
2.330000e-06	2.130317e-06	3.603463e-09	1.522044e+01	2.336005e+02
2.340000e-06	1.980647e-06	3.560155e-09	1.415109e+01	2.314016e+02
2.350000e-06	1.830416e-06	3.514799e-09	1.307774e+01	2.288051e+02
2.360000e-06	1.679735e-06	3.466472e-09	1.200118e+01	2.255419e+02
2.370000e-06	1.528556e-06	3.416392e-09	1.092105e+01	2.216368e+02
2.380000e-06	1.376802e-06	3.362755e-09	9.836813e+00	2.174135e+02
2.390000e-06	1.224548e-06	3.310908e-09	8.749012e+00	2.133213e+02
2.400000e-06	1.071863e-06	3.259858e-09	7.658125e+00	2.096658e+02
2.410000e-06	9.187953e-07	3.201664e-09	6.564502e+00	2.063865e+02
2.420000e-06	7.654238e-07	3.131707e-09	5.468711e+00	2.030174e+02
2.430000e-06	6.118518e-07	3.052539e-09	4.371488e+00	1.988756e+02
2.440000e-06	4.580122e-07	2.967659e-09	3.272353e+00	1.933983e+02
2.450000e-06	3.039810e-07	2.876512e-09	2.171848e+00	1.864534e+02
2.460000e-06	1.498585e-07	2.778985e-09	1.070692e+00	1.784344e+02
2.470000e-06	-4.419446e-09	2.671274e-09	-3.157555e-02	1.700383e+02
2.480000e-06	-1.587536e-07	2.545199e-09	-1.134245e+00	1.617821e+02
2.490000e-06	-3.130005e-07	2.392635e-09	-2.236289e+00	1.534649e+02
2.500000e-06	-4.670827e-07	2.210501e-09	-3.337159e+00	1.438498e+02
2.510000e-06	-6.210151e-07	1.989834e-09	-4.436957e+00	1.307827e+02
2.520000e-06	-7.747966e-07	1.713616e-09	-5.535677e+00	1.117895e+02
2.530000e-06	-9.282599e-07	1.357731e-09	-6.632124e+00	8.498087e+01
2.540000e-06	-1.081374e-06	8.891510e-10	-7.726078e+00	4.992730e+01
2.550000e-06	-1.234183e-06	2.735278e-10	-8.817851e+00	8.141947e+00
2.560000e-06	-1.386552e-06	-4.787648e-10	-9.906477e+00	-3.706627e+01
2.570000e-06	-1.538345e-06	-1.249347e-09	-1.099099e+01	-8.136735e+01
2.580000e-06	-1.689525e-06	-1.877777e-09	-1.207112e+01	-1.205621e+02
2.590000e-06	-1.840096e-06	-2.305987e-09	-1.314691e+01	-1.517052e+02
2.600000e-06	-1.989989e-06	-2.583722e-09	-1.421785e+01	-1.738020e+02
2.610000e-06	-2.139126e-06	-2.778345e-09	-1.528338e+01	-1.878487e+02
2.620000e-06	-2.287519e-06	-2.930053e-09	-1.634360e+01	-1.962417e+02
2.630000e-06	-2.435076e-06	-3.057069e-09	-1.739785e+01	-2.018198e+02
2.640000e-06	-2.581718e-06	-3.167369e-09	-1.844556e+01	-2.069197e+02
2.650000e-06	-2.727367e-06	-3.265391e-09	-1.948617e+01	-2.127852e+02
2.660000e-06	-2.871925e-06	-3.353278e-09	-2.051900e+01	-2.194926e+02
2.670000e-06	-3.015312e-06	-3.431545e-09	-2.154345e+01	-2.263329e+02
2.680000e-06	-3.157488e-06	-3.503367e-09	-2.255925e+01	-2.324145e+02
2.690000e-06	-3.298479e-06	-3.572461e-09	-2.356659e+01	-2.371918e+02
2.700000e-06	-3.438250e-06	-3.640221e-09	-2.456521e+01	-2.407079e+02
2.710000e-06	-3.576741e-06	-3.705189e-09	-2.555469e+01	-2.434942e+02
2.720000e-06	-3.713819e-06	-3.765097e-09	-2.653406e+01	-2.462372e+02
2.730000e-06	-3.849409e-06	-3.819891e-09	-2.750281e+01	-2.494137e+02
2.740000e-06	-3.983625e-06	-3.870602e-09	-2.846175e+01	-2.530811e+02
2.750000e-06	-4.116537e-06	-3.917089e-09	-2.941136e+01	-2.569092e+02
2.760000e-06	-4.248049e-06	-3.958077e-09	-3.035097e+01	-2.604082e+02
2.770000e-06	-4.378056e-06	-3.997247e-09	-3.127983e+01	-2.632138e+02
2.780000e-06	-4.506468e-06	-4.037457e-09	-3.219729e+01	-2.652766e+02
2.790000e-06	-4.633283e-06	-4.074878e-09	-3.310334e+01	-2.668679e+02
2.800000e-06	-4.758576e-06	-4.110179e-09	-3.399853e+01	-2.684147e+02
2.810000e-06	-4.882234e-06	-4.143455e-09	-3.488202e+01	-2.702662e+02
2.820000e-06	-5.004155e-06	-4.174262e-09	-3.575311e+01	-2.725196e+02
2.830000e-06	-5.124201e-06	-4.203655e-09	-3.661080e+01	-2.749919e+02
2.840000e-06	-5.242276e-06	-4.232904e-09	-3.745441e+01	-2.773423e+02
2.850000e-06	-5.358319e-06	-4.261459e-09	-3.828349e+01	-2.792690e+02
2.860000e-06	-5.472144e-06	-4.287637e-09	-3.909674e+01	-2.806723e+02
2.870000e-06	-5.583759e-06	-4.312583e-09	-3.989419e+01	-2.816975e+02
2.880000e-06	-5.693309e-06	-4.337687e-09	-4.067689e+01	-2.826445e+02
2.890000e-06	-5.800875e-06	-4.361137e-09	-4.144542e+01	-2.837980e+02
2.900000e-06	-5.906401e-06	-4.381563e-09	-4.219937e+01	-2.852747e+02
2.910000e-06	-6.009780e-06	-4.401223e-09	-4.293798e+01	-2.869684e+02
2.920000e-06	-6.110927e-06	-4.421103e-09	-4.366064e+01	-2.886183e+02
2.930000e-06	-6.209818e-06	-4.440100e-09	-4.436719e+01	-2.899582e+02
2.940000e-06	-6.306466e-06	-4.456702e-09	-4.505771e+01	-2.908626e+02
2.950000e-06	-6.400860e-06	-4.472012e-09	-4.573213e+01	-2.914131e+02
2.960000e-06	-6.492926e-06	-4.486530e-09	-4.638991e+01	-2.918502e+02
2.970000e-06	-6.582699e-06	-4.499200e-09	-4.703130e+01	-2.924419e+02
2.980000e-06	-6.670143e-06	-4.510997e-09	-4.765607e+01	-2.933417e+02
2.990000e-06	-6.755096e-06	-4.524048e-09	-4.826303e+01	-2.945115e+02
3.000000e-06	-6.837639e-06	-4.537662e-09	-4.885278e+01	-2.957497e+02
3.010000e-06	-6.917802e-06	-4.549311e-09	-4.942551e+01	-2.968047e+02
3.020000e-06	-6.995305e-06	-4.559507e-09	-4.997925e+01	-2.975121e+02
3.030000e-06	-7.070033e-06	-4.569673e-09	-5.051315e+01	-2.978796e+02
3.040000e-06	-7.142164e-06	-4.580424e-09	-5.102851e+01	-2.980786e+02
3.050000e-06	-7.211733e-06	-4.591303e-09	-5.152556e+01	-2.983479e+02
3.060000e-06	-7.278692e-06	-4.600238e-09	-5.200396e+01	-2.988647e+02
3.070000e-06	-7.343139e-06	-4.609218e-09	-5.246441e+01	-2.996529e+02
3.080000e-06	-7.405047e-06	-4.618364e-09	-5.290672e+01	-3.005755e+02
3.090000e-06	-7.464289e-06	-4.627322e-09	-5.332999e+01	-3.014136e+02
3.100000e-06	-7.520847e-06	-4.636714e-09	-5.373408e+01	-3.019863e+02
3.110000e-06	-7.574608e-06	-4.643755e-09	-5.411818e+01	-3.022466e+02
3.120000e-06	-7.625394e-06	-4.650303e-09	-5.448104e+01	-3.023028e+02
3.130000e-06	-7.673112e-06	-4.656898e-09	-5.482196e+01	-3.023561e+02
3.140000e-06	-7.718051e-06	-4.661166e-09	-5.514304e+01	-3.025902e+02
3.150000e-06	-7.760521e-06	-4.664092e-09	-5.544647e+01	-3.030737e+02
3.160000e-06	-7.800340e-06	-4.668995e-09	-5.573097e+01	-3.037270e+02
3.170000e-06	-7.837327e-06	-4.677588e-09	-5.599523e+01	-3.043691e+02
3.180000e-06	-7.871557e-06	-4.684434e-09	-5.623979e+01	-3.048172e+02
3.190000e-06	-7.902951e-06	-4.688832e-09	-5.646409e+01	-3.049845e+02
3.200000e-06	-7.931412e-06	-4.692544e-09	-5.666744e+01	-3.049223e+02
3.210000e-06	-7.957072e-06	-4.696210e-09	-5.685077e+01	-3.047881e+02
3.220000e-06	-7.979855e-06	-4.698770e-09	-5.701354e+01	-3.047568e+02
3.230000e-06	-7.999703e-06	-4.699801e-09	-5.715535e+01	-3.049268e+02
3.240000e-06	-8.016730e-06	-4.701541e-09	-5.727700e+01	-3.052706e+02
3.250000e-06	-8.030683e-06	-4.705733e-09	-5.737670e+01	-3.056554e+02
3.260000e-06	-8.041474e-06	-4.709456e-09	-5.745380e+01	-3.059205e+02
3.270000e-06	-8.049305e-06	-4.709659e-09	-5.750974e+01	-3.059662e+02
3.280000e-06	-8.054206e-06	-4.708626e-09	-5.754476e+01	-3.058073e+02
3.290000e-06	-8.056335e-06	-4.707771e-09	-5.755997e+01	-3.055603e+02
3.300000e-06	-8.055726e-06	-4.706555e-09	-5.755562e+01	-3.053759e+02
