# Temperatura_=_20.0
# Concentracion g/m^3_=_4600.0
# C_Vs_to_Am_M_A/Vsm_=_65563218390.804596
# pendiente_HvsI_1/m_=_3716.3
# ordenada_HvsI_A/m_=_1297.0
# frecuencia_Hz_=_301631.2587615876

Tiempo_(s)	Campo_(V.s)	Magnetizacion_(V.s)	Campo_(kA/m)	Magnetizacion_(A/m)
0.000000e+00	-4.628281e-06	-4.075196e-09	-3.463976e+01	-2.676235e+02
1.000000e-08	-4.626937e-06	-4.079163e-09	-3.462971e+01	-2.677051e+02
2.000000e-08	-4.623835e-06	-4.080329e-09	-3.460649e+01	-2.676296e+02
3.000000e-08	-4.619300e-06	-4.078134e-09	-3.457255e+01	-2.674614e+02
4.000000e-08	-4.613378e-06	-4.076891e-09	-3.452823e+01	-2.673041e+02
5.000000e-08	-4.606024e-06	-4.076950e-09	-3.447319e+01	-2.672454e+02
6.000000e-08	-4.597270e-06	-4.076590e-09	-3.440767e+01	-2.673112e+02
7.000000e-08	-4.586783e-06	-4.073925e-09	-3.432918e+01	-2.674535e+02
8.000000e-08	-4.574528e-06	-4.064923e-09	-3.423746e+01	-2.675764e+02
9.000000e-08	-4.560388e-06	-4.075842e-09	-3.413163e+01	-2.675864e+02
1.000000e-07	-4.543936e-06	-4.109272e-09	-3.400849e+01	-2.674381e+02
1.100000e-07	-4.525513e-06	-4.095909e-09	-3.387061e+01	-2.671512e+02
1.200000e-07	-4.505688e-06	-4.088685e-09	-3.372223e+01	-2.667927e+02
1.300000e-07	-4.484698e-06	-4.057745e-09	-3.356514e+01	-2.664340e+02
1.400000e-07	-4.462590e-06	-3.992081e-09	-3.339968e+01	-2.661107e+02
1.500000e-07	-4.439161e-06	-4.100319e-09	-3.322432e+01	-2.658073e+02
1.600000e-07	-4.414315e-06	-4.079033e-09	-3.303836e+01	-2.654755e+02
1.700000e-07	-4.387995e-06	-3.977290e-09	-3.284138e+01	-2.650749e+02
1.800000e-07	-4.359976e-06	-4.100133e-09	-3.263167e+01	-2.646113e+02
1.900000e-07	-4.330352e-06	-4.078735e-09	-3.240996e+01	-2.641471e+02
2.000000e-07	-4.299451e-06	-4.009912e-09	-3.217868e+01	-2.637754e+02
2.100000e-07	-4.267112e-06	-4.113652e-09	-3.193665e+01	-2.635693e+02
2.200000e-07	-4.232992e-06	-4.053012e-09	-3.168128e+01	-2.635331e+02
2.300000e-07	-4.197326e-06	-3.989634e-09	-3.141434e+01	-2.635857e+02
2.400000e-07	-4.160249e-06	-4.049071e-09	-3.113684e+01	-2.635863e+02
2.500000e-07	-4.121640e-06	-4.001641e-09	-3.084787e+01	-2.633958e+02
2.600000e-07	-4.081525e-06	-4.021733e-09	-3.054764e+01	-2.629421e+02
2.700000e-07	-4.039746e-06	-4.028477e-09	-3.023495e+01	-2.622575e+02
2.800000e-07	-3.996414e-06	-3.966760e-09	-2.991064e+01	-2.614658e+02
2.900000e-07	-3.951683e-06	-3.973132e-09	-2.957586e+01	-2.607252e+02
3.000000e-07	-3.905500e-06	-3.971836e-09	-2.923020e+01	-2.601530e+02
3.100000e-07	-3.857851e-06	-3.964070e-09	-2.887358e+01	-2.597702e+02
3.200000e-07	-3.808437e-06	-3.980666e-09	-2.850375e+01	-2.594936e+02
3.300000e-07	-3.757168e-06	-3.969695e-09	-2.812004e+01	-2.591796e+02
3.400000e-07	-3.704359e-06	-3.938344e-09	-2.772479e+01	-2.586967e+02
3.500000e-07	-3.650234e-06	-3.917895e-09	-2.731970e+01	-2.579913e+02
3.600000e-07	-3.594981e-06	-3.927481e-09	-2.690617e+01	-2.571119e+02
3.700000e-07	-3.538663e-06	-3.919545e-09	-2.648466e+01	-2.561813e+02
3.800000e-07	-3.480867e-06	-3.893862e-09	-2.605210e+01	-2.553317e+02
3.900000e-07	-3.421544e-06	-3.885400e-09	-2.560810e+01	-2.546371e+02
4.000000e-07	-3.361137e-06	-3.875784e-09	-2.515599e+01	-2.540771e+02
4.100000e-07	-3.299641e-06	-3.882471e-09	-2.469573e+01	-2.535517e+02
4.200000e-07	-3.236991e-06	-3.858685e-09	-2.422683e+01	-2.529358e+02
4.300000e-07	-3.173387e-06	-3.834078e-09	-2.375080e+01	-2.521456e+02
4.400000e-07	-3.108705e-06	-3.832125e-09	-2.326669e+01	-2.511796e+02
4.500000e-07	-3.042539e-06	-3.809100e-09	-2.277149e+01	-2.501150e+02
4.600000e-07	-2.975115e-06	-3.787652e-09	-2.226686e+01	-2.490610e+02
4.700000e-07	-2.906884e-06	-3.786533e-09	-2.175620e+01	-2.480970e+02
4.800000e-07	-2.837830e-06	-3.783963e-09	-2.123937e+01	-2.472294e+02
4.900000e-07	-2.767742e-06	-3.750982e-09	-2.071481e+01	-2.463900e+02
5.000000e-07	-2.696598e-06	-3.721130e-09	-2.018234e+01	-2.454772e+02
5.100000e-07	-2.624669e-06	-3.717387e-09	-1.964399e+01	-2.444153e+02
5.200000e-07	-2.551854e-06	-3.706067e-09	-1.909901e+01	-2.431988e+02
5.300000e-07	-2.477712e-06	-3.675908e-09	-1.854411e+01	-2.418957e+02
5.400000e-07	-2.402310e-06	-3.655160e-09	-1.797978e+01	-2.406087e+02
5.500000e-07	-2.326006e-06	-3.642526e-09	-1.740869e+01	-2.394145e+02
5.600000e-07	-2.248857e-06	-3.620567e-09	-1.683128e+01	-2.383170e+02
5.700000e-07	-2.170719e-06	-3.596756e-09	-1.624647e+01	-2.372410e+02
5.800000e-07	-2.091585e-06	-3.584159e-09	-1.565419e+01	-2.360718e+02
5.900000e-07	-2.011598e-06	-3.566489e-09	-1.505555e+01	-2.347190e+02
6.000000e-07	-1.930785e-06	-3.537481e-09	-1.445070e+01	-2.331689e+02
6.100000e-07	-1.849171e-06	-3.516838e-09	-1.383988e+01	-2.314937e+02
6.200000e-07	-1.766901e-06	-3.495067e-09	-1.322414e+01	-2.298115e+02
6.300000e-07	-1.684092e-06	-3.461734e-09	-1.260436e+01	-2.282160e+02
6.400000e-07	-1.600829e-06	-3.428641e-09	-1.198119e+01	-2.267171e+02
6.500000e-07	-1.517173e-06	-3.408217e-09	-1.135508e+01	-2.252262e+02
6.600000e-07	-1.433176e-06	-3.384115e-09	-1.072642e+01	-2.235990e+02
6.700000e-07	-1.348747e-06	-3.350164e-09	-1.009452e+01	-2.217148e+02
6.800000e-07	-1.263752e-06	-3.320059e-09	-9.458388e+00	-2.195485e+02
6.900000e-07	-1.178309e-06	-3.291947e-09	-8.818897e+00	-2.171935e+02
7.000000e-07	-1.092619e-06	-3.259020e-09	-8.177564e+00	-2.148161e+02
7.100000e-07	-1.006644e-06	-3.224426e-09	-7.534092e+00	-2.125621e+02
7.200000e-07	-9.202975e-07	-3.190551e-09	-6.887847e+00	-2.104639e+02
7.300000e-07	-8.336845e-07	-3.149461e-09	-6.239603e+00	-2.084012e+02
7.400000e-07	-7.468648e-07	-3.104481e-09	-5.589812e+00	-2.061440e+02
7.500000e-07	-6.598194e-07	-3.060609e-09	-4.938332e+00	-2.034614e+02
7.600000e-07	-5.725741e-07	-3.015650e-09	-4.285356e+00	-2.002427e+02
7.700000e-07	-4.851377e-07	-2.964598e-09	-3.630949e+00	-1.965635e+02
7.800000e-07	-3.975738e-07	-2.909297e-09	-2.975589e+00	-1.926538e+02
7.900000e-07	-3.099759e-07	-2.856362e-09	-2.319974e+00	-1.887737e+02
8.000000e-07	-2.223396e-07	-2.799389e-09	-1.664072e+00	-1.850564e+02
8.100000e-07	-1.346059e-07	-2.735947e-09	-1.007440e+00	-1.813989e+02
8.200000e-07	-4.680525e-08	-2.666639e-09	-3.503078e-01	-1.774673e+02
8.300000e-07	4.100551e-08	-2.590910e-09	3.069004e-01	-1.728264e+02
8.400000e-07	1.287848e-07	-2.507494e-09	9.638731e-01	-1.671326e+02
8.500000e-07	2.165237e-07	-2.413073e-09	1.620544e+00	-1.602914e+02
8.600000e-07	3.042426e-07	-2.305890e-09	2.277064e+00	-1.524781e+02
8.700000e-07	3.919525e-07	-2.181490e-09	2.933517e+00	-1.439868e+02
8.800000e-07	4.796038e-07	-2.038692e-09	3.589532e+00	-1.349542e+02
8.900000e-07	5.671337e-07	-1.874882e-09	4.244638e+00	-1.250846e+02
9.000000e-07	6.545564e-07	-1.684573e-09	4.898942e+00	-1.135263e+02
9.100000e-07	7.418059e-07	-1.458119e-09	5.551949e+00	-9.900083e+01
9.200000e-07	8.287738e-07	-1.182086e-09	6.202849e+00	-8.018652e+01
9.300000e-07	9.154316e-07	-8.394415e-10	6.851428e+00	-5.623785e+01
9.400000e-07	1.001783e-06	-4.153473e-10	7.497716e+00	-2.724657e+01
9.500000e-07	1.087824e-06	9.040021e-11	8.141680e+00	5.551294e+00
9.600000e-07	1.173520e-06	6.451789e-10	8.783055e+00	3.993372e+01
9.700000e-07	1.258819e-06	1.179674e-09	9.421465e+00	7.319055e+01
9.800000e-07	1.343620e-06	1.626417e-09	1.005615e+01	1.028018e+02
9.900000e-07	1.427907e-06	1.963088e-09	1.068698e+01	1.270633e+02
1.000000e-06	1.511809e-06	2.211532e-09	1.131494e+01	1.454453e+02
1.010000e-06	1.595317e-06	2.399137e-09	1.193994e+01	1.585720e+02
1.020000e-06	1.678328e-06	2.547236e-09	1.256123e+01	1.678557e+02
1.030000e-06	1.760680e-06	2.670107e-09	1.317758e+01	1.749426e+02
1.040000e-06	1.842226e-06	2.776663e-09	1.378790e+01	1.811870e+02
1.050000e-06	1.923072e-06	2.873740e-09	1.439298e+01	1.873347e+02
1.060000e-06	2.003287e-06	2.959899e-09	1.499334e+01	1.934955e+02
1.070000e-06	2.082764e-06	3.037038e-09	1.558818e+01	1.993624e+02
1.080000e-06	2.161395e-06	3.105553e-09	1.617668e+01	2.045389e+02
1.090000e-06	2.239188e-06	3.166397e-09	1.675891e+01	2.088181e+02
1.100000e-06	2.316212e-06	3.222560e-09	1.733538e+01	2.122986e+02
1.110000e-06	2.392475e-06	3.274505e-09	1.790616e+01	2.153170e+02
1.120000e-06	2.467941e-06	3.324100e-09	1.847098e+01	2.182614e+02
1.130000e-06	2.542368e-06	3.370672e-09	1.902802e+01	2.213779e+02
1.140000e-06	2.615494e-06	3.416449e-09	1.957533e+01	2.246698e+02
1.150000e-06	2.687535e-06	3.458123e-09	2.011451e+01	2.279304e+02
1.160000e-06	2.758770e-06	3.493699e-09	2.064765e+01	2.308787e+02
1.170000e-06	2.829106e-06	3.525804e-09	2.117407e+01	2.333201e+02
1.180000e-06	2.898431e-06	3.556760e-09	2.169293e+01	2.352469e+02
1.190000e-06	2.966818e-06	3.585760e-09	2.220476e+01	2.368341e+02
1.200000e-06	3.034382e-06	3.611993e-09	2.271043e+01	2.383408e+02
1.210000e-06	3.100857e-06	3.637221e-09	2.320796e+01	2.399769e+02
1.220000e-06	3.165924e-06	3.661597e-09	2.369494e+01	2.418047e+02
1.230000e-06	3.229777e-06	3.685248e-09	2.417285e+01	2.437254e+02
1.240000e-06	3.292594e-06	3.706829e-09	2.464299e+01	2.455482e+02
1.250000e-06	3.354306e-06	3.726659e-09	2.510487e+01	2.471021e+02
1.260000e-06	3.414906e-06	3.746809e-09	2.555842e+01	2.483281e+02
1.270000e-06	3.474550e-06	3.767123e-09	2.600482e+01	2.493043e+02
1.280000e-06	3.532936e-06	3.787043e-09	2.644179e+01	2.501973e+02
1.290000e-06	3.589669e-06	3.804735e-09	2.686641e+01	2.511688e+02
1.300000e-06	3.645045e-06	3.820193e-09	2.728086e+01	2.522905e+02
1.310000e-06	3.699218e-06	3.836619e-09	2.768631e+01	2.535121e+02
1.320000e-06	3.752034e-06	3.852678e-09	2.808161e+01	2.546966e+02
1.330000e-06	3.803332e-06	3.866869e-09	2.846554e+01	2.557003e+02
1.340000e-06	3.852827e-06	3.879919e-09	2.883598e+01	2.564534e+02
1.350000e-06	3.900667e-06	3.892401e-09	2.919403e+01	2.569970e+02
1.360000e-06	3.947165e-06	3.903508e-09	2.954204e+01	2.574594e+02
1.370000e-06	3.992351e-06	3.913666e-09	2.988023e+01	2.579859e+02
1.380000e-06	4.036360e-06	3.924924e-09	3.020961e+01	2.586622e+02
1.390000e-06	4.078987e-06	3.936672e-09	3.052865e+01	2.594726e+02
1.400000e-06	4.119863e-06	3.946762e-09	3.083457e+01	2.603127e+02
1.410000e-06	4.159198e-06	3.954410e-09	3.112897e+01	2.610504e+02
1.420000e-06	4.197232e-06	3.962166e-09	3.141364e+01	2.615981e+02
1.430000e-06	4.233895e-06	3.971288e-09	3.168804e+01	2.619594e+02
1.440000e-06	4.269201e-06	3.981036e-09	3.195228e+01	2.622249e+02
1.450000e-06	4.302844e-06	3.991831e-09	3.220408e+01	2.625208e+02
1.460000e-06	4.334837e-06	4.001122e-09	3.244352e+01	2.629407e+02
1.470000e-06	4.365438e-06	4.008199e-09	3.267255e+01	2.634962e+02
1.480000e-06	4.394595e-06	4.013846e-09	3.289077e+01	2.641127e+02
1.490000e-06	4.422417e-06	4.018594e-09	3.309901e+01	2.646732e+02
1.500000e-06	4.448578e-06	4.023249e-09	3.329480e+01	2.650819e+02
1.510000e-06	4.472869e-06	4.029271e-09	3.347661e+01	2.653167e+02
1.520000e-06	4.495579e-06	4.036623e-09	3.364657e+01	2.654391e+02
1.530000e-06	4.516786e-06	4.043580e-09	3.380529e+01	2.655597e+02
1.540000e-06	4.536566e-06	4.049674e-09	3.395333e+01	2.657773e+02
1.550000e-06	4.554769e-06	4.054217e-09	3.408957e+01	2.661253e+02
1.560000e-06	4.571212e-06	4.058684e-09	3.421264e+01	2.665552e+02
1.570000e-06	4.585969e-06	4.063021e-09	3.432309e+01	2.669636e+02
1.580000e-06	4.599060e-06	4.066973e-09	3.442106e+01	2.672502e+02
1.590000e-06	4.610436e-06	4.071633e-09	3.450621e+01	2.673715e+02
1.600000e-06	4.619845e-06	4.075640e-09	3.457663e+01	2.673651e+02
1.610000e-06	4.627444e-06	4.077750e-09	3.463350e+01	2.673284e+02
1.620000e-06	4.633527e-06	4.079621e-09	3.467903e+01	2.673660e+02
1.630000e-06	4.638070e-06	4.082792e-09	3.471303e+01	2.675332e+02
1.640000e-06	4.641028e-06	4.086853e-09	3.473517e+01	2.678069e+02
1.650000e-06	4.642168e-06	4.091242e-09	3.474370e+01	2.680983e+02
1.660000e-06	4.641569e-06	4.093536e-09	3.473922e+01	2.683009e+02
1.670000e-06	4.639514e-06	4.090504e-09	3.472384e+01	2.683475e+02
1.680000e-06	4.636109e-06	4.089756e-09	3.469835e+01	2.682452e+02
1.690000e-06	4.631361e-06	4.091104e-09	3.466282e+01	2.680708e+02
1.700000e-06	4.624948e-06	4.092053e-09	3.461482e+01	2.679294e+02
1.710000e-06	4.616898e-06	4.092958e-09	3.455457e+01	2.678984e+02
1.720000e-06	4.607506e-06	4.094592e-09	3.448428e+01	2.679874e+02
1.730000e-06	4.596739e-06	4.100826e-09	3.440370e+01	2.681349e+02
1.740000e-06	4.584475e-06	4.106564e-09	3.431191e+01	2.682410e+02
1.750000e-06	4.570110e-06	4.054681e-09	3.420439e+01	2.682192e+02
1.760000e-06	4.553227e-06	4.060152e-09	3.407803e+01	2.680380e+02
1.770000e-06	4.534249e-06	4.064361e-09	3.393600e+01	2.677298e+02
1.780000e-06	4.514048e-06	4.094826e-09	3.378480e+01	2.673665e+02
1.790000e-06	4.493341e-06	4.137015e-09	3.362982e+01	2.670147e+02
1.800000e-06	4.471636e-06	4.000506e-09	3.346737e+01	2.666992e+02
1.810000e-06	4.447773e-06	4.057746e-09	3.328878e+01	2.663947e+02
1.820000e-06	4.422139e-06	4.138762e-09	3.309693e+01	2.660510e+02
1.830000e-06	4.395474e-06	3.972240e-09	3.289735e+01	2.656349e+02
1.840000e-06	4.367121e-06	4.013834e-09	3.268515e+01	2.651648e+02
1.850000e-06	4.336841e-06	4.063982e-09	3.245852e+01	2.647130e+02
1.860000e-06	4.305076e-06	3.913310e-09	3.222078e+01	2.643730e+02
1.870000e-06	4.271829e-06	4.010149e-09	3.197194e+01	2.642063e+02
1.880000e-06	4.237188e-06	4.058014e-09	3.171268e+01	2.641993e+02
1.890000e-06	4.201116e-06	3.986126e-09	3.144270e+01	2.642542e+02
1.900000e-06	4.163203e-06	4.066871e-09	3.115895e+01	2.642247e+02
1.910000e-06	4.123654e-06	3.985838e-09	3.086295e+01	2.639811e+02
1.920000e-06	4.082604e-06	3.979800e-09	3.055571e+01	2.634721e+02
1.930000e-06	4.040111e-06	4.058643e-09	3.023768e+01	2.627524e+02
1.940000e-06	3.996494e-06	3.962155e-09	2.991124e+01	2.619592e+02
1.950000e-06	3.951527e-06	4.006338e-09	2.957469e+01	2.612480e+02
1.960000e-06	3.904975e-06	4.004564e-09	2.922628e+01	2.607190e+02
1.970000e-06	3.856914e-06	3.929501e-09	2.886657e+01	2.603696e+02
1.980000e-06	3.807437e-06	3.959147e-09	2.849626e+01	2.600984e+02
1.990000e-06	3.756597e-06	3.935232e-09	2.811576e+01	2.597579e+02
2.000000e-06	3.704216e-06	3.968889e-09	2.772372e+01	2.592290e+02
2.010000e-06	3.650225e-06	3.945634e-09	2.731963e+01	2.584795e+02
2.020000e-06	3.594768e-06	3.912966e-09	2.690457e+01	2.575778e+02
2.030000e-06	3.537974e-06	3.947346e-09	2.647951e+01	2.566551e+02
2.040000e-06	3.479931e-06	3.889743e-09	2.604509e+01	2.558361e+02
2.050000e-06	3.420698e-06	3.880733e-09	2.560176e+01	2.551758e+02
2.060000e-06	3.360518e-06	3.873162e-09	2.515136e+01	2.546341e+02
2.070000e-06	3.299176e-06	3.876614e-09	2.469225e+01	2.540999e+02
2.080000e-06	3.236333e-06	3.878511e-09	2.422191e+01	2.534518e+02
2.090000e-06	3.172289e-06	3.819985e-09	2.374258e+01	2.526215e+02
2.100000e-06	3.107213e-06	3.854098e-09	2.325553e+01	2.516265e+02
2.110000e-06	3.041076e-06	3.850808e-09	2.276054e+01	2.505556e+02
2.120000e-06	2.973941e-06	3.801409e-09	2.225807e+01	2.495168e+02
2.130000e-06	2.905916e-06	3.785851e-09	2.174895e+01	2.485764e+02
2.140000e-06	2.836833e-06	3.782384e-09	2.123191e+01	2.477230e+02
2.150000e-06	2.766321e-06	3.786723e-09	2.070417e+01	2.468770e+02
2.160000e-06	2.694624e-06	3.740134e-09	2.016756e+01	2.459373e+02
2.170000e-06	2.622119e-06	3.734404e-09	1.962490e+01	2.448405e+02
2.180000e-06	2.548829e-06	3.740571e-09	1.907638e+01	2.435982e+02
2.190000e-06	2.474596e-06	3.706954e-09	1.852079e+01	2.422905e+02
2.200000e-06	2.399401e-06	3.688432e-09	1.795800e+01	2.410195e+02
2.210000e-06	2.323314e-06	3.681384e-09	1.738854e+01	2.398491e+02
2.220000e-06	2.246091e-06	3.673471e-09	1.681058e+01	2.387653e+02
2.230000e-06	2.167717e-06	3.629974e-09	1.622400e+01	2.376797e+02
2.240000e-06	2.088438e-06	3.604654e-09	1.563064e+01	2.364773e+02
2.250000e-06	2.008445e-06	3.599566e-09	1.503195e+01	2.350808e+02
2.260000e-06	1.927804e-06	3.574969e-09	1.442839e+01	2.334959e+02
2.270000e-06	1.846531e-06	3.553625e-09	1.382012e+01	2.318096e+02
2.280000e-06	1.764661e-06	3.540234e-09	1.320738e+01	2.301407e+02
2.290000e-06	1.682082e-06	3.522050e-09	1.258932e+01	2.285692e+02
2.300000e-06	1.598904e-06	3.483588e-09	1.196679e+01	2.270829e+02
2.310000e-06	1.515358e-06	3.457194e-09	1.134150e+01	2.255760e+02
2.320000e-06	1.431492e-06	3.440974e-09	1.071381e+01	2.239021e+02
2.330000e-06	1.347245e-06	3.407786e-09	1.008328e+01	2.219559e+02
2.340000e-06	1.262631e-06	3.369453e-09	9.449997e+00	2.197383e+02
2.350000e-06	1.177541e-06	3.340312e-09	8.813151e+00	2.173641e+02
2.360000e-06	1.091731e-06	3.311852e-09	8.170917e+00	2.150041e+02
2.370000e-06	1.005357e-06	3.274965e-09	7.524461e+00	2.127865e+02
2.380000e-06	9.185682e-07	3.242590e-09	6.874904e+00	2.107115e+02
2.390000e-06	8.313724e-07	3.211473e-09	6.222298e+00	2.086290e+02
2.400000e-06	7.438589e-07	3.170526e-09	5.567315e+00	2.062982e+02
2.410000e-06	6.561210e-07	3.126188e-09	4.910652e+00	2.035047e+02
2.420000e-06	5.682372e-07	3.086497e-09	4.252897e+00	2.001750e+02
2.430000e-06	4.802477e-07	3.038245e-09	3.594351e+00	1.964242e+02
2.440000e-06	3.921988e-07	2.976434e-09	2.935361e+00	1.925015e+02
2.450000e-06	3.040727e-07	2.915255e-09	2.275793e+00	1.886527e+02
2.460000e-06	2.157956e-07	2.858201e-09	1.615094e+00	1.849663e+02
2.470000e-06	1.274415e-07	2.797373e-09	9.538195e-01	1.812848e+02
2.480000e-06	3.913658e-08	2.726800e-09	2.929126e-01	1.772384e+02
2.490000e-06	-4.921073e-08	2.648898e-09	-3.683113e-01	1.723945e+02
2.500000e-06	-1.376365e-07	2.562453e-09	-1.030123e+00	1.664534e+02
2.510000e-06	-2.259647e-07	2.464434e-09	-1.691203e+00	1.593821e+02
2.520000e-06	-3.141413e-07	2.354293e-09	-2.351150e+00	1.514000e+02
2.530000e-06	-4.022593e-07	2.228852e-09	-3.010657e+00	1.427930e+02
2.540000e-06	-4.903583e-07	2.082455e-09	-3.670023e+00	1.336250e+02
2.550000e-06	-5.783615e-07	1.910142e-09	-4.328671e+00	1.234842e+02
2.560000e-06	-6.662148e-07	1.708418e-09	-4.986198e+00	1.114070e+02
2.570000e-06	-7.539096e-07	1.470807e-09	-5.642538e+00	9.606624e+01
2.580000e-06	-8.413189e-07	1.183957e-09	-6.296742e+00	7.619735e+01
2.590000e-06	-9.283658e-07	8.299214e-10	-6.948233e+00	5.112282e+01
2.600000e-06	-1.014994e-06	3.933795e-10	-7.596589e+00	2.117376e+01
2.610000e-06	-1.101091e-06	-1.241679e-10	-8.240975e+00	-1.217624e+01
2.620000e-06	-1.186588e-06	-6.846211e-10	-8.880864e+00	-4.654931e+01
2.630000e-06	-1.271451e-06	-1.216360e-09	-9.516007e+00	-7.921702e+01
2.640000e-06	-1.355777e-06	-1.655418e-09	-1.014713e+01	-1.077878e+02
2.650000e-06	-1.439692e-06	-1.984472e-09	-1.077519e+01	-1.307912e+02
2.660000e-06	-1.523234e-06	-2.227535e-09	-1.140044e+01	-1.479596e+02
2.670000e-06	-1.606307e-06	-2.413075e-09	-1.202220e+01	-1.601266e+02
2.680000e-06	-1.688781e-06	-2.561384e-09	-1.263946e+01	-1.688033e+02
2.690000e-06	-1.770654e-06	-2.684982e-09	-1.325223e+01	-1.756129e+02
2.700000e-06	-1.851939e-06	-2.791628e-09	-1.386059e+01	-1.817964e+02
2.710000e-06	-1.932569e-06	-2.885617e-09	-1.446406e+01	-1.879559e+02
2.720000e-06	-2.012644e-06	-2.968412e-09	-1.506337e+01	-1.940872e+02
2.730000e-06	-2.092211e-06	-3.044283e-09	-1.565888e+01	-1.998359e+02
2.740000e-06	-2.170954e-06	-3.115137e-09	-1.624822e+01	-2.048270e+02
2.750000e-06	-2.248434e-06	-3.180549e-09	-1.682811e+01	-2.089159e+02
2.760000e-06	-2.324731e-06	-3.241015e-09	-1.739914e+01	-2.122636e+02
2.770000e-06	-2.400163e-06	-3.299185e-09	-1.796371e+01	-2.152352e+02
2.780000e-06	-2.474773e-06	-3.353673e-09	-1.852212e+01	-2.182028e+02
2.790000e-06	-2.548574e-06	-3.401428e-09	-1.907447e+01	-2.213645e+02
2.800000e-06	-2.621485e-06	-3.446549e-09	-1.962017e+01	-2.246716e+02
2.810000e-06	-2.693579e-06	-3.492058e-09	-2.015974e+01	-2.278877e+02
2.820000e-06	-2.764917e-06	-3.533297e-09	-2.069366e+01	-2.307378e+02
2.830000e-06	-2.835075e-06	-3.570132e-09	-2.121875e+01	-2.330620e+02
2.840000e-06	-2.903922e-06	-3.604894e-09	-2.173402e+01	-2.348959e+02
2.850000e-06	-2.971742e-06	-3.635350e-09	-2.224162e+01	-2.364432e+02
2.860000e-06	-3.038612e-06	-3.663563e-09	-2.274210e+01	-2.379634e+02
2.870000e-06	-3.104464e-06	-3.692710e-09	-2.323496e+01	-2.396406e+02
2.880000e-06	-3.169269e-06	-3.721088e-09	-2.371998e+01	-2.415008e+02
2.890000e-06	-3.233153e-06	-3.744788e-09	-2.419811e+01	-2.434171e+02
2.900000e-06	-3.295823e-06	-3.767407e-09	-2.466716e+01	-2.451933e+02
2.910000e-06	-3.356921e-06	-3.791184e-09	-2.512444e+01	-2.466766e+02
2.920000e-06	-3.416826e-06	-3.812021e-09	-2.557279e+01	-2.478377e+02
2.930000e-06	-3.475715e-06	-3.829094e-09	-2.601353e+01	-2.487801e+02
2.940000e-06	-3.533332e-06	-3.845021e-09	-2.644476e+01	-2.496778e+02
2.950000e-06	-3.589726e-06	-3.861689e-09	-2.686684e+01	-2.506790e+02
2.960000e-06	-3.644917e-06	-3.876350e-09	-2.727990e+01	-2.518297e+02
2.970000e-06	-3.698434e-06	-3.889601e-09	-2.768045e+01	-2.530560e+02
2.980000e-06	-3.750220e-06	-3.903155e-09	-2.806803e+01	-2.542118e+02
2.990000e-06	-3.800649e-06	-3.915303e-09	-2.844546e+01	-2.551635e+02
3.000000e-06	-3.849553e-06	-3.925526e-09	-2.881147e+01	-2.558640e+02
3.010000e-06	-3.896751e-06	-3.935039e-09	-2.916472e+01	-2.563770e+02
3.020000e-06	-3.942521e-06	-3.945068e-09	-2.950728e+01	-2.568413e+02
3.030000e-06	-3.987105e-06	-3.955129e-09	-2.984097e+01	-2.573953e+02
3.040000e-06	-4.030560e-06	-3.964627e-09	-3.016620e+01	-2.581047e+02
3.050000e-06	-4.072790e-06	-3.974226e-09	-3.048227e+01	-2.589318e+02
3.060000e-06	-4.113685e-06	-3.982616e-09	-3.078834e+01	-2.597601e+02
3.070000e-06	-4.153305e-06	-3.990279e-09	-3.108487e+01	-2.604612e+02
3.080000e-06	-4.191295e-06	-3.998637e-09	-3.136920e+01	-2.609647e+02
3.090000e-06	-4.227603e-06	-4.005081e-09	-3.164094e+01	-2.612950e+02
3.100000e-06	-4.262531e-06	-4.009746e-09	-3.190235e+01	-2.615559e+02
3.110000e-06	-4.295958e-06	-4.013762e-09	-3.215254e+01	-2.618723e+02
3.120000e-06	-4.327973e-06	-4.018977e-09	-3.239215e+01	-2.623230e+02
3.130000e-06	-4.358394e-06	-4.025213e-09	-3.261983e+01	-2.628996e+02
3.140000e-06	-4.387080e-06	-4.031038e-09	-3.283453e+01	-2.635137e+02
3.150000e-06	-4.414256e-06	-4.038754e-09	-3.303792e+01	-2.640472e+02
3.160000e-06	-4.439923e-06	-4.044197e-09	-3.323002e+01	-2.644170e+02
3.170000e-06	-4.464136e-06	-4.047876e-09	-3.341124e+01	-2.646194e+02
3.180000e-06	-4.486752e-06	-4.050367e-09	-3.358051e+01	-2.647310e+02
3.190000e-06	-4.507554e-06	-4.053104e-09	-3.373620e+01	-2.648651e+02
3.200000e-06	-4.526758e-06	-4.056079e-09	-3.387993e+01	-2.651102e+02
3.210000e-06	-4.544521e-06	-4.059302e-09	-3.401287e+01	-2.654818e+02
3.220000e-06	-4.560800e-06	-4.062264e-09	-3.413471e+01	-2.659161e+02
3.230000e-06	-4.575226e-06	-4.064052e-09	-3.424268e+01	-2.663051e+02
3.240000e-06	-4.587644e-06	-4.066207e-09	-3.433562e+01	-2.665566e+02
3.250000e-06	-4.598321e-06	-4.068238e-09	-3.441553e+01	-2.666442e+02
3.260000e-06	-4.607405e-06	-4.069947e-09	-3.448352e+01	-2.666214e+02
3.270000e-06	-4.614952e-06	-4.070693e-09	-3.454001e+01	-2.665922e+02
3.280000e-06	-4.620699e-06	-4.071504e-09	-3.458302e+01	-2.666549e+02
3.290000e-06	-4.624744e-06	-4.072641e-09	-3.461329e+01	-2.668490e+02
3.300000e-06	-4.627324e-06	-4.073184e-09	-3.463260e+01	-2.671349e+02
3.310000e-06	-4.628354e-06	-4.073212e-09	-3.464031e+01	-2.674151e+02
