# Temperatura_=_20.0
# Concentracion g/m^3_=_4600.0
# C_Vs_to_Am_M_A/Vsm_=_65563218390.804596
# pendiente_HvsI_1/m_=_3716.3
# ordenada_HvsI_A/m_=_1297.0
# frecuencia_Hz_=_301640.24726173247

Tiempo_(s)	Campo_(V.s)	Magnetizacion_(V.s)	Campo_(kA/m)	Magnetizacion_(A/m)
0.000000e+00	-4.622923e-06	-4.352063e-09	-3.463845e+01	-2.851273e+02
1.000000e-08	-4.621343e-06	-4.358920e-09	-3.462661e+01	-2.853337e+02
2.000000e-08	-4.618050e-06	-4.359668e-09	-3.460194e+01	-2.853946e+02
3.000000e-08	-4.613304e-06	-4.356880e-09	-3.456638e+01	-2.852989e+02
4.000000e-08	-4.607168e-06	-4.354480e-09	-3.452040e+01	-2.851004e+02
5.000000e-08	-4.599668e-06	-4.352250e-09	-3.446420e+01	-2.848883e+02
6.000000e-08	-4.590668e-06	-4.347002e-09	-3.439677e+01	-2.847442e+02
7.000000e-08	-4.579894e-06	-4.333296e-09	-3.431604e+01	-2.847048e+02
8.000000e-08	-4.567387e-06	-4.327755e-09	-3.422233e+01	-2.847493e+02
9.000000e-08	-4.553025e-06	-4.371145e-09	-3.411472e+01	-2.848128e+02
1.000000e-07	-4.536434e-06	-4.391628e-09	-3.399041e+01	-2.848171e+02
1.100000e-07	-4.517848e-06	-4.366079e-09	-3.385115e+01	-2.847027e+02
1.200000e-07	-4.497850e-06	-4.343422e-09	-3.370131e+01	-2.844459e+02
1.300000e-07	-4.476739e-06	-4.263970e-09	-3.354313e+01	-2.840594e+02
1.400000e-07	-4.454526e-06	-4.307507e-09	-3.337669e+01	-2.835787e+02
1.500000e-07	-4.430989e-06	-4.408195e-09	-3.320033e+01	-2.830476e+02
1.600000e-07	-4.406087e-06	-4.267716e-09	-3.301375e+01	-2.825093e+02
1.700000e-07	-4.379720e-06	-4.263556e-09	-3.281618e+01	-2.820060e+02
1.800000e-07	-4.351624e-06	-4.343523e-09	-3.260567e+01	-2.815796e+02
1.900000e-07	-4.321924e-06	-4.233711e-09	-3.238313e+01	-2.812671e+02
2.000000e-07	-4.290945e-06	-4.310170e-09	-3.215101e+01	-2.810865e+02
2.100000e-07	-4.258453e-06	-4.402063e-09	-3.190756e+01	-2.810191e+02
2.200000e-07	-4.224148e-06	-4.297932e-09	-3.165052e+01	-2.810001e+02
2.300000e-07	-4.188353e-06	-4.309107e-09	-3.138232e+01	-2.809284e+02
2.400000e-07	-4.151171e-06	-4.293408e-09	-3.110372e+01	-2.806979e+02
2.500000e-07	-4.112452e-06	-4.219869e-09	-3.081361e+01	-2.802408e+02
2.600000e-07	-4.072192e-06	-4.269531e-09	-3.051195e+01	-2.795626e+02
2.700000e-07	-4.030239e-06	-4.266850e-09	-3.019761e+01	-2.787489e+02
2.800000e-07	-3.986695e-06	-4.249291e-09	-2.987135e+01	-2.779370e+02
2.900000e-07	-3.941747e-06	-4.240058e-09	-2.953456e+01	-2.772599e+02
3.000000e-07	-3.895348e-06	-4.201324e-09	-2.918690e+01	-2.767867e+02
3.100000e-07	-3.847476e-06	-4.226211e-09	-2.882821e+01	-2.764887e+02
3.200000e-07	-3.797864e-06	-4.251640e-09	-2.845648e+01	-2.762494e+02
3.300000e-07	-3.746451e-06	-4.219136e-09	-2.807126e+01	-2.759151e+02
3.400000e-07	-3.693585e-06	-4.181815e-09	-2.767514e+01	-2.753658e+02
3.500000e-07	-3.639454e-06	-4.176322e-09	-2.726955e+01	-2.745712e+02
3.600000e-07	-3.584177e-06	-4.171669e-09	-2.685538e+01	-2.736052e+02
3.700000e-07	-3.527766e-06	-4.152035e-09	-2.643270e+01	-2.726106e+02
3.800000e-07	-3.469874e-06	-4.147094e-09	-2.599893e+01	-2.717300e+02
3.900000e-07	-3.410505e-06	-4.126134e-09	-2.555409e+01	-2.710364e+02
4.000000e-07	-3.349986e-06	-4.113777e-09	-2.510063e+01	-2.704988e+02
4.100000e-07	-3.288377e-06	-4.125730e-09	-2.463901e+01	-2.699975e+02
4.200000e-07	-3.225710e-06	-4.109128e-09	-2.416946e+01	-2.693838e+02
4.300000e-07	-3.162074e-06	-4.096098e-09	-2.369266e+01	-2.685528e+02
4.400000e-07	-3.097272e-06	-4.076483e-09	-2.320712e+01	-2.674930e+02
4.500000e-07	-3.030993e-06	-4.032982e-09	-2.271050e+01	-2.662879e+02
4.600000e-07	-2.963517e-06	-4.010558e-09	-2.220492e+01	-2.650705e+02
4.700000e-07	-2.895246e-06	-4.019078e-09	-2.169338e+01	-2.639532e+02
4.800000e-07	-2.826141e-06	-4.022337e-09	-2.117559e+01	-2.629704e+02
4.900000e-07	-2.755960e-06	-3.987107e-09	-2.064974e+01	-2.620636e+02
5.000000e-07	-2.684742e-06	-3.955193e-09	-2.011613e+01	-2.611147e+02
5.100000e-07	-2.612758e-06	-3.943727e-09	-1.957676e+01	-2.600103e+02
5.200000e-07	-2.539849e-06	-3.923041e-09	-1.903048e+01	-2.587026e+02
5.300000e-07	-2.465651e-06	-3.894025e-09	-1.847453e+01	-2.572334e+02
5.400000e-07	-2.390231e-06	-3.874974e-09	-1.790943e+01	-2.557107e+02
5.500000e-07	-2.313900e-06	-3.860336e-09	-1.733749e+01	-2.542486e+02
5.600000e-07	-2.236759e-06	-3.829127e-09	-1.675950e+01	-2.529051e+02
5.700000e-07	-2.158624e-06	-3.805787e-09	-1.617405e+01	-2.516505e+02
5.800000e-07	-2.079440e-06	-3.798435e-09	-1.558074e+01	-2.503828e+02
5.900000e-07	-1.999427e-06	-3.775142e-09	-1.498122e+01	-2.489834e+02
6.000000e-07	-1.918648e-06	-3.739193e-09	-1.437596e+01	-2.473798e+02
6.100000e-07	-1.837106e-06	-3.715100e-09	-1.376499e+01	-2.455834e+02
6.200000e-07	-1.754913e-06	-3.694476e-09	-1.314914e+01	-2.436789e+02
6.300000e-07	-1.672173e-06	-3.658648e-09	-1.252919e+01	-2.417733e+02
6.400000e-07	-1.588959e-06	-3.623079e-09	-1.190568e+01	-2.399306e+02
6.500000e-07	-1.505291e-06	-3.597313e-09	-1.127878e+01	-2.381319e+02
6.600000e-07	-1.421232e-06	-3.565502e-09	-1.064895e+01	-2.362819e+02
6.700000e-07	-1.336790e-06	-3.527849e-09	-1.001624e+01	-2.342626e+02
6.800000e-07	-1.251800e-06	-3.497900e-09	-9.379435e+00	-2.320017e+02
6.900000e-07	-1.166379e-06	-3.469078e-09	-8.739399e+00	-2.295182e+02
7.000000e-07	-1.080790e-06	-3.430741e-09	-8.098102e+00	-2.269158e+02
7.100000e-07	-9.949230e-07	-3.390556e-09	-7.454718e+00	-2.243232e+02
7.200000e-07	-9.086915e-07	-3.352251e-09	-6.808606e+00	-2.218131e+02
7.300000e-07	-8.221948e-07	-3.308001e-09	-6.160507e+00	-2.193436e+02
7.400000e-07	-7.354220e-07	-3.258796e-09	-5.510339e+00	-2.167610e+02
7.500000e-07	-6.484375e-07	-3.210269e-09	-4.858586e+00	-2.138657e+02
7.600000e-07	-5.612901e-07	-3.159202e-09	-4.205611e+00	-2.105132e+02
7.700000e-07	-4.739620e-07	-3.102591e-09	-3.551283e+00	-2.066934e+02
7.800000e-07	-3.865118e-07	-3.047459e-09	-2.896039e+00	-2.025414e+02
7.900000e-07	-2.989753e-07	-2.994246e-09	-2.240150e+00	-1.982647e+02
8.000000e-07	-2.113625e-07	-2.931626e-09	-1.583688e+00	-1.940178e+02
8.100000e-07	-1.236603e-07	-2.859292e-09	-9.265566e-01	-1.897878e+02
8.200000e-07	-3.590498e-08	-2.782613e-09	-2.690274e-01	-1.853560e+02
8.300000e-07	5.186897e-08	-2.699680e-09	3.886417e-01	-1.803657e+02
8.400000e-07	1.396594e-07	-2.607889e-09	1.046434e+00	-1.744704e+02
8.500000e-07	2.274108e-07	-2.507450e-09	1.703934e+00	-1.674884e+02
8.600000e-07	3.150878e-07	-2.396562e-09	2.360877e+00	-1.594728e+02
8.700000e-07	4.026933e-07	-2.268637e-09	3.017284e+00	-1.506396e+02
8.800000e-07	4.902219e-07	-2.124283e-09	3.673115e+00	-1.411645e+02
8.900000e-07	5.776147e-07	-1.961438e-09	4.327928e+00	-1.309307e+02
9.000000e-07	6.648555e-07	-1.770964e-09	4.981602e+00	-1.193556e+02
9.100000e-07	7.519246e-07	-1.546332e-09	5.633989e+00	-1.054091e+02
9.200000e-07	8.387577e-07	-1.279236e-09	6.284609e+00	-8.786568e+01
9.300000e-07	9.253122e-07	-9.554948e-10	6.933141e+00	-6.573079e+01
9.400000e-07	1.011550e-06	-5.600749e-10	7.579297e+00	-3.869476e+01
9.500000e-07	1.097464e-06	-8.953811e-11	8.223036e+00	-7.434952e+00
9.600000e-07	1.183022e-06	4.423179e-10	8.864099e+00	2.637289e+01
9.700000e-07	1.268111e-06	9.874033e-10	9.501647e+00	6.036909e+01
9.800000e-07	1.352736e-06	1.478849e-09	1.013572e+01	9.206209e+01
9.900000e-07	1.436944e-06	1.876183e-09	1.076667e+01	1.194359e+02
1.000000e-06	1.520732e-06	2.179442e-09	1.139448e+01	1.414072e+02
1.010000e-06	1.604124e-06	2.409926e-09	1.201931e+01	1.579840e+02
1.020000e-06	1.687014e-06	2.590104e-09	1.264039e+01	1.700896e+02
1.030000e-06	1.769107e-06	2.738397e-09	1.325549e+01	1.791409e+02
1.040000e-06	1.850408e-06	2.866568e-09	1.386466e+01	1.865508e+02
1.050000e-06	1.931084e-06	2.978123e-09	1.446914e+01	1.933359e+02
1.060000e-06	2.011106e-06	3.075302e-09	1.506873e+01	1.999489e+02
1.070000e-06	2.090330e-06	3.162717e-09	1.566234e+01	2.063547e+02
1.080000e-06	2.168678e-06	3.241976e-09	1.624938e+01	2.122700e+02
1.090000e-06	2.246256e-06	3.312731e-09	1.683065e+01	2.174349e+02
1.100000e-06	2.323105e-06	3.378436e-09	1.740646e+01	2.217944e+02
1.110000e-06	2.399173e-06	3.441002e-09	1.797643e+01	2.255288e+02
1.120000e-06	2.474402e-06	3.499004e-09	1.854010e+01	2.289483e+02
1.130000e-06	2.548564e-06	3.552418e-09	1.909577e+01	2.323313e+02
1.140000e-06	2.621507e-06	3.602670e-09	1.964232e+01	2.357959e+02
1.150000e-06	2.693458e-06	3.647007e-09	2.018143e+01	2.392683e+02
1.160000e-06	2.764513e-06	3.685705e-09	2.071383e+01	2.425527e+02
1.170000e-06	2.834631e-06	3.721997e-09	2.123921e+01	2.454566e+02
1.180000e-06	2.903750e-06	3.758215e-09	2.175710e+01	2.479015e+02
1.190000e-06	2.971951e-06	3.792890e-09	2.226811e+01	2.499631e+02
1.200000e-06	3.039371e-06	3.824960e-09	2.277328e+01	2.518267e+02
1.210000e-06	3.105676e-06	3.854895e-09	2.327008e+01	2.536890e+02
1.220000e-06	3.170499e-06	3.882929e-09	2.375578e+01	2.556604e+02
1.230000e-06	3.234068e-06	3.910854e-09	2.423209e+01	2.577196e+02
1.240000e-06	3.296616e-06	3.937441e-09	2.470075e+01	2.597400e+02
1.250000e-06	3.358112e-06	3.960996e-09	2.516152e+01	2.615692e+02
1.260000e-06	3.418547e-06	3.980559e-09	2.561435e+01	2.631148e+02
1.270000e-06	3.477956e-06	3.999798e-09	2.605948e+01	2.643937e+02
1.280000e-06	3.536003e-06	4.020846e-09	2.649442e+01	2.655185e+02
1.290000e-06	3.592461e-06	4.041364e-09	2.691744e+01	2.666344e+02
1.300000e-06	3.647610e-06	4.060128e-09	2.733066e+01	2.678417e+02
1.310000e-06	3.701527e-06	4.078473e-09	2.773465e+01	2.691463e+02
1.320000e-06	3.754091e-06	4.097036e-09	2.812850e+01	2.704636e+02
1.330000e-06	3.805069e-06	4.113477e-09	2.851046e+01	2.716698e+02
1.340000e-06	3.854282e-06	4.127985e-09	2.887921e+01	2.726727e+02
1.350000e-06	3.901915e-06	4.141817e-09	2.923611e+01	2.734614e+02
1.360000e-06	3.948191e-06	4.153385e-09	2.958285e+01	2.741112e+02
1.370000e-06	3.993167e-06	4.163647e-09	2.991984e+01	2.747416e+02
1.380000e-06	4.036933e-06	4.174798e-09	3.024776e+01	2.754520e+02
1.390000e-06	4.079272e-06	4.188244e-09	3.056500e+01	2.762712e+02
1.400000e-06	4.119906e-06	4.201584e-09	3.086946e+01	2.771459e+02
1.410000e-06	4.159046e-06	4.212844e-09	3.116273e+01	2.779740e+02
1.420000e-06	4.196802e-06	4.223861e-09	3.144563e+01	2.786631e+02
1.430000e-06	4.233251e-06	4.234114e-09	3.171873e+01	2.791818e+02
1.440000e-06	4.268379e-06	4.243639e-09	3.198193e+01	2.795761e+02
1.450000e-06	4.301814e-06	4.253286e-09	3.223245e+01	2.799439e+02
1.460000e-06	4.333660e-06	4.262967e-09	3.247107e+01	2.803812e+02
1.470000e-06	4.364073e-06	4.271694e-09	3.269895e+01	2.809309e+02
1.480000e-06	4.393025e-06	4.279191e-09	3.291587e+01	2.815603e+02
1.490000e-06	4.420657e-06	4.287638e-09	3.312292e+01	2.821804e+02
1.500000e-06	4.446543e-06	4.296016e-09	3.331687e+01	2.826945e+02
1.510000e-06	4.470542e-06	4.302310e-09	3.349669e+01	2.830512e+02
1.520000e-06	4.493043e-06	4.307312e-09	3.366529e+01	2.832711e+02
1.530000e-06	4.514091e-06	4.313438e-09	3.382300e+01	2.834359e+02
1.540000e-06	4.533766e-06	4.320410e-09	3.397042e+01	2.836435e+02
1.550000e-06	4.551876e-06	4.326316e-09	3.410611e+01	2.839551e+02
1.560000e-06	4.568180e-06	4.331672e-09	3.422827e+01	2.843621e+02
1.570000e-06	4.582735e-06	4.337072e-09	3.433732e+01	2.847902e+02
1.580000e-06	4.595596e-06	4.342814e-09	3.443369e+01	2.851384e+02
1.590000e-06	4.606692e-06	4.347981e-09	3.451683e+01	2.853322e+02
1.600000e-06	4.615820e-06	4.351769e-09	3.458523e+01	2.853635e+02
1.610000e-06	4.623157e-06	4.353680e-09	3.464020e+01	2.852962e+02
1.620000e-06	4.628965e-06	4.354589e-09	3.468372e+01	2.852343e+02
1.630000e-06	4.633321e-06	4.355968e-09	3.471636e+01	2.852706e+02
1.640000e-06	4.636077e-06	4.358747e-09	3.473701e+01	2.854408e+02
1.650000e-06	4.636970e-06	4.364113e-09	3.474370e+01	2.857070e+02
1.660000e-06	4.636226e-06	4.365435e-09	3.473812e+01	2.859778e+02
1.670000e-06	4.634048e-06	4.361612e-09	3.472180e+01	2.861535e+02
1.680000e-06	4.630459e-06	4.361126e-09	3.469492e+01	2.861743e+02
1.690000e-06	4.625480e-06	4.362922e-09	3.465761e+01	2.860467e+02
1.700000e-06	4.618853e-06	4.365941e-09	3.460795e+01	2.858368e+02
1.710000e-06	4.610662e-06	4.368850e-09	3.454658e+01	2.856362e+02
1.720000e-06	4.601135e-06	4.375807e-09	3.447520e+01	2.855179e+02
1.730000e-06	4.590203e-06	4.390902e-09	3.439328e+01	2.855044e+02
1.740000e-06	4.577696e-06	4.346109e-09	3.429958e+01	2.855618e+02
1.750000e-06	4.563067e-06	4.301032e-09	3.418996e+01	2.856184e+02
1.760000e-06	4.545969e-06	4.320801e-09	3.406185e+01	2.855983e+02
1.770000e-06	4.526861e-06	4.345550e-09	3.391868e+01	2.854498e+02
1.780000e-06	4.506645e-06	4.426812e-09	3.376720e+01	2.851591e+02
1.790000e-06	4.485919e-06	4.350080e-09	3.361191e+01	2.847460e+02
1.800000e-06	4.464008e-06	4.251334e-09	3.344773e+01	2.842494e+02
1.810000e-06	4.439924e-06	4.408879e-09	3.326728e+01	2.837134e+02
1.820000e-06	4.414218e-06	4.346346e-09	3.307467e+01	2.831808e+02
1.830000e-06	4.387384e-06	4.244137e-09	3.287361e+01	2.826936e+02
1.840000e-06	4.358759e-06	4.382267e-09	3.265913e+01	2.822935e+02
1.850000e-06	4.328260e-06	4.266774e-09	3.243060e+01	2.820144e+02
1.860000e-06	4.296297e-06	4.187094e-09	3.219112e+01	2.818664e+02
1.870000e-06	4.262853e-06	4.321141e-09	3.194053e+01	2.818199e+02
1.880000e-06	4.228038e-06	4.234952e-09	3.167967e+01	2.817989e+02
1.890000e-06	4.191833e-06	4.273657e-09	3.140839e+01	2.816976e+02
1.900000e-06	4.153858e-06	4.342953e-09	3.112385e+01	2.814152e+02
1.910000e-06	4.114221e-06	4.222164e-09	3.082686e+01	2.808999e+02
1.920000e-06	4.072990e-06	4.272275e-09	3.051793e+01	2.801779e+02
1.930000e-06	4.030359e-06	4.230223e-09	3.019850e+01	2.793517e+02
1.940000e-06	3.986657e-06	4.196034e-09	2.987106e+01	2.785636e+02
1.950000e-06	3.941557e-06	4.295198e-09	2.953313e+01	2.779353e+02
1.960000e-06	3.894814e-06	4.209988e-09	2.918291e+01	2.775134e+02
1.970000e-06	3.846525e-06	4.190614e-09	2.882108e+01	2.772445e+02
1.980000e-06	3.796834e-06	4.207189e-09	2.844876e+01	2.769966e+02
1.990000e-06	3.745835e-06	4.173951e-09	2.806664e+01	2.766179e+02
2.000000e-06	3.693340e-06	4.198630e-09	2.767331e+01	2.760067e+02
2.010000e-06	3.639261e-06	4.167340e-09	2.726811e+01	2.751596e+02
2.020000e-06	3.583714e-06	4.192470e-09	2.685191e+01	2.741726e+02
2.030000e-06	3.526838e-06	4.174147e-09	2.642574e+01	2.731957e+02
2.040000e-06	3.468772e-06	4.125147e-09	2.599067e+01	2.723597e+02
2.050000e-06	3.409581e-06	4.139230e-09	2.554717e+01	2.717130e+02
2.060000e-06	3.349432e-06	4.107191e-09	2.509649e+01	2.711989e+02
2.070000e-06	3.288083e-06	4.125884e-09	2.463682e+01	2.706838e+02
2.080000e-06	3.225210e-06	4.091608e-09	2.416572e+01	2.700234e+02
2.090000e-06	3.161081e-06	4.067280e-09	2.368522e+01	2.691331e+02
2.100000e-06	3.095910e-06	4.110777e-09	2.319690e+01	2.680269e+02
2.110000e-06	3.029662e-06	4.078506e-09	2.270053e+01	2.668068e+02
2.120000e-06	2.962453e-06	4.051033e-09	2.219695e+01	2.656070e+02
2.130000e-06	2.894405e-06	4.020669e-09	2.168708e+01	2.645248e+02
2.140000e-06	2.825303e-06	4.019778e-09	2.116931e+01	2.635706e+02
2.150000e-06	2.754836e-06	4.005921e-09	2.064132e+01	2.626662e+02
2.160000e-06	2.683157e-06	3.966377e-09	2.010425e+01	2.616882e+02
2.170000e-06	2.610574e-06	3.982314e-09	1.956040e+01	2.605348e+02
2.180000e-06	2.537208e-06	3.970240e-09	1.901069e+01	2.591803e+02
2.190000e-06	2.462969e-06	3.934769e-09	1.845444e+01	2.576872e+02
2.200000e-06	2.387824e-06	3.905955e-09	1.789139e+01	2.561710e+02
2.210000e-06	2.311771e-06	3.905580e-09	1.732154e+01	2.547372e+02
2.220000e-06	2.234562e-06	3.894028e-09	1.674304e+01	2.534230e+02
2.230000e-06	2.156210e-06	3.844794e-09	1.615596e+01	2.521774e+02
2.240000e-06	2.076901e-06	3.823814e-09	1.556172e+01	2.508880e+02
2.250000e-06	1.996836e-06	3.808663e-09	1.496181e+01	2.494422e+02
2.260000e-06	1.916135e-06	3.781357e-09	1.435714e+01	2.477868e+02
2.270000e-06	1.834842e-06	3.755846e-09	1.374803e+01	2.459543e+02
2.280000e-06	1.752918e-06	3.745179e-09	1.313419e+01	2.440410e+02
2.290000e-06	1.670319e-06	3.724562e-09	1.251530e+01	2.421488e+02
2.300000e-06	1.587252e-06	3.680116e-09	1.189290e+01	2.403233e+02
2.310000e-06	1.503796e-06	3.651527e-09	1.126758e+01	2.385236e+02
2.320000e-06	1.419938e-06	3.629829e-09	1.063925e+01	2.366426e+02
2.330000e-06	1.335658e-06	3.593125e-09	1.000776e+01	2.345674e+02
2.340000e-06	1.250900e-06	3.548347e-09	9.372695e+00	2.322461e+02
2.350000e-06	1.165680e-06	3.513881e-09	8.734161e+00	2.297217e+02
2.360000e-06	1.079915e-06	3.483519e-09	8.091541e+00	2.271113e+02
2.370000e-06	9.936571e-07	3.446457e-09	7.445233e+00	2.245372e+02
2.380000e-06	9.070549e-07	3.412288e-09	6.796344e+00	2.220470e+02
2.390000e-06	8.200657e-07	3.374199e-09	6.144555e+00	2.195679e+02
2.400000e-06	7.326846e-07	3.325194e-09	5.489829e+00	2.169263e+02
2.410000e-06	6.450362e-07	3.276298e-09	4.833101e+00	2.139268e+02
2.420000e-06	5.572115e-07	3.231637e-09	4.175051e+00	2.104532e+02
2.430000e-06	4.692425e-07	3.178018e-09	3.515921e+00	2.065339e+02
2.440000e-06	3.811933e-07	3.112921e-09	2.856189e+00	2.023319e+02
2.450000e-06	2.930737e-07	3.047266e-09	2.195931e+00	1.980539e+02
2.460000e-06	2.048202e-07	2.982742e-09	1.534668e+00	1.938215e+02
2.470000e-06	1.164555e-07	2.914476e-09	8.725727e-01	1.895698e+02
2.480000e-06	2.808203e-08	2.839474e-09	2.104119e-01	1.850352e+02
2.490000e-06	-6.030368e-08	2.756352e-09	-4.518409e-01	1.798478e+02
2.500000e-06	-1.486391e-07	2.662814e-09	-1.113717e+00	1.736898e+02
2.510000e-06	-2.368637e-07	2.557892e-09	-1.774762e+00	1.664366e+02
2.520000e-06	-3.250551e-07	2.444230e-09	-2.435559e+00	1.581945e+02
2.530000e-06	-4.132161e-07	2.316717e-09	-3.096129e+00	1.491925e+02
2.540000e-06	-5.012572e-07	2.167942e-09	-3.755800e+00	1.395559e+02
2.550000e-06	-5.891467e-07	1.995729e-09	-4.414334e+00	1.290618e+02
2.560000e-06	-6.768704e-07	1.796267e-09	-5.071626e+00	1.170049e+02
2.570000e-06	-7.643288e-07	1.562560e-09	-5.726932e+00	1.022741e+02
2.580000e-06	-8.515205e-07	1.285915e-09	-6.380238e+00	8.365739e+01
2.590000e-06	-9.383710e-07	9.536263e-10	-7.030987e+00	6.029184e+01
2.600000e-06	-1.024754e-06	5.490330e-10	-7.678233e+00	3.209584e+01
2.610000e-06	-1.110667e-06	6.597995e-11	-8.321963e+00	8.360422e-03
2.620000e-06	-1.196050e-06	-4.761971e-10	-8.961715e+00	-3.408268e+01
2.630000e-06	-1.280828e-06	-1.025537e-09	-9.596934e+00	-6.772714e+01
2.640000e-06	-1.365050e-06	-1.512701e-09	-1.022799e+01	-9.849791e+01
2.650000e-06	-1.448837e-06	-1.899153e-09	-1.085579e+01	-1.245792e+02
2.660000e-06	-1.532225e-06	-2.193070e-09	-1.148059e+01	-1.451591e+02
2.670000e-06	-1.615133e-06	-2.419720e-09	-1.210180e+01	-1.605029e+02
2.680000e-06	-1.697485e-06	-2.599431e-09	-1.271885e+01	-1.717031e+02
2.690000e-06	-1.779212e-06	-2.746758e-09	-1.333121e+01	-1.802210e+02
2.700000e-06	-1.860283e-06	-2.873919e-09	-1.393865e+01	-1.873997e+02
2.710000e-06	-1.940741e-06	-2.983892e-09	-1.454150e+01	-1.941205e+02
2.720000e-06	-2.020652e-06	-3.078499e-09	-1.514026e+01	-2.006987e+02
2.730000e-06	-2.099995e-06	-3.163617e-09	-1.573476e+01	-2.070109e+02
2.740000e-06	-2.178419e-06	-3.242923e-09	-1.632237e+01	-2.127561e+02
2.750000e-06	-2.255633e-06	-3.317569e-09	-1.690091e+01	-2.177141e+02
2.760000e-06	-2.331742e-06	-3.386755e-09	-1.747118e+01	-2.218919e+02
2.770000e-06	-2.406984e-06	-3.452311e-09	-1.803495e+01	-2.255160e+02
2.780000e-06	-2.481420e-06	-3.513446e-09	-1.859268e+01	-2.289041e+02
2.790000e-06	-2.555001e-06	-3.567775e-09	-1.914400e+01	-2.323034e+02
2.800000e-06	-2.627752e-06	-3.620269e-09	-1.968911e+01	-2.357826e+02
2.810000e-06	-2.699707e-06	-3.672020e-09	-2.022825e+01	-2.392276e+02
2.820000e-06	-2.770783e-06	-3.718593e-09	-2.076081e+01	-2.424311e+02
2.830000e-06	-2.840709e-06	-3.760272e-09	-2.128475e+01	-2.452208e+02
2.840000e-06	-2.909419e-06	-3.801127e-09	-2.179957e+01	-2.475563e+02
2.850000e-06	-2.977105e-06	-3.839249e-09	-2.230673e+01	-2.495478e+02
2.860000e-06	-3.043803e-06	-3.872304e-09	-2.280648e+01	-2.513938e+02
2.870000e-06	-3.109448e-06	-3.903685e-09	-2.329834e+01	-2.532770e+02
2.880000e-06	-3.174095e-06	-3.934315e-09	-2.378272e+01	-2.552766e+02
2.890000e-06	-3.237819e-06	-3.961719e-09	-2.426020e+01	-2.573397e+02
2.900000e-06	-3.300248e-06	-3.987729e-09	-2.472797e+01	-2.593247e+02
2.910000e-06	-3.361098e-06	-4.015865e-09	-2.518390e+01	-2.610869e+02
2.920000e-06	-3.420763e-06	-4.042765e-09	-2.563095e+01	-2.625589e+02
2.930000e-06	-3.479369e-06	-4.064691e-09	-2.607007e+01	-2.637852e+02
2.940000e-06	-3.536707e-06	-4.085380e-09	-2.649969e+01	-2.648939e+02
2.950000e-06	-3.592880e-06	-4.105800e-09	-2.692058e+01	-2.660256e+02
2.960000e-06	-3.647765e-06	-4.122633e-09	-2.733183e+01	-2.672598e+02
2.970000e-06	-3.700974e-06	-4.138469e-09	-2.773051e+01	-2.685773e+02
2.980000e-06	-3.752600e-06	-4.154128e-09	-2.811733e+01	-2.698775e+02
2.990000e-06	-3.802800e-06	-4.169055e-09	-2.849346e+01	-2.710381e+02
3.000000e-06	-3.851321e-06	-4.182498e-09	-2.885702e+01	-2.719839e+02
3.010000e-06	-3.898198e-06	-4.196302e-09	-2.920826e+01	-2.727272e+02
3.020000e-06	-3.943789e-06	-4.210892e-09	-2.954986e+01	-2.733598e+02
3.030000e-06	-3.988194e-06	-4.223455e-09	-2.988258e+01	-2.740021e+02
3.040000e-06	-4.031403e-06	-4.233520e-09	-3.020633e+01	-2.747395e+02
3.050000e-06	-4.073363e-06	-4.243237e-09	-3.052073e+01	-2.755795e+02
3.060000e-06	-4.114012e-06	-4.252149e-09	-3.082530e+01	-2.764519e+02
3.070000e-06	-4.153353e-06	-4.260916e-09	-3.112007e+01	-2.772514e+02
3.080000e-06	-4.191063e-06	-4.270404e-09	-3.140263e+01	-2.778969e+02
3.090000e-06	-4.227151e-06	-4.277156e-09	-3.167303e+01	-2.783766e+02
3.100000e-06	-4.261838e-06	-4.281605e-09	-3.193292e+01	-2.787533e+02
3.110000e-06	-4.295094e-06	-4.286587e-09	-3.218210e+01	-2.791299e+02
3.120000e-06	-4.326945e-06	-4.294435e-09	-3.242076e+01	-2.795933e+02
3.130000e-06	-4.357065e-06	-4.301643e-09	-3.264643e+01	-2.801679e+02
3.140000e-06	-4.385479e-06	-4.307266e-09	-3.285933e+01	-2.808038e+02
3.150000e-06	-4.412484e-06	-4.314118e-09	-3.306168e+01	-2.814046e+02
3.160000e-06	-4.437939e-06	-4.320197e-09	-3.325240e+01	-2.818807e+02
3.170000e-06	-4.461925e-06	-4.324233e-09	-3.343213e+01	-2.821974e+02
3.180000e-06	-4.484294e-06	-4.327105e-09	-3.359974e+01	-2.823935e+02
3.190000e-06	-4.504855e-06	-4.330044e-09	-3.375379e+01	-2.825596e+02
3.200000e-06	-4.523925e-06	-4.333539e-09	-3.389668e+01	-2.827889e+02
3.210000e-06	-4.541559e-06	-4.337383e-09	-3.402880e+01	-2.831273e+02
3.220000e-06	-4.557598e-06	-4.341160e-09	-3.414898e+01	-2.835476e+02
3.230000e-06	-4.571740e-06	-4.345036e-09	-3.425494e+01	-2.839642e+02
3.240000e-06	-4.583896e-06	-4.347566e-09	-3.434603e+01	-2.842777e+02
3.250000e-06	-4.594313e-06	-4.346944e-09	-3.442408e+01	-2.844278e+02
3.260000e-06	-4.603196e-06	-4.345496e-09	-3.449064e+01	-2.844253e+02
3.270000e-06	-4.610548e-06	-4.345272e-09	-3.454572e+01	-2.843482e+02
3.280000e-06	-4.616103e-06	-4.346559e-09	-3.458734e+01	-2.843029e+02
3.290000e-06	-4.619939e-06	-4.348150e-09	-3.461609e+01	-2.843713e+02
3.300000e-06	-4.622310e-06	-4.347433e-09	-3.463386e+01	-2.845709e+02
3.310000e-06	-4.623192e-06	-4.347167e-09	-3.464047e+01	-2.848472e+02
