# Temperatura_=_20.0
# Concentracion g/m^3_=_8200.0
# C_Vs_to_Am_M_A/Vsm_=_65563218390.804596
# pendiente_HvsI_1/m_=_3716.3
# ordenada_HvsI_A/m_=_1297.0
# frecuencia_Hz_=_301451.9237605493

Tiempo_(s)	Campo_(V.s)	Magnetizacion_(V.s)	Campo_(kA/m)	Magnetizacion_(A/m)
0.000000e+00	-3.216362e-06	-4.579152e-09	-2.354623e+01	-2.991870e+02
1.000000e-08	-3.215718e-06	-4.583048e-09	-2.354151e+01	-2.993481e+02
2.000000e-08	-3.213657e-06	-4.584990e-09	-2.352642e+01	-2.994632e+02
3.000000e-08	-3.210321e-06	-4.586517e-09	-2.350200e+01	-2.995333e+02
4.000000e-08	-3.206147e-06	-4.588625e-09	-2.347145e+01	-2.995600e+02
5.000000e-08	-3.201049e-06	-4.587935e-09	-2.343412e+01	-2.995444e+02
6.000000e-08	-3.194859e-06	-4.582502e-09	-2.338881e+01	-2.994878e+02
7.000000e-08	-3.187660e-06	-4.564479e-09	-2.333611e+01	-2.993911e+02
8.000000e-08	-3.179563e-06	-4.554997e-09	-2.327683e+01	-2.992554e+02
9.000000e-08	-3.170026e-06	-4.615213e-09	-2.320701e+01	-2.990810e+02
1.000000e-07	-3.158691e-06	-4.650545e-09	-2.312403e+01	-2.988683e+02
1.100000e-07	-3.145963e-06	-4.607929e-09	-2.303085e+01	-2.986173e+02
1.200000e-07	-3.132289e-06	-4.437656e-09	-2.293075e+01	-2.983276e+02
1.300000e-07	-3.117573e-06	-4.486543e-09	-2.282302e+01	-2.979985e+02
1.400000e-07	-3.101346e-06	-4.712393e-09	-2.270422e+01	-2.976289e+02
1.500000e-07	-3.084065e-06	-4.523294e-09	-2.257771e+01	-2.972175e+02
1.600000e-07	-3.066224e-06	-4.426019e-09	-2.244710e+01	-2.967627e+02
1.700000e-07	-3.047355e-06	-4.634635e-09	-2.230897e+01	-2.962629e+02
1.800000e-07	-3.027294e-06	-4.527708e-09	-2.216210e+01	-2.957160e+02
1.900000e-07	-3.006444e-06	-4.354543e-09	-2.200947e+01	-2.951203e+02
2.000000e-07	-2.984729e-06	-4.598674e-09	-2.185049e+01	-2.944736e+02
2.100000e-07	-2.961830e-06	-4.568351e-09	-2.168286e+01	-2.937741e+02
2.200000e-07	-2.938037e-06	-4.343802e-09	-2.150867e+01	-2.930199e+02
2.300000e-07	-2.913242e-06	-4.519564e-09	-2.132716e+01	-2.922093e+02
2.400000e-07	-2.886952e-06	-4.514316e-09	-2.113470e+01	-2.913409e+02
2.500000e-07	-2.859506e-06	-4.335384e-09	-2.093376e+01	-2.904134e+02
2.600000e-07	-2.831222e-06	-4.436761e-09	-2.072671e+01	-2.894259e+02
2.700000e-07	-2.801971e-06	-4.443119e-09	-2.051256e+01	-2.883775e+02
2.800000e-07	-2.771723e-06	-4.345200e-09	-2.029113e+01	-2.872680e+02
2.900000e-07	-2.740572e-06	-4.392612e-09	-2.006308e+01	-2.860973e+02
3.000000e-07	-2.708619e-06	-4.330819e-09	-1.982916e+01	-2.848655e+02
3.100000e-07	-2.675628e-06	-4.337251e-09	-1.958764e+01	-2.835732e+02
3.200000e-07	-2.641300e-06	-4.374361e-09	-1.933633e+01	-2.822210e+02
3.300000e-07	-2.605919e-06	-4.245965e-09	-1.907732e+01	-2.808100e+02
3.400000e-07	-2.569758e-06	-4.227580e-09	-1.881259e+01	-2.793411e+02
3.500000e-07	-2.532741e-06	-4.303931e-09	-1.854160e+01	-2.778154e+02
3.600000e-07	-2.494819e-06	-4.219292e-09	-1.826398e+01	-2.762339e+02
3.700000e-07	-2.455984e-06	-4.158237e-09	-1.797968e+01	-2.745976e+02
3.800000e-07	-2.416429e-06	-4.187460e-09	-1.769011e+01	-2.729071e+02
3.900000e-07	-2.376297e-06	-4.142424e-09	-1.739631e+01	-2.711628e+02
4.000000e-07	-2.335231e-06	-4.111040e-09	-1.709568e+01	-2.693646e+02
4.100000e-07	-2.292876e-06	-4.068558e-09	-1.678561e+01	-2.675122e+02
4.200000e-07	-2.249518e-06	-4.054326e-09	-1.646819e+01	-2.656046e+02
4.300000e-07	-2.205506e-06	-4.053987e-09	-1.614599e+01	-2.636405e+02
4.400000e-07	-2.160738e-06	-3.991261e-09	-1.581825e+01	-2.616180e+02
4.500000e-07	-2.115220e-06	-3.919034e-09	-1.548503e+01	-2.595348e+02
4.600000e-07	-2.068995e-06	-3.929856e-09	-1.514662e+01	-2.573886e+02
4.700000e-07	-2.022037e-06	-3.927754e-09	-1.480285e+01	-2.551764e+02
4.800000e-07	-1.974457e-06	-3.836962e-09	-1.445453e+01	-2.528953e+02
4.900000e-07	-1.926234e-06	-3.802722e-09	-1.410151e+01	-2.505424e+02
5.000000e-07	-1.876963e-06	-3.810108e-09	-1.374081e+01	-2.481148e+02
5.100000e-07	-1.826519e-06	-3.758236e-09	-1.337152e+01	-2.456097e+02
5.200000e-07	-1.775239e-06	-3.677027e-09	-1.299610e+01	-2.430246e+02
5.300000e-07	-1.723314e-06	-3.662180e-09	-1.261597e+01	-2.403570e+02
5.400000e-07	-1.670756e-06	-3.639649e-09	-1.223121e+01	-2.376050e+02
5.500000e-07	-1.617575e-06	-3.570966e-09	-1.184189e+01	-2.347665e+02
5.600000e-07	-1.563824e-06	-3.514909e-09	-1.144839e+01	-2.318397e+02
5.700000e-07	-1.509500e-06	-3.492334e-09	-1.105069e+01	-2.288228e+02
5.800000e-07	-1.454590e-06	-3.454361e-09	-1.064871e+01	-2.257138e+02
5.900000e-07	-1.399233e-06	-3.381345e-09	-1.024346e+01	-2.225106e+02
6.000000e-07	-1.343583e-06	-3.339860e-09	-9.836055e+00	-2.192109e+02
6.100000e-07	-1.287606e-06	-3.297536e-09	-9.426258e+00	-2.158116e+02
6.200000e-07	-1.231197e-06	-3.229740e-09	-9.013305e+00	-2.123096e+02
6.300000e-07	-1.174150e-06	-3.167163e-09	-8.595673e+00	-2.087009e+02
6.400000e-07	-1.116345e-06	-3.124456e-09	-8.172496e+00	-2.049812e+02
6.500000e-07	-1.057894e-06	-3.064231e-09	-7.744589e+00	-2.011459e+02
6.600000e-07	-9.989202e-07	-2.991810e-09	-7.312859e+00	-1.971897e+02
6.700000e-07	-9.396054e-07	-2.938569e-09	-6.878629e+00	-1.931074e+02
6.800000e-07	-8.801136e-07	-2.880738e-09	-6.443104e+00	-1.888935e+02
6.900000e-07	-8.204955e-07	-2.807826e-09	-6.006654e+00	-1.845426e+02
7.000000e-07	-7.607424e-07	-2.736587e-09	-5.569216e+00	-1.800495e+02
7.100000e-07	-7.007720e-07	-2.672215e-09	-5.130186e+00	-1.754089e+02
7.200000e-07	-6.405868e-07	-2.589672e-09	-4.689585e+00	-1.706163e+02
7.300000e-07	-5.802644e-07	-2.508506e-09	-4.247978e+00	-1.656671e+02
7.400000e-07	-5.198021e-07	-2.441891e-09	-3.805348e+00	-1.605570e+02
7.500000e-07	-4.591236e-07	-2.364472e-09	-3.361135e+00	-1.552820e+02
7.600000e-07	-3.981970e-07	-2.271540e-09	-2.915106e+00	-1.498378e+02
7.700000e-07	-3.370698e-07	-2.183577e-09	-2.467608e+00	-1.442201e+02
7.800000e-07	-2.758115e-07	-2.105227e-09	-2.019151e+00	-1.384242e+02
7.900000e-07	-2.145083e-07	-2.010013e-09	-1.570365e+00	-1.324449e+02
8.000000e-07	-1.531584e-07	-1.909733e-09	-1.121236e+00	-1.262762e+02
8.100000e-07	-9.175518e-08	-1.814740e-09	-6.717180e-01	-1.199116e+02
8.200000e-07	-3.035375e-08	-1.714416e-09	-2.222126e-01	-1.133437e+02
8.300000e-07	3.107925e-08	-1.604335e-09	2.275239e-01	-1.065645e+02
8.400000e-07	9.252514e-08	-1.497259e-09	6.773547e-01	-9.956592e+01
8.500000e-07	1.539317e-07	-1.392602e-09	1.126898e+00	-9.233959e+01
8.600000e-07	2.152844e-07	-1.276379e-09	1.576046e+00	-8.487779e+01
8.700000e-07	2.765774e-07	-1.157749e-09	2.024758e+00	-7.717378e+01
8.800000e-07	3.377849e-07	-1.039382e-09	2.472843e+00	-6.922250e+01
8.900000e-07	3.988711e-07	-9.170057e-10	2.920041e+00	-6.102119e+01
9.000000e-07	4.598505e-07	-7.853996e-10	3.366457e+00	-5.257004e+01
9.100000e-07	5.206362e-07	-6.529563e-10	3.811455e+00	-4.387282e+01
9.200000e-07	5.811949e-07	-5.179377e-10	4.254791e+00	-3.493736e+01
9.300000e-07	6.415348e-07	-3.780423e-10	4.696525e+00	-2.577592e+01
9.400000e-07	7.016420e-07	-2.357366e-10	5.136555e+00	-1.640545e+01
9.500000e-07	7.615340e-07	-8.904521e-11	5.575011e+00	-6.847597e+00
9.600000e-07	8.212526e-07	6.176460e-11	6.012196e+00	2.871489e+00
9.700000e-07	8.808391e-07	2.123831e-10	6.448415e+00	1.272150e+01
9.800000e-07	9.402446e-07	3.592676e-10	6.883309e+00	2.266855e+01
9.900000e-07	9.994184e-07	5.120794e-10	7.316506e+00	3.267591e+01
1.000000e-06	1.058237e-06	6.681295e-10	7.747104e+00	4.270489e+01
1.010000e-06	1.116428e-06	8.216852e-10	8.173107e+00	5.271581e+01
1.020000e-06	1.173818e-06	9.730975e-10	8.593243e+00	6.266900e+01
1.030000e-06	1.230427e-06	1.126273e-09	9.007668e+00	7.252581e+01
1.040000e-06	1.286474e-06	1.276343e-09	9.417976e+00	8.224957e+01
1.050000e-06	1.342226e-06	1.418737e-09	9.826119e+00	9.180644e+01
1.060000e-06	1.397725e-06	1.561209e-09	1.023241e+01	1.011661e+02
1.070000e-06	1.452824e-06	1.698963e-09	1.063578e+01	1.103023e+02
1.080000e-06	1.507386e-06	1.831596e-09	1.103522e+01	1.191933e+02
1.090000e-06	1.561390e-06	1.959641e-09	1.143057e+01	1.278217e+02
1.100000e-06	1.614912e-06	2.086017e-09	1.182239e+01	1.361749e+02
1.110000e-06	1.667952e-06	2.209342e-09	1.221068e+01	1.442444e+02
1.120000e-06	1.720378e-06	2.331338e-09	1.259448e+01	1.520257e+02
1.130000e-06	1.772184e-06	2.449926e-09	1.297374e+01	1.595178e+02
1.140000e-06	1.823311e-06	2.559298e-09	1.334803e+01	1.667225e+02
1.150000e-06	1.873450e-06	2.663313e-09	1.371508e+01	1.736441e+02
1.160000e-06	1.922459e-06	2.765404e-09	1.407387e+01	1.802884e+02
1.170000e-06	1.970621e-06	2.863378e-09	1.442645e+01	1.866626e+02
1.180000e-06	2.018168e-06	2.951716e-09	1.477453e+01	1.927742e+02
1.190000e-06	2.065085e-06	3.038081e-09	1.511800e+01	1.986314e+02
1.200000e-06	2.111292e-06	3.125020e-09	1.545627e+01	2.042419e+02
1.210000e-06	2.156753e-06	3.207610e-09	1.578908e+01	2.096134e+02
1.220000e-06	2.201456e-06	3.283895e-09	1.611634e+01	2.147531e+02
1.230000e-06	2.245482e-06	3.358843e-09	1.643864e+01	2.196677e+02
1.240000e-06	2.289018e-06	3.431246e-09	1.675736e+01	2.243638e+02
1.250000e-06	2.331828e-06	3.495624e-09	1.707077e+01	2.288473e+02
1.260000e-06	2.373443e-06	3.556468e-09	1.737542e+01	2.331242e+02
1.270000e-06	2.413911e-06	3.618802e-09	1.767167e+01	2.372003e+02
1.280000e-06	2.453578e-06	3.676052e-09	1.796206e+01	2.410815e+02
1.290000e-06	2.492448e-06	3.726567e-09	1.824662e+01	2.447740e+02
1.300000e-06	2.530475e-06	3.777545e-09	1.852501e+01	2.482840e+02
1.310000e-06	2.567607e-06	3.828757e-09	1.879685e+01	2.516180e+02
1.320000e-06	2.603849e-06	3.874824e-09	1.906216e+01	2.547827e+02
1.330000e-06	2.639423e-06	3.917202e-09	1.932259e+01	2.577852e+02
1.340000e-06	2.674120e-06	3.960220e-09	1.957660e+01	2.606324e+02
1.350000e-06	2.707567e-06	4.000872e-09	1.982146e+01	2.633313e+02
1.360000e-06	2.739876e-06	4.036148e-09	2.005799e+01	2.658889e+02
1.370000e-06	2.771299e-06	4.070671e-09	2.028802e+01	2.683119e+02
1.380000e-06	2.801820e-06	4.104951e-09	2.051146e+01	2.706068e+02
1.390000e-06	2.831388e-06	4.135641e-09	2.072792e+01	2.727796e+02
1.400000e-06	2.859998e-06	4.164037e-09	2.093737e+01	2.748362e+02
1.410000e-06	2.887803e-06	4.192002e-09	2.114092e+01	2.767817e+02
1.420000e-06	2.914757e-06	4.218933e-09	2.133825e+01	2.786212e+02
1.430000e-06	2.940365e-06	4.245364e-09	2.152572e+01	2.803592e+02
1.440000e-06	2.964640e-06	4.271665e-09	2.170343e+01	2.820000e+02
1.450000e-06	2.987888e-06	4.296816e-09	2.187362e+01	2.835475e+02
1.460000e-06	3.010164e-06	4.318546e-09	2.203670e+01	2.850054e+02
1.470000e-06	3.031473e-06	4.336512e-09	2.219270e+01	2.863773e+02
1.480000e-06	3.051846e-06	4.355008e-09	2.234185e+01	2.876666e+02
1.490000e-06	3.071355e-06	4.373885e-09	2.248467e+01	2.888767e+02
1.500000e-06	3.089758e-06	4.391471e-09	2.261939e+01	2.900106e+02
1.510000e-06	3.106897e-06	4.408534e-09	2.274486e+01	2.910713e+02
1.520000e-06	3.122913e-06	4.423714e-09	2.286211e+01	2.920619e+02
1.530000e-06	3.137748e-06	4.436815e-09	2.297071e+01	2.929850e+02
1.540000e-06	3.151414e-06	4.449850e-09	2.307076e+01	2.938431e+02
1.550000e-06	3.163982e-06	4.463592e-09	2.316276e+01	2.946385e+02
1.560000e-06	3.175339e-06	4.474613e-09	2.324591e+01	2.953732e+02
1.570000e-06	3.185243e-06	4.482316e-09	2.331841e+01	2.960492e+02
1.580000e-06	3.193785e-06	4.491012e-09	2.338095e+01	2.966679e+02
1.590000e-06	3.201281e-06	4.500996e-09	2.343582e+01	2.972309e+02
1.600000e-06	3.207640e-06	4.509310e-09	2.348237e+01	2.977391e+02
1.610000e-06	3.212802e-06	4.516419e-09	2.352017e+01	2.981939e+02
1.620000e-06	3.217017e-06	4.522497e-09	2.355102e+01	2.985961e+02
1.630000e-06	3.220356e-06	4.529119e-09	2.357547e+01	2.989468e+02
1.640000e-06	3.222408e-06	4.534675e-09	2.359049e+01	2.992468e+02
1.650000e-06	3.222997e-06	4.539605e-09	2.359480e+01	2.994974e+02
1.660000e-06	3.222448e-06	4.544555e-09	2.359078e+01	2.996995e+02
1.670000e-06	3.220931e-06	4.545530e-09	2.357968e+01	2.998543e+02
1.680000e-06	3.218471e-06	4.546614e-09	2.356167e+01	2.999632e+02
1.690000e-06	3.215064e-06	4.547737e-09	2.353673e+01	3.000274e+02
1.700000e-06	3.210813e-06	4.549720e-09	2.350560e+01	3.000483e+02
1.710000e-06	3.205608e-06	4.552745e-09	2.346750e+01	3.000271e+02
1.720000e-06	3.199062e-06	4.561297e-09	2.341958e+01	2.999651e+02
1.730000e-06	3.191327e-06	4.592103e-09	2.336295e+01	2.998632e+02
1.740000e-06	3.182690e-06	4.533827e-09	2.329972e+01	2.997222e+02
1.750000e-06	3.172769e-06	4.468183e-09	2.322709e+01	2.995427e+02
1.760000e-06	3.160978e-06	4.465717e-09	2.314078e+01	2.993249e+02
1.770000e-06	3.147323e-06	4.633412e-09	2.304081e+01	2.990688e+02
1.780000e-06	3.132908e-06	4.627027e-09	2.293528e+01	2.987738e+02
1.790000e-06	3.118285e-06	4.381620e-09	2.282823e+01	2.984393e+02
1.800000e-06	3.102485e-06	4.480978e-09	2.271256e+01	2.980642e+02
1.810000e-06	3.085182e-06	4.672696e-09	2.258589e+01	2.976470e+02
1.820000e-06	3.067165e-06	4.453995e-09	2.245399e+01	2.971863e+02
1.830000e-06	3.048421e-06	4.421064e-09	2.231677e+01	2.966802e+02
1.840000e-06	3.028465e-06	4.723528e-09	2.217068e+01	2.961268e+02
1.850000e-06	3.007607e-06	4.496571e-09	2.201798e+01	2.955243e+02
1.860000e-06	2.985668e-06	4.296765e-09	2.185737e+01	2.948705e+02
1.870000e-06	2.962241e-06	4.584073e-09	2.168587e+01	2.941636e+02
1.880000e-06	2.937754e-06	4.478400e-09	2.150660e+01	2.934018e+02
1.890000e-06	2.912280e-06	4.321987e-09	2.132011e+01	2.925834e+02
1.900000e-06	2.885504e-06	4.568630e-09	2.112409e+01	2.917070e+02
1.910000e-06	2.857737e-06	4.457074e-09	2.092082e+01	2.907713e+02
1.920000e-06	2.829187e-06	4.355946e-09	2.071181e+01	2.897755e+02
1.930000e-06	2.799454e-06	4.469267e-09	2.049414e+01	2.887188e+02
1.940000e-06	2.768506e-06	4.341973e-09	2.026758e+01	2.876009e+02
1.950000e-06	2.736505e-06	4.369175e-09	2.003331e+01	2.864217e+02
1.960000e-06	2.703430e-06	4.423123e-09	1.979117e+01	2.851816e+02
1.970000e-06	2.669492e-06	4.209832e-09	1.954272e+01	2.838810e+02
1.980000e-06	2.634682e-06	4.331584e-09	1.928788e+01	2.825208e+02
1.990000e-06	2.599027e-06	4.403727e-09	1.902686e+01	2.811017e+02
2.000000e-06	2.562734e-06	4.157038e-09	1.876117e+01	2.796250e+02
2.010000e-06	2.525398e-06	4.261077e-09	1.848784e+01	2.780916e+02
2.020000e-06	2.486719e-06	4.298708e-09	1.820468e+01	2.765026e+02
2.030000e-06	2.447052e-06	4.153046e-09	1.791429e+01	2.748589e+02
2.040000e-06	2.406670e-06	4.168689e-09	1.761866e+01	2.731610e+02
2.050000e-06	2.365573e-06	4.138356e-09	1.731780e+01	2.714094e+02
2.060000e-06	2.323711e-06	4.147505e-09	1.701134e+01	2.696038e+02
2.070000e-06	2.280987e-06	4.105357e-09	1.669857e+01	2.677439e+02
2.080000e-06	2.237481e-06	3.979414e-09	1.638007e+01	2.658287e+02
2.090000e-06	2.193447e-06	4.045348e-09	1.605771e+01	2.638567e+02
2.100000e-06	2.148930e-06	4.065256e-09	1.573181e+01	2.618260e+02
2.110000e-06	2.103550e-06	3.948747e-09	1.539959e+01	2.597344e+02
2.120000e-06	2.057175e-06	3.906196e-09	1.506009e+01	2.575792e+02
2.130000e-06	2.010161e-06	3.916552e-09	1.471591e+01	2.553577e+02
2.140000e-06	1.962499e-06	3.906868e-09	1.436700e+01	2.530669e+02
2.150000e-06	1.913959e-06	3.792480e-09	1.401164e+01	2.507039e+02
2.160000e-06	1.864582e-06	3.755656e-09	1.365017e+01	2.482657e+02
2.170000e-06	1.814559e-06	3.810566e-09	1.328396e+01	2.457497e+02
2.180000e-06	1.763944e-06	3.719388e-09	1.291342e+01	2.431533e+02
2.190000e-06	1.712643e-06	3.645584e-09	1.253785e+01	2.404741e+02
2.200000e-06	1.660714e-06	3.639681e-09	1.215770e+01	2.377102e+02
2.210000e-06	1.608198e-06	3.619065e-09	1.177324e+01	2.348595e+02
2.220000e-06	1.554790e-06	3.549739e-09	1.138225e+01	2.319203e+02
2.230000e-06	1.500331e-06	3.465119e-09	1.098357e+01	2.288907e+02
2.240000e-06	1.445055e-06	3.461288e-09	1.057891e+01	2.257688e+02
2.250000e-06	1.389285e-06	3.419007e-09	1.017062e+01	2.225523e+02
2.260000e-06	1.333223e-06	3.329785e-09	9.760209e+00	2.192389e+02
2.270000e-06	1.276857e-06	3.300681e-09	9.347571e+00	2.158255e+02
2.280000e-06	1.220010e-06	3.264859e-09	8.931408e+00	2.123088e+02
2.290000e-06	1.162637e-06	3.195595e-09	8.511394e+00	2.086849e+02
2.300000e-06	1.104888e-06	3.128353e-09	8.088625e+00	2.049493e+02
2.310000e-06	1.046894e-06	3.079339e-09	7.664062e+00	2.010974e+02
2.320000e-06	9.885578e-07	3.030312e-09	7.236998e+00	1.971239e+02
2.330000e-06	9.298258e-07	2.949761e-09	6.807035e+00	1.930235e+02
2.340000e-06	8.707314e-07	2.890715e-09	6.374419e+00	1.887907e+02
2.350000e-06	8.113054e-07	2.833102e-09	5.939375e+00	1.844202e+02
2.360000e-06	7.516461e-07	2.750364e-09	5.502624e+00	1.799066e+02
2.370000e-06	6.918115e-07	2.684540e-09	5.064588e+00	1.752450e+02
2.380000e-06	6.318678e-07	2.618502e-09	4.625755e+00	1.704306e+02
2.390000e-06	5.718384e-07	2.543047e-09	4.186294e+00	1.654590e+02
2.400000e-06	5.117195e-07	2.460653e-09	3.746178e+00	1.603260e+02
2.410000e-06	4.514804e-07	2.385659e-09	3.305181e+00	1.550273e+02
2.420000e-06	3.911349e-07	2.308587e-09	2.863406e+00	1.495590e+02
2.430000e-06	3.307042e-07	2.211945e-09	2.421008e+00	1.439165e+02
2.440000e-06	2.702463e-07	2.123985e-09	1.978410e+00	1.380951e+02
2.450000e-06	2.096705e-07	2.040007e-09	1.534948e+00	1.320894e+02
2.460000e-06	1.489106e-07	1.942456e-09	1.090139e+00	1.258935e+02
2.470000e-06	8.809989e-08	1.841364e-09	6.449585e-01	1.195007e+02
2.480000e-06	2.723503e-08	1.746598e-09	1.993812e-01	1.129034e+02
2.490000e-06	-3.365800e-08	1.645731e-09	-2.464023e-01	1.060938e+02
2.500000e-06	-9.456395e-08	1.533377e-09	-6.922803e-01	9.906350e+01
2.510000e-06	-1.554400e-07	1.422660e-09	-1.137939e+00	9.180433e+01
2.520000e-06	-2.162283e-07	1.314907e-09	-1.582957e+00	8.430865e+01
2.530000e-06	-2.769527e-07	1.197118e-09	-2.027505e+00	7.656993e+01
2.540000e-06	-3.375396e-07	1.072068e-09	-2.471048e+00	6.858339e+01
2.550000e-06	-3.979622e-07	9.483655e-10	-2.913387e+00	6.034664e+01
2.560000e-06	-4.583094e-07	8.193398e-10	-3.355175e+00	5.186037e+01
2.570000e-06	-5.185938e-07	6.826667e-10	-3.796503e+00	4.312889e+01
2.580000e-06	-5.787747e-07	5.419906e-10	-4.237073e+00	3.416063e+01
2.590000e-06	-6.388519e-07	4.038293e-10	-4.676884e+00	2.496853e+01
2.600000e-06	-6.988394e-07	2.630736e-10	-5.116038e+00	1.557020e+01
2.610000e-06	-7.587286e-07	1.182075e-10	-5.554473e+00	5.987958e+00
2.620000e-06	-8.184159e-07	-3.009693e-11	-5.991429e+00	-3.751430e+00
2.630000e-06	-8.777906e-07	-1.831874e-10	-6.426098e+00	-1.361710e+01
2.640000e-06	-9.367888e-07	-3.345881e-10	-6.858009e+00	-2.357472e+01
2.650000e-06	-9.954002e-07	-4.859559e-10	-7.287090e+00	-3.358723e+01
2.660000e-06	-1.053621e-06	-6.404026e-10	-7.713313e+00	-4.361573e+01
2.670000e-06	-1.111495e-06	-7.941221e-10	-8.136991e+00	-5.362047e+01
2.680000e-06	-1.168945e-06	-9.423655e-10	-8.557571e+00	-6.356187e+01
2.690000e-06	-1.225829e-06	-1.090262e-09	-8.974004e+00	-7.340151e+01
2.700000e-06	-1.282283e-06	-1.240424e-09	-9.387288e+00	-8.310308e+01
2.710000e-06	-1.338470e-06	-1.385996e-09	-9.798626e+00	-9.263320e+01
2.720000e-06	-1.394396e-06	-1.526649e-09	-1.020804e+01	-1.019621e+02
2.730000e-06	-1.449893e-06	-1.667300e-09	-1.061433e+01	-1.110642e+02
2.740000e-06	-1.504728e-06	-1.803990e-09	-1.101576e+01	-1.199182e+02
2.750000e-06	-1.558658e-06	-1.933990e-09	-1.141057e+01	-1.285077e+02
2.760000e-06	-1.611679e-06	-2.063934e-09	-1.179872e+01	-1.368204e+02
2.770000e-06	-1.664026e-06	-2.190313e-09	-1.218194e+01	-1.448485e+02
2.780000e-06	-1.715807e-06	-2.306168e-09	-1.256102e+01	-1.525882e+02
2.790000e-06	-1.766978e-06	-2.416287e-09	-1.293563e+01	-1.600387e+02
2.800000e-06	-1.817496e-06	-2.527151e-09	-1.330546e+01	-1.672023e+02
2.810000e-06	-1.867367e-06	-2.633049e-09	-1.367056e+01	-1.740836e+02
2.820000e-06	-1.916338e-06	-2.732583e-09	-1.402906e+01	-1.806885e+02
2.830000e-06	-1.964243e-06	-2.831286e-09	-1.437976e+01	-1.870243e+02
2.840000e-06	-2.011354e-06	-2.925782e-09	-1.472465e+01	-1.930988e+02
2.850000e-06	-2.057907e-06	-3.013576e-09	-1.506545e+01	-1.989199e+02
2.860000e-06	-2.103880e-06	-3.098154e-09	-1.540201e+01	-2.044954e+02
2.870000e-06	-2.149087e-06	-3.182012e-09	-1.573296e+01	-2.098330e+02
2.880000e-06	-2.193571e-06	-3.261337e-09	-1.605862e+01	-2.149398e+02
2.890000e-06	-2.237519e-06	-3.334645e-09	-1.638035e+01	-2.198225e+02
2.900000e-06	-2.280775e-06	-3.406859e-09	-1.669701e+01	-2.244875e+02
2.910000e-06	-2.323259e-06	-3.479299e-09	-1.700803e+01	-2.289408e+02
2.920000e-06	-2.364970e-06	-3.545356e-09	-1.731339e+01	-2.331883e+02
2.930000e-06	-2.405822e-06	-3.606459e-09	-1.761246e+01	-2.372358e+02
2.940000e-06	-2.445966e-06	-3.669618e-09	-1.790634e+01	-2.410894e+02
2.950000e-06	-2.485330e-06	-3.729251e-09	-1.819452e+01	-2.447551e+02
2.960000e-06	-2.523520e-06	-3.783542e-09	-1.847410e+01	-2.482391e+02
2.970000e-06	-2.560587e-06	-3.838616e-09	-1.874545e+01	-2.515482e+02
2.980000e-06	-2.596826e-06	-3.891267e-09	-1.901075e+01	-2.546890e+02
2.990000e-06	-2.632182e-06	-3.937176e-09	-1.926958e+01	-2.576685e+02
3.000000e-06	-2.666587e-06	-3.982296e-09	-1.952145e+01	-2.604937e+02
3.010000e-06	-2.700048e-06	-4.028472e-09	-1.976641e+01	-2.631717e+02
3.020000e-06	-2.732653e-06	-4.067985e-09	-2.000511e+01	-2.657093e+02
3.030000e-06	-2.764552e-06	-4.102122e-09	-2.023864e+01	-2.681133e+02
3.040000e-06	-2.795455e-06	-4.138773e-09	-2.046486e+01	-2.703900e+02
3.050000e-06	-2.824971e-06	-4.174258e-09	-2.068095e+01	-2.725455e+02
3.060000e-06	-2.853355e-06	-4.206014e-09	-2.088874e+01	-2.745856e+02
3.070000e-06	-2.880899e-06	-4.235637e-09	-2.109038e+01	-2.765153e+02
3.080000e-06	-2.907459e-06	-4.264908e-09	-2.128482e+01	-2.783397e+02
3.090000e-06	-2.932888e-06	-4.292535e-09	-2.147098e+01	-2.800632e+02
3.100000e-06	-2.957407e-06	-4.316043e-09	-2.165048e+01	-2.816901e+02
3.110000e-06	-2.981187e-06	-4.340943e-09	-2.182456e+01	-2.832242e+02
3.120000e-06	-3.003790e-06	-4.363548e-09	-2.199003e+01	-2.846692e+02
3.130000e-06	-3.024944e-06	-4.382769e-09	-2.214490e+01	-2.860288e+02
3.140000e-06	-3.045040e-06	-4.399766e-09	-2.229202e+01	-2.873063e+02
3.150000e-06	-3.064238e-06	-4.418008e-09	-2.243256e+01	-2.885049e+02
3.160000e-06	-3.082407e-06	-4.436041e-09	-2.256557e+01	-2.896278e+02
3.170000e-06	-3.099519e-06	-4.453731e-09	-2.269085e+01	-2.906781e+02
3.180000e-06	-3.115707e-06	-4.470975e-09	-2.280936e+01	-2.916585e+02
3.190000e-06	-3.130782e-06	-4.485829e-09	-2.291971e+01	-2.925718e+02
3.200000e-06	-3.144314e-06	-4.498951e-09	-2.301878e+01	-2.934204e+02
3.210000e-06	-3.156472e-06	-4.511263e-09	-2.310778e+01	-2.942067e+02
3.220000e-06	-3.167452e-06	-4.521698e-09	-2.318817e+01	-2.949326e+02
3.230000e-06	-3.177283e-06	-4.529126e-09	-2.326014e+01	-2.955999e+02
3.240000e-06	-3.186118e-06	-4.535354e-09	-2.332482e+01	-2.962103e+02
3.250000e-06	-3.194056e-06	-4.541225e-09	-2.338293e+01	-2.967650e+02
3.260000e-06	-3.200759e-06	-4.549015e-09	-2.343200e+01	-2.972652e+02
3.270000e-06	-3.206009e-06	-4.557447e-09	-2.347044e+01	-2.977120e+02
3.280000e-06	-3.210115e-06	-4.567382e-09	-2.350049e+01	-2.981065e+02
3.290000e-06	-3.213222e-06	-4.574120e-09	-2.352324e+01	-2.984495e+02
3.300000e-06	-3.215268e-06	-4.576777e-09	-2.353822e+01	-2.987421e+02
3.310000e-06	-3.216202e-06	-4.578138e-09	-2.354506e+01	-2.989853e+02
