# Temperatura_=_20.0
# Concentracion g/m^3_=_6200.0
# C_Vs_to_Am_M_A/Vsm_=_65563218390.804596
# pendiente_HvsI_1/m_=_3716.3
# ordenada_HvsI_A/m_=_1297.0
# frecuencia_Hz_=_302600.4935492891

Tiempo_(s)	Campo_(V.s)	Magnetizacion_(V.s)	Campo_(kA/m)	Magnetizacion_(A/m)
0.000000e+00	-7.968161e-06	-5.104396e-09	-5.756374e+01	-3.343788e+02
1.000000e-08	-7.965563e-06	-5.108809e-09	-5.754497e+01	-3.342922e+02
2.000000e-08	-7.960299e-06	-5.108698e-09	-5.750694e+01	-3.342118e+02
3.000000e-08	-7.952440e-06	-5.106587e-09	-5.745017e+01	-3.341507e+02
4.000000e-08	-7.941807e-06	-5.103873e-09	-5.737335e+01	-3.340970e+02
5.000000e-08	-7.928204e-06	-5.100335e-09	-5.727508e+01	-3.340230e+02
6.000000e-08	-7.911691e-06	-5.095693e-09	-5.715579e+01	-3.339035e+02
7.000000e-08	-7.892773e-06	-5.088603e-09	-5.701912e+01	-3.337321e+02
8.000000e-08	-7.871693e-06	-5.083076e-09	-5.686684e+01	-3.335256e+02
9.000000e-08	-7.847983e-06	-5.113323e-09	-5.669555e+01	-3.333135e+02
1.000000e-07	-7.821145e-06	-5.112859e-09	-5.650167e+01	-3.331198e+02
1.100000e-07	-7.791200e-06	-5.077585e-09	-5.628534e+01	-3.329460e+02
1.200000e-07	-7.758361e-06	-5.068402e-09	-5.604810e+01	-3.327675e+02
1.300000e-07	-7.722737e-06	-5.069922e-09	-5.579075e+01	-3.325435e+02
1.400000e-07	-7.684589e-06	-5.070210e-09	-5.551515e+01	-3.322366e+02
1.500000e-07	-7.644146e-06	-5.048749e-09	-5.522299e+01	-3.318317e+02
1.600000e-07	-7.601378e-06	-5.048230e-09	-5.491402e+01	-3.313431e+02
1.700000e-07	-7.556096e-06	-5.058758e-09	-5.458689e+01	-3.308068e+02
1.800000e-07	-7.508169e-06	-5.018174e-09	-5.424066e+01	-3.302630e+02
1.900000e-07	-7.457400e-06	-5.048837e-09	-5.387389e+01	-3.297380e+02
2.000000e-07	-7.403667e-06	-5.044315e-09	-5.348572e+01	-3.292361e+02
2.100000e-07	-7.347147e-06	-5.002537e-09	-5.307740e+01	-3.287432e+02
2.200000e-07	-7.287989e-06	-5.008116e-09	-5.265003e+01	-3.282408e+02
2.300000e-07	-7.226213e-06	-4.977789e-09	-5.220374e+01	-3.277188e+02
2.400000e-07	-7.161774e-06	-4.989944e-09	-5.173823e+01	-3.271801e+02
2.500000e-07	-7.094578e-06	-4.991168e-09	-5.125279e+01	-3.266336e+02
2.600000e-07	-7.024681e-06	-4.988749e-09	-5.074784e+01	-3.260810e+02
2.700000e-07	-6.952020e-06	-4.960014e-09	-5.022292e+01	-3.255071e+02
2.800000e-07	-6.876450e-06	-4.928089e-09	-4.967699e+01	-3.248821e+02
2.900000e-07	-6.798061e-06	-4.925727e-09	-4.911068e+01	-3.241764e+02
3.000000e-07	-6.717060e-06	-4.919977e-09	-4.852551e+01	-3.233809e+02
3.100000e-07	-6.633732e-06	-4.932748e-09	-4.792353e+01	-3.225198e+02
3.200000e-07	-6.548168e-06	-4.918671e-09	-4.730540e+01	-3.216461e+02
3.300000e-07	-6.460230e-06	-4.898641e-09	-4.667012e+01	-3.208181e+02
3.400000e-07	-6.369869e-06	-4.885650e-09	-4.601733e+01	-3.200672e+02
3.500000e-07	-6.277203e-06	-4.871849e-09	-4.534789e+01	-3.193741e+02
3.600000e-07	-6.182272e-06	-4.857672e-09	-4.466209e+01	-3.186682e+02
3.700000e-07	-6.085048e-06	-4.836771e-09	-4.395972e+01	-3.178544e+02
3.800000e-07	-5.985624e-06	-4.822808e-09	-4.324146e+01	-3.168570e+02
3.900000e-07	-5.884109e-06	-4.804085e-09	-4.250809e+01	-3.156602e+02
4.000000e-07	-5.780462e-06	-4.776200e-09	-4.175933e+01	-3.143224e+02
4.100000e-07	-5.674759e-06	-4.753500e-09	-4.099570e+01	-3.129551e+02
4.200000e-07	-5.567080e-06	-4.749244e-09	-4.021781e+01	-3.116733e+02
4.300000e-07	-5.457454e-06	-4.735900e-09	-3.942584e+01	-3.105395e+02
4.400000e-07	-5.345848e-06	-4.708310e-09	-3.861958e+01	-3.095302e+02
4.500000e-07	-5.232139e-06	-4.692604e-09	-3.779812e+01	-3.085420e+02
4.600000e-07	-5.116335e-06	-4.684605e-09	-3.696152e+01	-3.074375e+02
4.700000e-07	-4.998619e-06	-4.657891e-09	-3.611112e+01	-3.061098e+02
4.800000e-07	-4.879112e-06	-4.624359e-09	-3.524778e+01	-3.045342e+02
4.900000e-07	-4.757800e-06	-4.608250e-09	-3.437139e+01	-3.027807e+02
5.000000e-07	-4.634795e-06	-4.589556e-09	-3.348277e+01	-3.009805e+02
5.100000e-07	-4.510142e-06	-4.555553e-09	-3.258226e+01	-2.992608e+02
5.200000e-07	-4.383880e-06	-4.526220e-09	-3.167011e+01	-2.976809e+02
5.300000e-07	-4.255991e-06	-4.510544e-09	-3.074621e+01	-2.962006e+02
5.400000e-07	-4.126505e-06	-4.485868e-09	-2.981078e+01	-2.946992e+02
5.500000e-07	-3.995487e-06	-4.449341e-09	-2.886427e+01	-2.930331e+02
5.600000e-07	-3.862924e-06	-4.421088e-09	-2.790661e+01	-2.911062e+02
5.700000e-07	-3.728860e-06	-4.394447e-09	-2.693811e+01	-2.889154e+02
5.800000e-07	-3.593353e-06	-4.356054e-09	-2.595917e+01	-2.865487e+02
5.900000e-07	-3.456481e-06	-4.318003e-09	-2.497038e+01	-2.841359e+02
6.000000e-07	-3.318260e-06	-4.285259e-09	-2.397184e+01	-2.817788e+02
6.100000e-07	-3.178666e-06	-4.246858e-09	-2.296338e+01	-2.794953e+02
6.200000e-07	-3.037674e-06	-4.201973e-09	-2.194483e+01	-2.772086e+02
6.300000e-07	-2.895393e-06	-4.164041e-09	-2.091696e+01	-2.747856e+02
6.400000e-07	-2.751982e-06	-4.129470e-09	-1.988092e+01	-2.721056e+02
6.500000e-07	-2.607564e-06	-4.081219e-09	-1.883761e+01	-2.691218e+02
6.600000e-07	-2.462250e-06	-4.028253e-09	-1.778783e+01	-2.658830e+02
6.700000e-07	-2.316046e-06	-3.980016e-09	-1.673162e+01	-2.625026e+02
6.800000e-07	-2.169042e-06	-3.930414e-09	-1.566963e+01	-2.590908e+02
6.900000e-07	-2.021408e-06	-3.878306e-09	-1.460309e+01	-2.556877e+02
7.000000e-07	-1.873120e-06	-3.826685e-09	-1.353183e+01	-2.522316e+02
7.100000e-07	-1.724213e-06	-3.771332e-09	-1.245609e+01	-2.485836e+02
7.200000e-07	-1.574856e-06	-3.707394e-09	-1.137711e+01	-2.445947e+02
7.300000e-07	-1.425070e-06	-3.638339e-09	-1.029502e+01	-2.401789e+02
7.400000e-07	-1.274775e-06	-3.567024e-09	-9.209252e+00	-2.353515e+02
7.500000e-07	-1.123948e-06	-3.490541e-09	-8.119646e+00	-2.302067e+02
7.600000e-07	-9.726116e-07	-3.406808e-09	-7.026359e+00	-2.248438e+02
7.700000e-07	-8.208692e-07	-3.318564e-09	-5.930139e+00	-2.192796e+02
7.800000e-07	-6.688624e-07	-3.225205e-09	-4.832008e+00	-2.133963e+02
7.900000e-07	-5.166761e-07	-3.125207e-09	-3.732581e+00	-2.069573e+02
8.000000e-07	-3.643652e-07	-3.015690e-09	-2.632254e+00	-1.996880e+02
8.100000e-07	-2.119554e-07	-2.894290e-09	-1.531212e+00	-1.913789e+02
8.200000e-07	-5.943113e-08	-2.757611e-09	-4.293435e-01	-1.819500e+02
8.300000e-07	9.313845e-08	-2.601769e-09	6.728525e-01	-1.714279e+02
8.400000e-07	2.456952e-07	-2.426033e-09	1.774956e+00	-1.598304e+02
8.500000e-07	3.982337e-07	-2.224962e-09	2.876927e+00	-1.470039e+02
8.600000e-07	5.506807e-07	-1.993834e-09	3.978238e+00	-1.325010e+02
8.700000e-07	7.029960e-07	-1.725897e-09	5.078597e+00	-1.155787e+02
8.800000e-07	8.551464e-07	-1.413448e-09	6.177765e+00	-9.536139e+01
8.900000e-07	1.007053e-06	-1.051161e-09	7.275168e+00	-7.113730e+01
9.000000e-07	1.158624e-06	-6.317606e-10	8.370151e+00	-4.269302e+01
9.100000e-07	1.309770e-06	-1.498826e-10	9.462066e+00	-1.055579e+01
9.200000e-07	1.460369e-06	3.824999e-10	1.055002e+01	2.396596e+01
9.300000e-07	1.610330e-06	9.294114e-10	1.163337e+01	5.898566e+01
9.400000e-07	1.759667e-06	1.446237e-09	1.271222e+01	9.243598e+01
9.500000e-07	1.908448e-06	1.897383e-09	1.378705e+01	1.225357e+02
9.600000e-07	2.056581e-06	2.270590e-09	1.485719e+01	1.481726e+02
9.700000e-07	2.203936e-06	2.573738e-09	1.592171e+01	1.690784e+02
9.800000e-07	2.350402e-06	2.823896e-09	1.697982e+01	1.857517e+02
9.900000e-07	2.495947e-06	3.035831e-09	1.803127e+01	1.991749e+02
1.000000e-06	2.640670e-06	3.217949e-09	1.907678e+01	2.104419e+02
1.010000e-06	2.784493e-06	3.376345e-09	2.011579e+01	2.204344e+02
1.020000e-06	2.927204e-06	3.514335e-09	2.114677e+01	2.296486e+02
1.030000e-06	3.068741e-06	3.636697e-09	2.216926e+01	2.382035e+02
1.040000e-06	3.209011e-06	3.747483e-09	2.318260e+01	2.459894e+02
1.050000e-06	3.347958e-06	3.847447e-09	2.418638e+01	2.528644e+02
1.060000e-06	3.485578e-06	3.938526e-09	2.518058e+01	2.588065e+02
1.070000e-06	3.621826e-06	4.021292e-09	2.616486e+01	2.639621e+02
1.080000e-06	3.756762e-06	4.096991e-09	2.713967e+01	2.685917e+02
1.090000e-06	3.890379e-06	4.167494e-09	2.810495e+01	2.729572e+02
1.100000e-06	4.022605e-06	4.231445e-09	2.906018e+01	2.772186e+02
1.110000e-06	4.153373e-06	4.288129e-09	3.000487e+01	2.813899e+02
1.120000e-06	4.282646e-06	4.342961e-09	3.093877e+01	2.853700e+02
1.130000e-06	4.410447e-06	4.395044e-09	3.186204e+01	2.890237e+02
1.140000e-06	4.536758e-06	4.441059e-09	3.277453e+01	2.922669e+02
1.150000e-06	4.661556e-06	4.483869e-09	3.367610e+01	2.951123e+02
1.160000e-06	4.784754e-06	4.525123e-09	3.456611e+01	2.976585e+02
1.170000e-06	4.906247e-06	4.563536e-09	3.544381e+01	3.000358e+02
1.180000e-06	5.026002e-06	4.597483e-09	3.630894e+01	3.023411e+02
1.190000e-06	5.143918e-06	4.628183e-09	3.716079e+01	3.045991e+02
1.200000e-06	5.259860e-06	4.655593e-09	3.799838e+01	3.067662e+02
1.210000e-06	5.373740e-06	4.681004e-09	3.882108e+01	3.087715e+02
1.220000e-06	5.485572e-06	4.707586e-09	3.962897e+01	3.105676e+02
1.230000e-06	5.595406e-06	4.735041e-09	4.042244e+01	3.121634e+02
1.240000e-06	5.703244e-06	4.760197e-09	4.120148e+01	3.136206e+02
1.250000e-06	5.809022e-06	4.781716e-09	4.196565e+01	3.150196e+02
1.260000e-06	5.912662e-06	4.801598e-09	4.271436e+01	3.164148e+02
1.270000e-06	6.014181e-06	4.821456e-09	4.344776e+01	3.178059e+02
1.280000e-06	6.113488e-06	4.840246e-09	4.416518e+01	3.191417e+02
1.290000e-06	6.210464e-06	4.857811e-09	4.486575e+01	3.203521e+02
1.300000e-06	6.305135e-06	4.873459e-09	4.554968e+01	3.213921e+02
1.310000e-06	6.397547e-06	4.888004e-09	4.621728e+01	3.222711e+02
1.320000e-06	6.487667e-06	4.901261e-09	4.686833e+01	3.230523e+02
1.330000e-06	6.575436e-06	4.915239e-09	4.750239e+01	3.238226e+02
1.340000e-06	6.660918e-06	4.930628e-09	4.811993e+01	3.246486e+02
1.350000e-06	6.744136e-06	4.943221e-09	4.872112e+01	3.255432e+02
1.360000e-06	6.824936e-06	4.955400e-09	4.930484e+01	3.264609e+02
1.370000e-06	6.903223e-06	4.967809e-09	4.987040e+01	3.273231e+02
1.380000e-06	6.978928e-06	4.979756e-09	5.041731e+01	3.280600e+02
1.390000e-06	7.051967e-06	4.991230e-09	5.094496e+01	3.286479e+02
1.400000e-06	7.122425e-06	5.001539e-09	5.145396e+01	3.291204e+02
1.410000e-06	7.190350e-06	5.010542e-09	5.194466e+01	3.295501e+02
1.420000e-06	7.255692e-06	5.018551e-09	5.241671e+01	3.300098e+02
1.430000e-06	7.318478e-06	5.027531e-09	5.287029e+01	3.305350e+02
1.440000e-06	7.378779e-06	5.036177e-09	5.330592e+01	3.311064e+02
1.450000e-06	7.436519e-06	5.042996e-09	5.372305e+01	3.316626e+02
1.460000e-06	7.491600e-06	5.048752e-09	5.412096e+01	3.321338e+02
1.470000e-06	7.543775e-06	5.055267e-09	5.449788e+01	3.324797e+02
1.480000e-06	7.592868e-06	5.061572e-09	5.485254e+01	3.327113e+02
1.490000e-06	7.639113e-06	5.067385e-09	5.518663e+01	3.328852e+02
1.500000e-06	7.682697e-06	5.073090e-09	5.550149e+01	3.330746e+02
1.510000e-06	7.723498e-06	5.078863e-09	5.579625e+01	3.333323e+02
1.520000e-06	7.761541e-06	5.084497e-09	5.607107e+01	3.336655e+02
1.530000e-06	7.796901e-06	5.088417e-09	5.632652e+01	3.340343e+02
1.540000e-06	7.829456e-06	5.091770e-09	5.656170e+01	3.343741e+02
1.550000e-06	7.859273e-06	5.095822e-09	5.677711e+01	3.346295e+02
1.560000e-06	7.886345e-06	5.101548e-09	5.697268e+01	3.347813e+02
1.570000e-06	7.910484e-06	5.107648e-09	5.714707e+01	3.348534e+02
1.580000e-06	7.931800e-06	5.111135e-09	5.730107e+01	3.348977e+02
1.590000e-06	7.950393e-06	5.111460e-09	5.743538e+01	3.349648e+02
1.600000e-06	7.966044e-06	5.111284e-09	5.754845e+01	3.350785e+02
1.610000e-06	7.978592e-06	5.112123e-09	5.763910e+01	3.352259e+02
1.620000e-06	7.987972e-06	5.113574e-09	5.770686e+01	3.353670e+02
1.630000e-06	7.994352e-06	5.115987e-09	5.775296e+01	3.354585e+02
1.640000e-06	7.997968e-06	5.119666e-09	5.777908e+01	3.354767e+02
1.650000e-06	7.998755e-06	5.122006e-09	5.778476e+01	3.354287e+02
1.660000e-06	7.996821e-06	5.116739e-09	5.777079e+01	3.353451e+02
1.670000e-06	7.992287e-06	5.113570e-09	5.773803e+01	3.352606e+02
1.680000e-06	7.985026e-06	5.112705e-09	5.768558e+01	3.351947e+02
1.690000e-06	7.975080e-06	5.112189e-09	5.761373e+01	3.351412e+02
1.700000e-06	7.962299e-06	5.112871e-09	5.752139e+01	3.350748e+02
1.710000e-06	7.946693e-06	5.114943e-09	5.740865e+01	3.349680e+02
1.720000e-06	7.928688e-06	5.121786e-09	5.727858e+01	3.348086e+02
1.730000e-06	7.908443e-06	5.108576e-09	5.713232e+01	3.346081e+02
1.740000e-06	7.885485e-06	5.069410e-09	5.696647e+01	3.343944e+02
1.750000e-06	7.859086e-06	5.089406e-09	5.677576e+01	3.341946e+02
1.760000e-06	7.829056e-06	5.105379e-09	5.655882e+01	3.340169e+02
1.770000e-06	7.795958e-06	5.092017e-09	5.631971e+01	3.338429e+02
1.780000e-06	7.760444e-06	5.088138e-09	5.606315e+01	3.336340e+02
1.790000e-06	7.722556e-06	5.121739e-09	5.578944e+01	3.333501e+02
1.800000e-06	7.682491e-06	5.088743e-09	5.550000e+01	3.329693e+02
1.810000e-06	7.640478e-06	5.044976e-09	5.519648e+01	3.324987e+02
1.820000e-06	7.596026e-06	5.102482e-09	5.487536e+01	3.319701e+02
1.830000e-06	7.548855e-06	5.036309e-09	5.453458e+01	3.314246e+02
1.840000e-06	7.498842e-06	5.050100e-09	5.417328e+01	3.308935e+02
1.850000e-06	7.445736e-06	5.054080e-09	5.378963e+01	3.303863e+02
1.860000e-06	7.389789e-06	5.014402e-09	5.338545e+01	3.298928e+02
1.870000e-06	7.331184e-06	5.051447e-09	5.296208e+01	3.293939e+02
1.880000e-06	7.269935e-06	4.994970e-09	5.251961e+01	3.288768e+02
1.890000e-06	7.205969e-06	5.008574e-09	5.205750e+01	3.283413e+02
1.900000e-06	7.139175e-06	4.985998e-09	5.157496e+01	3.277959e+02
1.910000e-06	7.069627e-06	4.974846e-09	5.107254e+01	3.272452e+02
1.920000e-06	6.997311e-06	5.007803e-09	5.055011e+01	3.266788e+02
1.930000e-06	6.922293e-06	4.984672e-09	5.000816e+01	3.260694e+02
1.940000e-06	6.844514e-06	5.001245e-09	4.944627e+01	3.253857e+02
1.950000e-06	6.764082e-06	4.943093e-09	4.886521e+01	3.246115e+02
1.960000e-06	6.681205e-06	4.918587e-09	4.826649e+01	3.237625e+02
1.970000e-06	6.595778e-06	4.908256e-09	4.764935e+01	3.228859e+02
1.980000e-06	6.507877e-06	4.894599e-09	4.701433e+01	3.220417e+02
1.990000e-06	6.417711e-06	4.909999e-09	4.636295e+01	3.212708e+02
2.000000e-06	6.325383e-06	4.894372e-09	4.569595e+01	3.205680e+02
2.010000e-06	6.230754e-06	4.896679e-09	4.501234e+01	3.198737e+02
2.020000e-06	6.133795e-06	4.858731e-09	4.431188e+01	3.190953e+02
2.030000e-06	6.034652e-06	4.837421e-09	4.359565e+01	3.181479e+02
2.040000e-06	5.933361e-06	4.836267e-09	4.286390e+01	3.169981e+02
2.050000e-06	5.829923e-06	4.837695e-09	4.211664e+01	3.156862e+02
2.060000e-06	5.724493e-06	4.809251e-09	4.135499e+01	3.143144e+02
2.070000e-06	5.617198e-06	4.776068e-09	4.057987e+01	3.130022e+02
2.080000e-06	5.507925e-06	4.770205e-09	3.979046e+01	3.118298e+02
2.090000e-06	5.396639e-06	4.748307e-09	3.898651e+01	3.107962e+02
2.100000e-06	5.283328e-06	4.720670e-09	3.816792e+01	3.098152e+02
2.110000e-06	5.167991e-06	4.707108e-09	3.733470e+01	3.087518e+02
2.120000e-06	5.050649e-06	4.706424e-09	3.648700e+01	3.074858e+02
2.130000e-06	4.931332e-06	4.672783e-09	3.562502e+01	3.059688e+02
2.140000e-06	4.810214e-06	4.640337e-09	3.475004e+01	3.042487e+02
2.150000e-06	4.687405e-06	4.624621e-09	3.386284e+01	3.024466e+02
2.160000e-06	4.562840e-06	4.606517e-09	3.296295e+01	3.006975e+02
2.170000e-06	4.436563e-06	4.567796e-09	3.205070e+01	2.990822e+02
2.180000e-06	4.308732e-06	4.540643e-09	3.112722e+01	2.975857e+02
2.190000e-06	4.179345e-06	4.529339e-09	3.019251e+01	2.961032e+02
2.200000e-06	4.048461e-06	4.505121e-09	2.924697e+01	2.944899e+02
2.210000e-06	3.916090e-06	4.470268e-09	2.829070e+01	2.926323e+02
2.220000e-06	3.782198e-06	4.439770e-09	2.732343e+01	2.905021e+02
2.230000e-06	3.646838e-06	4.411403e-09	2.634556e+01	2.881674e+02
2.240000e-06	3.510066e-06	4.369052e-09	2.535748e+01	2.857541e+02
2.250000e-06	3.371953e-06	4.334936e-09	2.435973e+01	2.833772e+02
2.260000e-06	3.232524e-06	4.309631e-09	2.335246e+01	2.810789e+02
2.270000e-06	3.091788e-06	4.274576e-09	2.233576e+01	2.788041e+02
2.280000e-06	2.949824e-06	4.226932e-09	2.131018e+01	2.764280e+02
2.290000e-06	2.806800e-06	4.185540e-09	2.027694e+01	2.738200e+02
2.300000e-06	2.662715e-06	4.147575e-09	1.923604e+01	2.709110e+02
2.310000e-06	2.517655e-06	4.102993e-09	1.818809e+01	2.677267e+02
2.320000e-06	2.371857e-06	4.055825e-09	1.713481e+01	2.643696e+02
2.330000e-06	2.225324e-06	4.008029e-09	1.607623e+01	2.609581e+02
2.340000e-06	2.077964e-06	3.952634e-09	1.501167e+01	2.575544e+02
2.350000e-06	1.929807e-06	3.890414e-09	1.394135e+01	2.541222e+02
2.360000e-06	1.780992e-06	3.831019e-09	1.286628e+01	2.505369e+02
2.370000e-06	1.631684e-06	3.771833e-09	1.178764e+01	2.466445e+02
2.380000e-06	1.481927e-06	3.708604e-09	1.070576e+01	2.423378e+02
2.390000e-06	1.331651e-06	3.643246e-09	9.620142e+00	2.376064e+02
2.400000e-06	1.180909e-06	3.575627e-09	8.531144e+00	2.325300e+02
2.410000e-06	1.029780e-06	3.498978e-09	7.439357e+00	2.272153e+02
2.420000e-06	8.783191e-07	3.409875e-09	6.345170e+00	2.217067e+02
2.430000e-06	7.265787e-07	3.314393e-09	5.248964e+00	2.159215e+02
2.440000e-06	5.745956e-07	3.215727e-09	4.151005e+00	2.096472e+02
2.450000e-06	4.224005e-07	3.105991e-09	3.051514e+00	2.026091e+02
2.460000e-06	2.700533e-07	2.981798e-09	1.950924e+00	1.945726e+02
2.470000e-06	1.175595e-07	2.845954e-09	8.492759e-01	1.854237e+02
2.480000e-06	-3.504664e-08	2.696125e-09	-2.531846e-01	1.751700e+02
2.490000e-06	-1.876793e-07	2.526737e-09	-1.355837e+00	1.638461e+02
2.500000e-06	-3.402535e-07	2.333614e-09	-2.458066e+00	1.513559e+02
2.510000e-06	-4.926937e-07	2.113546e-09	-3.559327e+00	1.373315e+02
2.520000e-06	-6.449619e-07	1.859725e-09	-4.659346e+00	1.210950e+02
2.530000e-06	-7.970262e-07	1.562409e-09	-5.757892e+00	1.017802e+02
2.540000e-06	-9.488411e-07	1.214711e-09	-6.854636e+00	7.860238e+01
2.550000e-06	-1.100301e-06	8.121902e-10	-7.948818e+00	5.119494e+01
2.560000e-06	-1.251375e-06	3.466913e-10	-9.040205e+00	1.988695e+01
2.570000e-06	-1.401976e-06	-1.788200e-10	-1.012818e+01	-1.419882e+01
2.580000e-06	-1.551968e-06	-7.345846e-10	-1.121176e+01	-4.928900e+01
2.590000e-06	-1.701391e-06	-1.273073e-09	-1.229122e+01	-8.331778e+01
2.600000e-06	-1.850291e-06	-1.753640e-09	-1.336691e+01	-1.143907e+02
2.610000e-06	-1.998552e-06	-2.157172e-09	-1.443798e+01	-1.412023e+02
2.620000e-06	-2.146058e-06	-2.483918e-09	-1.550359e+01	-1.632707e+02
2.630000e-06	-2.292747e-06	-2.747865e-09	-1.656331e+01	-1.809230e+02
2.640000e-06	-2.438527e-06	-2.968152e-09	-1.761646e+01	-1.950544e+02
2.650000e-06	-2.583396e-06	-3.158046e-09	-1.866302e+01	-2.067653e+02
2.660000e-06	-2.727313e-06	-3.323551e-09	-1.970271e+01	-2.170139e+02
2.670000e-06	-2.870136e-06	-3.470690e-09	-2.073449e+01	-2.263987e+02
2.680000e-06	-3.011747e-06	-3.603264e-09	-2.175752e+01	-2.351234e+02
2.690000e-06	-3.152134e-06	-3.719424e-09	-2.277171e+01	-2.431170e+02
2.700000e-06	-3.291247e-06	-3.820620e-09	-2.377669e+01	-2.502285e+02
2.710000e-06	-3.429044e-06	-3.912399e-09	-2.477216e+01	-2.563967e+02
2.720000e-06	-3.565617e-06	-3.997672e-09	-2.575880e+01	-2.617275e+02
2.730000e-06	-3.700871e-06	-4.074201e-09	-2.673590e+01	-2.664622e+02
2.740000e-06	-3.834749e-06	-4.144957e-09	-2.770307e+01	-2.708736e+02
2.750000e-06	-3.967311e-06	-4.213963e-09	-2.866073e+01	-2.751543e+02
2.760000e-06	-4.098478e-06	-4.279503e-09	-2.960831e+01	-2.793545e+02
2.770000e-06	-4.228234e-06	-4.339163e-09	-3.054569e+01	-2.833955e+02
2.780000e-06	-4.356595e-06	-4.391850e-09	-3.147300e+01	-2.871422e+02
2.790000e-06	-4.483426e-06	-4.442191e-09	-3.238925e+01	-2.904911e+02
2.800000e-06	-4.608715e-06	-4.489896e-09	-3.329437e+01	-2.934295e+02
2.810000e-06	-4.732415e-06	-4.534737e-09	-3.418801e+01	-2.960386e+02
2.820000e-06	-4.854406e-06	-4.578029e-09	-3.506929e+01	-2.984471e+02
2.830000e-06	-4.974622e-06	-4.617077e-09	-3.593776e+01	-3.007652e+02
2.840000e-06	-5.092897e-06	-4.649338e-09	-3.679220e+01	-3.030371e+02
2.850000e-06	-5.209146e-06	-4.680705e-09	-3.763201e+01	-3.052337e+02
2.860000e-06	-5.323275e-06	-4.713969e-09	-3.845650e+01	-3.072858e+02
2.870000e-06	-5.435217e-06	-4.743194e-09	-3.926520e+01	-3.091361e+02
2.880000e-06	-5.545113e-06	-4.769430e-09	-4.005911e+01	-3.107780e+02
2.890000e-06	-5.653114e-06	-4.794517e-09	-4.083933e+01	-3.122625e+02
2.900000e-06	-5.759227e-06	-4.818614e-09	-4.160592e+01	-3.136695e+02
2.910000e-06	-5.863259e-06	-4.840634e-09	-4.235747e+01	-3.150635e+02
2.920000e-06	-5.965075e-06	-4.859843e-09	-4.309301e+01	-3.164591e+02
2.930000e-06	-6.064719e-06	-4.878927e-09	-4.381286e+01	-3.178155e+02
2.940000e-06	-6.162232e-06	-4.896229e-09	-4.451731e+01	-3.190634e+02
2.950000e-06	-6.257510e-06	-4.911888e-09	-4.520562e+01	-3.201477e+02
2.960000e-06	-6.350431e-06	-4.926000e-09	-4.587691e+01	-3.210630e+02
2.970000e-06	-6.441070e-06	-4.938644e-09	-4.653170e+01	-3.218610e+02
2.980000e-06	-6.529420e-06	-4.952038e-09	-4.716996e+01	-3.226265e+02
2.990000e-06	-6.615349e-06	-4.965362e-09	-4.779073e+01	-3.234351e+02
3.000000e-06	-6.698895e-06	-4.977452e-09	-4.839428e+01	-3.243150e+02
3.010000e-06	-6.780149e-06	-4.987343e-09	-4.898129e+01	-3.252339e+02
3.020000e-06	-6.858856e-06	-4.996765e-09	-4.954988e+01	-3.261178e+02
3.030000e-06	-6.934829e-06	-5.006838e-09	-5.009872e+01	-3.268908e+02
3.040000e-06	-7.008228e-06	-5.015075e-09	-5.062898e+01	-3.275151e+02
3.050000e-06	-7.079108e-06	-5.022751e-09	-5.114103e+01	-3.280109e+02
3.060000e-06	-7.147392e-06	-5.032117e-09	-5.163433e+01	-3.284440e+02
3.070000e-06	-7.213192e-06	-5.040464e-09	-5.210968e+01	-3.288911e+02
3.080000e-06	-7.276485e-06	-5.047899e-09	-5.256692e+01	-3.293998e+02
3.090000e-06	-7.337130e-06	-5.055709e-09	-5.300504e+01	-3.299645e+02
3.100000e-06	-7.395210e-06	-5.062319e-09	-5.342462e+01	-3.305317e+02
3.110000e-06	-7.450586e-06	-5.065499e-09	-5.382466e+01	-3.310298e+02
3.120000e-06	-7.503018e-06	-5.067438e-09	-5.420345e+01	-3.314083e+02
3.130000e-06	-7.552377e-06	-5.071922e-09	-5.456003e+01	-3.316649e+02
3.140000e-06	-7.598865e-06	-5.076059e-09	-5.489587e+01	-3.318466e+02
3.150000e-06	-7.642888e-06	-5.078395e-09	-5.521390e+01	-3.320260e+02
3.160000e-06	-7.684464e-06	-5.082255e-09	-5.551425e+01	-3.322641e+02
3.170000e-06	-7.723340e-06	-5.087197e-09	-5.579510e+01	-3.325808e+02
3.180000e-06	-7.759407e-06	-5.091208e-09	-5.605566e+01	-3.329466e+02
3.190000e-06	-7.792710e-06	-5.093264e-09	-5.629624e+01	-3.333000e+02
3.200000e-06	-7.823141e-06	-5.096028e-09	-5.651609e+01	-3.335803e+02
3.210000e-06	-7.850716e-06	-5.098318e-09	-5.671529e+01	-3.337575e+02
3.220000e-06	-7.875486e-06	-5.099515e-09	-5.689424e+01	-3.338456e+02
3.230000e-06	-7.897363e-06	-5.099893e-09	-5.705228e+01	-3.338918e+02
3.240000e-06	-7.916440e-06	-5.100807e-09	-5.719010e+01	-3.339497e+02
3.250000e-06	-7.932624e-06	-5.102890e-09	-5.730702e+01	-3.340519e+02
3.260000e-06	-7.945642e-06	-5.102911e-09	-5.740106e+01	-3.341941e+02
3.270000e-06	-7.955643e-06	-5.102669e-09	-5.747331e+01	-3.343414e+02
3.280000e-06	-7.962796e-06	-5.103728e-09	-5.752498e+01	-3.344488e+02
3.290000e-06	-7.967126e-06	-5.104655e-09	-5.755627e+01	-3.344861e+02
3.300000e-06	-7.968686e-06	-5.103422e-09	-5.756753e+01	-3.344527e+02
