# Temperatura_=_20.0
# Concentracion g/m^3_=_6200.0
# C_Vs_to_Am_M_A/Vsm_=_65563218390.804596
# pendiente_HvsI_1/m_=_3716.3
# ordenada_HvsI_A/m_=_1297.0
# frecuencia_Hz_=_302599.4508847403

Tiempo_(s)	Campo_(V.s)	Magnetizacion_(V.s)	Campo_(kA/m)	Magnetizacion_(A/m)
0.000000e+00	-7.968050e-06	-5.377720e-09	-5.755640e+01	-3.522974e+02
1.000000e-08	-7.965465e-06	-5.380803e-09	-5.753772e+01	-3.522553e+02
2.000000e-08	-7.960215e-06	-5.380665e-09	-5.749980e+01	-3.522362e+02
3.000000e-08	-7.952423e-06	-5.379193e-09	-5.744352e+01	-3.522030e+02
4.000000e-08	-7.941879e-06	-5.376901e-09	-5.736736e+01	-3.521078e+02
5.000000e-08	-7.928485e-06	-5.371155e-09	-5.727060e+01	-3.519223e+02
6.000000e-08	-7.912211e-06	-5.363310e-09	-5.715305e+01	-3.516573e+02
7.000000e-08	-7.893366e-06	-5.356798e-09	-5.701693e+01	-3.513617e+02
8.000000e-08	-7.872237e-06	-5.351015e-09	-5.686430e+01	-3.510970e+02
9.000000e-08	-7.848509e-06	-5.368036e-09	-5.669291e+01	-3.509030e+02
1.000000e-07	-7.821732e-06	-5.382843e-09	-5.649949e+01	-3.507724e+02
1.100000e-07	-7.791860e-06	-5.357544e-09	-5.628371e+01	-3.506513e+02
1.200000e-07	-7.759070e-06	-5.339608e-09	-5.604685e+01	-3.504662e+02
1.300000e-07	-7.723522e-06	-5.333609e-09	-5.579008e+01	-3.501644e+02
1.400000e-07	-7.685443e-06	-5.330082e-09	-5.551502e+01	-3.497462e+02
1.500000e-07	-7.645044e-06	-5.317103e-09	-5.522320e+01	-3.492693e+02
1.600000e-07	-7.602338e-06	-5.297792e-09	-5.491471e+01	-3.488207e+02
1.700000e-07	-7.557075e-06	-5.331541e-09	-5.458776e+01	-3.484698e+02
1.800000e-07	-7.509116e-06	-5.320740e-09	-5.424133e+01	-3.482265e+02
1.900000e-07	-7.458301e-06	-5.313635e-09	-5.387428e+01	-3.480286e+02
2.000000e-07	-7.404536e-06	-5.327852e-09	-5.348591e+01	-3.477671e+02
2.100000e-07	-7.347978e-06	-5.267835e-09	-5.307738e+01	-3.473395e+02
2.200000e-07	-7.288768e-06	-5.243900e-09	-5.264968e+01	-3.467040e+02
2.300000e-07	-7.226941e-06	-5.229171e-09	-5.220307e+01	-3.459059e+02
2.400000e-07	-7.162504e-06	-5.232593e-09	-5.173762e+01	-3.450608e+02
2.500000e-07	-7.095343e-06	-5.247388e-09	-5.125249e+01	-3.443004e+02
2.600000e-07	-7.025474e-06	-5.242386e-09	-5.074780e+01	-3.437075e+02
2.700000e-07	-6.952863e-06	-5.237876e-09	-5.022330e+01	-3.432717e+02
2.800000e-07	-6.877407e-06	-5.208898e-09	-4.967825e+01	-3.428910e+02
2.900000e-07	-6.799241e-06	-5.195325e-09	-4.911362e+01	-3.424192e+02
3.000000e-07	-6.718394e-06	-5.186296e-09	-4.852963e+01	-3.417362e+02
3.100000e-07	-6.635026e-06	-5.187423e-09	-4.792744e+01	-3.408075e+02
3.200000e-07	-6.549388e-06	-5.179479e-09	-4.730884e+01	-3.397008e+02
3.300000e-07	-6.461439e-06	-5.145760e-09	-4.667355e+01	-3.385528e+02
3.400000e-07	-6.371092e-06	-5.134906e-09	-4.602094e+01	-3.375012e+02
3.500000e-07	-6.278459e-06	-5.124174e-09	-4.535181e+01	-3.366157e+02
3.600000e-07	-6.183583e-06	-5.108984e-09	-4.466648e+01	-3.358638e+02
3.700000e-07	-6.086373e-06	-5.085607e-09	-4.396429e+01	-3.351282e+02
3.800000e-07	-5.986892e-06	-5.071255e-09	-4.324571e+01	-3.342656e+02
3.900000e-07	-5.885326e-06	-5.059643e-09	-4.251205e+01	-3.331788e+02
4.000000e-07	-5.781740e-06	-5.032948e-09	-4.176381e+01	-3.318633e+02
4.100000e-07	-5.676111e-06	-5.012155e-09	-4.100081e+01	-3.304066e+02
4.200000e-07	-5.568445e-06	-4.998288e-09	-4.022310e+01	-3.289402e+02
4.300000e-07	-5.458805e-06	-4.982430e-09	-3.943112e+01	-3.275714e+02
4.400000e-07	-5.347222e-06	-4.950335e-09	-3.862512e+01	-3.263283e+02
4.500000e-07	-5.233604e-06	-4.929844e-09	-3.780440e+01	-3.251485e+02
4.600000e-07	-5.117871e-06	-4.919406e-09	-3.696842e+01	-3.239144e+02
4.700000e-07	-5.000194e-06	-4.897008e-09	-3.611839e+01	-3.225160e+02
4.800000e-07	-4.880734e-06	-4.862957e-09	-3.525548e+01	-3.209079e+02
4.900000e-07	-4.759499e-06	-4.838727e-09	-3.437975e+01	-3.191296e+02
5.000000e-07	-4.636504e-06	-4.822964e-09	-3.349132e+01	-3.172799e+02
5.100000e-07	-4.511825e-06	-4.794546e-09	-3.259071e+01	-3.154601e+02
5.200000e-07	-4.385577e-06	-4.763008e-09	-3.167877e+01	-3.137172e+02
5.300000e-07	-4.257753e-06	-4.737194e-09	-3.075545e+01	-3.120189e+02
5.400000e-07	-4.128325e-06	-4.710203e-09	-2.982054e+01	-3.102727e+02
5.500000e-07	-3.997282e-06	-4.673146e-09	-2.887396e+01	-3.083779e+02
5.600000e-07	-3.864713e-06	-4.643301e-09	-2.791636e+01	-3.062814e+02
5.700000e-07	-3.730647e-06	-4.618401e-09	-2.694795e+01	-3.040047e+02
5.800000e-07	-3.595137e-06	-4.581708e-09	-2.596911e+01	-3.016272e+02
5.900000e-07	-3.458296e-06	-4.537214e-09	-2.498065e+01	-2.992357e+02
6.000000e-07	-3.320099e-06	-4.497265e-09	-2.398240e+01	-2.968681e+02
6.100000e-07	-3.180503e-06	-4.461412e-09	-2.297404e+01	-2.944845e+02
6.200000e-07	-3.039490e-06	-4.420074e-09	-2.195545e+01	-2.919855e+02
6.300000e-07	-2.897252e-06	-4.379836e-09	-2.092801e+01	-2.892661e+02
6.400000e-07	-2.753927e-06	-4.342230e-09	-1.989271e+01	-2.862774e+02
6.500000e-07	-2.609585e-06	-4.297182e-09	-1.885007e+01	-2.830588e+02
6.600000e-07	-2.464307e-06	-4.244620e-09	-1.780067e+01	-2.797181e+02
6.700000e-07	-2.318144e-06	-4.194529e-09	-1.674488e+01	-2.763681e+02
6.800000e-07	-2.171223e-06	-4.143156e-09	-1.568361e+01	-2.730519e+02
6.900000e-07	-2.023553e-06	-4.087770e-09	-1.461693e+01	-2.697005e+02
7.000000e-07	-1.875209e-06	-4.031724e-09	-1.354538e+01	-2.661510e+02
7.100000e-07	-1.726317e-06	-3.972158e-09	-1.246987e+01	-2.622200e+02
7.200000e-07	-1.576911e-06	-3.905938e-09	-1.139065e+01	-2.577970e+02
7.300000e-07	-1.426994e-06	-3.832778e-09	-1.030775e+01	-2.529053e+02
7.400000e-07	-1.276612e-06	-3.757532e-09	-9.221479e+00	-2.476899e+02
7.500000e-07	-1.125822e-06	-3.680093e-09	-8.132261e+00	-2.423312e+02
7.600000e-07	-9.746266e-07	-3.597346e-09	-7.040116e+00	-2.369231e+02
7.700000e-07	-8.231014e-07	-3.508035e-09	-5.945589e+00	-2.313788e+02
7.800000e-07	-6.713099e-07	-3.410533e-09	-4.849139e+00	-2.254206e+02
7.900000e-07	-5.192737e-07	-3.303117e-09	-3.750921e+00	-2.186690e+02
8.000000e-07	-3.670145e-07	-3.182101e-09	-2.651092e+00	-2.107925e+02
8.100000e-07	-2.145928e-07	-3.047608e-09	-1.550089e+00	-2.016401e+02
8.200000e-07	-6.206983e-08	-2.899361e-09	-4.483551e-01	-1.912744e+02
8.300000e-07	9.051916e-08	-2.733372e-09	6.538559e-01	-1.798664e+02
8.400000e-07	2.431193e-07	-2.545256e-09	1.756148e+00	-1.674812e+02
8.500000e-07	3.956424e-07	-2.329339e-09	2.857882e+00	-1.538494e+02
8.600000e-07	5.480615e-07	-2.079409e-09	3.958867e+00	-1.382470e+02
8.700000e-07	7.004252e-07	-1.785234e-09	5.059450e+00	-1.195788e+02
8.800000e-07	8.525437e-07	-1.436717e-09	6.158262e+00	-9.667846e+01
8.900000e-07	1.004245e-06	-1.023507e-09	7.254058e+00	-6.874459e+01
9.000000e-07	1.155553e-06	-5.360676e-10	8.347023e+00	-3.575675e+01
9.100000e-07	1.306482e-06	2.423942e-11	9.437238e+00	1.296867e+00
9.200000e-07	1.456978e-06	6.337676e-10	1.052434e+01	4.049189e+01
9.300000e-07	1.606980e-06	1.244688e-09	1.160785e+01	7.934384e+01
9.400000e-07	1.756427e-06	1.799307e-09	1.268737e+01	1.153765e+02
9.500000e-07	1.905292e-06	2.260507e-09	1.376268e+01	1.466960e+02
9.600000e-07	2.053481e-06	2.627381e-09	1.483311e+01	1.723801e+02
9.700000e-07	2.200916e-06	2.918462e-09	1.589810e+01	1.925639e+02
9.800000e-07	2.347558e-06	3.156259e-09	1.695735e+01	2.082146e+02
9.900000e-07	2.493318e-06	3.357867e-09	1.801023e+01	2.207012e+02
1.000000e-06	2.638102e-06	3.531639e-09	1.905606e+01	2.313285e+02
1.010000e-06	2.781803e-06	3.683807e-09	2.009407e+01	2.409975e+02
1.020000e-06	2.924427e-06	3.817979e-09	2.112430e+01	2.500872e+02
1.030000e-06	3.065974e-06	3.936335e-09	2.214675e+01	2.585555e+02
1.040000e-06	3.206302e-06	4.040817e-09	2.316039e+01	2.661725e+02
1.050000e-06	3.345287e-06	4.134682e-09	2.416434e+01	2.727628e+02
1.060000e-06	3.482966e-06	4.222767e-09	2.515885e+01	2.783515e+02
1.070000e-06	3.619294e-06	4.304060e-09	2.614361e+01	2.831707e+02
1.080000e-06	3.754251e-06	4.376954e-09	2.711845e+01	2.875529e+02
1.090000e-06	3.887929e-06	4.444217e-09	2.808406e+01	2.917836e+02
1.100000e-06	4.020272e-06	4.506051e-09	2.904003e+01	2.959933e+02
1.110000e-06	4.151166e-06	4.561877e-09	2.998553e+01	3.001371e+02
1.120000e-06	4.280552e-06	4.612880e-09	3.092013e+01	3.040598e+02
1.130000e-06	4.408367e-06	4.660001e-09	3.184339e+01	3.076028e+02
1.140000e-06	4.534635e-06	4.704091e-09	3.275548e+01	3.106952e+02
1.150000e-06	4.659417e-06	4.746424e-09	3.365682e+01	3.133851e+02
1.160000e-06	4.782689e-06	4.788351e-09	3.454727e+01	3.158060e+02
1.170000e-06	4.904280e-06	4.827943e-09	3.542557e+01	3.181032e+02
1.180000e-06	5.024033e-06	4.862799e-09	3.629059e+01	3.203646e+02
1.190000e-06	5.141993e-06	4.892955e-09	3.714266e+01	3.225915e+02
1.200000e-06	5.258042e-06	4.919971e-09	3.798093e+01	3.247193e+02
1.210000e-06	5.371953e-06	4.944065e-09	3.880375e+01	3.266709e+02
1.220000e-06	5.483776e-06	4.967917e-09	3.961150e+01	3.284094e+02
1.230000e-06	5.593732e-06	4.992260e-09	4.040575e+01	3.299616e+02
1.240000e-06	5.701839e-06	5.015408e-09	4.118666e+01	3.314015e+02
1.250000e-06	5.807840e-06	5.037426e-09	4.195234e+01	3.328066e+02
1.260000e-06	5.911575e-06	5.057919e-09	4.270166e+01	3.342147e+02
1.270000e-06	6.013168e-06	5.077835e-09	4.343551e+01	3.356057e+02
1.280000e-06	6.112573e-06	5.096637e-09	4.415355e+01	3.369178e+02
1.290000e-06	6.209587e-06	5.113528e-09	4.485432e+01	3.380873e+02
1.300000e-06	6.304308e-06	5.129887e-09	4.553853e+01	3.390890e+02
1.310000e-06	6.396814e-06	5.145074e-09	4.620674e+01	3.399541e+02
1.320000e-06	6.486980e-06	5.159629e-09	4.685804e+01	3.407554e+02
1.330000e-06	6.574814e-06	5.174574e-09	4.749250e+01	3.415697e+02
1.340000e-06	6.660396e-06	5.188919e-09	4.811069e+01	3.424388e+02
1.350000e-06	6.743640e-06	5.202117e-09	4.871200e+01	3.433495e+02
1.360000e-06	6.824372e-06	5.214219e-09	4.929516e+01	3.442443e+02
1.370000e-06	6.902633e-06	5.226648e-09	4.986047e+01	3.450560e+02
1.380000e-06	6.978319e-06	5.238790e-09	5.040718e+01	3.457452e+02
1.390000e-06	7.051286e-06	5.250403e-09	5.093425e+01	3.463216e+02
1.400000e-06	7.121717e-06	5.262514e-09	5.144300e+01	3.468375e+02
1.410000e-06	7.189725e-06	5.273403e-09	5.193425e+01	3.473572e+02
1.420000e-06	7.255213e-06	5.283076e-09	5.240729e+01	3.479214e+02
1.430000e-06	7.318105e-06	5.291227e-09	5.286159e+01	3.485253e+02
1.440000e-06	7.378556e-06	5.297782e-09	5.329825e+01	3.491228e+02
1.450000e-06	7.436424e-06	5.303402e-09	5.371625e+01	3.496543e+02
1.460000e-06	7.491603e-06	5.309146e-09	5.411483e+01	3.500815e+02
1.470000e-06	7.543968e-06	5.316827e-09	5.449309e+01	3.504095e+02
1.480000e-06	7.593184e-06	5.324547e-09	5.484860e+01	3.506849e+02
1.490000e-06	7.639437e-06	5.332745e-09	5.518269e+01	3.509701e+02
1.500000e-06	7.683015e-06	5.340993e-09	5.549748e+01	3.513092e+02
1.510000e-06	7.723856e-06	5.347637e-09	5.579249e+01	3.517038e+02
1.520000e-06	7.761945e-06	5.351597e-09	5.606762e+01	3.521119e+02
1.530000e-06	7.797375e-06	5.354274e-09	5.632355e+01	3.524706e+02
1.540000e-06	7.829974e-06	5.359158e-09	5.655902e+01	3.527301e+02
1.550000e-06	7.859771e-06	5.365684e-09	5.677426e+01	3.528792e+02
1.560000e-06	7.886853e-06	5.371641e-09	5.696988e+01	3.529500e+02
1.570000e-06	7.911034e-06	5.375431e-09	5.714455e+01	3.529994e+02
1.580000e-06	7.932381e-06	5.378009e-09	5.729875e+01	3.530774e+02
1.590000e-06	7.950936e-06	5.379470e-09	5.743278e+01	3.532015e+02
1.600000e-06	7.966579e-06	5.380101e-09	5.754577e+01	3.533499e+02
1.610000e-06	7.979197e-06	5.381463e-09	5.763692e+01	3.534772e+02
1.620000e-06	7.988656e-06	5.383678e-09	5.770525e+01	3.535423e+02
1.630000e-06	7.995142e-06	5.385676e-09	5.775210e+01	3.535324e+02
1.640000e-06	7.998847e-06	5.386598e-09	5.777886e+01	3.534697e+02
1.650000e-06	7.999664e-06	5.385634e-09	5.778476e+01	3.533961e+02
1.660000e-06	7.997730e-06	5.381950e-09	5.777079e+01	3.533458e+02
1.670000e-06	7.993241e-06	5.378977e-09	5.773837e+01	3.533232e+02
1.680000e-06	7.986053e-06	5.379184e-09	5.768644e+01	3.532978e+02
1.690000e-06	7.976148e-06	5.379423e-09	5.761490e+01	3.532219e+02
1.700000e-06	7.963487e-06	5.378561e-09	5.752344e+01	3.530594e+02
1.710000e-06	7.948018e-06	5.378476e-09	5.741170e+01	3.528107e+02
1.720000e-06	7.930057e-06	5.379919e-09	5.728196e+01	3.525167e+02
1.730000e-06	7.909841e-06	5.374160e-09	5.713594e+01	3.522389e+02
1.740000e-06	7.886956e-06	5.337275e-09	5.697062e+01	3.520257e+02
1.750000e-06	7.860685e-06	5.339224e-09	5.678086e+01	3.518825e+02
1.760000e-06	7.830750e-06	5.358219e-09	5.656463e+01	3.517657e+02
1.770000e-06	7.797658e-06	5.354849e-09	5.632559e+01	3.516028e+02
1.780000e-06	7.762163e-06	5.355994e-09	5.606920e+01	3.513323e+02
1.790000e-06	7.724370e-06	5.376593e-09	5.579620e+01	3.509396e+02
1.800000e-06	7.684407e-06	5.375073e-09	5.550753e+01	3.504694e+02
1.810000e-06	7.642458e-06	5.301727e-09	5.520452e+01	3.500055e+02
1.820000e-06	7.598004e-06	5.331437e-09	5.488341e+01	3.496262e+02
1.830000e-06	7.550758e-06	5.328158e-09	5.454213e+01	3.493589e+02
1.840000e-06	7.500728e-06	5.316666e-09	5.418075e+01	3.491586e+02
1.850000e-06	7.447667e-06	5.361972e-09	5.379746e+01	3.489237e+02
1.860000e-06	7.391784e-06	5.322965e-09	5.339380e+01	3.485445e+02
1.870000e-06	7.333277e-06	5.347399e-09	5.297118e+01	3.479600e+02
1.880000e-06	7.272127e-06	5.321625e-09	5.252947e+01	3.471936e+02
1.890000e-06	7.208255e-06	5.295254e-09	5.206809e+01	3.463471e+02
1.900000e-06	7.141536e-06	5.293848e-09	5.158616e+01	3.455547e+02
1.910000e-06	7.072061e-06	5.254039e-09	5.108432e+01	3.449166e+02
1.920000e-06	6.999799e-06	5.277165e-09	5.056234e+01	3.444478e+02
1.930000e-06	6.924855e-06	5.261921e-09	5.002099e+01	3.440662e+02
1.940000e-06	6.847143e-06	5.271157e-09	4.945964e+01	3.436305e+02
1.950000e-06	6.766687e-06	5.244920e-09	4.887848e+01	3.430074e+02
1.960000e-06	6.683747e-06	5.204879e-09	4.827937e+01	3.421373e+02
1.970000e-06	6.598300e-06	5.208323e-09	4.766215e+01	3.410638e+02
1.980000e-06	6.510418e-06	5.184486e-09	4.702735e+01	3.399118e+02
1.990000e-06	6.420234e-06	5.191654e-09	4.637591e+01	3.388257e+02
2.000000e-06	6.327839e-06	5.176479e-09	4.570850e+01	3.378974e+02
2.010000e-06	6.233163e-06	5.168288e-09	4.502462e+01	3.371204e+02
2.020000e-06	6.136241e-06	5.136548e-09	4.432451e+01	3.363942e+02
2.030000e-06	6.037170e-06	5.109483e-09	4.360889e+01	3.355751e+02
2.040000e-06	5.935952e-06	5.113786e-09	4.287775e+01	3.345486e+02
2.050000e-06	5.832568e-06	5.109613e-09	4.213096e+01	3.332850e+02
2.060000e-06	5.727127e-06	5.088333e-09	4.136932e+01	3.318516e+02
2.070000e-06	5.619791e-06	5.051536e-09	4.059399e+01	3.303753e+02
2.080000e-06	5.510522e-06	5.040787e-09	3.980470e+01	3.289755e+02
2.090000e-06	5.399210e-06	5.017500e-09	3.900065e+01	3.277034e+02
2.100000e-06	5.285790e-06	4.989462e-09	3.818137e+01	3.265174e+02
2.110000e-06	5.170423e-06	4.969882e-09	3.734802e+01	3.253084e+02
2.120000e-06	5.053181e-06	4.960755e-09	3.650114e+01	3.239584e+02
2.130000e-06	4.933950e-06	4.933067e-09	3.563989e+01	3.224020e+02
2.140000e-06	4.812844e-06	4.899820e-09	3.476509e+01	3.206582e+02
2.150000e-06	4.690003e-06	4.882261e-09	3.387776e+01	3.188158e+02
2.160000e-06	4.565497e-06	4.862066e-09	3.297840e+01	3.169810e+02
2.170000e-06	4.439321e-06	4.826219e-09	3.206698e+01	3.152186e+02
2.180000e-06	4.311464e-06	4.789778e-09	3.114342e+01	3.135160e+02
2.190000e-06	4.182008e-06	4.771443e-09	3.020831e+01	3.117917e+02
2.200000e-06	4.051013e-06	4.743863e-09	2.926208e+01	3.099414e+02
2.210000e-06	3.918549e-06	4.706462e-09	2.830524e+01	3.078961e+02
2.220000e-06	3.784692e-06	4.673433e-09	2.733833e+01	3.056583e+02
2.230000e-06	3.649371e-06	4.649633e-09	2.636086e+01	3.032969e+02
2.240000e-06	3.512563e-06	4.616583e-09	2.537264e+01	3.009025e+02
2.250000e-06	3.374474e-06	4.580822e-09	2.437517e+01	2.985293e+02
2.260000e-06	3.235155e-06	4.549844e-09	2.336881e+01	2.961573e+02
2.270000e-06	3.094519e-06	4.508727e-09	2.235294e+01	2.936977e+02
2.280000e-06	2.952568e-06	4.453469e-09	2.132757e+01	2.910408e+02
2.290000e-06	2.809432e-06	4.400829e-09	2.029365e+01	2.881191e+02
2.300000e-06	2.665240e-06	4.358413e-09	1.925209e+01	2.849495e+02
2.310000e-06	2.520139e-06	4.315401e-09	1.820397e+01	2.816274e+02
2.320000e-06	2.374214e-06	4.270122e-09	1.714989e+01	2.782717e+02
2.330000e-06	2.227525e-06	4.223019e-09	1.609030e+01	2.749486e+02
2.340000e-06	2.080134e-06	4.170006e-09	1.502564e+01	2.716184e+02
2.350000e-06	1.932025e-06	4.109329e-09	1.395578e+01	2.681362e+02
2.360000e-06	1.783280e-06	4.046106e-09	1.288134e+01	2.643150e+02
2.370000e-06	1.633979e-06	3.981269e-09	1.180288e+01	2.600183e+02
2.380000e-06	1.484153e-06	3.911402e-09	1.072063e+01	2.552338e+02
2.390000e-06	1.333869e-06	3.837476e-09	9.635071e+00	2.500816e+02
2.400000e-06	1.183163e-06	3.762222e-09	8.546456e+00	2.447442e+02
2.410000e-06	1.032062e-06	3.682889e-09	7.454995e+00	2.393484e+02
2.420000e-06	8.805950e-07	3.594333e-09	6.360889e+00	2.338573e+02
2.430000e-06	7.288045e-07	3.497114e-09	5.264445e+00	2.280363e+02
2.440000e-06	5.767489e-07	3.394851e-09	4.166087e+00	2.215185e+02
2.450000e-06	4.244601e-07	3.281103e-09	3.066044e+00	2.139458e+02
2.460000e-06	2.719908e-07	3.150767e-09	1.964698e+00	2.051139e+02
2.470000e-06	1.194035e-07	3.004777e-09	8.624993e-01	1.950365e+02
2.480000e-06	-3.327406e-08	2.840458e-09	-2.403518e-01	1.838744e+02
2.490000e-06	-1.860018e-07	2.654079e-09	-1.343565e+00	1.717422e+02
2.500000e-06	-3.386545e-07	2.442801e-09	-2.446236e+00	1.584715e+02
2.510000e-06	-4.911677e-07	2.202899e-09	-3.547900e+00	1.434533e+02
2.520000e-06	-6.435484e-07	1.925704e-09	-4.648607e+00	1.256648e+02
2.530000e-06	-7.957459e-07	1.595754e-09	-5.747989e+00	1.039196e+02
2.540000e-06	-9.476368e-07	1.202450e-09	-6.845158e+00	7.728223e+01
2.550000e-06	-1.099099e-06	7.380304e-10	-7.939232e+00	4.550572e+01
2.560000e-06	-1.250112e-06	1.958016e-10	-9.030054e+00	9.320186e+00
2.570000e-06	-1.400761e-06	-4.096632e-10	-1.011826e+01	-2.955955e+01
2.580000e-06	-1.550967e-06	-1.035728e-09	-1.120325e+01	-6.874043e+01
2.590000e-06	-1.700559e-06	-1.621814e-09	-1.228382e+01	-1.056871e+02
2.600000e-06	-1.849470e-06	-2.122384e-09	-1.335946e+01	-1.383135e+02
2.610000e-06	-1.997656e-06	-2.523653e-09	-1.442987e+01	-1.654337e+02
2.620000e-06	-2.145095e-06	-2.837693e-09	-1.549487e+01	-1.869283e+02
2.630000e-06	-2.291732e-06	-3.089095e-09	-1.655409e+01	-2.035914e+02
2.640000e-06	-2.437586e-06	-3.300530e-09	-1.760765e+01	-2.167371e+02
2.650000e-06	-2.582552e-06	-3.483388e-09	-1.865481e+01	-2.277254e+02
2.660000e-06	-2.726479e-06	-3.643865e-09	-1.969445e+01	-2.375785e+02
2.670000e-06	-2.869344e-06	-3.787209e-09	-2.072642e+01	-2.468041e+02
2.680000e-06	-3.011010e-06	-3.914882e-09	-2.174972e+01	-2.554467e+02
2.690000e-06	-3.151360e-06	-4.025980e-09	-2.276353e+01	-2.632988e+02
2.700000e-06	-3.290446e-06	-4.123025e-09	-2.376820e+01	-2.701527e+02
2.710000e-06	-3.428334e-06	-4.212085e-09	-2.476422e+01	-2.759771e+02
2.720000e-06	-3.565013e-06	-4.295643e-09	-2.575151e+01	-2.809591e+02
2.730000e-06	-3.700406e-06	-4.371549e-09	-2.672951e+01	-2.854198e+02
2.740000e-06	-3.834400e-06	-4.438978e-09	-2.769740e+01	-2.896692e+02
2.750000e-06	-3.966934e-06	-4.505126e-09	-2.865475e+01	-2.938823e+02
2.760000e-06	-4.098049e-06	-4.569540e-09	-2.960184e+01	-2.980547e+02
2.770000e-06	-4.227806e-06	-4.627869e-09	-3.053912e+01	-3.020495e+02
2.780000e-06	-4.356143e-06	-4.680185e-09	-3.146616e+01	-3.056988e+02
2.790000e-06	-4.482983e-06	-4.729823e-09	-3.238237e+01	-3.089041e+02
2.800000e-06	-4.608239e-06	-4.779247e-09	-3.328715e+01	-3.116845e+02
2.810000e-06	-4.731845e-06	-4.823460e-09	-3.418000e+01	-3.141584e+02
2.820000e-06	-4.853879e-06	-4.861186e-09	-3.506150e+01	-3.164753e+02
2.830000e-06	-4.974235e-06	-4.892911e-09	-3.593088e+01	-3.187424e+02
2.840000e-06	-5.092636e-06	-4.921553e-09	-3.678614e+01	-3.209824e+02
2.850000e-06	-5.208933e-06	-4.953143e-09	-3.762620e+01	-3.231429e+02
2.860000e-06	-5.323065e-06	-4.986341e-09	-3.845062e+01	-3.251445e+02
2.870000e-06	-5.435055e-06	-5.017476e-09	-3.925957e+01	-3.269364e+02
2.880000e-06	-5.544998e-06	-5.046252e-09	-4.005373e+01	-3.285297e+02
2.890000e-06	-5.653029e-06	-5.073847e-09	-4.083408e+01	-3.299899e+02
2.900000e-06	-5.759164e-06	-5.098642e-09	-4.160074e+01	-3.313983e+02
2.910000e-06	-5.863252e-06	-5.117448e-09	-4.235261e+01	-3.328054e+02
2.920000e-06	-5.965080e-06	-5.134431e-09	-4.308815e+01	-3.342057e+02
2.930000e-06	-6.064660e-06	-5.152203e-09	-4.380746e+01	-3.355444e+02
2.940000e-06	-6.162123e-06	-5.168593e-09	-4.451147e+01	-3.367541e+02
2.950000e-06	-6.257347e-06	-5.184283e-09	-4.519931e+01	-3.377973e+02
2.960000e-06	-6.350244e-06	-5.200146e-09	-4.587035e+01	-3.386911e+02
2.970000e-06	-6.440901e-06	-5.215442e-09	-4.652520e+01	-3.395007e+02
2.980000e-06	-6.529317e-06	-5.228648e-09	-4.716386e+01	-3.403061e+02
2.990000e-06	-6.615270e-06	-5.239984e-09	-4.778473e+01	-3.411607e+02
3.000000e-06	-6.698789e-06	-5.249974e-09	-4.838802e+01	-3.420653e+02
3.010000e-06	-6.780016e-06	-5.258870e-09	-4.897476e+01	-3.429710e+02
3.020000e-06	-6.858653e-06	-5.268526e-09	-4.954278e+01	-3.438090e+02
3.030000e-06	-6.934543e-06	-5.278230e-09	-5.009097e+01	-3.445301e+02
3.040000e-06	-7.007915e-06	-5.285409e-09	-5.062096e+01	-3.451313e+02
3.050000e-06	-7.078776e-06	-5.293144e-09	-5.113282e+01	-3.456563e+02
3.060000e-06	-7.147046e-06	-5.303160e-09	-5.162596e+01	-3.461700e+02
3.070000e-06	-7.212852e-06	-5.313265e-09	-5.210130e+01	-3.467219e+02
3.080000e-06	-7.276169e-06	-5.322152e-09	-5.255866e+01	-3.473191e+02
3.090000e-06	-7.336838e-06	-5.330667e-09	-5.299690e+01	-3.479240e+02
3.100000e-06	-7.394887e-06	-5.337231e-09	-5.341621e+01	-3.484772e+02
3.110000e-06	-7.450223e-06	-5.340735e-09	-5.381593e+01	-3.489321e+02
3.120000e-06	-7.502659e-06	-5.343008e-09	-5.419469e+01	-3.492821e+02
3.130000e-06	-7.552144e-06	-5.346848e-09	-5.455214e+01	-3.495650e+02
3.140000e-06	-7.598770e-06	-5.352383e-09	-5.488894e+01	-3.498425e+02
3.150000e-06	-7.642833e-06	-5.357048e-09	-5.520723e+01	-3.501663e+02
3.160000e-06	-7.684398e-06	-5.361987e-09	-5.550747e+01	-3.505498e+02
3.170000e-06	-7.723214e-06	-5.368248e-09	-5.578785e+01	-3.509603e+02
3.180000e-06	-7.759235e-06	-5.372551e-09	-5.604805e+01	-3.513373e+02
3.190000e-06	-7.792560e-06	-5.372766e-09	-5.628877e+01	-3.516247e+02
3.200000e-06	-7.822999e-06	-5.372566e-09	-5.650864e+01	-3.518001e+02
3.210000e-06	-7.850535e-06	-5.374394e-09	-5.670754e+01	-3.518858e+02
3.220000e-06	-7.875321e-06	-5.376200e-09	-5.688658e+01	-3.519353e+02
3.230000e-06	-7.897207e-06	-5.377019e-09	-5.704467e+01	-3.520031e+02
3.240000e-06	-7.916193e-06	-5.377279e-09	-5.718181e+01	-3.521165e+02
3.250000e-06	-7.932364e-06	-5.377585e-09	-5.729863e+01	-3.522628e+02
3.260000e-06	-7.945487e-06	-5.377623e-09	-5.739342e+01	-3.524002e+02
3.270000e-06	-7.955562e-06	-5.377818e-09	-5.746619e+01	-3.524835e+02
3.280000e-06	-7.962735e-06	-5.379865e-09	-5.751801e+01	-3.524918e+02
3.290000e-06	-7.967019e-06	-5.381610e-09	-5.754895e+01	-3.524390e+02
3.300000e-06	-7.968541e-06	-5.379839e-09	-5.755995e+01	-3.523642e+02
