# Temperatura_=_20.0
# Concentracion g/m^3_=_6200.0
# C_Vs_to_Am_M_A/Vsm_=_65563218390.804596
# pendiente_HvsI_1/m_=_3716.3
# ordenada_HvsI_A/m_=_1297.0
# frecuencia_Hz_=_302596.9581999321

Tiempo_(s)	Campo_(V.s)	Magnetizacion_(V.s)	Campo_(kA/m)	Magnetizacion_(A/m)
0.000000e+00	-7.949738e-06	-5.454610e-09	-5.756096e+01	-3.568231e+02
1.000000e-08	-7.947344e-06	-5.459452e-09	-5.754363e+01	-3.567782e+02
2.000000e-08	-7.942232e-06	-5.461913e-09	-5.750661e+01	-3.567794e+02
3.000000e-08	-7.934563e-06	-5.460493e-09	-5.745108e+01	-3.567898e+02
4.000000e-08	-7.924107e-06	-5.458217e-09	-5.737537e+01	-3.567508e+02
5.000000e-08	-7.910755e-06	-5.453450e-09	-5.727870e+01	-3.566165e+02
6.000000e-08	-7.894524e-06	-5.446516e-09	-5.716118e+01	-3.563819e+02
7.000000e-08	-7.875743e-06	-5.441821e-09	-5.702519e+01	-3.560886e+02
8.000000e-08	-7.854761e-06	-5.434629e-09	-5.687327e+01	-3.558027e+02
9.000000e-08	-7.831285e-06	-5.445422e-09	-5.670328e+01	-3.555781e+02
1.000000e-07	-7.804738e-06	-5.465649e-09	-5.651107e+01	-3.554243e+02
1.100000e-07	-7.774968e-06	-5.444310e-09	-5.629552e+01	-3.552989e+02
1.200000e-07	-7.742264e-06	-5.423827e-09	-5.605872e+01	-3.551299e+02
1.300000e-07	-7.706848e-06	-5.417597e-09	-5.580229e+01	-3.548559e+02
1.400000e-07	-7.668964e-06	-5.413707e-09	-5.552798e+01	-3.544639e+02
1.500000e-07	-7.628785e-06	-5.402762e-09	-5.523706e+01	-3.540007e+02
1.600000e-07	-7.586252e-06	-5.374727e-09	-5.492910e+01	-3.535513e+02
1.700000e-07	-7.541198e-06	-5.418514e-09	-5.460288e+01	-3.531927e+02
1.800000e-07	-7.493456e-06	-5.410675e-09	-5.425720e+01	-3.529483e+02
1.900000e-07	-7.442876e-06	-5.380414e-09	-5.389096e+01	-3.527678e+02
2.000000e-07	-7.389353e-06	-5.402954e-09	-5.350343e+01	-3.525458e+02
2.100000e-07	-7.333020e-06	-5.340640e-09	-5.309554e+01	-3.521712e+02
2.200000e-07	-7.274090e-06	-5.316989e-09	-5.266885e+01	-3.515845e+02
2.300000e-07	-7.212587e-06	-5.319489e-09	-5.222353e+01	-3.508107e+02
2.400000e-07	-7.148392e-06	-5.323910e-09	-5.175873e+01	-3.499509e+02
2.500000e-07	-7.081446e-06	-5.334464e-09	-5.127399e+01	-3.491340e+02
2.600000e-07	-7.011821e-06	-5.313341e-09	-5.076987e+01	-3.484522e+02
2.700000e-07	-6.939485e-06	-5.307045e-09	-5.024611e+01	-3.479128e+02
2.800000e-07	-6.864313e-06	-5.282977e-09	-4.970182e+01	-3.474328e+02
2.900000e-07	-6.786310e-06	-5.270763e-09	-4.913703e+01	-3.468788e+02
3.000000e-07	-6.705667e-06	-5.258113e-09	-4.855312e+01	-3.461344e+02
3.100000e-07	-6.622637e-06	-5.259470e-09	-4.795193e+01	-3.451596e+02
3.200000e-07	-6.537343e-06	-5.259780e-09	-4.733435e+01	-3.440124e+02
3.300000e-07	-6.449716e-06	-5.222220e-09	-4.669988e+01	-3.428207e+02
3.400000e-07	-6.359714e-06	-5.209589e-09	-4.604822e+01	-3.417174e+02
3.500000e-07	-6.267366e-06	-5.197492e-09	-4.537955e+01	-3.407732e+02
3.600000e-07	-6.172738e-06	-5.177195e-09	-4.469439e+01	-3.399601e+02
3.700000e-07	-6.075908e-06	-5.149396e-09	-4.399329e+01	-3.391654e+02
3.800000e-07	-5.976895e-06	-5.137960e-09	-4.327637e+01	-3.382492e+02
3.900000e-07	-5.875726e-06	-5.132683e-09	-4.254384e+01	-3.371148e+02
4.000000e-07	-5.772442e-06	-5.106064e-09	-4.179601e+01	-3.357572e+02
4.100000e-07	-5.667090e-06	-5.080247e-09	-4.103319e+01	-3.342634e+02
4.200000e-07	-5.559725e-06	-5.059601e-09	-4.025580e+01	-3.327659e+02
4.300000e-07	-5.450366e-06	-5.045766e-09	-3.946398e+01	-3.313728e+02
4.400000e-07	-5.339047e-06	-5.018849e-09	-3.865796e+01	-3.301122e+02
4.500000e-07	-5.225746e-06	-5.000130e-09	-3.783759e+01	-3.289188e+02
4.600000e-07	-5.110376e-06	-4.986822e-09	-3.700224e+01	-3.276698e+02
4.700000e-07	-4.993026e-06	-4.961975e-09	-3.615256e+01	-3.262496e+02
4.800000e-07	-4.873890e-06	-4.926358e-09	-3.528994e+01	-3.246101e+02
4.900000e-07	-4.753003e-06	-4.899978e-09	-3.441464e+01	-3.227926e+02
5.000000e-07	-4.630410e-06	-4.884749e-09	-3.352699e+01	-3.209029e+02
5.100000e-07	-4.506153e-06	-4.857986e-09	-3.262730e+01	-3.190505e+02
5.200000e-07	-4.380220e-06	-4.825755e-09	-3.171546e+01	-3.172882e+02
5.300000e-07	-4.252674e-06	-4.796766e-09	-3.079196e+01	-3.155827e+02
5.400000e-07	-4.123558e-06	-4.772013e-09	-2.985708e+01	-3.138324e+02
5.500000e-07	-3.992899e-06	-4.738454e-09	-2.891103e+01	-3.119230e+02
5.600000e-07	-3.860677e-06	-4.704379e-09	-2.795366e+01	-3.097893e+02
5.700000e-07	-3.726906e-06	-4.671806e-09	-2.698508e+01	-3.074482e+02
5.800000e-07	-3.591743e-06	-4.634081e-09	-2.600641e+01	-3.049864e+02
5.900000e-07	-3.455250e-06	-4.591865e-09	-2.501812e+01	-3.025075e+02
6.000000e-07	-3.317370e-06	-4.551298e-09	-2.401978e+01	-3.000695e+02
6.100000e-07	-3.178157e-06	-4.512714e-09	-2.301180e+01	-2.976470e+02
6.200000e-07	-3.037621e-06	-4.469195e-09	-2.199423e+01	-2.951414e+02
6.300000e-07	-2.895773e-06	-4.427787e-09	-2.096716e+01	-2.924338e+02
6.400000e-07	-2.752794e-06	-4.387662e-09	-1.993191e+01	-2.894512e+02
6.500000e-07	-2.608811e-06	-4.342852e-09	-1.888939e+01	-2.862081e+02
6.600000e-07	-2.463891e-06	-4.291854e-09	-1.784008e+01	-2.827984e+02
6.700000e-07	-2.318086e-06	-4.239803e-09	-1.678436e+01	-2.793387e+02
6.800000e-07	-2.171419e-06	-4.185584e-09	-1.572240e+01	-2.758940e+02
6.900000e-07	-2.024027e-06	-4.128432e-09	-1.465519e+01	-2.724277e+02
7.000000e-07	-1.876047e-06	-4.072063e-09	-1.358373e+01	-2.688067e+02
7.100000e-07	-1.727549e-06	-4.012176e-09	-1.250851e+01	-2.648631e+02
7.200000e-07	-1.578537e-06	-3.945783e-09	-1.142957e+01	-2.604809e+02
7.300000e-07	-1.428961e-06	-3.872789e-09	-1.034655e+01	-2.556569e+02
7.400000e-07	-1.278860e-06	-3.797660e-09	-9.259729e+00	-2.504990e+02
7.500000e-07	-1.128298e-06	-3.719849e-09	-8.169568e+00	-2.451527e+02
7.600000e-07	-9.773725e-07	-3.636208e-09	-7.076773e+00	-2.396926e+02
7.700000e-07	-8.261634e-07	-3.545241e-09	-5.981928e+00	-2.340349e+02
7.800000e-07	-6.747089e-07	-3.445711e-09	-4.885304e+00	-2.279267e+02
7.900000e-07	-5.230533e-07	-3.337647e-09	-3.787225e+00	-2.210266e+02
8.000000e-07	-3.712461e-07	-3.216912e-09	-2.688049e+00	-2.130403e+02
8.100000e-07	-2.192739e-07	-3.082675e-09	-1.587677e+00	-2.038402e+02
8.200000e-07	-6.720752e-08	-2.933512e-09	-4.866235e-01	-1.934893e+02
8.300000e-07	8.487251e-08	-2.767015e-09	6.145288e-01	-1.821337e+02
8.400000e-07	2.369973e-07	-2.579484e-09	1.716005e+00	-1.697939e+02
8.500000e-07	3.891105e-07	-2.363866e-09	2.817397e+00	-1.561482e+02
8.600000e-07	5.411297e-07	-2.111178e-09	3.918110e+00	-1.404257e+02
8.700000e-07	6.929954e-07	-1.811376e-09	5.017710e+00	-1.215024e+02
8.800000e-07	8.446478e-07	-1.456207e-09	6.115766e+00	-9.820886e+01
8.900000e-07	9.960867e-07	-1.035771e-09	7.212276e+00	-6.976697e+01
9.000000e-07	1.147273e-06	-5.411026e-10	8.306959e+00	-3.620048e+01
9.100000e-07	1.298067e-06	2.880919e-11	9.398795e+00	1.448481e+00
9.200000e-07	1.448375e-06	6.489393e-10	1.048712e+01	4.120446e+01
9.300000e-07	1.598126e-06	1.268465e-09	1.157141e+01	8.054573e+01
9.400000e-07	1.747303e-06	1.828627e-09	1.265154e+01	1.169786e+02
9.500000e-07	1.895834e-06	2.292156e-09	1.372700e+01	1.486110e+02
9.600000e-07	2.043663e-06	2.662032e-09	1.479737e+01	1.745357e+02
9.700000e-07	2.190792e-06	2.958611e-09	1.586267e+01	1.949066e+02
9.800000e-07	2.337064e-06	3.201414e-09	1.692177e+01	2.107053e+02
9.900000e-07	2.482397e-06	3.404871e-09	1.797407e+01	2.233067e+02
1.000000e-06	2.626841e-06	3.578346e-09	1.901993e+01	2.340145e+02
1.010000e-06	2.770338e-06	3.729664e-09	2.005894e+01	2.437274e+02
1.020000e-06	2.912752e-06	3.863432e-09	2.109010e+01	2.528284e+02
1.030000e-06	3.053966e-06	3.982041e-09	2.211258e+01	2.612902e+02
1.040000e-06	3.193928e-06	4.089017e-09	2.312599e+01	2.689067e+02
1.050000e-06	3.332619e-06	4.185434e-09	2.413020e+01	2.755276e+02
1.060000e-06	3.469994e-06	4.275095e-09	2.512488e+01	2.811940e+02
1.070000e-06	3.606053e-06	4.358716e-09	2.611003e+01	2.861367e+02
1.080000e-06	3.740812e-06	4.433991e-09	2.708576e+01	2.906661e+02
1.090000e-06	3.874184e-06	4.502592e-09	2.805146e+01	2.950322e+02
1.100000e-06	4.006154e-06	4.563488e-09	2.900700e+01	2.993293e+02
1.110000e-06	4.136723e-06	4.618269e-09	2.995240e+01	3.034909e+02
1.120000e-06	4.265842e-06	4.670230e-09	3.088730e+01	3.073654e+02
1.130000e-06	4.393495e-06	4.720163e-09	3.181159e+01	3.108232e+02
1.140000e-06	4.519586e-06	4.766290e-09	3.272456e+01	3.138384e+02
1.150000e-06	4.644105e-06	4.809669e-09	3.362616e+01	3.165030e+02
1.160000e-06	4.767054e-06	4.851322e-09	3.451638e+01	3.189760e+02
1.170000e-06	4.888316e-06	4.889686e-09	3.539439e+01	3.213996e+02
1.180000e-06	5.007849e-06	4.924209e-09	3.625988e+01	3.238316e+02
1.190000e-06	5.125519e-06	4.954919e-09	3.711189e+01	3.262281e+02
1.200000e-06	5.241236e-06	4.984068e-09	3.794975e+01	3.284826e+02
1.210000e-06	5.354981e-06	5.011115e-09	3.877333e+01	3.304960e+02
1.220000e-06	5.466719e-06	5.037108e-09	3.958239e+01	3.322367e+02
1.230000e-06	5.576472e-06	5.062444e-09	4.037706e+01	3.337604e+02
1.240000e-06	5.684225e-06	5.085578e-09	4.115726e+01	3.351797e+02
1.250000e-06	5.789923e-06	5.107754e-09	4.192258e+01	3.366039e+02
1.260000e-06	5.893491e-06	5.128530e-09	4.267248e+01	3.380824e+02
1.270000e-06	5.994940e-06	5.148505e-09	4.340702e+01	3.395833e+02
1.280000e-06	6.094134e-06	5.167206e-09	4.412525e+01	3.410157e+02
1.290000e-06	6.190974e-06	5.184411e-09	4.482643e+01	3.422836e+02
1.300000e-06	6.285555e-06	5.201061e-09	4.551126e+01	3.433399e+02
1.310000e-06	6.377916e-06	5.216892e-09	4.618001e+01	3.442121e+02
1.320000e-06	6.467970e-06	5.231462e-09	4.683205e+01	3.449880e+02
1.330000e-06	6.555690e-06	5.245369e-09	4.746720e+01	3.457694e+02
1.340000e-06	6.641199e-06	5.259985e-09	4.808633e+01	3.466214e+02
1.350000e-06	6.724421e-06	5.274001e-09	4.868892e+01	3.475431e+02
1.360000e-06	6.805117e-06	5.286601e-09	4.927320e+01	3.484754e+02
1.370000e-06	6.883244e-06	5.298808e-09	4.983889e+01	3.493376e+02
1.380000e-06	6.958856e-06	5.309933e-09	5.038637e+01	3.500744e+02
1.390000e-06	7.031832e-06	5.320436e-09	5.091476e+01	3.506841e+02
1.400000e-06	7.102250e-06	5.331113e-09	5.142463e+01	3.512168e+02
1.410000e-06	7.170197e-06	5.342533e-09	5.191660e+01	3.517431e+02
1.420000e-06	7.235487e-06	5.353628e-09	5.238934e+01	3.523132e+02
1.430000e-06	7.298184e-06	5.363589e-09	5.284331e+01	3.529300e+02
1.440000e-06	7.358462e-06	5.372694e-09	5.327976e+01	3.535493e+02
1.450000e-06	7.416189e-06	5.379440e-09	5.369773e+01	3.541074e+02
1.460000e-06	7.471259e-06	5.384434e-09	5.409648e+01	3.545593e+02
1.470000e-06	7.523555e-06	5.389578e-09	5.447513e+01	3.549049e+02
1.480000e-06	7.572783e-06	5.395497e-09	5.483157e+01	3.551895e+02
1.490000e-06	7.619093e-06	5.403040e-09	5.516689e+01	3.554782e+02
1.500000e-06	7.662752e-06	5.411076e-09	5.548301e+01	3.558189e+02
1.510000e-06	7.703621e-06	5.418248e-09	5.577892e+01	3.562146e+02
1.520000e-06	7.741727e-06	5.422719e-09	5.605483e+01	3.566215e+02
1.530000e-06	7.777197e-06	5.425815e-09	5.631165e+01	3.569730e+02
1.540000e-06	7.809870e-06	5.430295e-09	5.654823e+01	3.572160e+02
1.550000e-06	7.839761e-06	5.433846e-09	5.676466e+01	3.573412e+02
1.560000e-06	7.866988e-06	5.437590e-09	5.696180e+01	3.573876e+02
1.570000e-06	7.891316e-06	5.440557e-09	5.713795e+01	3.574223e+02
1.580000e-06	7.912737e-06	5.442251e-09	5.729305e+01	3.575040e+02
1.590000e-06	7.931384e-06	5.443737e-09	5.742806e+01	3.576527e+02
1.600000e-06	7.947110e-06	5.446644e-09	5.754193e+01	3.578405e+02
1.610000e-06	7.959812e-06	5.450381e-09	5.763390e+01	3.580092e+02
1.620000e-06	7.969381e-06	5.452373e-09	5.770319e+01	3.581038e+02
1.630000e-06	7.975968e-06	5.453082e-09	5.775088e+01	3.581036e+02
1.640000e-06	7.979755e-06	5.453419e-09	5.777830e+01	3.580322e+02
1.650000e-06	7.980647e-06	5.452395e-09	5.778476e+01	3.579427e+02
1.660000e-06	7.978772e-06	5.449061e-09	5.777118e+01	3.578852e+02
1.670000e-06	7.974295e-06	5.446900e-09	5.773877e+01	3.578766e+02
1.680000e-06	7.967114e-06	5.448120e-09	5.768677e+01	3.578896e+02
1.690000e-06	7.957238e-06	5.448289e-09	5.761527e+01	3.578681e+02
1.700000e-06	7.944644e-06	5.447463e-09	5.752407e+01	3.577597e+02
1.710000e-06	7.929323e-06	5.448626e-09	5.741314e+01	3.575477e+02
1.720000e-06	7.911547e-06	5.449177e-09	5.728443e+01	3.572630e+02
1.730000e-06	7.891442e-06	5.448073e-09	5.713886e+01	3.569688e+02
1.740000e-06	7.868640e-06	5.413266e-09	5.697376e+01	3.567256e+02
1.750000e-06	7.842487e-06	5.405401e-09	5.678440e+01	3.565559e+02
1.760000e-06	7.812694e-06	5.425703e-09	5.656868e+01	3.564295e+02
1.770000e-06	7.779776e-06	5.425581e-09	5.633033e+01	3.562780e+02
1.780000e-06	7.744482e-06	5.422782e-09	5.607478e+01	3.560336e+02
1.790000e-06	7.706897e-06	5.436408e-09	5.580264e+01	3.556687e+02
1.800000e-06	7.667089e-06	5.458568e-09	5.551441e+01	3.552159e+02
1.810000e-06	7.625297e-06	5.376036e-09	5.521181e+01	3.547543e+02
1.820000e-06	7.581045e-06	5.387264e-09	5.489139e+01	3.543678e+02
1.830000e-06	7.534025e-06	5.409066e-09	5.455094e+01	3.540965e+02
1.840000e-06	7.484281e-06	5.378488e-09	5.419076e+01	3.539082e+02
1.850000e-06	7.431556e-06	5.440896e-09	5.380900e+01	3.537075e+02
1.860000e-06	7.375971e-06	5.412246e-09	5.340654e+01	3.533792e+02
1.870000e-06	7.317689e-06	5.421969e-09	5.298454e+01	3.528465e+02
1.880000e-06	7.256713e-06	5.397379e-09	5.254303e+01	3.521121e+02
1.890000e-06	7.193074e-06	5.350807e-09	5.208225e+01	3.512615e+02
1.900000e-06	7.126673e-06	5.367045e-09	5.160147e+01	3.504225e+02
1.910000e-06	7.057468e-06	5.330772e-09	5.110038e+01	3.497021e+02
1.920000e-06	6.985475e-06	5.355006e-09	5.057910e+01	3.491315e+02
1.930000e-06	6.910770e-06	5.344320e-09	5.003820e+01	3.486480e+02
1.940000e-06	6.833274e-06	5.340017e-09	4.947707e+01	3.481250e+02
1.950000e-06	6.753109e-06	5.315252e-09	4.889663e+01	3.474355e+02
1.960000e-06	6.670540e-06	5.265259e-09	4.829879e+01	3.465162e+02
1.970000e-06	6.585511e-06	5.276729e-09	4.768312e+01	3.454017e+02
1.980000e-06	6.497986e-06	5.253847e-09	4.704939e+01	3.442073e+02
1.990000e-06	6.408065e-06	5.255539e-09	4.639831e+01	3.430717e+02
2.000000e-06	6.315976e-06	5.245479e-09	4.573152e+01	3.420861e+02
2.010000e-06	6.221696e-06	5.237274e-09	4.504888e+01	3.412479e+02
2.020000e-06	6.125098e-06	5.205590e-09	4.434945e+01	3.404617e+02
2.030000e-06	6.026310e-06	5.169946e-09	4.363417e+01	3.395875e+02
2.040000e-06	5.925400e-06	5.172300e-09	4.290352e+01	3.385118e+02
2.050000e-06	5.822388e-06	5.169721e-09	4.215764e+01	3.372047e+02
2.060000e-06	5.717255e-06	5.154260e-09	4.139641e+01	3.357329e+02
2.070000e-06	5.610157e-06	5.119172e-09	4.062096e+01	3.342238e+02
2.080000e-06	5.501155e-06	5.104243e-09	3.983172e+01	3.327980e+02
2.090000e-06	5.390193e-06	5.077645e-09	3.902829e+01	3.315067e+02
2.100000e-06	5.277185e-06	5.045236e-09	3.821004e+01	3.303065e+02
2.110000e-06	5.162123e-06	5.024808e-09	3.737692e+01	3.290834e+02
2.120000e-06	5.045123e-06	5.019672e-09	3.652977e+01	3.277137e+02
2.130000e-06	4.926180e-06	4.999087e-09	3.566855e+01	3.261283e+02
2.140000e-06	4.805396e-06	4.965805e-09	3.479400e+01	3.243468e+02
2.150000e-06	4.682857e-06	4.943687e-09	3.390675e+01	3.224636e+02
2.160000e-06	4.558648e-06	4.918888e-09	3.300739e+01	3.205936e+02
2.170000e-06	4.432822e-06	4.881569e-09	3.209633e+01	3.188083e+02
2.180000e-06	4.305411e-06	4.844084e-09	3.117381e+01	3.170959e+02
2.190000e-06	4.176352e-06	4.824489e-09	3.023934e+01	3.153679e+02
2.200000e-06	4.045725e-06	4.800538e-09	2.929352e+01	3.135070e+02
2.210000e-06	3.913667e-06	4.767997e-09	2.833734e+01	3.114308e+02
2.220000e-06	3.780157e-06	4.734858e-09	2.737065e+01	3.091352e+02
2.230000e-06	3.645199e-06	4.706661e-09	2.639346e+01	3.066932e+02
2.240000e-06	3.508821e-06	4.669942e-09	2.540600e+01	3.042102e+02
2.250000e-06	3.371055e-06	4.629923e-09	2.440850e+01	3.017606e+02
2.260000e-06	3.232032e-06	4.595466e-09	2.340189e+01	2.993410e+02
2.270000e-06	3.091825e-06	4.556098e-09	2.238670e+01	2.968674e+02
2.280000e-06	2.950337e-06	4.507571e-09	2.136224e+01	2.942197e+02
2.290000e-06	2.807687e-06	4.459942e-09	2.032937e+01	2.913080e+02
2.300000e-06	2.664029e-06	4.417389e-09	1.928919e+01	2.881234e+02
2.310000e-06	2.519405e-06	4.372268e-09	1.824203e+01	2.847437e+02
2.320000e-06	2.373876e-06	4.323250e-09	1.718831e+01	2.812870e+02
2.330000e-06	2.227552e-06	4.270723e-09	1.612884e+01	2.778374e+02
2.340000e-06	2.080439e-06	4.213928e-09	1.506365e+01	2.743856e+02
2.350000e-06	1.932643e-06	4.152209e-09	1.399351e+01	2.708188e+02
2.360000e-06	1.784335e-06	4.088380e-09	1.291967e+01	2.669700e+02
2.370000e-06	1.635538e-06	4.023979e-09	1.184230e+01	2.627024e+02
2.380000e-06	1.486198e-06	3.957485e-09	1.076098e+01	2.579821e+02
2.390000e-06	1.336271e-06	3.887719e-09	9.675420e+00	2.528934e+02
2.400000e-06	1.185890e-06	3.813342e-09	8.586564e+00	2.475824e+02
2.410000e-06	1.035099e-06	3.732316e-09	7.494749e+00	2.421512e+02
2.420000e-06	8.839182e-07	3.641660e-09	6.400107e+00	2.365604e+02
2.430000e-06	7.324630e-07	3.541280e-09	5.303479e+00	2.305953e+02
2.440000e-06	5.808091e-07	3.433213e-09	4.205413e+00	2.239248e+02
2.450000e-06	4.289800e-07	3.315353e-09	3.106077e+00	2.162296e+02
2.460000e-06	2.769953e-07	3.185840e-09	2.005615e+00	2.073335e+02
2.470000e-06	1.249028e-07	3.041267e-09	9.043728e-01	1.972565e+02
2.480000e-06	-2.728138e-08	2.876706e-09	-1.975339e-01	1.861409e+02
2.490000e-06	-1.794802e-07	2.690031e-09	-1.299546e+00	1.740607e+02
2.500000e-06	-3.316137e-07	2.480260e-09	-2.401086e+00	1.607958e+02
2.510000e-06	-4.836878e-07	2.240519e-09	-3.502195e+00	1.456876e+02
2.520000e-06	-6.356519e-07	1.958702e-09	-4.602508e+00	1.276791e+02
2.530000e-06	-7.874250e-07	1.622298e-09	-5.701438e+00	1.055739e+02
2.540000e-06	-9.389335e-07	1.222261e-09	-6.798452e+00	7.845363e+01
2.550000e-06	-1.090109e-06	7.497098e-10	-7.893057e+00	4.611118e+01
2.560000e-06	-1.240867e-06	1.975413e-10	-8.984634e+00	9.329320e+00
2.570000e-06	-1.391139e-06	-4.178807e-10	-1.007270e+01	-3.012420e+01
2.580000e-06	-1.540901e-06	-1.050824e-09	-1.115707e+01	-6.981481e+01
2.590000e-06	-1.690055e-06	-1.641484e-09	-1.223703e+01	-1.071845e+02
2.600000e-06	-1.838599e-06	-2.144937e-09	-1.331258e+01	-1.401447e+02
2.610000e-06	-1.986543e-06	-2.548717e-09	-1.438378e+01	-1.675218e+02
2.620000e-06	-2.133809e-06	-2.866468e-09	-1.545008e+01	-1.892153e+02
2.630000e-06	-2.280323e-06	-3.122941e-09	-1.651093e+01	-2.060354e+02
2.640000e-06	-2.425918e-06	-3.338524e-09	-1.756513e+01	-2.193042e+02
2.650000e-06	-2.570490e-06	-3.523410e-09	-1.861192e+01	-2.303818e+02
2.660000e-06	-2.714083e-06	-3.684315e-09	-1.965162e+01	-2.402879e+02
2.670000e-06	-2.856581e-06	-3.826246e-09	-2.068339e+01	-2.495321e+02
2.680000e-06	-2.997822e-06	-3.952721e-09	-2.170606e+01	-2.581708e+02
2.690000e-06	-3.137869e-06	-4.063840e-09	-2.272009e+01	-2.660184e+02
2.700000e-06	-3.276736e-06	-4.161129e-09	-2.372557e+01	-2.728931e+02
2.710000e-06	-3.414330e-06	-4.250276e-09	-2.472184e+01	-2.787830e+02
2.720000e-06	-3.550641e-06	-4.335141e-09	-2.570881e+01	-2.838783e+02
2.730000e-06	-3.685655e-06	-4.414442e-09	-2.668639e+01	-2.884833e+02
2.740000e-06	-3.819268e-06	-4.486933e-09	-2.765383e+01	-2.928747e+02
2.750000e-06	-3.951559e-06	-4.554823e-09	-2.861170e+01	-2.971901e+02
2.760000e-06	-4.082557e-06	-4.618264e-09	-2.956021e+01	-3.013986e+02
2.770000e-06	-4.212117e-06	-4.675441e-09	-3.049830e+01	-3.053599e+02
2.780000e-06	-4.340218e-06	-4.725198e-09	-3.142583e+01	-3.089294e+02
2.790000e-06	-4.466846e-06	-4.771680e-09	-3.234269e+01	-3.120510e+02
2.800000e-06	-4.591908e-06	-4.817687e-09	-3.324822e+01	-3.147899e+02
2.810000e-06	-4.715365e-06	-4.863161e-09	-3.414212e+01	-3.172956e+02
2.820000e-06	-4.837152e-06	-4.905975e-09	-3.502393e+01	-3.197224e+02
2.830000e-06	-4.957101e-06	-4.943828e-09	-3.589244e+01	-3.221530e+02
2.840000e-06	-5.075073e-06	-4.978016e-09	-3.674662e+01	-3.245672e+02
2.850000e-06	-5.191052e-06	-5.011867e-09	-3.758638e+01	-3.268683e+02
2.860000e-06	-5.305000e-06	-5.044496e-09	-3.841144e+01	-3.289485e+02
2.870000e-06	-5.416846e-06	-5.071955e-09	-3.922127e+01	-3.307557e+02
2.880000e-06	-5.526655e-06	-5.097762e-09	-4.001636e+01	-3.323247e+02
2.890000e-06	-5.634542e-06	-5.124995e-09	-4.079752e+01	-3.337588e+02
2.900000e-06	-5.740520e-06	-5.151963e-09	-4.156487e+01	-3.351744e+02
2.910000e-06	-5.844425e-06	-5.174875e-09	-4.231720e+01	-3.366394e+02
2.920000e-06	-5.946107e-06	-5.194415e-09	-4.305345e+01	-3.381420e+02
2.930000e-06	-6.045618e-06	-5.213600e-09	-4.377397e+01	-3.396016e+02
2.940000e-06	-6.142996e-06	-5.232213e-09	-4.447904e+01	-3.409180e+02
2.950000e-06	-6.238174e-06	-5.250232e-09	-4.516819e+01	-3.420278e+02
2.960000e-06	-6.331049e-06	-5.267295e-09	-4.584066e+01	-3.429397e+02
2.970000e-06	-6.421604e-06	-5.281643e-09	-4.649633e+01	-3.437300e+02
2.980000e-06	-6.509861e-06	-5.293451e-09	-4.713537e+01	-3.445020e+02
2.990000e-06	-6.595731e-06	-5.305714e-09	-4.775712e+01	-3.453340e+02
3.000000e-06	-6.679185e-06	-5.316946e-09	-4.836138e+01	-3.462423e+02
3.010000e-06	-6.760275e-06	-5.325739e-09	-4.894852e+01	-3.471797e+02
3.020000e-06	-6.838845e-06	-5.335654e-09	-4.951741e+01	-3.480666e+02
3.030000e-06	-6.914723e-06	-5.347052e-09	-5.006682e+01	-3.488374e+02
3.040000e-06	-6.988047e-06	-5.356860e-09	-5.059773e+01	-3.494761e+02
3.050000e-06	-7.058862e-06	-5.366825e-09	-5.111047e+01	-3.500218e+02
3.060000e-06	-7.127126e-06	-5.377781e-09	-5.160474e+01	-3.505438e+02
3.070000e-06	-7.192881e-06	-5.387480e-09	-5.208085e+01	-3.511009e+02
3.080000e-06	-7.256164e-06	-5.394390e-09	-5.253906e+01	-3.517089e+02
3.090000e-06	-7.316884e-06	-5.399860e-09	-5.297871e+01	-3.523337e+02
3.100000e-06	-7.374940e-06	-5.405631e-09	-5.339907e+01	-3.529129e+02
3.110000e-06	-7.430300e-06	-5.411678e-09	-5.379991e+01	-3.533936e+02
3.120000e-06	-7.482800e-06	-5.417919e-09	-5.418004e+01	-3.537633e+02
3.130000e-06	-7.532268e-06	-5.424579e-09	-5.453822e+01	-3.540574e+02
3.140000e-06	-7.578824e-06	-5.430462e-09	-5.487532e+01	-3.543396e+02
3.150000e-06	-7.622885e-06	-5.434933e-09	-5.519434e+01	-3.546652e+02
3.160000e-06	-7.664458e-06	-5.439638e-09	-5.549536e+01	-3.550499e+02
3.170000e-06	-7.703316e-06	-5.443897e-09	-5.577671e+01	-3.554603e+02
3.180000e-06	-7.739467e-06	-5.447278e-09	-5.603847e+01	-3.558320e+02
3.190000e-06	-7.772882e-06	-5.449911e-09	-5.628041e+01	-3.561053e+02
3.200000e-06	-7.803387e-06	-5.451637e-09	-5.650129e+01	-3.562583e+02
3.210000e-06	-7.830982e-06	-5.452629e-09	-5.670109e+01	-3.563189e+02
3.220000e-06	-7.855859e-06	-5.452813e-09	-5.688122e+01	-3.563502e+02
3.230000e-06	-7.877923e-06	-5.454586e-09	-5.704098e+01	-3.564167e+02
3.240000e-06	-7.897092e-06	-5.457107e-09	-5.717977e+01	-3.565498e+02
3.250000e-06	-7.913397e-06	-5.459587e-09	-5.729783e+01	-3.567329e+02
3.260000e-06	-7.926635e-06	-5.459021e-09	-5.739368e+01	-3.569125e+02
3.270000e-06	-7.936776e-06	-5.457501e-09	-5.746710e+01	-3.570295e+02
3.280000e-06	-7.943986e-06	-5.458758e-09	-5.751931e+01	-3.570527e+02
3.290000e-06	-7.948351e-06	-5.458880e-09	-5.755092e+01	-3.569951e+02
3.300000e-06	-7.950017e-06	-5.456640e-09	-5.756298e+01	-3.569050e+02
