# Temperatura_=_20.0
# Concentracion g/m^3_=_8200.0
# C_Vs_to_Am_M_A/Vsm_=_65563218390.804596
# pendiente_HvsI_1/m_=_3716.3
# ordenada_HvsI_A/m_=_1297.0
# frecuencia_Hz_=_302598.6570913765

Tiempo_(s)	Campo_(V.s)	Magnetizacion_(V.s)	Campo_(kA/m)	Magnetizacion_(A/m)
0.000000e+00	-7.915009e-06	-5.023498e-09	-5.756580e+01	-3.294034e+02
1.000000e-08	-7.912475e-06	-5.022578e-09	-5.754737e+01	-3.293869e+02
2.000000e-08	-7.907285e-06	-5.020226e-09	-5.750962e+01	-3.293501e+02
3.000000e-08	-7.899536e-06	-5.021261e-09	-5.745326e+01	-3.292651e+02
4.000000e-08	-7.889045e-06	-5.020657e-09	-5.737696e+01	-3.291094e+02
5.000000e-08	-7.875616e-06	-5.016376e-09	-5.727929e+01	-3.288804e+02
6.000000e-08	-7.859327e-06	-5.011715e-09	-5.716083e+01	-3.285992e+02
7.000000e-08	-7.840579e-06	-5.004649e-09	-5.702447e+01	-3.283035e+02
8.000000e-08	-7.819621e-06	-4.999234e-09	-5.687204e+01	-3.280303e+02
9.000000e-08	-7.796075e-06	-5.029099e-09	-5.670080e+01	-3.277988e+02
1.000000e-07	-7.769430e-06	-5.010917e-09	-5.650700e+01	-3.275993e+02
1.100000e-07	-7.739703e-06	-4.980374e-09	-5.629080e+01	-3.273957e+02
1.200000e-07	-7.707098e-06	-4.979792e-09	-5.605367e+01	-3.271384e+02
1.300000e-07	-7.671705e-06	-4.975583e-09	-5.579625e+01	-3.267835e+02
1.400000e-07	-7.633862e-06	-4.964455e-09	-5.552102e+01	-3.263094e+02
1.500000e-07	-7.593779e-06	-4.939865e-09	-5.522950e+01	-3.257224e+02
1.600000e-07	-7.551356e-06	-4.966934e-09	-5.492095e+01	-3.250521e+02
1.700000e-07	-7.506350e-06	-4.954209e-09	-5.459362e+01	-3.243366e+02
1.800000e-07	-7.458748e-06	-4.905598e-09	-5.424741e+01	-3.236081e+02
1.900000e-07	-7.408366e-06	-4.948425e-09	-5.388099e+01	-3.228816e+02
2.000000e-07	-7.354926e-06	-4.911700e-09	-5.349232e+01	-3.221548e+02
2.100000e-07	-7.298697e-06	-4.891421e-09	-5.308337e+01	-3.214145e+02
2.200000e-07	-7.239840e-06	-4.909970e-09	-5.265530e+01	-3.206476e+02
2.300000e-07	-7.178395e-06	-4.873766e-09	-5.220841e+01	-3.198489e+02
2.400000e-07	-7.114317e-06	-4.877040e-09	-5.174238e+01	-3.190233e+02
2.500000e-07	-7.047540e-06	-4.853600e-09	-5.125670e+01	-3.181812e+02
2.600000e-07	-6.978149e-06	-4.861881e-09	-5.075202e+01	-3.173310e+02
2.700000e-07	-6.906023e-06	-4.834539e-09	-5.022745e+01	-3.164723e+02
2.800000e-07	-6.831078e-06	-4.810273e-09	-4.968238e+01	-3.155945e+02
2.900000e-07	-6.753378e-06	-4.796436e-09	-4.911727e+01	-3.146806e+02
3.000000e-07	-6.672947e-06	-4.778971e-09	-4.853230e+01	-3.137139e+02
3.100000e-07	-6.590056e-06	-4.783923e-09	-4.792943e+01	-3.126848e+02
3.200000e-07	-6.504972e-06	-4.749734e-09	-4.731061e+01	-3.115926e+02
3.300000e-07	-6.417623e-06	-4.741932e-09	-4.667532e+01	-3.104433e+02
3.400000e-07	-6.327870e-06	-4.725974e-09	-4.602255e+01	-3.092440e+02
3.500000e-07	-6.235798e-06	-4.701469e-09	-4.535291e+01	-3.079983e+02
3.600000e-07	-6.141574e-06	-4.675173e-09	-4.466762e+01	-3.067038e+02
3.700000e-07	-6.045130e-06	-4.655006e-09	-4.396618e+01	-3.053544e+02
3.800000e-07	-5.946421e-06	-4.641755e-09	-4.324827e+01	-3.039445e+02
3.900000e-07	-5.845597e-06	-4.613148e-09	-4.251498e+01	-3.024728e+02
4.000000e-07	-5.742718e-06	-4.585001e-09	-4.176675e+01	-3.009435e+02
4.100000e-07	-5.637815e-06	-4.555186e-09	-4.100379e+01	-2.993636e+02
4.200000e-07	-5.530870e-06	-4.538736e-09	-4.022597e+01	-2.977380e+02
4.300000e-07	-5.421947e-06	-4.509557e-09	-3.943378e+01	-2.960659e+02
4.400000e-07	-5.311090e-06	-4.479675e-09	-3.862752e+01	-2.943393e+02
4.500000e-07	-5.198240e-06	-4.459787e-09	-3.780676e+01	-2.925464e+02
4.600000e-07	-5.083320e-06	-4.441728e-09	-3.697095e+01	-2.906765e+02
4.700000e-07	-4.966408e-06	-4.403018e-09	-3.612064e+01	-2.887244e+02
4.800000e-07	-4.847776e-06	-4.362578e-09	-3.525784e+01	-2.866920e+02
4.900000e-07	-4.727403e-06	-4.336755e-09	-3.438237e+01	-2.845859e+02
5.000000e-07	-4.605215e-06	-4.303886e-09	-3.349369e+01	-2.824119e+02
5.100000e-07	-4.481313e-06	-4.260083e-09	-3.259255e+01	-2.801701e+02
5.200000e-07	-4.355802e-06	-4.219688e-09	-3.167972e+01	-2.778533e+02
5.300000e-07	-4.228738e-06	-4.194568e-09	-3.075558e+01	-2.754484e+02
5.400000e-07	-4.100147e-06	-4.156089e-09	-2.982034e+01	-2.729417e+02
5.500000e-07	-3.970034e-06	-4.107922e-09	-2.887403e+01	-2.703231e+02
5.600000e-07	-3.838356e-06	-4.065071e-09	-2.791634e+01	-2.675879e+02
5.700000e-07	-3.705145e-06	-4.027427e-09	-2.694749e+01	-2.647352e+02
5.800000e-07	-3.570533e-06	-3.978191e-09	-2.596846e+01	-2.617624e+02
5.900000e-07	-3.434593e-06	-3.923603e-09	-2.497977e+01	-2.586613e+02
6.000000e-07	-3.297393e-06	-3.876219e-09	-2.398192e+01	-2.554170e+02
6.100000e-07	-3.158856e-06	-3.824664e-09	-2.297434e+01	-2.520109e+02
6.200000e-07	-3.018848e-06	-3.764635e-09	-2.195606e+01	-2.484271e+02
6.300000e-07	-2.877588e-06	-3.702487e-09	-2.092867e+01	-2.446579e+02
6.400000e-07	-2.735266e-06	-3.646927e-09	-1.989357e+01	-2.407060e+02
6.500000e-07	-2.591908e-06	-3.585473e-09	-1.885092e+01	-2.365803e+02
6.600000e-07	-2.447579e-06	-3.519768e-09	-1.780123e+01	-2.322877e+02
6.700000e-07	-2.302257e-06	-3.453454e-09	-1.674430e+01	-2.278244e+02
6.800000e-07	-2.156104e-06	-3.384502e-09	-1.568132e+01	-2.231708e+02
6.900000e-07	-2.009333e-06	-3.308686e-09	-1.461387e+01	-2.182922e+02
7.000000e-07	-1.861922e-06	-3.226599e-09	-1.354174e+01	-2.131450e+02
7.100000e-07	-1.713981e-06	-3.143653e-09	-1.246577e+01	-2.076860e+02
7.200000e-07	-1.565557e-06	-3.055265e-09	-1.138628e+01	-2.018773e+02
7.300000e-07	-1.416620e-06	-2.960768e-09	-1.030307e+01	-1.956876e+02
7.400000e-07	-1.267283e-06	-2.858981e-09	-9.216936e+00	-1.890867e+02
7.500000e-07	-1.117521e-06	-2.749624e-09	-8.127723e+00	-1.820382e+02
7.600000e-07	-9.673434e-07	-2.631722e-09	-7.035481e+00	-1.744954e+02
7.700000e-07	-8.168505e-07	-2.506584e-09	-5.940947e+00	-1.664010e+02
7.800000e-07	-6.660917e-07	-2.375827e-09	-4.844480e+00	-1.576917e+02
7.900000e-07	-5.150619e-07	-2.236087e-09	-3.746041e+00	-1.483034e+02
8.000000e-07	-3.638230e-07	-2.082280e-09	-2.646082e+00	-1.381700e+02
8.100000e-07	-2.124474e-07	-1.913891e-09	-1.545128e+00	-1.272145e+02
8.200000e-07	-6.098952e-08	-1.730580e-09	-4.435763e-01	-1.153355e+02
8.300000e-07	9.051490e-08	-1.531631e-09	6.583142e-01	-1.023948e+02
8.400000e-07	2.420389e-07	-1.315835e-09	1.760347e+00	-8.822101e+01
8.500000e-07	3.935049e-07	-1.077388e-09	2.861958e+00	-7.263381e+01
8.600000e-07	5.448847e-07	-8.178008e-10	3.962942e+00	-5.549274e+01
8.700000e-07	6.961488e-07	-5.359497e-10	5.063085e+00	-3.675856e+01
8.800000e-07	8.471945e-07	-2.312340e-10	6.161639e+00	-1.654945e+01
8.900000e-07	9.979699e-07	9.377388e-11	7.258228e+00	4.829034e+00
9.000000e-07	1.148357e-06	4.324585e-10	8.351988e+00	2.689598e+01
9.100000e-07	1.298312e-06	7.711033e-10	9.442611e+00	4.905203e+01
9.200000e-07	1.447869e-06	1.101043e-09	1.053034e+01	7.066952e+01
9.300000e-07	1.596985e-06	1.412726e-09	1.161486e+01	9.119236e+01
9.400000e-07	1.745598e-06	1.699732e-09	1.269572e+01	1.102184e+02
9.500000e-07	1.893576e-06	1.960485e-09	1.377196e+01	1.275424e+02
9.600000e-07	2.040821e-06	2.196294e-09	1.484288e+01	1.431515e+02
9.700000e-07	2.187285e-06	2.408174e-09	1.590811e+01	1.571786e+02
9.800000e-07	2.332928e-06	2.598522e-09	1.696737e+01	1.698336e+02
9.900000e-07	2.477651e-06	2.770740e-09	1.801994e+01	1.813352e+02
1.000000e-06	2.621417e-06	2.927163e-09	1.906555e+01	1.918615e+02
1.010000e-06	2.764168e-06	3.072939e-09	2.010377e+01	2.015309e+02
1.020000e-06	2.905859e-06	3.209329e-09	2.113429e+01	2.104094e+02
1.030000e-06	3.046460e-06	3.335399e-09	2.215688e+01	2.185349e+02
1.040000e-06	3.185770e-06	3.449984e-09	2.317008e+01	2.259437e+02
1.050000e-06	3.323717e-06	3.553053e-09	2.417337e+01	2.326894e+02
1.060000e-06	3.460349e-06	3.646659e-09	2.516709e+01	2.388475e+02
1.070000e-06	3.595684e-06	3.729614e-09	2.615138e+01	2.445087e+02
1.080000e-06	3.729747e-06	3.806623e-09	2.712642e+01	2.497655e+02
1.090000e-06	3.862523e-06	3.881614e-09	2.809210e+01	2.546983e+02
1.100000e-06	3.993967e-06	3.953704e-09	2.904809e+01	2.593661e+02
1.110000e-06	4.123903e-06	4.022356e-09	2.999311e+01	2.638034e+02
1.120000e-06	4.252366e-06	4.087500e-09	3.092743e+01	2.680223e+02
1.130000e-06	4.379408e-06	4.148393e-09	3.185140e+01	2.720185e+02
1.140000e-06	4.504962e-06	4.204864e-09	3.276456e+01	2.757789e+02
1.150000e-06	4.629035e-06	4.257182e-09	3.366693e+01	2.792913e+02
1.160000e-06	4.751409e-06	4.305832e-09	3.455696e+01	2.825521e+02
1.170000e-06	4.872023e-06	4.349744e-09	3.543418e+01	2.855721e+02
1.180000e-06	4.990956e-06	4.387848e-09	3.629919e+01	2.883783e+02
1.190000e-06	5.108071e-06	4.423876e-09	3.715096e+01	2.910091e+02
1.200000e-06	5.223187e-06	4.460677e-09	3.798820e+01	2.935047e+02
1.210000e-06	5.336280e-06	4.499211e-09	3.881072e+01	2.958953e+02
1.220000e-06	5.447383e-06	4.535993e-09	3.961878e+01	2.981918e+02
1.230000e-06	5.556570e-06	4.569303e-09	4.041289e+01	3.003832e+02
1.240000e-06	5.663795e-06	4.596784e-09	4.119274e+01	3.024430e+02
1.250000e-06	5.768928e-06	4.620758e-09	4.195737e+01	3.043428e+02
1.260000e-06	5.871940e-06	4.644472e-09	4.270657e+01	3.060675e+02
1.270000e-06	5.972831e-06	4.666919e-09	4.344036e+01	3.076252e+02
1.280000e-06	6.071484e-06	4.686806e-09	4.415786e+01	3.090479e+02
1.290000e-06	6.167800e-06	4.705676e-09	4.485836e+01	3.103805e+02
1.300000e-06	6.261914e-06	4.727280e-09	4.554285e+01	3.116646e+02
1.310000e-06	6.353833e-06	4.747692e-09	4.621138e+01	3.129234e+02
1.320000e-06	6.443436e-06	4.766802e-09	4.686306e+01	3.141546e+02
1.330000e-06	6.530677e-06	4.786017e-09	4.749756e+01	3.153355e+02
1.340000e-06	6.615705e-06	4.803313e-09	4.811597e+01	3.164377e+02
1.350000e-06	6.698476e-06	4.818329e-09	4.871797e+01	3.174438e+02
1.360000e-06	6.778780e-06	4.831538e-09	4.930201e+01	3.183584e+02
1.370000e-06	6.856603e-06	4.845238e-09	4.986802e+01	3.192081e+02
1.380000e-06	6.931762e-06	4.857953e-09	5.041465e+01	3.200291e+02
1.390000e-06	7.004209e-06	4.870084e-09	5.094156e+01	3.208505e+02
1.400000e-06	7.074181e-06	4.883163e-09	5.145046e+01	3.216797e+02
1.410000e-06	7.141679e-06	4.896232e-09	5.194138e+01	3.224982e+02
1.420000e-06	7.206574e-06	4.909169e-09	5.241336e+01	3.232709e+02
1.430000e-06	7.268978e-06	4.921150e-09	5.286722e+01	3.239635e+02
1.440000e-06	7.328950e-06	4.932076e-09	5.330340e+01	3.245597e+02
1.450000e-06	7.386300e-06	4.940849e-09	5.372050e+01	3.250712e+02
1.460000e-06	7.441021e-06	4.946197e-09	5.411849e+01	3.255328e+02
1.470000e-06	7.492889e-06	4.951409e-09	5.449572e+01	3.259873e+02
1.480000e-06	7.541648e-06	4.957835e-09	5.485035e+01	3.264657e+02
1.490000e-06	7.587579e-06	4.965254e-09	5.518441e+01	3.269728e+02
1.500000e-06	7.630915e-06	4.973935e-09	5.549959e+01	3.274856e+02
1.510000e-06	7.671531e-06	4.982536e-09	5.579499e+01	3.279645e+02
1.520000e-06	7.709402e-06	4.991210e-09	5.607043e+01	3.283725e+02
1.530000e-06	7.744623e-06	4.998367e-09	5.632658e+01	3.286927e+02
1.540000e-06	7.777064e-06	5.003853e-09	5.656253e+01	3.289354e+02
1.550000e-06	7.806748e-06	5.009094e-09	5.677842e+01	3.291332e+02
1.560000e-06	7.833635e-06	5.014101e-09	5.697397e+01	3.293240e+02
1.570000e-06	7.857530e-06	5.017739e-09	5.714776e+01	3.295337e+02
1.580000e-06	7.878645e-06	5.019634e-09	5.730133e+01	3.297644e+02
1.590000e-06	7.897093e-06	5.022138e-09	5.743550e+01	3.299952e+02
1.600000e-06	7.912606e-06	5.026307e-09	5.754832e+01	3.301943e+02
1.610000e-06	7.925048e-06	5.031545e-09	5.763881e+01	3.303351e+02
1.620000e-06	7.934359e-06	5.035292e-09	5.770653e+01	3.304095e+02
1.630000e-06	7.940714e-06	5.037806e-09	5.775275e+01	3.304301e+02
1.640000e-06	7.944334e-06	5.040027e-09	5.777908e+01	3.304219e+02
1.650000e-06	7.945115e-06	5.042754e-09	5.778476e+01	3.304071e+02
1.660000e-06	7.943161e-06	5.039374e-09	5.777055e+01	3.303920e+02
1.670000e-06	7.938613e-06	5.039298e-09	5.773747e+01	3.303628e+02
1.680000e-06	7.931376e-06	5.037245e-09	5.768484e+01	3.302923e+02
1.690000e-06	7.921494e-06	5.033902e-09	5.761297e+01	3.301555e+02
1.700000e-06	7.908833e-06	5.032596e-09	5.752088e+01	3.299437e+02
1.710000e-06	7.893387e-06	5.032941e-09	5.740855e+01	3.296724e+02
1.720000e-06	7.875477e-06	5.037728e-09	5.727829e+01	3.293764e+02
1.730000e-06	7.855301e-06	5.020506e-09	5.713154e+01	3.290948e+02
1.740000e-06	7.832462e-06	4.986108e-09	5.696543e+01	3.288525e+02
1.750000e-06	7.806308e-06	5.011534e-09	5.677522e+01	3.286475e+02
1.760000e-06	7.776555e-06	5.015790e-09	5.655883e+01	3.284494e+02
1.770000e-06	7.743631e-06	4.999837e-09	5.631937e+01	3.282101e+02
1.780000e-06	7.708356e-06	5.005305e-09	5.606282e+01	3.278827e+02
1.790000e-06	7.670774e-06	5.043998e-09	5.578948e+01	3.274388e+02
1.800000e-06	7.630970e-06	4.984230e-09	5.549998e+01	3.268779e+02
1.810000e-06	7.589205e-06	4.959495e-09	5.519623e+01	3.262248e+02
1.820000e-06	7.545022e-06	5.012450e-09	5.487489e+01	3.255172e+02
1.830000e-06	7.498126e-06	4.915260e-09	5.453381e+01	3.247897e+02
1.840000e-06	7.448485e-06	4.960310e-09	5.417278e+01	3.240622e+02
1.850000e-06	7.395834e-06	4.918517e-09	5.378985e+01	3.233365e+02
1.860000e-06	7.340337e-06	4.881039e-09	5.338622e+01	3.226009e+02
1.870000e-06	7.282210e-06	4.926978e-09	5.296346e+01	3.218415e+02
1.880000e-06	7.221483e-06	4.857243e-09	5.252179e+01	3.210506e+02
1.890000e-06	7.158043e-06	4.893324e-09	5.206039e+01	3.202308e+02
1.900000e-06	7.091776e-06	4.845017e-09	5.157843e+01	3.193918e+02
1.910000e-06	7.022791e-06	4.832212e-09	5.107670e+01	3.185432e+02
1.920000e-06	6.951017e-06	4.839006e-09	5.055469e+01	3.176873e+02
1.930000e-06	6.876567e-06	4.813084e-09	5.001322e+01	3.168156e+02
1.940000e-06	6.799430e-06	4.840341e-09	4.945220e+01	3.159123e+02
1.950000e-06	6.719606e-06	4.779945e-09	4.887164e+01	3.149601e+02
1.960000e-06	6.637320e-06	4.780865e-09	4.827318e+01	3.139470e+02
1.970000e-06	6.552576e-06	4.749608e-09	4.765684e+01	3.128701e+02
1.980000e-06	6.465312e-06	4.726064e-09	4.702217e+01	3.117343e+02
1.990000e-06	6.375676e-06	4.727346e-09	4.637024e+01	3.105469e+02
2.000000e-06	6.283922e-06	4.706618e-09	4.570292e+01	3.093128e+02
2.010000e-06	6.189973e-06	4.705741e-09	4.501963e+01	3.080309e+02
2.020000e-06	6.093768e-06	4.659904e-09	4.431993e+01	3.066959e+02
2.030000e-06	5.995396e-06	4.643905e-09	4.360447e+01	3.053014e+02
2.040000e-06	5.894932e-06	4.623192e-09	4.287380e+01	3.038449e+02
2.050000e-06	5.792331e-06	4.616072e-09	4.212758e+01	3.023293e+02
2.060000e-06	5.687602e-06	4.585455e-09	4.136588e+01	3.007614e+02
2.070000e-06	5.580972e-06	4.558935e-09	4.059037e+01	2.991470e+02
2.080000e-06	5.472502e-06	4.542230e-09	3.980147e+01	2.974869e+02
2.090000e-06	5.362066e-06	4.506568e-09	3.899827e+01	2.957750e+02
2.100000e-06	5.249601e-06	4.472113e-09	3.818031e+01	2.939998e+02
2.110000e-06	5.135172e-06	4.443882e-09	3.734807e+01	2.921498e+02
2.120000e-06	5.018777e-06	4.430282e-09	3.650152e+01	2.902183e+02
2.130000e-06	4.900343e-06	4.394662e-09	3.564016e+01	2.882054e+02
2.140000e-06	4.779991e-06	4.364462e-09	3.476484e+01	2.861171e+02
2.150000e-06	4.657928e-06	4.336731e-09	3.387707e+01	2.839597e+02
2.160000e-06	4.534231e-06	4.306366e-09	3.297743e+01	2.817352e+02
2.170000e-06	4.408920e-06	4.258066e-09	3.206604e+01	2.794381e+02
2.180000e-06	4.281960e-06	4.222590e-09	3.114267e+01	2.770566e+02
2.190000e-06	4.153377e-06	4.195517e-09	3.020748e+01	2.745765e+02
2.200000e-06	4.023296e-06	4.160046e-09	2.926140e+01	2.719864e+02
2.210000e-06	3.891744e-06	4.116359e-09	2.830462e+01	2.692805e+02
2.220000e-06	3.758798e-06	4.076686e-09	2.733771e+01	2.664572e+02
2.230000e-06	3.624406e-06	4.036183e-09	2.636028e+01	2.635149e+02
2.240000e-06	3.488507e-06	3.981193e-09	2.537189e+01	2.604470e+02
2.250000e-06	3.351307e-06	3.930096e-09	2.437403e+01	2.572402e+02
2.260000e-06	3.212927e-06	3.884135e-09	2.336760e+01	2.538762e+02
2.270000e-06	3.073274e-06	3.837108e-09	2.235190e+01	2.503379e+02
2.280000e-06	2.932353e-06	3.777877e-09	2.132698e+01	2.466151e+02
2.290000e-06	2.790322e-06	3.718900e-09	2.029399e+01	2.427082e+02
2.300000e-06	2.647156e-06	3.657313e-09	1.925275e+01	2.386249e+02
2.310000e-06	2.502906e-06	3.590414e-09	1.820362e+01	2.343738e+02
2.320000e-06	2.357870e-06	3.520503e-09	1.714877e+01	2.299544e+02
2.330000e-06	2.212185e-06	3.453493e-09	1.608920e+01	2.253511e+02
2.340000e-06	2.065759e-06	3.383492e-09	1.502425e+01	2.205325e+02
2.350000e-06	1.918623e-06	3.305521e-09	1.395413e+01	2.154567e+02
2.360000e-06	1.770891e-06	3.222747e-09	1.287968e+01	2.100794e+02
2.370000e-06	1.622606e-06	3.135566e-09	1.180120e+01	2.043612e+02
2.380000e-06	1.473819e-06	3.042135e-09	1.071908e+01	1.982695e+02
2.390000e-06	1.324574e-06	2.943475e-09	9.633620e+00	1.917743e+02
2.400000e-06	1.174908e-06	2.840465e-09	8.545094e+00	1.848416e+02
2.410000e-06	1.024889e-06	2.729764e-09	7.454006e+00	1.774274e+02
2.420000e-06	8.745376e-07	2.611296e-09	6.360505e+00	1.694766e+02
2.430000e-06	7.238874e-07	2.480262e-09	5.264828e+00	1.609271e+02
2.440000e-06	5.729550e-07	2.338829e-09	4.167097e+00	1.517146e+02
2.450000e-06	4.217937e-07	2.187176e-09	3.067703e+00	1.417739e+02
2.460000e-06	2.704408e-07	2.023802e-09	1.966914e+00	1.310322e+02
2.470000e-06	1.188914e-07	1.846028e-09	8.646964e-01	1.193954e+02
2.480000e-06	-3.276370e-08	1.651741e-09	-2.382902e-01	1.067352e+02
2.490000e-06	-1.844245e-07	1.440845e-09	-1.341318e+00	9.288682e+01
2.500000e-06	-3.360279e-07	1.210349e-09	-2.443929e+00	7.766864e+01
2.510000e-06	-4.875408e-07	9.560768e-10	-3.545881e+00	6.092471e+01
2.520000e-06	-6.388530e-07	6.757706e-10	-4.646373e+00	4.258462e+01
2.530000e-06	-7.898615e-07	3.734835e-10	-5.744657e+00	2.272303e+01
2.540000e-06	-9.405873e-07	5.053829e-11	-6.840884e+00	1.597965e+00
2.550000e-06	-1.090966e-06	-2.879908e-10	-7.934585e+00	-2.034983e+01
2.560000e-06	-1.240927e-06	-6.301798e-10	-9.025252e+00	-4.254311e+01
2.570000e-06	-1.390470e-06	-9.652280e-10	-1.011288e+01	-6.435184e+01
2.580000e-06	-1.539541e-06	-1.281963e-09	-1.119707e+01	-8.519320e+01
2.590000e-06	-1.688098e-06	-1.576672e-09	-1.227752e+01	-1.046207e+02
2.600000e-06	-1.836078e-06	-1.848697e-09	-1.335378e+01	-1.223785e+02
2.610000e-06	-1.983387e-06	-2.094565e-09	-1.442516e+01	-1.384085e+02
2.620000e-06	-2.129963e-06	-2.317470e-09	-1.549121e+01	-1.528132e+02
2.630000e-06	-2.275733e-06	-2.520959e-09	-1.655139e+01	-1.657901e+02
2.640000e-06	-2.420700e-06	-2.704330e-09	-1.760573e+01	-1.775612e+02
2.650000e-06	-2.564790e-06	-2.870359e-09	-1.865370e+01	-1.883179e+02
2.660000e-06	-2.707737e-06	-3.021300e-09	-1.969335e+01	-1.981936e+02
2.670000e-06	-2.849485e-06	-3.157780e-09	-2.072428e+01	-2.072657e+02
2.680000e-06	-2.990058e-06	-3.282038e-09	-2.174667e+01	-2.155764e+02
2.690000e-06	-3.129429e-06	-3.395973e-09	-2.276031e+01	-2.231603e+02
2.700000e-06	-3.267613e-06	-3.502191e-09	-2.376533e+01	-2.300656e+02
2.710000e-06	-3.404594e-06	-3.600744e-09	-2.476159e+01	-2.363625e+02
2.720000e-06	-3.540339e-06	-3.689652e-09	-2.574886e+01	-2.421392e+02
2.730000e-06	-3.674717e-06	-3.770206e-09	-2.672619e+01	-2.474889e+02
2.740000e-06	-3.807757e-06	-3.847379e-09	-2.769379e+01	-2.524962e+02
2.750000e-06	-3.939483e-06	-3.921796e-09	-2.865183e+01	-2.572261e+02
2.760000e-06	-4.069782e-06	-3.991000e-09	-2.959950e+01	-2.617192e+02
2.770000e-06	-4.198743e-06	-4.055397e-09	-3.053743e+01	-2.659926e+02
2.780000e-06	-4.326299e-06	-4.117847e-09	-3.146514e+01	-2.700455e+02
2.790000e-06	-4.452278e-06	-4.178223e-09	-3.238138e+01	-2.738662e+02
2.800000e-06	-4.576728e-06	-4.233218e-09	-3.328651e+01	-2.774415e+02
2.810000e-06	-4.699600e-06	-4.284910e-09	-3.418015e+01	-2.807648e+02
2.820000e-06	-4.820818e-06	-4.335361e-09	-3.506177e+01	-2.838432e+02
2.830000e-06	-4.940215e-06	-4.383185e-09	-3.593015e+01	-2.866996e+02
2.840000e-06	-5.057597e-06	-4.426250e-09	-3.678386e+01	-2.893704e+02
2.850000e-06	-5.173030e-06	-4.466088e-09	-3.762341e+01	-2.918964e+02
2.860000e-06	-5.286352e-06	-4.503926e-09	-3.844759e+01	-2.943114e+02
2.870000e-06	-5.397464e-06	-4.539816e-09	-3.925572e+01	-2.966317e+02
2.880000e-06	-5.506599e-06	-4.574989e-09	-4.004945e+01	-2.988515e+02
2.890000e-06	-5.613895e-06	-4.609564e-09	-4.082981e+01	-3.009471e+02
2.900000e-06	-5.719331e-06	-4.641795e-09	-4.159665e+01	-3.028891e+02
2.910000e-06	-5.822669e-06	-4.670876e-09	-4.234823e+01	-3.046578e+02
2.920000e-06	-5.923790e-06	-4.697292e-09	-4.308368e+01	-3.062552e+02
2.930000e-06	-6.022777e-06	-4.720588e-09	-4.380361e+01	-3.077077e+02
2.940000e-06	-6.119670e-06	-4.741748e-09	-4.450831e+01	-3.090585e+02
2.950000e-06	-6.214312e-06	-4.762272e-09	-4.519664e+01	-3.103517e+02
2.960000e-06	-6.306693e-06	-4.782669e-09	-4.586853e+01	-3.116161e+02
2.970000e-06	-6.396885e-06	-4.800647e-09	-4.652450e+01	-3.128557e+02
2.980000e-06	-6.484745e-06	-4.817532e-09	-4.716350e+01	-3.140520e+02
2.990000e-06	-6.570156e-06	-4.834352e-09	-4.778470e+01	-3.151762e+02
3.000000e-06	-6.653204e-06	-4.848725e-09	-4.838870e+01	-3.162069e+02
3.010000e-06	-6.733950e-06	-4.862598e-09	-4.897597e+01	-3.171427e+02
3.020000e-06	-6.812122e-06	-4.877023e-09	-4.954451e+01	-3.180053e+02
3.030000e-06	-6.887618e-06	-4.890906e-09	-5.009360e+01	-3.188302e+02
3.040000e-06	-6.960588e-06	-4.904843e-09	-5.062430e+01	-3.196499e+02
3.050000e-06	-7.031029e-06	-4.915983e-09	-5.113662e+01	-3.204780e+02
3.060000e-06	-7.098888e-06	-4.924664e-09	-5.163016e+01	-3.213021e+02
3.070000e-06	-7.164256e-06	-4.934581e-09	-5.210558e+01	-3.220899e+02
3.080000e-06	-7.227105e-06	-4.945560e-09	-5.256268e+01	-3.228050e+02
3.090000e-06	-7.287380e-06	-4.955162e-09	-5.300106e+01	-3.234254e+02
3.100000e-06	-7.345133e-06	-4.962242e-09	-5.342109e+01	-3.239555e+02
3.110000e-06	-7.400225e-06	-4.968853e-09	-5.382178e+01	-3.244256e+02
3.120000e-06	-7.452444e-06	-4.975784e-09	-5.420157e+01	-3.248782e+02
3.130000e-06	-7.501557e-06	-4.983613e-09	-5.455876e+01	-3.253491e+02
3.140000e-06	-7.547758e-06	-4.991360e-09	-5.489478e+01	-3.258502e+02
3.150000e-06	-7.591510e-06	-4.998924e-09	-5.521300e+01	-3.263650e+02
3.160000e-06	-7.632815e-06	-5.005672e-09	-5.551341e+01	-3.268563e+02
3.170000e-06	-7.671407e-06	-5.009357e-09	-5.579409e+01	-3.272848e+02
3.180000e-06	-7.707211e-06	-5.012804e-09	-5.605448e+01	-3.276270e+02
3.190000e-06	-7.740340e-06	-5.014734e-09	-5.629543e+01	-3.278867e+02
3.200000e-06	-7.770681e-06	-5.015173e-09	-5.651610e+01	-3.280921e+02
3.210000e-06	-7.798102e-06	-5.015607e-09	-5.671554e+01	-3.282815e+02
3.220000e-06	-7.822688e-06	-5.017338e-09	-5.689435e+01	-3.284853e+02
3.230000e-06	-7.844411e-06	-5.020159e-09	-5.705234e+01	-3.287120e+02
3.240000e-06	-7.863350e-06	-5.023812e-09	-5.719008e+01	-3.289457e+02
3.250000e-06	-7.879473e-06	-5.027777e-09	-5.730735e+01	-3.291557e+02
3.260000e-06	-7.892511e-06	-5.028889e-09	-5.740218e+01	-3.293128e+02
3.270000e-06	-7.902547e-06	-5.026945e-09	-5.747516e+01	-3.294033e+02
3.280000e-06	-7.909665e-06	-5.025352e-09	-5.752693e+01	-3.294353e+02
3.290000e-06	-7.913919e-06	-5.025315e-09	-5.755787e+01	-3.294319e+02
3.300000e-06	-7.915473e-06	-5.023701e-09	-5.756918e+01	-3.294174e+02
