# Temperatura_=_20.0
# Concentracion g/m^3_=_8200.0
# C_Vs_to_Am_M_A/Vsm_=_65563218390.804596
# pendiente_HvsI_1/m_=_3716.3
# ordenada_HvsI_A/m_=_1297.0
# frecuencia_Hz_=_302604.5045994088

Tiempo_(s)	Campo_(V.s)	Magnetizacion_(V.s)	Campo_(kA/m)	Magnetizacion_(A/m)
0.000000e+00	-7.932446e-06	-4.472175e-09	-5.756731e+01	-2.908187e+02
1.000000e-08	-7.930155e-06	-4.466022e-09	-5.755068e+01	-2.907579e+02
2.000000e-08	-7.925172e-06	-4.464234e-09	-5.751452e+01	-2.907403e+02
3.000000e-08	-7.917617e-06	-4.467874e-09	-5.745969e+01	-2.907393e+02
4.000000e-08	-7.907330e-06	-4.467508e-09	-5.738504e+01	-2.907103e+02
5.000000e-08	-7.894174e-06	-4.461829e-09	-5.728956e+01	-2.906076e+02
6.000000e-08	-7.878137e-06	-4.458405e-09	-5.717318e+01	-2.904020e+02
7.000000e-08	-7.859510e-06	-4.453142e-09	-5.703799e+01	-2.900913e+02
8.000000e-08	-7.838629e-06	-4.446596e-09	-5.688646e+01	-2.897019e+02
9.000000e-08	-7.815221e-06	-4.444317e-09	-5.671658e+01	-2.892800e+02
1.000000e-07	-7.788758e-06	-4.420130e-09	-5.652454e+01	-2.888756e+02
1.100000e-07	-7.759116e-06	-4.421847e-09	-5.630942e+01	-2.885247e+02
1.200000e-07	-7.726568e-06	-4.424884e-09	-5.607321e+01	-2.882354e+02
1.300000e-07	-7.691257e-06	-4.407210e-09	-5.581695e+01	-2.879843e+02
1.400000e-07	-7.653444e-06	-4.411137e-09	-5.554254e+01	-2.877236e+02
1.500000e-07	-7.613410e-06	-4.428358e-09	-5.525200e+01	-2.873991e+02
1.600000e-07	-7.571065e-06	-4.437226e-09	-5.494469e+01	-2.869717e+02
1.700000e-07	-7.526199e-06	-4.358221e-09	-5.461909e+01	-2.864347e+02
1.800000e-07	-7.478675e-06	-4.342196e-09	-5.427420e+01	-2.858193e+02
1.900000e-07	-7.428307e-06	-4.386841e-09	-5.390868e+01	-2.851844e+02
2.000000e-07	-7.375047e-06	-4.325789e-09	-5.352215e+01	-2.845935e+02
2.100000e-07	-7.318979e-06	-4.340536e-09	-5.311526e+01	-2.840870e+02
2.200000e-07	-7.260205e-06	-4.384228e-09	-5.268872e+01	-2.836618e+02
2.300000e-07	-7.198879e-06	-4.368576e-09	-5.224367e+01	-2.832674e+02
2.400000e-07	-7.134939e-06	-4.330500e-09	-5.177964e+01	-2.828219e+02
2.500000e-07	-7.068251e-06	-4.297940e-09	-5.129568e+01	-2.822430e+02
2.600000e-07	-6.998856e-06	-4.317608e-09	-5.079207e+01	-2.814821e+02
2.700000e-07	-6.926738e-06	-4.278701e-09	-5.026869e+01	-2.805453e+02
2.800000e-07	-6.851822e-06	-4.244029e-09	-4.972501e+01	-2.794932e+02
2.900000e-07	-6.774178e-06	-4.245212e-09	-4.916153e+01	-2.784171e+02
3.000000e-07	-6.693831e-06	-4.252343e-09	-4.857844e+01	-2.774012e+02
3.100000e-07	-6.611015e-06	-4.235524e-09	-4.797743e+01	-2.764879e+02
3.200000e-07	-6.525976e-06	-4.188238e-09	-4.736028e+01	-2.756603e+02
3.300000e-07	-6.438604e-06	-4.183890e-09	-4.672621e+01	-2.748506e+02
3.400000e-07	-6.348844e-06	-4.171131e-09	-4.607480e+01	-2.739708e+02
3.500000e-07	-6.256803e-06	-4.154685e-09	-4.540684e+01	-2.729519e+02
3.600000e-07	-6.162561e-06	-4.138994e-09	-4.472291e+01	-2.717735e+02
3.700000e-07	-6.066018e-06	-4.128420e-09	-4.402228e+01	-2.704711e+02
3.800000e-07	-5.967180e-06	-4.114254e-09	-4.330499e+01	-2.691170e+02
3.900000e-07	-5.866229e-06	-4.082418e-09	-4.257237e+01	-2.677854e+02
4.000000e-07	-5.763206e-06	-4.051036e-09	-4.182471e+01	-2.665181e+02
4.100000e-07	-5.658139e-06	-4.023350e-09	-4.106222e+01	-2.653058e+02
4.200000e-07	-5.551046e-06	-4.018136e-09	-4.028502e+01	-2.640953e+02
4.300000e-07	-5.441998e-06	-4.001090e-09	-3.949364e+01	-2.628162e+02
4.400000e-07	-5.331076e-06	-3.972553e-09	-3.868866e+01	-2.614154e+02
4.500000e-07	-5.218158e-06	-3.947573e-09	-3.786919e+01	-2.598804e+02
4.600000e-07	-5.103162e-06	-3.931215e-09	-3.703464e+01	-2.582415e+02
4.700000e-07	-4.986250e-06	-3.900668e-09	-3.618619e+01	-2.565524e+02
4.800000e-07	-4.867539e-06	-3.864050e-09	-3.532468e+01	-2.548601e+02
4.900000e-07	-4.746976e-06	-3.845149e-09	-3.444973e+01	-2.531793e+02
5.000000e-07	-4.624678e-06	-3.825985e-09	-3.356219e+01	-2.514860e+02
5.100000e-07	-4.500747e-06	-3.789323e-09	-3.266280e+01	-2.497312e+02
5.200000e-07	-4.375183e-06	-3.747622e-09	-3.175155e+01	-2.478683e+02
5.300000e-07	-4.247992e-06	-3.724093e-09	-3.082850e+01	-2.458787e+02
5.400000e-07	-4.119219e-06	-3.695139e-09	-2.989397e+01	-2.437810e+02
5.500000e-07	-3.988940e-06	-3.655526e-09	-2.894851e+01	-2.416194e+02
5.600000e-07	-3.857088e-06	-3.618904e-09	-2.799164e+01	-2.394370e+02
5.700000e-07	-3.723703e-06	-3.592927e-09	-2.702364e+01	-2.372485e+02
5.800000e-07	-3.588932e-06	-3.560503e-09	-2.604558e+01	-2.350275e+02
5.900000e-07	-3.452832e-06	-3.516737e-09	-2.505787e+01	-2.327156e+02
6.000000e-07	-3.315450e-06	-3.475610e-09	-2.406087e+01	-2.302493e+02
6.100000e-07	-3.176775e-06	-3.435735e-09	-2.305447e+01	-2.275900e+02
6.200000e-07	-3.036669e-06	-3.390969e-09	-2.203770e+01	-2.247411e+02
6.300000e-07	-2.895187e-06	-3.342358e-09	-2.101094e+01	-2.217421e+02
6.400000e-07	-2.752579e-06	-3.299286e-09	-1.997600e+01	-2.186431e+02
6.500000e-07	-2.608951e-06	-3.251761e-09	-1.893367e+01	-2.154722e+02
6.600000e-07	-2.464362e-06	-3.196146e-09	-1.788435e+01	-2.122148e+02
6.700000e-07	-2.318913e-06	-3.136741e-09	-1.682880e+01	-2.088166e+02
6.800000e-07	-2.172668e-06	-3.080367e-09	-1.576748e+01	-2.052094e+02
6.900000e-07	-2.025677e-06	-3.025714e-09	-1.470073e+01	-2.013448e+02
7.000000e-07	-1.878041e-06	-2.965835e-09	-1.362931e+01	-1.972177e+02
7.100000e-07	-1.729829e-06	-2.901551e-09	-1.255370e+01	-1.928625e+02
7.200000e-07	-1.581114e-06	-2.832485e-09	-1.147446e+01	-1.883210e+02
7.300000e-07	-1.431948e-06	-2.758597e-09	-1.039192e+01	-1.835986e+02
7.400000e-07	-1.282290e-06	-2.677575e-09	-9.305831e+00	-1.786310e+02
7.500000e-07	-1.132188e-06	-2.592072e-09	-8.216509e+00	-1.732836e+02
7.600000e-07	-9.816979e-07	-2.501376e-09	-7.124373e+00	-1.673871e+02
7.700000e-07	-8.308131e-07	-2.402813e-09	-6.029373e+00	-1.607948e+02
7.800000e-07	-6.796113e-07	-2.294410e-09	-4.932072e+00	-1.534279e+02
7.900000e-07	-5.282038e-07	-2.175617e-09	-3.833278e+00	-1.452803e+02
8.000000e-07	-3.766115e-07	-2.042214e-09	-2.733143e+00	-1.363673e+02
8.100000e-07	-2.248773e-07	-1.889533e-09	-1.631978e+00	-1.266335e+02
8.200000e-07	-7.304769e-08	-1.722168e-09	-5.301213e-01	-1.158620e+02
8.300000e-07	7.883753e-08	-1.534933e-09	5.721393e-01	-1.036336e+02
8.400000e-07	2.307048e-07	-1.315840e-09	1.674270e+00	-8.937739e+01
8.500000e-07	3.825186e-07	-1.059020e-09	2.776012e+00	-7.251559e+01
8.600000e-07	5.342327e-07	-7.633206e-10	3.877031e+00	-5.266711e+01
8.700000e-07	6.858163e-07	-4.226453e-10	4.977102e+00	-2.984196e+01
8.800000e-07	8.372819e-07	-3.652320e-11	6.076318e+00	-4.551966e+00
8.900000e-07	9.885097e-07	3.771907e-10	7.173807e+00	2.221344e+01
9.000000e-07	1.139389e-06	7.923570e-10	8.268766e+00	4.915218e+01
9.100000e-07	1.289921e-06	1.185387e-09	9.361208e+00	7.491058e+01
9.200000e-07	1.439966e-06	1.539897e-09	1.045011e+01	9.836066e+01
9.300000e-07	1.589442e-06	1.841728e-09	1.153489e+01	1.188080e+02
9.400000e-07	1.738344e-06	2.093198e-09	1.261550e+01	1.360705e+02
9.500000e-07	1.886566e-06	2.309401e-09	1.369118e+01	1.504147e+02
9.600000e-07	2.034046e-06	2.496745e-09	1.476147e+01	1.623862e+02
9.700000e-07	2.180849e-06	2.654842e-09	1.582685e+01	1.726026e+02
9.800000e-07	2.326879e-06	2.791222e-09	1.688661e+01	1.815802e+02
9.900000e-07	2.471937e-06	2.913702e-09	1.793933e+01	1.896452e+02
1.000000e-06	2.616074e-06	3.021486e-09	1.898536e+01	1.969390e+02
1.010000e-06	2.759295e-06	3.115645e-09	2.002474e+01	2.034902e+02
1.020000e-06	2.901475e-06	3.200421e-09	2.105657e+01	2.093086e+02
1.030000e-06	3.042482e-06	3.280079e-09	2.207988e+01	2.144519e+02
1.040000e-06	3.182125e-06	3.352294e-09	2.309330e+01	2.190445e+02
1.050000e-06	3.320452e-06	3.418081e-09	2.409717e+01	2.232474e+02
1.060000e-06	3.457570e-06	3.478532e-09	2.509226e+01	2.272053e+02
1.070000e-06	3.593434e-06	3.531892e-09	2.607825e+01	2.310033e+02
1.080000e-06	3.727963e-06	3.581595e-09	2.705456e+01	2.346521e+02
1.090000e-06	3.861121e-06	3.630794e-09	2.802091e+01	2.381095e+02
1.100000e-06	3.992883e-06	3.677713e-09	2.897713e+01	2.413214e+02
1.110000e-06	4.123177e-06	3.719559e-09	2.992270e+01	2.442618e+02
1.120000e-06	4.252027e-06	3.759346e-09	3.085779e+01	2.469515e+02
1.130000e-06	4.379477e-06	3.798410e-09	3.178272e+01	2.494502e+02
1.140000e-06	4.505416e-06	3.834482e-09	3.269668e+01	2.518280e+02
1.150000e-06	4.629738e-06	3.867571e-09	3.359891e+01	2.541346e+02
1.160000e-06	4.752464e-06	3.898987e-09	3.448956e+01	2.563808e+02
1.170000e-06	4.873591e-06	3.928460e-09	3.536860e+01	2.585416e+02
1.180000e-06	4.992999e-06	3.954677e-09	3.623517e+01	2.605758e+02
1.190000e-06	5.110472e-06	3.979886e-09	3.708769e+01	2.624508e+02
1.200000e-06	5.225953e-06	4.006290e-09	3.792576e+01	2.641605e+02
1.210000e-06	5.339442e-06	4.031721e-09	3.874937e+01	2.657267e+02
1.220000e-06	5.450933e-06	4.054574e-09	3.955848e+01	2.671871e+02
1.230000e-06	5.560510e-06	4.075900e-09	4.035370e+01	2.685770e+02
1.240000e-06	5.668149e-06	4.093950e-09	4.113486e+01	2.699155e+02
1.250000e-06	5.773700e-06	4.108992e-09	4.190086e+01	2.712027e+02
1.260000e-06	5.877107e-06	4.124014e-09	4.265131e+01	2.724274e+02
1.270000e-06	5.978371e-06	4.139646e-09	4.338620e+01	2.735801e+02
1.280000e-06	6.077410e-06	4.154351e-09	4.410495e+01	2.746611e+02
1.290000e-06	6.174142e-06	4.168508e-09	4.480695e+01	2.756821e+02
1.300000e-06	6.268591e-06	4.184692e-09	4.549239e+01	2.766581e+02
1.310000e-06	6.360771e-06	4.199508e-09	4.616136e+01	2.775982e+02
1.320000e-06	6.450676e-06	4.213259e-09	4.681382e+01	2.784996e+02
1.330000e-06	6.538283e-06	4.226223e-09	4.744959e+01	2.793507e+02
1.340000e-06	6.623629e-06	4.237330e-09	4.806897e+01	2.801410e+02
1.350000e-06	6.706687e-06	4.246423e-09	4.867174e+01	2.808715e+02
1.360000e-06	6.787332e-06	4.254167e-09	4.925699e+01	2.815596e+02
1.370000e-06	6.865465e-06	4.263279e-09	4.982402e+01	2.822341e+02
1.380000e-06	6.941001e-06	4.273277e-09	5.037220e+01	2.829219e+02
1.390000e-06	7.013927e-06	4.285222e-09	5.090144e+01	2.836332e+02
1.400000e-06	7.084303e-06	4.298670e-09	5.141217e+01	2.843538e+02
1.410000e-06	7.152204e-06	4.310976e-09	5.190494e+01	2.850489e+02
1.420000e-06	7.217523e-06	4.321258e-09	5.237898e+01	2.856788e+02
1.430000e-06	7.280280e-06	4.329911e-09	5.283441e+01	2.862177e+02
1.440000e-06	7.340588e-06	4.336854e-09	5.327208e+01	2.866680e+02
1.450000e-06	7.398281e-06	4.340851e-09	5.369077e+01	2.870615e+02
1.460000e-06	7.453283e-06	4.344416e-09	5.408993e+01	2.874458e+02
1.470000e-06	7.505458e-06	4.350225e-09	5.446857e+01	2.878634e+02
1.480000e-06	7.554584e-06	4.356971e-09	5.482509e+01	2.883311e+02
1.490000e-06	7.600877e-06	4.363811e-09	5.516105e+01	2.888322e+02
1.500000e-06	7.644509e-06	4.371201e-09	5.547770e+01	2.893231e+02
1.510000e-06	7.685339e-06	4.378805e-09	5.577400e+01	2.897533e+02
1.520000e-06	7.723448e-06	4.384849e-09	5.605057e+01	2.900882e+02
1.530000e-06	7.758876e-06	4.388420e-09	5.630768e+01	2.903255e+02
1.540000e-06	7.791499e-06	4.391004e-09	5.654443e+01	2.904958e+02
1.550000e-06	7.821394e-06	4.393158e-09	5.676138e+01	2.906495e+02
1.560000e-06	7.848551e-06	4.394763e-09	5.695846e+01	2.908336e+02
1.570000e-06	7.872828e-06	4.397832e-09	5.713465e+01	2.910710e+02
1.580000e-06	7.894291e-06	4.402855e-09	5.729041e+01	2.913504e+02
1.590000e-06	7.912983e-06	4.407993e-09	5.742606e+01	2.916312e+02
1.600000e-06	7.928718e-06	4.411191e-09	5.754026e+01	2.918611e+02
1.610000e-06	7.941404e-06	4.413388e-09	5.763231e+01	2.919978e+02
1.620000e-06	7.950987e-06	4.414339e-09	5.770187e+01	2.920265e+02
1.630000e-06	7.957624e-06	4.414257e-09	5.775003e+01	2.919649e+02
1.640000e-06	7.961456e-06	4.414446e-09	5.777784e+01	2.918551e+02
1.650000e-06	7.962410e-06	4.414604e-09	5.778476e+01	2.917457e+02
1.660000e-06	7.960641e-06	4.414009e-09	5.777192e+01	2.916728e+02
1.670000e-06	7.956298e-06	4.416408e-09	5.774040e+01	2.916456e+02
1.680000e-06	7.949266e-06	4.416421e-09	5.768938e+01	2.916440e+02
1.690000e-06	7.939575e-06	4.415422e-09	5.761904e+01	2.916262e+02
1.700000e-06	7.927170e-06	4.414374e-09	5.752902e+01	2.915453e+02
1.710000e-06	7.911943e-06	4.410956e-09	5.741851e+01	2.913665e+02
1.720000e-06	7.894201e-06	4.410267e-09	5.728975e+01	2.910803e+02
1.730000e-06	7.874202e-06	4.404086e-09	5.714462e+01	2.907065e+02
1.740000e-06	7.851535e-06	4.410757e-09	5.698012e+01	2.902875e+02
1.750000e-06	7.825554e-06	4.414922e-09	5.679157e+01	2.898742e+02
1.760000e-06	7.795988e-06	4.386297e-09	5.657701e+01	2.895077e+02
1.770000e-06	7.763277e-06	4.384826e-09	5.633961e+01	2.892037e+02
1.780000e-06	7.728148e-06	4.396883e-09	5.608468e+01	2.889465e+02
1.790000e-06	7.690682e-06	4.378992e-09	5.581278e+01	2.886931e+02
1.800000e-06	7.651016e-06	4.322478e-09	5.552491e+01	2.883889e+02
1.810000e-06	7.609384e-06	4.381739e-09	5.522279e+01	2.879890e+02
1.820000e-06	7.565287e-06	4.406587e-09	5.490276e+01	2.874777e+02
1.830000e-06	7.518442e-06	4.345883e-09	5.456280e+01	2.868768e+02
1.840000e-06	7.468934e-06	4.400616e-09	5.420351e+01	2.862402e+02
1.850000e-06	7.416483e-06	4.357729e-09	5.382286e+01	2.856328e+02
1.860000e-06	7.361090e-06	4.317230e-09	5.342086e+01	2.851033e+02
1.870000e-06	7.302959e-06	4.287933e-09	5.299900e+01	2.846605e+02
1.880000e-06	7.242232e-06	4.301457e-09	5.255829e+01	2.842651e+02
1.890000e-06	7.178815e-06	4.365356e-09	5.209806e+01	2.838403e+02
1.900000e-06	7.112594e-06	4.301738e-09	5.161748e+01	2.833009e+02
1.910000e-06	7.043683e-06	4.313919e-09	5.111738e+01	2.825869e+02
1.920000e-06	6.971988e-06	4.308756e-09	5.059708e+01	2.816900e+02
1.930000e-06	6.897623e-06	4.278471e-09	5.005739e+01	2.806585e+02
1.940000e-06	6.820483e-06	4.266840e-09	4.949757e+01	2.795792e+02
1.950000e-06	6.740562e-06	4.241935e-09	4.891758e+01	2.785419e+02
1.960000e-06	6.658250e-06	4.263340e-09	4.832022e+01	2.776018e+02
1.970000e-06	6.573498e-06	4.227918e-09	4.770515e+01	2.767573e+02
1.980000e-06	6.486229e-06	4.220245e-09	4.707183e+01	2.759509e+02
1.990000e-06	6.396594e-06	4.210809e-09	4.642133e+01	2.750962e+02
2.000000e-06	6.304782e-06	4.192651e-09	4.575503e+01	2.741159e+02
2.010000e-06	6.210776e-06	4.175881e-09	4.507282e+01	2.729759e+02
2.020000e-06	6.114493e-06	4.143159e-09	4.437407e+01	2.716983e+02
2.030000e-06	6.015985e-06	4.130560e-09	4.365918e+01	2.703492e+02
2.040000e-06	5.915339e-06	4.117799e-09	4.292877e+01	2.690061e+02
2.050000e-06	5.812569e-06	4.121931e-09	4.218295e+01	2.677212e+02
2.060000e-06	5.707701e-06	4.090874e-09	4.142190e+01	2.664985e+02
2.070000e-06	5.600913e-06	4.058116e-09	4.064692e+01	2.652937e+02
2.080000e-06	5.492227e-06	4.037203e-09	3.985816e+01	2.640377e+02
2.090000e-06	5.381558e-06	4.025501e-09	3.905502e+01	2.626700e+02
2.100000e-06	5.268920e-06	4.004082e-09	3.823758e+01	2.611669e+02
2.110000e-06	5.154340e-06	3.980783e-09	3.740605e+01	2.595491e+02
2.120000e-06	5.037800e-06	3.968818e-09	3.656030e+01	2.578671e+02
2.130000e-06	4.919293e-06	3.936428e-09	3.570027e+01	2.561723e+02
2.140000e-06	4.798909e-06	3.898168e-09	3.482662e+01	2.544891e+02
2.150000e-06	4.676756e-06	3.870470e-09	3.394013e+01	2.528027e+02
2.160000e-06	4.552927e-06	3.857536e-09	3.304148e+01	2.510680e+02
2.170000e-06	4.427413e-06	3.830282e-09	3.213060e+01	2.492350e+02
2.180000e-06	4.300256e-06	3.799413e-09	3.120780e+01	2.472764e+02
2.190000e-06	4.171565e-06	3.772001e-09	3.027386e+01	2.452019e+02
2.200000e-06	4.041412e-06	3.746853e-09	2.932932e+01	2.430514e+02
2.210000e-06	3.909745e-06	3.710968e-09	2.837379e+01	2.408710e+02
2.220000e-06	3.776593e-06	3.674946e-09	2.740747e+01	2.386846e+02
2.230000e-06	3.642054e-06	3.641658e-09	2.643109e+01	2.364760e+02
2.240000e-06	3.506085e-06	3.603099e-09	2.544434e+01	2.341928e+02
2.250000e-06	3.368735e-06	3.566122e-09	2.444756e+01	2.317699e+02
2.260000e-06	3.230113e-06	3.531099e-09	2.344156e+01	2.291600e+02
2.270000e-06	3.090221e-06	3.495943e-09	2.242633e+01	2.263556e+02
2.280000e-06	2.949093e-06	3.451063e-09	2.140214e+01	2.233890e+02
2.290000e-06	2.806851e-06	3.402978e-09	2.036987e+01	2.203107e+02
2.300000e-06	2.663542e-06	3.355360e-09	1.932984e+01	2.171569e+02
2.310000e-06	2.519236e-06	3.308831e-09	1.828258e+01	2.139247e+02
2.320000e-06	2.374056e-06	3.258478e-09	1.722899e+01	2.105679e+02
2.330000e-06	2.228153e-06	3.203533e-09	1.617014e+01	2.070185e+02
2.340000e-06	2.081541e-06	3.144761e-09	1.510615e+01	2.032203e+02
2.350000e-06	1.934130e-06	3.082896e-09	1.403636e+01	1.991565e+02
2.360000e-06	1.786018e-06	3.017938e-09	1.296148e+01	1.948536e+02
2.370000e-06	1.637379e-06	2.951020e-09	1.188278e+01	1.903557e+02
2.380000e-06	1.488301e-06	2.884137e-09	1.080089e+01	1.856813e+02
2.390000e-06	1.338768e-06	2.810878e-09	9.715697e+00	1.807849e+02
2.400000e-06	1.188756e-06	2.726606e-09	8.627037e+00	1.755475e+02
2.410000e-06	1.038346e-06	2.634997e-09	7.535482e+00	1.698037e+02
2.420000e-06	8.876500e-07	2.539744e-09	6.441849e+00	1.633955e+02
2.430000e-06	7.366975e-07	2.433127e-09	5.346357e+00	1.562250e+02
2.440000e-06	5.854803e-07	2.312277e-09	4.248945e+00	1.482703e+02
2.450000e-06	4.340327e-07	2.183227e-09	3.149860e+00	1.395490e+02
2.460000e-06	2.824040e-07	2.040775e-09	2.049461e+00	1.300329e+02
2.470000e-06	1.306495e-07	1.876632e-09	9.481486e-01	1.195520e+02
2.480000e-06	-2.116322e-08	1.689802e-09	-1.535856e-01	1.077369e+02
2.490000e-06	-1.729698e-07	1.478779e-09	-1.255276e+00	9.404452e+01
2.500000e-06	-3.247938e-07	1.234422e-09	-2.357092e+00	7.788090e+01
2.510000e-06	-4.765580e-07	9.467836e-10	-3.458474e+00	5.879591e+01
2.520000e-06	-6.281610e-07	6.160449e-10	-4.558687e+00	3.668697e+01
2.530000e-06	-7.795661e-07	2.440930e-10	-5.657463e+00	1.193697e+01
2.540000e-06	-9.306686e-07	-1.663490e-10	-6.754043e+00	-1.457369e+01
2.550000e-06	-1.081437e-06	-5.917129e-10	-7.848196e+00	-4.159922e+01
2.560000e-06	-1.231845e-06	-9.984847e-10	-8.939736e+00	-6.777193e+01
2.570000e-06	-1.381810e-06	-1.368055e-09	-1.002806e+01	-9.188389e+01
2.580000e-06	-1.531271e-06	-1.690410e-09	-1.111273e+01	-1.131193e+02
2.590000e-06	-1.680190e-06	-1.962740e-09	-1.219347e+01	-1.311685e+02
2.600000e-06	-1.828582e-06	-2.191340e-09	-1.327038e+01	-1.461988e+02
2.610000e-06	-1.976344e-06	-2.386999e-09	-1.434271e+01	-1.587052e+02
2.620000e-06	-2.123306e-06	-2.556911e-09	-1.540925e+01	-1.693061e+02
2.630000e-06	-2.269451e-06	-2.703446e-09	-1.646985e+01	-1.785550e+02
2.640000e-06	-2.414738e-06	-2.831578e-09	-1.752423e+01	-1.868289e+02
2.650000e-06	-2.558981e-06	-2.945995e-09	-1.857103e+01	-1.943103e+02
2.660000e-06	-2.702171e-06	-3.046714e-09	-1.961018e+01	-2.010473e+02
2.670000e-06	-2.844313e-06	-3.135394e-09	-2.064173e+01	-2.070464e+02
2.680000e-06	-2.985303e-06	-3.216825e-09	-2.166492e+01	-2.123495e+02
2.690000e-06	-3.125139e-06	-3.291255e-09	-2.267974e+01	-2.170656e+02
2.700000e-06	-3.263805e-06	-3.359552e-09	-2.368607e+01	-2.213511e+02
2.710000e-06	-3.401194e-06	-3.424453e-09	-2.468312e+01	-2.253597e+02
2.720000e-06	-3.537225e-06	-3.486705e-09	-2.567033e+01	-2.291942e+02
2.730000e-06	-3.671962e-06	-3.544843e-09	-2.664815e+01	-2.328831e+02
2.740000e-06	-3.805414e-06	-3.599622e-09	-2.761663e+01	-2.363940e+02
2.750000e-06	-3.937576e-06	-3.652947e-09	-2.857575e+01	-2.396717e+02
2.760000e-06	-4.068377e-06	-3.700663e-09	-2.952500e+01	-2.426801e+02
2.770000e-06	-4.197712e-06	-3.742357e-09	-3.046361e+01	-2.454284e+02
2.780000e-06	-4.325598e-06	-3.783838e-09	-3.139171e+01	-2.479684e+02
2.790000e-06	-4.451983e-06	-3.825752e-09	-3.230891e+01	-2.503708e+02
2.800000e-06	-4.576844e-06	-3.864696e-09	-3.321505e+01	-2.526928e+02
2.810000e-06	-4.700077e-06	-3.899761e-09	-3.410938e+01	-2.549556e+02
2.820000e-06	-4.821600e-06	-3.933288e-09	-3.499129e+01	-2.571418e+02
2.830000e-06	-4.941341e-06	-3.966666e-09	-3.586028e+01	-2.592117e+02
2.840000e-06	-5.059156e-06	-3.997195e-09	-3.671529e+01	-2.611285e+02
2.850000e-06	-5.175002e-06	-4.026033e-09	-3.755600e+01	-2.628788e+02
2.860000e-06	-5.288778e-06	-4.054133e-09	-3.838170e+01	-2.644779e+02
2.870000e-06	-5.400449e-06	-4.078516e-09	-3.919211e+01	-2.659613e+02
2.880000e-06	-5.510084e-06	-4.100877e-09	-3.998775e+01	-2.673666e+02
2.890000e-06	-5.617806e-06	-4.123063e-09	-4.076952e+01	-2.687176e+02
2.900000e-06	-5.723647e-06	-4.144545e-09	-4.153762e+01	-2.700187e+02
2.910000e-06	-5.827364e-06	-4.164048e-09	-4.229032e+01	-2.712605e+02
2.920000e-06	-5.928839e-06	-4.182746e-09	-4.302674e+01	-2.724319e+02
2.930000e-06	-6.028163e-06	-4.202301e-09	-4.374755e+01	-2.735304e+02
2.940000e-06	-6.125377e-06	-4.220211e-09	-4.445305e+01	-2.745653e+02
2.950000e-06	-6.220370e-06	-4.237705e-09	-4.514244e+01	-2.755516e+02
2.960000e-06	-6.313097e-06	-4.254858e-09	-4.581538e+01	-2.765008e+02
2.970000e-06	-6.403610e-06	-4.268060e-09	-4.647224e+01	-2.774130e+02
2.980000e-06	-6.491800e-06	-4.279004e-09	-4.711226e+01	-2.782782e+02
2.990000e-06	-6.577607e-06	-4.290618e-09	-4.773498e+01	-2.790845e+02
3.000000e-06	-6.661087e-06	-4.304219e-09	-4.834081e+01	-2.798292e+02
3.010000e-06	-6.742194e-06	-4.317229e-09	-4.892942e+01	-2.805258e+02
3.020000e-06	-6.820701e-06	-4.328422e-09	-4.949916e+01	-2.812011e+02
3.030000e-06	-6.896521e-06	-4.339551e-09	-5.004940e+01	-2.818841e+02
3.040000e-06	-6.969794e-06	-4.350916e-09	-5.058116e+01	-2.825902e+02
3.050000e-06	-7.040574e-06	-4.361368e-09	-5.109482e+01	-2.833114e+02
3.060000e-06	-7.108807e-06	-4.369838e-09	-5.159000e+01	-2.840170e+02
3.070000e-06	-7.174570e-06	-4.377634e-09	-5.206726e+01	-2.846668e+02
3.080000e-06	-7.237783e-06	-4.385852e-09	-5.252601e+01	-2.852297e+02
3.090000e-06	-7.298318e-06	-4.393606e-09	-5.296532e+01	-2.857005e+02
3.100000e-06	-7.356286e-06	-4.401233e-09	-5.338600e+01	-2.861043e+02
3.110000e-06	-7.411619e-06	-4.408058e-09	-5.378756e+01	-2.864867e+02
3.120000e-06	-7.464122e-06	-4.414894e-09	-5.416859e+01	-2.868934e+02
3.130000e-06	-7.513619e-06	-4.423027e-09	-5.452780e+01	-2.873491e+02
3.140000e-06	-7.560216e-06	-4.429766e-09	-5.486596e+01	-2.878454e+02
3.150000e-06	-7.604301e-06	-4.435721e-09	-5.518589e+01	-2.883441e+02
3.160000e-06	-7.645973e-06	-4.441997e-09	-5.548832e+01	-2.887939e+02
3.170000e-06	-7.684956e-06	-4.447173e-09	-5.577122e+01	-2.891546e+02
3.180000e-06	-7.721129e-06	-4.451498e-09	-5.603374e+01	-2.894149e+02
3.190000e-06	-7.754575e-06	-4.453882e-09	-5.627646e+01	-2.895980e+02
3.200000e-06	-7.785156e-06	-4.456246e-09	-5.649840e+01	-2.897512e+02
3.210000e-06	-7.812836e-06	-4.458567e-09	-5.669928e+01	-2.899246e+02
3.220000e-06	-7.837750e-06	-4.462200e-09	-5.688008e+01	-2.901487e+02
3.230000e-06	-7.859827e-06	-4.466780e-09	-5.704030e+01	-2.904207e+02
3.240000e-06	-7.879086e-06	-4.470509e-09	-5.718007e+01	-2.907063e+02
3.250000e-06	-7.895533e-06	-4.474103e-09	-5.729942e+01	-2.909539e+02
3.260000e-06	-7.908846e-06	-4.476009e-09	-5.739604e+01	-2.911169e+02
3.270000e-06	-7.919078e-06	-4.475953e-09	-5.747030e+01	-2.911724e+02
3.280000e-06	-7.926436e-06	-4.474669e-09	-5.752369e+01	-2.911305e+02
3.290000e-06	-7.930931e-06	-4.474596e-09	-5.755631e+01	-2.910283e+02
3.300000e-06	-7.932686e-06	-4.474333e-09	-5.756905e+01	-2.909150e+02
