# Temperatura_=_20.0
# Concentracion g/m^3_=_8200.0
# C_Vs_to_Am_M_A/Vsm_=_65563218390.804596
# pendiente_HvsI_1/m_=_3716.3
# ordenada_HvsI_A/m_=_1297.0
# frecuencia_Hz_=_302603.50456588174

Tiempo_(s)	Campo_(V.s)	Magnetizacion_(V.s)	Campo_(kA/m)	Magnetizacion_(A/m)
0.000000e+00	-7.959140e-06	-4.444926e-09	-5.756194e+01	-2.907120e+02
1.000000e-08	-7.956358e-06	-4.443423e-09	-5.754182e+01	-2.907404e+02
2.000000e-08	-7.950973e-06	-4.441658e-09	-5.750287e+01	-2.907813e+02
3.000000e-08	-7.943000e-06	-4.445806e-09	-5.744522e+01	-2.907754e+02
4.000000e-08	-7.932277e-06	-4.447561e-09	-5.736767e+01	-2.906696e+02
5.000000e-08	-7.918605e-06	-4.441690e-09	-5.726879e+01	-2.904412e+02
6.000000e-08	-7.902040e-06	-4.436503e-09	-5.714898e+01	-2.901088e+02
7.000000e-08	-7.883031e-06	-4.430001e-09	-5.701151e+01	-2.897255e+02
8.000000e-08	-7.861789e-06	-4.432965e-09	-5.685788e+01	-2.893571e+02
9.000000e-08	-7.837871e-06	-4.463089e-09	-5.668490e+01	-2.890553e+02
1.000000e-07	-7.810835e-06	-4.426884e-09	-5.648938e+01	-2.888361e+02
1.100000e-07	-7.780743e-06	-4.404095e-09	-5.627175e+01	-2.886723e+02
1.200000e-07	-7.747758e-06	-4.411019e-09	-5.603319e+01	-2.885043e+02
1.300000e-07	-7.712000e-06	-4.401277e-09	-5.577458e+01	-2.882621e+02
1.400000e-07	-7.673774e-06	-4.394488e-09	-5.549813e+01	-2.878918e+02
1.500000e-07	-7.633267e-06	-4.380231e-09	-5.520517e+01	-2.873753e+02
1.600000e-07	-7.590422e-06	-4.414076e-09	-5.489531e+01	-2.867361e+02
1.700000e-07	-7.545008e-06	-4.355767e-09	-5.456687e+01	-2.860305e+02
1.800000e-07	-7.496824e-06	-4.313837e-09	-5.421839e+01	-2.853270e+02
1.900000e-07	-7.445799e-06	-4.388995e-09	-5.384937e+01	-2.846818e+02
2.000000e-07	-7.391867e-06	-4.333449e-09	-5.345932e+01	-2.841204e+02
2.100000e-07	-7.335128e-06	-4.340780e-09	-5.304898e+01	-2.836289e+02
2.200000e-07	-7.275788e-06	-4.368700e-09	-5.261982e+01	-2.831599e+02
2.300000e-07	-7.213905e-06	-4.329220e-09	-5.217227e+01	-2.826490e+02
2.400000e-07	-7.149356e-06	-4.321939e-09	-5.170544e+01	-2.820375e+02
2.500000e-07	-7.082017e-06	-4.289487e-09	-5.121843e+01	-2.812922e+02
2.600000e-07	-7.012021e-06	-4.310331e-09	-5.071221e+01	-2.804165e+02
2.700000e-07	-6.939301e-06	-4.263139e-09	-5.018628e+01	-2.794489e+02
2.800000e-07	-6.863735e-06	-4.238918e-09	-4.963978e+01	-2.784487e+02
2.900000e-07	-6.785446e-06	-4.237996e-09	-4.907358e+01	-2.774744e+02
3.000000e-07	-6.704481e-06	-4.233456e-09	-4.848802e+01	-2.765626e+02
3.100000e-07	-6.621062e-06	-4.230862e-09	-4.788472e+01	-2.757141e+02
3.200000e-07	-6.535390e-06	-4.178298e-09	-4.726513e+01	-2.748946e+02
3.300000e-07	-6.447404e-06	-4.182328e-09	-4.662879e+01	-2.740481e+02
3.400000e-07	-6.357058e-06	-4.171619e-09	-4.597540e+01	-2.731189e+02
3.500000e-07	-6.264367e-06	-4.155202e-09	-4.530504e+01	-2.720729e+02
3.600000e-07	-6.169355e-06	-4.136888e-09	-4.461789e+01	-2.709096e+02
3.700000e-07	-6.072107e-06	-4.125538e-09	-4.391458e+01	-2.696601e+02
3.800000e-07	-5.972683e-06	-4.108398e-09	-4.319552e+01	-2.683712e+02
3.900000e-07	-5.871091e-06	-4.068750e-09	-4.246080e+01	-2.670841e+02
4.000000e-07	-5.767391e-06	-4.046832e-09	-4.171082e+01	-2.658159e+02
4.100000e-07	-5.661665e-06	-4.031253e-09	-4.094619e+01	-2.645534e+02
4.200000e-07	-5.553963e-06	-4.029305e-09	-4.016727e+01	-2.632616e+02
4.300000e-07	-5.444309e-06	-3.996578e-09	-3.937423e+01	-2.619017e+02
4.400000e-07	-5.332652e-06	-3.964558e-09	-3.856670e+01	-2.604510e+02
4.500000e-07	-5.218967e-06	-3.948937e-09	-3.774452e+01	-2.589133e+02
4.600000e-07	-5.103314e-06	-3.935308e-09	-3.690809e+01	-2.573163e+02
4.700000e-07	-4.985703e-06	-3.898094e-09	-3.605751e+01	-2.556950e+02
4.800000e-07	-4.866188e-06	-3.868125e-09	-3.519315e+01	-2.540715e+02
4.900000e-07	-4.744900e-06	-3.859578e-09	-3.431598e+01	-2.524417e+02
5.000000e-07	-4.621884e-06	-3.831975e-09	-3.342630e+01	-2.507738e+02
5.100000e-07	-4.497212e-06	-3.787313e-09	-3.252465e+01	-2.490238e+02
5.200000e-07	-4.370965e-06	-3.751327e-09	-3.161161e+01	-2.471560e+02
5.300000e-07	-4.243096e-06	-3.733574e-09	-3.068684e+01	-2.451612e+02
5.400000e-07	-4.113618e-06	-3.695184e-09	-2.975043e+01	-2.430609e+02
5.500000e-07	-3.982620e-06	-3.652559e-09	-2.880303e+01	-2.408957e+02
5.600000e-07	-3.850096e-06	-3.625629e-09	-2.784459e+01	-2.387019e+02
5.700000e-07	-3.716079e-06	-3.602787e-09	-2.687536e+01	-2.364903e+02
5.800000e-07	-3.580686e-06	-3.559511e-09	-2.589617e+01	-2.342363e+02
5.900000e-07	-3.443934e-06	-3.513893e-09	-2.490716e+01	-2.318886e+02
6.000000e-07	-3.305778e-06	-3.480289e-09	-2.390798e+01	-2.293914e+02
6.100000e-07	-3.166223e-06	-3.438761e-09	-2.289870e+01	-2.267101e+02
6.200000e-07	-3.025342e-06	-3.390911e-09	-2.187982e+01	-2.238461e+02
6.300000e-07	-2.883240e-06	-3.344838e-09	-2.085211e+01	-2.208319e+02
6.400000e-07	-2.739992e-06	-3.303537e-09	-1.981612e+01	-2.177106e+02
6.500000e-07	-2.595750e-06	-3.249409e-09	-1.877293e+01	-2.145077e+02
6.600000e-07	-2.450566e-06	-3.192069e-09	-1.772294e+01	-2.112124e+02
6.700000e-07	-2.304416e-06	-3.140048e-09	-1.666596e+01	-2.077773e+02
6.800000e-07	-2.157496e-06	-3.088525e-09	-1.560340e+01	-2.041386e+02
6.900000e-07	-2.009932e-06	-3.031884e-09	-1.453619e+01	-2.002444e+02
7.000000e-07	-1.861738e-06	-2.968750e-09	-1.346443e+01	-1.960770e+02
7.100000e-07	-1.712945e-06	-2.903719e-09	-1.238833e+01	-1.916524e+02
7.200000e-07	-1.563686e-06	-2.831373e-09	-1.130886e+01	-1.869983e+02
7.300000e-07	-1.413989e-06	-2.753395e-09	-1.022623e+01	-1.821177e+02
7.400000e-07	-1.263740e-06	-2.669316e-09	-9.139596e+00	-1.769605e+02
7.500000e-07	-1.112998e-06	-2.580319e-09	-8.049406e+00	-1.714181e+02
7.600000e-07	-9.618658e-07	-2.485979e-09	-6.956388e+00	-1.653486e+02
7.700000e-07	-8.104200e-07	-2.386151e-09	-5.861104e+00	-1.586204e+02
7.800000e-07	-6.587416e-07	-2.276373e-09	-4.764138e+00	-1.511498e+02
7.900000e-07	-5.068626e-07	-2.154493e-09	-3.665722e+00	-1.429060e+02
8.000000e-07	-3.547895e-07	-2.018317e-09	-2.565902e+00	-1.338723e+02
8.100000e-07	-2.025816e-07	-1.863530e-09	-1.465107e+00	-1.239724e+02
8.200000e-07	-5.027519e-08	-1.691294e-09	-3.635993e-01	-1.129964e+02
8.300000e-07	1.021156e-07	-1.497266e-09	7.385186e-01	-1.005680e+02
8.400000e-07	2.544947e-07	-1.277830e-09	1.840551e+00	-8.618784e+01
8.500000e-07	4.068225e-07	-1.023361e-09	2.942214e+00	-6.935814e+01
8.600000e-07	5.590969e-07	-7.287163e-10	4.043490e+00	-4.975966e+01
8.700000e-07	7.112107e-07	-3.920347e-10	5.143605e+00	-2.742227e+01
8.800000e-07	8.631000e-07	-1.677429e-11	6.242096e+00	-2.824267e+00
8.900000e-07	1.014770e-06	3.816659e-10	7.338998e+00	2.312687e+01
9.000000e-07	1.166125e-06	7.844205e-10	8.433628e+00	4.923953e+01
9.100000e-07	1.317045e-06	1.167373e-09	9.525105e+00	7.427126e+01
9.200000e-07	1.467421e-06	1.513391e-09	1.061265e+01	9.717969e+01
9.300000e-07	1.617206e-06	1.811592e-09	1.169593e+01	1.173134e+02
9.400000e-07	1.766436e-06	2.065321e-09	1.277518e+01	1.344870e+02
9.500000e-07	1.915107e-06	2.284845e-09	1.385040e+01	1.489260e+02
9.600000e-07	2.063131e-06	2.473652e-09	1.492094e+01	1.611138e+02
9.700000e-07	2.210384e-06	2.635045e-09	1.598590e+01	1.716021e+02
9.800000e-07	2.356780e-06	2.775420e-09	1.704466e+01	1.808529e+02
9.900000e-07	2.502270e-06	2.900762e-09	1.809687e+01	1.891574e+02
1.000000e-06	2.646835e-06	3.010410e-09	1.914239e+01	1.966427e+02
1.010000e-06	2.790391e-06	3.107650e-09	2.018061e+01	2.033416e+02
1.020000e-06	2.932802e-06	3.197426e-09	2.121056e+01	2.092792e+02
1.030000e-06	3.074056e-06	3.280078e-09	2.223213e+01	2.145330e+02
1.040000e-06	3.214114e-06	3.354199e-09	2.324506e+01	2.192441e+02
1.050000e-06	3.352825e-06	3.422247e-09	2.424824e+01	2.235815e+02
1.060000e-06	3.490161e-06	3.485190e-09	2.524147e+01	2.276872e+02
1.070000e-06	3.626214e-06	3.541153e-09	2.622544e+01	2.316329e+02
1.080000e-06	3.760946e-06	3.592252e-09	2.719984e+01	2.354111e+02
1.090000e-06	3.894281e-06	3.640564e-09	2.816414e+01	2.389626e+02
1.100000e-06	4.026222e-06	3.687915e-09	2.911837e+01	2.422259e+02
1.110000e-06	4.156717e-06	3.733127e-09	3.006213e+01	2.451798e+02
1.120000e-06	4.285768e-06	3.776410e-09	3.099545e+01	2.478615e+02
1.130000e-06	4.413345e-06	3.815860e-09	3.191811e+01	2.503515e+02
1.140000e-06	4.539380e-06	3.850654e-09	3.282962e+01	2.527367e+02
1.150000e-06	4.663928e-06	3.883431e-09	3.373037e+01	2.550713e+02
1.160000e-06	4.786876e-06	3.915612e-09	3.461956e+01	2.573564e+02
1.170000e-06	4.908096e-06	3.945388e-09	3.549624e+01	2.595477e+02
1.180000e-06	5.027586e-06	3.971193e-09	3.636041e+01	2.615851e+02
1.190000e-06	5.145224e-06	3.996743e-09	3.721119e+01	2.634282e+02
1.200000e-06	5.260865e-06	4.021686e-09	3.804753e+01	2.650799e+02
1.210000e-06	5.374462e-06	4.045452e-09	3.886908e+01	2.665864e+02
1.220000e-06	5.486052e-06	4.067976e-09	3.967612e+01	2.680149e+02
1.230000e-06	5.595762e-06	4.089116e-09	4.046957e+01	2.694218e+02
1.240000e-06	5.703526e-06	4.107493e-09	4.124894e+01	2.708279e+02
1.250000e-06	5.809143e-06	4.124175e-09	4.201277e+01	2.722127e+02
1.260000e-06	5.912578e-06	4.143094e-09	4.276083e+01	2.735291e+02
1.270000e-06	6.013867e-06	4.162680e-09	4.349338e+01	2.747309e+02
1.280000e-06	6.112899e-06	4.179163e-09	4.420959e+01	2.757974e+02
1.290000e-06	6.209554e-06	4.192423e-09	4.490862e+01	2.767437e+02
1.300000e-06	6.303909e-06	4.206506e-09	4.559101e+01	2.776131e+02
1.310000e-06	6.396039e-06	4.220403e-09	4.625731e+01	2.784551e+02
1.320000e-06	6.485902e-06	4.233435e-09	4.690722e+01	2.793034e+02
1.330000e-06	6.573418e-06	4.246324e-09	4.754015e+01	2.801628e+02
1.340000e-06	6.658685e-06	4.258630e-09	4.815682e+01	2.810122e+02
1.350000e-06	6.741641e-06	4.271295e-09	4.875677e+01	2.818198e+02
1.360000e-06	6.822118e-06	4.284093e-09	4.933879e+01	2.825622e+02
1.370000e-06	6.900112e-06	4.297202e-09	4.990286e+01	2.832360e+02
1.380000e-06	6.975511e-06	4.307577e-09	5.044816e+01	2.838581e+02
1.390000e-06	7.048263e-06	4.315762e-09	5.097431e+01	2.844537e+02
1.400000e-06	7.118483e-06	4.323409e-09	5.148216e+01	2.850417e+02
1.410000e-06	7.186228e-06	4.330659e-09	5.197210e+01	2.856245e+02
1.420000e-06	7.251381e-06	4.339327e-09	5.244330e+01	2.861886e+02
1.430000e-06	7.313954e-06	4.349522e-09	5.289584e+01	2.867150e+02
1.440000e-06	7.374104e-06	4.359026e-09	5.333085e+01	2.871921e+02
1.450000e-06	7.431684e-06	4.365896e-09	5.374729e+01	2.876248e+02
1.460000e-06	7.486553e-06	4.371593e-09	5.414411e+01	2.880324e+02
1.470000e-06	7.538508e-06	4.378947e-09	5.451985e+01	2.884381e+02
1.480000e-06	7.587323e-06	4.386773e-09	5.487289e+01	2.888545e+02
1.490000e-06	7.633309e-06	4.392988e-09	5.520548e+01	2.892749e+02
1.500000e-06	7.676697e-06	4.397567e-09	5.551927e+01	2.896747e+02
1.510000e-06	7.717328e-06	4.400857e-09	5.581311e+01	2.900238e+02
1.520000e-06	7.755212e-06	4.404892e-09	5.608710e+01	2.903031e+02
1.530000e-06	7.790428e-06	4.409809e-09	5.634179e+01	2.905162e+02
1.540000e-06	7.822833e-06	4.414489e-09	5.657615e+01	2.906898e+02
1.550000e-06	7.852423e-06	4.419128e-09	5.679015e+01	2.908617e+02
1.560000e-06	7.879241e-06	4.424385e-09	5.698410e+01	2.910610e+02
1.570000e-06	7.903141e-06	4.429786e-09	5.715695e+01	2.912925e+02
1.580000e-06	7.924240e-06	4.433693e-09	5.730954e+01	2.915317e+02
1.590000e-06	7.942622e-06	4.435610e-09	5.744248e+01	2.917348e+02
1.600000e-06	7.958058e-06	4.437074e-09	5.755412e+01	2.918592e+02
1.610000e-06	7.970364e-06	4.438306e-09	5.764312e+01	2.918847e+02
1.620000e-06	7.979536e-06	4.437591e-09	5.770945e+01	2.918249e+02
1.630000e-06	7.985810e-06	4.437112e-09	5.775482e+01	2.917230e+02
1.640000e-06	7.989318e-06	4.440179e-09	5.778020e+01	2.916327e+02
1.650000e-06	7.989949e-06	4.443977e-09	5.778476e+01	2.915935e+02
1.660000e-06	7.987812e-06	4.439979e-09	5.776930e+01	2.916113e+02
1.670000e-06	7.983024e-06	4.440357e-09	5.773468e+01	2.916543e+02
1.680000e-06	7.975528e-06	4.438837e-09	5.768046e+01	2.916658e+02
1.690000e-06	7.965372e-06	4.435444e-09	5.760701e+01	2.915885e+02
1.700000e-06	7.952429e-06	4.432786e-09	5.751341e+01	2.913907e+02
1.710000e-06	7.936706e-06	4.429537e-09	5.739969e+01	2.910804e+02
1.720000e-06	7.918534e-06	4.432495e-09	5.726827e+01	2.907036e+02
1.730000e-06	7.898032e-06	4.401365e-09	5.712000e+01	2.903256e+02
1.740000e-06	7.874829e-06	4.380041e-09	5.695219e+01	2.900040e+02
1.750000e-06	7.848272e-06	4.417883e-09	5.676013e+01	2.897650e+02
1.760000e-06	7.818132e-06	4.406595e-09	5.654215e+01	2.895920e+02
1.770000e-06	7.784975e-06	4.393278e-09	5.630235e+01	2.894316e+02
1.780000e-06	7.749400e-06	4.404887e-09	5.604506e+01	2.892140e+02
1.790000e-06	7.711477e-06	4.438875e-09	5.577080e+01	2.888791e+02
1.800000e-06	7.671376e-06	4.353776e-09	5.548078e+01	2.883985e+02
1.810000e-06	7.629236e-06	4.376673e-09	5.517601e+01	2.877857e+02
1.820000e-06	7.584605e-06	4.442871e-09	5.485324e+01	2.870903e+02
1.830000e-06	7.537236e-06	4.327372e-09	5.451065e+01	2.863801e+02
1.840000e-06	7.487097e-06	4.404498e-09	5.414805e+01	2.857165e+02
1.850000e-06	7.433964e-06	4.329410e-09	5.376377e+01	2.851339e+02
1.860000e-06	7.377994e-06	4.294994e-09	5.335899e+01	2.846283e+02
1.870000e-06	7.319333e-06	4.331917e-09	5.293475e+01	2.841593e+02
1.880000e-06	7.258025e-06	4.285177e-09	5.249135e+01	2.836650e+02
1.890000e-06	7.194001e-06	4.364346e-09	5.202832e+01	2.830830e+02
1.900000e-06	7.127112e-06	4.282287e-09	5.154457e+01	2.823723e+02
1.910000e-06	7.057439e-06	4.291335e-09	5.104068e+01	2.815268e+02
1.920000e-06	6.985055e-06	4.280258e-09	5.051719e+01	2.805771e+02
1.930000e-06	6.910013e-06	4.245941e-09	4.997447e+01	2.795791e+02
1.940000e-06	6.832180e-06	4.274960e-09	4.941156e+01	2.785937e+02
1.950000e-06	6.751667e-06	4.216700e-09	4.882928e+01	2.776646e+02
1.960000e-06	6.668739e-06	4.254708e-09	4.822953e+01	2.768023e+02
1.970000e-06	6.583317e-06	4.211211e-09	4.761174e+01	2.759802e+02
1.980000e-06	6.495424e-06	4.198055e-09	4.697609e+01	2.751461e+02
1.990000e-06	6.405217e-06	4.187524e-09	4.632369e+01	2.742419e+02
2.000000e-06	6.312825e-06	4.161448e-09	4.565549e+01	2.732265e+02
2.010000e-06	6.218156e-06	4.155970e-09	4.497083e+01	2.720907e+02
2.020000e-06	6.121211e-06	4.111985e-09	4.426971e+01	2.708586e+02
2.030000e-06	6.022100e-06	4.116967e-09	4.355292e+01	2.695751e+02
2.040000e-06	5.920829e-06	4.105675e-09	4.282051e+01	2.682847e+02
2.050000e-06	5.817466e-06	4.105997e-09	4.207297e+01	2.670118e+02
2.060000e-06	5.712061e-06	4.058903e-09	4.131066e+01	2.657506e+02
2.070000e-06	5.604738e-06	4.035091e-09	4.053448e+01	2.644700e+02
2.080000e-06	5.495483e-06	4.020545e-09	3.974433e+01	2.631302e+02
2.090000e-06	5.384200e-06	3.994085e-09	3.893951e+01	2.617028e+02
2.100000e-06	5.270850e-06	3.967480e-09	3.811974e+01	2.601850e+02
2.110000e-06	5.155489e-06	3.954743e-09	3.728543e+01	2.585995e+02
2.120000e-06	5.038212e-06	3.946024e-09	3.643726e+01	2.569813e+02
2.130000e-06	4.918998e-06	3.898541e-09	3.557509e+01	2.553576e+02
2.140000e-06	4.797914e-06	3.867721e-09	3.469938e+01	2.537314e+02
2.150000e-06	4.675121e-06	3.854496e-09	3.381132e+01	2.520770e+02
2.160000e-06	4.550647e-06	3.841491e-09	3.291110e+01	2.503516e+02
2.170000e-06	4.424462e-06	3.798588e-09	3.199851e+01	2.485153e+02
2.180000e-06	4.296626e-06	3.775594e-09	3.107398e+01	2.465513e+02
2.190000e-06	4.167258e-06	3.757698e-09	3.013836e+01	2.444740e+02
2.200000e-06	4.036367e-06	3.724972e-09	2.919174e+01	2.423209e+02
2.210000e-06	3.903898e-06	3.678518e-09	2.823370e+01	2.401320e+02
2.220000e-06	3.769959e-06	3.649614e-09	2.726503e+01	2.379258e+02
2.230000e-06	3.634605e-06	3.622721e-09	2.628612e+01	2.356864e+02
2.240000e-06	3.497835e-06	3.576238e-09	2.529698e+01	2.333676e+02
2.250000e-06	3.359769e-06	3.536940e-09	2.429846e+01	2.309122e+02
2.260000e-06	3.220495e-06	3.507432e-09	2.329120e+01	2.282783e+02
2.270000e-06	3.079959e-06	3.472428e-09	2.227482e+01	2.254579e+02
2.280000e-06	2.938177e-06	3.418686e-09	2.124943e+01	2.224771e+02
2.290000e-06	2.795298e-06	3.371744e-09	2.021610e+01	2.193790e+02
2.300000e-06	2.651373e-06	3.327762e-09	1.917521e+01	2.161960e+02
2.310000e-06	2.506426e-06	3.276747e-09	1.812692e+01	2.129270e+02
2.320000e-06	2.360611e-06	3.221332e-09	1.707237e+01	2.095326e+02
2.330000e-06	2.214046e-06	3.169805e-09	1.601238e+01	2.059505e+02
2.340000e-06	2.066747e-06	3.113085e-09	1.494709e+01	2.021235e+02
2.350000e-06	1.918781e-06	3.046204e-09	1.387697e+01	1.980239e+02
2.360000e-06	1.770172e-06	2.977939e-09	1.280220e+01	1.936609e+02
2.370000e-06	1.621006e-06	2.912529e-09	1.172341e+01	1.890622e+02
2.380000e-06	1.471371e-06	2.843835e-09	1.064122e+01	1.842406e+02
2.390000e-06	1.321268e-06	2.766697e-09	9.555653e+00	1.791606e+02
2.400000e-06	1.170719e-06	2.681796e-09	8.466854e+00	1.737271e+02
2.410000e-06	1.019748e-06	2.590382e-09	7.375003e+00	1.678029e+02
2.420000e-06	8.684168e-07	2.490872e-09	6.280548e+00	1.612495e+02
2.430000e-06	7.167815e-07	2.380110e-09	5.183893e+00	1.539691e+02
2.440000e-06	5.649249e-07	2.259394e-09	4.085639e+00	1.459197e+02
2.450000e-06	4.128821e-07	2.128331e-09	2.986038e+00	1.370868e+02
2.460000e-06	2.606281e-07	1.983136e-09	1.884910e+00	1.274169e+02
2.470000e-06	1.082245e-07	1.817716e-09	7.826994e-01	1.167388e+02
2.480000e-06	-4.425481e-08	1.630162e-09	-3.200588e-01	1.047170e+02
2.490000e-06	-1.967427e-07	1.417844e-09	-1.422879e+00	9.087427e+01
2.500000e-06	-3.491642e-07	1.173283e-09	-2.525218e+00	7.469704e+01
2.510000e-06	-5.015059e-07	8.892094e-10	-3.626981e+00	5.580403e+01
2.520000e-06	-6.537179e-07	5.638851e-10	-4.727806e+00	3.412471e+01
2.530000e-06	-8.057154e-07	1.996672e-10	-5.827080e+00	1.002195e+01
2.540000e-06	-9.574139e-07	-1.969337e-10	-6.924191e+00	-1.569506e+01
2.550000e-06	-1.108798e-06	-6.062690e-10	-8.019026e+00	-4.188629e+01
2.560000e-06	-1.259781e-06	-1.001411e-09	-9.110968e+00	-6.729778e+01
2.570000e-06	-1.410209e-06	-1.362788e-09	-1.019888e+01	-9.081570e+01
2.580000e-06	-1.560087e-06	-1.678923e-09	-1.128283e+01	-1.116787e+02
2.590000e-06	-1.709412e-06	-1.948107e-09	-1.236278e+01	-1.295853e+02
2.600000e-06	-1.858113e-06	-2.177878e-09	-1.343821e+01	-1.446694e+02
2.610000e-06	-2.006159e-06	-2.377246e-09	-1.450891e+01	-1.573678e+02
2.620000e-06	-2.153490e-06	-2.549386e-09	-1.557443e+01	-1.682321e+02
2.630000e-06	-2.299939e-06	-2.699994e-09	-1.663357e+01	-1.777579e+02
2.640000e-06	-2.445465e-06	-2.834072e-09	-1.768605e+01	-1.862814e+02
2.650000e-06	-2.590074e-06	-2.952016e-09	-1.873188e+01	-1.939663e+02
2.660000e-06	-2.733669e-06	-3.054004e-09	-1.977039e+01	-2.008606e+02
2.670000e-06	-2.876127e-06	-3.142831e-09	-2.080067e+01	-2.069839e+02
2.680000e-06	-3.017377e-06	-3.225193e-09	-2.182222e+01	-2.123976e+02
2.690000e-06	-3.157510e-06	-3.299710e-09	-2.283568e+01	-2.172288e+02
2.700000e-06	-3.296446e-06	-3.369470e-09	-2.384050e+01	-2.216443e+02
2.710000e-06	-3.434070e-06	-3.437883e-09	-2.483582e+01	-2.257980e+02
2.720000e-06	-3.570489e-06	-3.502404e-09	-2.582242e+01	-2.297816e+02
2.730000e-06	-3.705584e-06	-3.561914e-09	-2.679945e+01	-2.336059e+02
2.740000e-06	-3.839272e-06	-3.618374e-09	-2.776631e+01	-2.372207e+02
2.750000e-06	-3.971630e-06	-3.672497e-09	-2.872355e+01	-2.405602e+02
2.760000e-06	-4.102562e-06	-3.720272e-09	-2.967048e+01	-2.435902e+02
2.770000e-06	-4.232078e-06	-3.760903e-09	-3.060716e+01	-2.463336e+02
2.780000e-06	-4.360182e-06	-3.800406e-09	-3.153363e+01	-2.488629e+02
2.790000e-06	-4.486738e-06	-3.840561e-09	-3.244890e+01	-2.512675e+02
2.800000e-06	-4.611683e-06	-3.878055e-09	-3.335253e+01	-2.536124e+02
2.810000e-06	-4.735030e-06	-3.914510e-09	-3.424459e+01	-2.559126e+02
2.820000e-06	-4.856774e-06	-3.951917e-09	-3.512507e+01	-2.581331e+02
2.830000e-06	-4.976768e-06	-3.986638e-09	-3.599289e+01	-2.602141e+02
2.840000e-06	-5.094790e-06	-4.015942e-09	-3.684644e+01	-2.621074e+02
2.850000e-06	-5.210723e-06	-4.042604e-09	-3.768489e+01	-2.638041e+02
2.860000e-06	-5.324570e-06	-4.068192e-09	-3.850825e+01	-2.653410e+02
2.870000e-06	-5.436281e-06	-4.092241e-09	-3.931617e+01	-2.667827e+02
2.880000e-06	-5.545883e-06	-4.115149e-09	-4.010883e+01	-2.681914e+02
2.890000e-06	-5.653602e-06	-4.138814e-09	-4.088787e+01	-2.695982e+02
2.900000e-06	-5.759439e-06	-4.160013e-09	-4.165330e+01	-2.709921e+02
2.910000e-06	-5.863182e-06	-4.178835e-09	-4.240360e+01	-2.723305e+02
2.920000e-06	-5.964715e-06	-4.197620e-09	-4.313790e+01	-2.735642e+02
2.930000e-06	-6.064075e-06	-4.215635e-09	-4.385649e+01	-2.746645e+02
2.940000e-06	-6.161292e-06	-4.231559e-09	-4.455958e+01	-2.756377e+02
2.950000e-06	-6.256308e-06	-4.246689e-09	-4.524676e+01	-2.765214e+02
2.960000e-06	-6.349010e-06	-4.262011e-09	-4.591719e+01	-2.773662e+02
2.970000e-06	-6.439368e-06	-4.274215e-09	-4.657067e+01	-2.782113e+02
2.980000e-06	-6.527468e-06	-4.283915e-09	-4.720783e+01	-2.790692e+02
2.990000e-06	-6.613210e-06	-4.293852e-09	-4.782793e+01	-2.799240e+02
3.000000e-06	-6.696527e-06	-4.305221e-09	-4.843050e+01	-2.807449e+02
3.010000e-06	-6.777485e-06	-4.316726e-09	-4.901600e+01	-2.815047e+02
3.020000e-06	-6.855908e-06	-4.327978e-09	-4.958317e+01	-2.821948e+02
3.030000e-06	-6.931591e-06	-4.339339e-09	-5.013052e+01	-2.828275e+02
3.040000e-06	-7.004711e-06	-4.350057e-09	-5.065934e+01	-2.834275e+02
3.050000e-06	-7.075330e-06	-4.358440e-09	-5.117007e+01	-2.840165e+02
3.060000e-06	-7.143387e-06	-4.365366e-09	-5.166227e+01	-2.846014e+02
3.070000e-06	-7.208997e-06	-4.372615e-09	-5.213677e+01	-2.851720e+02
3.080000e-06	-7.272072e-06	-4.379773e-09	-5.259294e+01	-2.857094e+02
3.090000e-06	-7.332472e-06	-4.385730e-09	-5.302977e+01	-2.861991e+02
3.100000e-06	-7.390303e-06	-4.391263e-09	-5.344801e+01	-2.866415e+02
3.110000e-06	-7.445545e-06	-4.397382e-09	-5.384753e+01	-2.870532e+02
3.120000e-06	-7.497894e-06	-4.404446e-09	-5.422613e+01	-2.874575e+02
3.130000e-06	-7.547163e-06	-4.412598e-09	-5.458245e+01	-2.878711e+02
3.140000e-06	-7.593526e-06	-4.419162e-09	-5.491776e+01	-2.882923e+02
3.150000e-06	-7.637338e-06	-4.423669e-09	-5.523461e+01	-2.887001e+02
3.160000e-06	-7.678664e-06	-4.427708e-09	-5.553349e+01	-2.890644e+02
3.170000e-06	-7.717275e-06	-4.431378e-09	-5.581273e+01	-2.893618e+02
3.180000e-06	-7.753108e-06	-4.435376e-09	-5.607188e+01	-2.895898e+02
3.190000e-06	-7.786187e-06	-4.436788e-09	-5.631111e+01	-2.897699e+02
3.200000e-06	-7.816392e-06	-4.437956e-09	-5.652956e+01	-2.899388e+02
3.210000e-06	-7.843714e-06	-4.438906e-09	-5.672716e+01	-2.901296e+02
3.220000e-06	-7.868239e-06	-4.440384e-09	-5.690453e+01	-2.903544e+02
3.230000e-06	-7.889901e-06	-4.443337e-09	-5.706120e+01	-2.905953e+02
3.240000e-06	-7.908742e-06	-4.447356e-09	-5.719745e+01	-2.908120e+02
3.250000e-06	-7.924772e-06	-4.451501e-09	-5.731338e+01	-2.909591e+02
3.260000e-06	-7.937687e-06	-4.452923e-09	-5.740679e+01	-2.910094e+02
3.270000e-06	-7.947514e-06	-4.450361e-09	-5.747786e+01	-2.909678e+02
3.280000e-06	-7.954461e-06	-4.446827e-09	-5.752810e+01	-2.908714e+02
3.290000e-06	-7.958567e-06	-4.445456e-09	-5.755780e+01	-2.907736e+02
3.300000e-06	-7.959895e-06	-4.443457e-09	-5.756740e+01	-2.907195e+02
