# Temperatura_=_20.0
# Concentracion g/m^3_=_6200.0
# C_Vs_to_Am_M_A/Vsm_=_65563218390.804596
# pendiente_HvsI_1/m_=_3716.3
# ordenada_HvsI_A/m_=_1297.0
# frecuencia_Hz_=_302097.0279350093

Tiempo_(s)	Campo_(V.s)	Magnetizacion_(V.s)	Campo_(kA/m)	Magnetizacion_(A/m)
0.000000e+00	-6.256841e-06	-4.749853e-09	-4.560071e+01	-3.090635e+02
1.000000e-08	-6.255260e-06	-4.752197e-09	-4.558918e+01	-3.090723e+02
2.000000e-08	-6.251439e-06	-4.752963e-09	-4.556133e+01	-3.089726e+02
3.000000e-08	-6.245682e-06	-4.754804e-09	-4.551938e+01	-3.088392e+02
4.000000e-08	-6.238070e-06	-4.756308e-09	-4.546390e+01	-3.087566e+02
5.000000e-08	-6.228308e-06	-4.753487e-09	-4.539275e+01	-3.087682e+02
6.000000e-08	-6.216098e-06	-4.750573e-09	-4.530376e+01	-3.088485e+02
7.000000e-08	-6.201616e-06	-4.744820e-09	-4.519822e+01	-3.089127e+02
8.000000e-08	-6.184880e-06	-4.735528e-09	-4.507625e+01	-3.088612e+02
9.000000e-08	-6.166046e-06	-4.753302e-09	-4.493898e+01	-3.086351e+02
1.000000e-07	-6.145106e-06	-4.750261e-09	-4.478637e+01	-3.082540e+02
1.100000e-07	-6.121749e-06	-4.734480e-09	-4.461614e+01	-3.078164e+02
1.200000e-07	-6.095815e-06	-4.731566e-09	-4.442712e+01	-3.074612e+02
1.300000e-07	-6.067691e-06	-4.717231e-09	-4.422216e+01	-3.073092e+02
1.400000e-07	-6.037973e-06	-4.683393e-09	-4.400556e+01	-3.074120e+02
1.500000e-07	-6.006697e-06	-4.722119e-09	-4.377762e+01	-3.077320e+02
1.600000e-07	-5.973494e-06	-4.726683e-09	-4.353563e+01	-3.081602e+02
1.700000e-07	-5.938256e-06	-4.685920e-09	-4.327882e+01	-3.085620e+02
1.800000e-07	-5.901242e-06	-4.742113e-09	-4.300905e+01	-3.088263e+02
1.900000e-07	-5.862131e-06	-4.706929e-09	-4.272401e+01	-3.088971e+02
2.000000e-07	-5.820726e-06	-4.674193e-09	-4.242224e+01	-3.087756e+02
2.100000e-07	-5.777185e-06	-4.695202e-09	-4.210491e+01	-3.084996e+02
2.200000e-07	-5.731487e-06	-4.651534e-09	-4.177185e+01	-3.081138e+02
2.300000e-07	-5.683652e-06	-4.653948e-09	-4.142323e+01	-3.076500e+02
2.400000e-07	-5.633364e-06	-4.679338e-09	-4.105672e+01	-3.071247e+02
2.500000e-07	-5.580558e-06	-4.656287e-09	-4.067186e+01	-3.065501e+02
2.600000e-07	-5.525650e-06	-4.646507e-09	-4.027169e+01	-3.059464e+02
2.700000e-07	-5.468608e-06	-4.644513e-09	-3.985596e+01	-3.053439e+02
2.800000e-07	-5.409466e-06	-4.633008e-09	-3.942492e+01	-3.047704e+02
2.900000e-07	-5.348453e-06	-4.616809e-09	-3.898025e+01	-3.042322e+02
3.000000e-07	-5.285580e-06	-4.627330e-09	-3.852203e+01	-3.037017e+02
3.100000e-07	-5.220700e-06	-4.606289e-09	-3.804917e+01	-3.031237e+02
3.200000e-07	-5.153695e-06	-4.568367e-09	-3.756083e+01	-3.024398e+02
3.300000e-07	-5.084705e-06	-4.573399e-09	-3.705802e+01	-3.016207e+02
3.400000e-07	-5.013967e-06	-4.555789e-09	-3.654247e+01	-3.006874e+02
3.500000e-07	-4.941541e-06	-4.542515e-09	-3.601462e+01	-2.997078e+02
3.600000e-07	-4.867170e-06	-4.535725e-09	-3.547260e+01	-2.987668e+02
3.700000e-07	-4.790719e-06	-4.517349e-09	-3.491541e+01	-2.979234e+02
3.800000e-07	-4.712267e-06	-4.504281e-09	-3.434364e+01	-2.971775e+02
3.900000e-07	-4.631852e-06	-4.497829e-09	-3.375756e+01	-2.964659e+02
4.000000e-07	-4.549801e-06	-4.490232e-09	-3.315956e+01	-2.956903e+02
4.100000e-07	-4.466342e-06	-4.472546e-09	-3.255131e+01	-2.947671e+02
4.200000e-07	-4.381477e-06	-4.451762e-09	-3.193280e+01	-2.936715e+02
4.300000e-07	-4.295275e-06	-4.432232e-09	-3.130454e+01	-2.924525e+02
4.400000e-07	-4.207662e-06	-4.418437e-09	-3.066601e+01	-2.912094e+02
4.500000e-07	-4.118550e-06	-4.405976e-09	-3.001655e+01	-2.900411e+02
4.600000e-07	-4.027800e-06	-4.386554e-09	-2.935515e+01	-2.889930e+02
4.700000e-07	-3.935506e-06	-4.368158e-09	-2.868251e+01	-2.880313e+02
4.800000e-07	-3.841993e-06	-4.347250e-09	-2.800097e+01	-2.870592e+02
4.900000e-07	-3.747256e-06	-4.322947e-09	-2.731051e+01	-2.859676e+02
5.000000e-07	-3.651191e-06	-4.308382e-09	-2.661037e+01	-2.846928e+02
5.100000e-07	-3.553684e-06	-4.296951e-09	-2.589973e+01	-2.832514e+02
5.200000e-07	-3.454720e-06	-4.277216e-09	-2.517847e+01	-2.817314e+02
5.300000e-07	-3.354402e-06	-4.250369e-09	-2.444733e+01	-2.802424e+02
5.400000e-07	-3.252987e-06	-4.227631e-09	-2.370821e+01	-2.788520e+02
5.500000e-07	-3.150484e-06	-4.206353e-09	-2.296115e+01	-2.775430e+02
5.600000e-07	-3.046756e-06	-4.182451e-09	-2.220517e+01	-2.762163e+02
5.700000e-07	-2.941891e-06	-4.154659e-09	-2.144090e+01	-2.747402e+02
5.800000e-07	-2.835892e-06	-4.123508e-09	-2.066837e+01	-2.730220e+02
5.900000e-07	-2.728747e-06	-4.093173e-09	-1.988748e+01	-2.710618e+02
6.000000e-07	-2.620489e-06	-4.062969e-09	-1.909848e+01	-2.689580e+02
6.100000e-07	-2.511341e-06	-4.034355e-09	-1.830299e+01	-2.668592e+02
6.200000e-07	-2.401356e-06	-4.006407e-09	-1.750141e+01	-2.648837e+02
6.300000e-07	-2.290497e-06	-3.980322e-09	-1.669345e+01	-2.630515e+02
6.400000e-07	-2.178801e-06	-3.951028e-09	-1.587940e+01	-2.612646e+02
6.500000e-07	-2.066297e-06	-3.918342e-09	-1.505946e+01	-2.593520e+02
6.600000e-07	-1.952962e-06	-3.883096e-09	-1.423345e+01	-2.571556e+02
6.700000e-07	-1.838810e-06	-3.844949e-09	-1.340150e+01	-2.546145e+02
6.800000e-07	-1.723950e-06	-3.803951e-09	-1.256438e+01	-2.517998e+02
6.900000e-07	-1.608319e-06	-3.757520e-09	-1.172164e+01	-2.488776e+02
7.000000e-07	-1.491970e-06	-3.714647e-09	-1.087368e+01	-2.460174e+02
7.100000e-07	-1.375154e-06	-3.674251e-09	-1.002231e+01	-2.432912e+02
7.200000e-07	-1.257939e-06	-3.630575e-09	-9.168031e+00	-2.406210e+02
7.300000e-07	-1.140317e-06	-3.581494e-09	-8.310784e+00	-2.378053e+02
7.400000e-07	-1.022371e-06	-3.528779e-09	-7.451175e+00	-2.346165e+02
7.500000e-07	-9.040779e-07	-3.476438e-09	-6.589043e+00	-2.309180e+02
7.600000e-07	-7.854668e-07	-3.421672e-09	-5.724588e+00	-2.267380e+02
7.700000e-07	-6.665834e-07	-3.360906e-09	-4.858151e+00	-2.222513e+02
7.800000e-07	-5.474225e-07	-3.292528e-09	-3.989689e+00	-2.176726e+02
7.900000e-07	-4.280537e-07	-3.219028e-09	-3.119714e+00	-2.131105e+02
8.000000e-07	-3.085476e-07	-3.139603e-09	-2.248737e+00	-2.084613e+02
8.100000e-07	-1.889338e-07	-3.054223e-09	-1.376975e+00	-2.034078e+02
8.200000e-07	-6.920072e-08	-2.961666e-09	-5.043443e-01	-1.975337e+02
8.300000e-07	5.064550e-08	-2.859633e-09	3.691113e-01	-1.905040e+02
8.400000e-07	1.704724e-07	-2.746096e-09	1.242426e+00	-1.822123e+02
8.500000e-07	2.902332e-07	-2.614165e-09	2.115259e+00	-1.728018e+02
8.600000e-07	4.099208e-07	-2.460737e-09	2.987558e+00	-1.625199e+02
8.700000e-07	5.294792e-07	-2.287733e-09	3.858917e+00	-1.514533e+02
8.800000e-07	6.488737e-07	-2.089912e-09	4.729079e+00	-1.392629e+02
8.900000e-07	7.680401e-07	-1.857136e-09	5.597580e+00	-1.250665e+02
9.000000e-07	8.869511e-07	-1.581489e-09	6.464220e+00	-1.075706e+02
9.100000e-07	1.005545e-06	-1.252323e-09	7.328545e+00	-8.545605e+01
9.200000e-07	1.123758e-06	-8.552899e-10	8.190101e+00	-5.790024e+01
9.300000e-07	1.241589e-06	-3.746911e-10	9.048871e+00	-2.504463e+01
9.400000e-07	1.358996e-06	1.899840e-10	9.904544e+00	1.179190e+01
9.500000e-07	1.475976e-06	8.063091e-10	1.075711e+01	5.026860e+01
9.600000e-07	1.592482e-06	1.401577e-09	1.160623e+01	8.752718e+01
9.700000e-07	1.708290e-06	1.905578e-09	1.245025e+01	1.208879e+02
9.800000e-07	1.823279e-06	2.295663e-09	1.328831e+01	1.485018e+02
9.900000e-07	1.937477e-06	2.587411e-09	1.412060e+01	1.697379e+02
1.000000e-06	2.050902e-06	2.810691e-09	1.494725e+01	1.851842e+02
1.010000e-06	2.163554e-06	2.987889e-09	1.576827e+01	1.962865e+02
1.020000e-06	2.275315e-06	3.135926e-09	1.658281e+01	2.047825e+02
1.030000e-06	2.386143e-06	3.261309e-09	1.739054e+01	2.121480e+02
1.040000e-06	2.496124e-06	3.368548e-09	1.819209e+01	2.192476e+02
1.050000e-06	2.605295e-06	3.465246e-09	1.898774e+01	2.262793e+02
1.060000e-06	2.713624e-06	3.554393e-09	1.977726e+01	2.329794e+02
1.070000e-06	2.820995e-06	3.638242e-09	2.055979e+01	2.389532e+02
1.080000e-06	2.927280e-06	3.712084e-09	2.133441e+01	2.439695e+02
1.090000e-06	3.032489e-06	3.776253e-09	2.210119e+01	2.480984e+02
1.100000e-06	3.136614e-06	3.836400e-09	2.286007e+01	2.516611e+02
1.110000e-06	3.239527e-06	3.892898e-09	2.361011e+01	2.550517e+02
1.120000e-06	3.341310e-06	3.944166e-09	2.435192e+01	2.585414e+02
1.130000e-06	3.442064e-06	3.991793e-09	2.508623e+01	2.621672e+02
1.140000e-06	3.541638e-06	4.038206e-09	2.581194e+01	2.657532e+02
1.150000e-06	3.639890e-06	4.083055e-09	2.652801e+01	2.690373e+02
1.160000e-06	3.736793e-06	4.123055e-09	2.723426e+01	2.718301e+02
1.170000e-06	3.832233e-06	4.156888e-09	2.792983e+01	2.741176e+02
1.180000e-06	3.926294e-06	4.187669e-09	2.861536e+01	2.760627e+02
1.190000e-06	4.019186e-06	4.218277e-09	2.929237e+01	2.779113e+02
1.200000e-06	4.110766e-06	4.249035e-09	2.995982e+01	2.798612e+02
1.210000e-06	4.200819e-06	4.276126e-09	3.061614e+01	2.819656e+02
1.220000e-06	4.289279e-06	4.301503e-09	3.126085e+01	2.841189e+02
1.230000e-06	4.376178e-06	4.325346e-09	3.189418e+01	2.861286e+02
1.240000e-06	4.461565e-06	4.346921e-09	3.251649e+01	2.878286e+02
1.250000e-06	4.545515e-06	4.366445e-09	3.312833e+01	2.891719e+02
1.260000e-06	4.627915e-06	4.385666e-09	3.372887e+01	2.902550e+02
1.270000e-06	4.708584e-06	4.406000e-09	3.431680e+01	2.912632e+02
1.280000e-06	4.787487e-06	4.424030e-09	3.489186e+01	2.923698e+02
1.290000e-06	4.864576e-06	4.440308e-09	3.545369e+01	2.936455e+02
1.300000e-06	4.939791e-06	4.456419e-09	3.600187e+01	2.950249e+02
1.310000e-06	5.013091e-06	4.472646e-09	3.653609e+01	2.963471e+02
1.320000e-06	5.084436e-06	4.487159e-09	3.705606e+01	2.974462e+02
1.330000e-06	5.153926e-06	4.499235e-09	3.756251e+01	2.982431e+02
1.340000e-06	5.221687e-06	4.509094e-09	3.805636e+01	2.987887e+02
1.350000e-06	5.287544e-06	4.519489e-09	3.853634e+01	2.992381e+02
1.360000e-06	5.351396e-06	4.531422e-09	3.900170e+01	2.997701e+02
1.370000e-06	5.413423e-06	4.542754e-09	3.945376e+01	3.004961e+02
1.380000e-06	5.473788e-06	4.552322e-09	3.989371e+01	3.014051e+02
1.390000e-06	5.532248e-06	4.560305e-09	4.031978e+01	3.023742e+02
1.400000e-06	5.588569e-06	4.569476e-09	4.073025e+01	3.032359e+02
1.410000e-06	5.642854e-06	4.579837e-09	4.112589e+01	3.038666e+02
1.420000e-06	5.694978e-06	4.589321e-09	4.150577e+01	3.042496e+02
1.430000e-06	5.744678e-06	4.596452e-09	4.186800e+01	3.044815e+02
1.440000e-06	5.792122e-06	4.604111e-09	4.221377e+01	3.047191e+02
1.450000e-06	5.837568e-06	4.613750e-09	4.254499e+01	3.050973e+02
1.460000e-06	5.881121e-06	4.622453e-09	4.286241e+01	3.056614e+02
1.470000e-06	5.922604e-06	4.629121e-09	4.316474e+01	3.063471e+02
1.480000e-06	5.961854e-06	4.634080e-09	4.345080e+01	3.070186e+02
1.490000e-06	5.999059e-06	4.638366e-09	4.372195e+01	3.075412e+02
1.500000e-06	6.034295e-06	4.644212e-09	4.397876e+01	3.078509e+02
1.510000e-06	6.067324e-06	4.652704e-09	4.421948e+01	3.079847e+02
1.520000e-06	6.098098e-06	4.660461e-09	4.444377e+01	3.080571e+02
1.530000e-06	6.126898e-06	4.665051e-09	4.465366e+01	3.081977e+02
1.540000e-06	6.153624e-06	4.667821e-09	4.484845e+01	3.084840e+02
1.550000e-06	6.177990e-06	4.671605e-09	4.502603e+01	3.089037e+02
1.560000e-06	6.200035e-06	4.676195e-09	4.518669e+01	3.093662e+02
1.570000e-06	6.220060e-06	4.679636e-09	4.533264e+01	3.097537e+02
1.580000e-06	6.237962e-06	4.682179e-09	4.546312e+01	3.099839e+02
1.590000e-06	6.253480e-06	4.683547e-09	4.557621e+01	3.100517e+02
1.600000e-06	6.266626e-06	4.684877e-09	4.567202e+01	3.100267e+02
1.610000e-06	6.277265e-06	4.686869e-09	4.574956e+01	3.100125e+02
1.620000e-06	6.285406e-06	4.689180e-09	4.580889e+01	3.100893e+02
1.630000e-06	6.291324e-06	4.691167e-09	4.585202e+01	3.102717e+02
1.640000e-06	6.295226e-06	4.693235e-09	4.588046e+01	3.105049e+02
1.650000e-06	6.296892e-06	4.697079e-09	4.589260e+01	3.106987e+02
1.660000e-06	6.296227e-06	4.698719e-09	4.588776e+01	3.107795e+02
1.670000e-06	6.293525e-06	4.698910e-09	4.586807e+01	3.107317e+02
1.680000e-06	6.288833e-06	4.695277e-09	4.583387e+01	3.106056e+02
1.690000e-06	6.281925e-06	4.692873e-09	4.578352e+01	3.104872e+02
1.700000e-06	6.272933e-06	4.695787e-09	4.571799e+01	3.104474e+02
1.710000e-06	6.262052e-06	4.699846e-09	4.563869e+01	3.104988e+02
1.720000e-06	6.249011e-06	4.706382e-09	4.554364e+01	3.105848e+02
1.730000e-06	6.233726e-06	4.712773e-09	4.543224e+01	3.106069e+02
1.740000e-06	6.216445e-06	4.681840e-09	4.530629e+01	3.104779e+02
1.750000e-06	6.196864e-06	4.676772e-09	4.516359e+01	3.101726e+02
1.760000e-06	6.174184e-06	4.684954e-09	4.499829e+01	3.097498e+02
1.770000e-06	6.148616e-06	4.682845e-09	4.481194e+01	3.093332e+02
1.780000e-06	6.121151e-06	4.727071e-09	4.461178e+01	3.090611e+02
1.790000e-06	6.092368e-06	4.709724e-09	4.440201e+01	3.090269e+02
1.800000e-06	6.062166e-06	4.651293e-09	4.418189e+01	3.092409e+02
1.810000e-06	6.029829e-06	4.735339e-09	4.394621e+01	3.096279e+02
1.820000e-06	5.995220e-06	4.731240e-09	4.369398e+01	3.100607e+02
1.830000e-06	5.958904e-06	4.711428e-09	4.342930e+01	3.104100e+02
1.840000e-06	5.920410e-06	4.792879e-09	4.314875e+01	3.105881e+02
1.850000e-06	5.879595e-06	4.747150e-09	4.285129e+01	3.105670e+02
1.860000e-06	5.836892e-06	4.774575e-09	4.254006e+01	3.103685e+02
1.870000e-06	5.792162e-06	4.796086e-09	4.221406e+01	3.100369e+02
1.880000e-06	5.745503e-06	4.736842e-09	4.187401e+01	3.096125e+02
1.890000e-06	5.696618e-06	4.746969e-09	4.151773e+01	3.091191e+02
1.900000e-06	5.645290e-06	4.725710e-09	4.114364e+01	3.085696e+02
1.910000e-06	5.591663e-06	4.727560e-09	4.075280e+01	3.079787e+02
1.920000e-06	5.535692e-06	4.727874e-09	4.034488e+01	3.073720e+02
1.930000e-06	5.477710e-06	4.708216e-09	3.992229e+01	3.067808e+02
1.940000e-06	5.417875e-06	4.712561e-09	3.948621e+01	3.062253e+02
1.950000e-06	5.356003e-06	4.669648e-09	3.903528e+01	3.056966e+02
1.960000e-06	5.292019e-06	4.689484e-09	3.856895e+01	3.051523e+02
1.970000e-06	5.225999e-06	4.670488e-09	3.808779e+01	3.045318e+02
1.980000e-06	5.158246e-06	4.661968e-09	3.759399e+01	3.037865e+02
1.990000e-06	5.088520e-06	4.689575e-09	3.708582e+01	3.029090e+02
2.000000e-06	5.016679e-06	4.642225e-09	3.656224e+01	3.019442e+02
2.010000e-06	4.943059e-06	4.629799e-09	3.602568e+01	3.009731e+02
2.020000e-06	4.867637e-06	4.610643e-09	3.547600e+01	3.000735e+02
2.030000e-06	4.790355e-06	4.602891e-09	3.491276e+01	2.992800e+02
2.040000e-06	4.711064e-06	4.591412e-09	3.433487e+01	2.985615e+02
2.050000e-06	4.630038e-06	4.571532e-09	3.374435e+01	2.978332e+02
2.060000e-06	4.547564e-06	4.568222e-09	3.314326e+01	2.969972e+02
2.070000e-06	4.463644e-06	4.543937e-09	3.253164e+01	2.959930e+02
2.080000e-06	4.378142e-06	4.529396e-09	3.190849e+01	2.948304e+02
2.090000e-06	4.290836e-06	4.506913e-09	3.127219e+01	2.935869e+02
2.100000e-06	4.202019e-06	4.498031e-09	3.062489e+01	2.923690e+02
2.110000e-06	4.111851e-06	4.481573e-09	2.996772e+01	2.912559e+02
2.120000e-06	4.020364e-06	4.459542e-09	2.930096e+01	2.902572e+02
2.130000e-06	3.927508e-06	4.450666e-09	2.862421e+01	2.893054e+02
2.140000e-06	3.833236e-06	4.432995e-09	2.793715e+01	2.882904e+02
2.150000e-06	3.737481e-06	4.407318e-09	2.723927e+01	2.871176e+02
2.160000e-06	3.640299e-06	4.379725e-09	2.653100e+01	2.857587e+02
2.170000e-06	3.541927e-06	4.364278e-09	2.581404e+01	2.842676e+02
2.180000e-06	3.442333e-06	4.346473e-09	2.508819e+01	2.827499e+02
2.190000e-06	3.341476e-06	4.328475e-09	2.435313e+01	2.813034e+02
2.200000e-06	3.239256e-06	4.307418e-09	2.360814e+01	2.799590e+02
2.210000e-06	3.135731e-06	4.283989e-09	2.285364e+01	2.786581e+02
2.220000e-06	3.031012e-06	4.256859e-09	2.209043e+01	2.772782e+02
2.230000e-06	2.925233e-06	4.232101e-09	2.131949e+01	2.756969e+02
2.240000e-06	2.818545e-06	4.210896e-09	2.054193e+01	2.738602e+02
2.250000e-06	2.710953e-06	4.187970e-09	1.975779e+01	2.718168e+02
2.260000e-06	2.602443e-06	4.160224e-09	1.896696e+01	2.696972e+02
2.270000e-06	2.492991e-06	4.128011e-09	1.816926e+01	2.676462e+02
2.280000e-06	2.382679e-06	4.097651e-09	1.736528e+01	2.657427e+02
2.290000e-06	2.271436e-06	4.063203e-09	1.655453e+01	2.639503e+02
2.300000e-06	2.159289e-06	4.027404e-09	1.573719e+01	2.621283e+02
2.310000e-06	2.046361e-06	3.991553e-09	1.491416e+01	2.600997e+02
2.320000e-06	1.932753e-06	3.957041e-09	1.408617e+01	2.577433e+02
2.330000e-06	1.818383e-06	3.923645e-09	1.325262e+01	2.550593e+02
2.340000e-06	1.703245e-06	3.890254e-09	1.241348e+01	2.521718e+02
2.350000e-06	1.587431e-06	3.852971e-09	1.156941e+01	2.492617e+02
2.360000e-06	1.470988e-06	3.808594e-09	1.072076e+01	2.464639e+02
2.370000e-06	1.354034e-06	3.759250e-09	9.868380e+00	2.437829e+02
2.380000e-06	1.236580e-06	3.709654e-09	9.012360e+00	2.410751e+02
2.390000e-06	1.118737e-06	3.661132e-09	8.153509e+00	2.381120e+02
2.400000e-06	1.000521e-06	3.611843e-09	7.291933e+00	2.346948e+02
2.410000e-06	8.818885e-07	3.557330e-09	6.427323e+00	2.307592e+02
2.420000e-06	7.628943e-07	3.494903e-09	5.560077e+00	2.264098e+02
2.430000e-06	6.436756e-07	3.429947e-09	4.691195e+00	2.218573e+02
2.440000e-06	5.241289e-07	3.363942e-09	3.819922e+00	2.172846e+02
2.450000e-06	4.043404e-07	3.292042e-09	2.946888e+00	2.127098e+02
2.460000e-06	2.845279e-07	3.210290e-09	2.073678e+00	2.079227e+02
2.470000e-06	1.645802e-07	3.120212e-09	1.199483e+00	2.025398e+02
2.480000e-06	4.450571e-08	3.020940e-09	3.243636e-01	1.961598e+02
2.490000e-06	-7.561395e-08	2.910387e-09	-5.510847e-01	1.885413e+02
2.500000e-06	-1.956911e-07	2.785616e-09	-1.426223e+00	1.797013e+02
2.510000e-06	-3.157750e-07	2.642970e-09	-2.301411e+00	1.698587e+02
2.520000e-06	-4.357499e-07	2.480485e-09	-3.175805e+00	1.592228e+02
2.530000e-06	-5.554868e-07	2.296119e-09	-4.048463e+00	1.477100e+02
2.540000e-06	-6.750440e-07	2.083554e-09	-4.919812e+00	1.347296e+02
2.550000e-06	-7.943442e-07	1.834757e-09	-5.789288e+00	1.191755e+02
2.560000e-06	-9.132916e-07	1.539465e-09	-6.656193e+00	9.968225e+01
2.570000e-06	-1.031831e-06	1.184993e-09	-7.520122e+00	7.509444e+01
2.580000e-06	-1.149939e-06	7.550544e-10	-8.380909e+00	4.499041e+01
2.590000e-06	-1.267594e-06	2.366841e-10	-9.238396e+00	1.005284e+01
2.600000e-06	-1.384755e-06	-3.586758e-10	-1.009228e+01	-2.788224e+01
2.610000e-06	-1.501411e-06	-9.832210e-10	-1.094249e+01	-6.615449e+01
2.620000e-06	-1.617414e-06	-1.561287e-09	-1.178794e+01	-1.018988e+02
2.630000e-06	-1.732592e-06	-2.031490e-09	-1.262737e+01	-1.327517e+02
2.640000e-06	-1.846925e-06	-2.383850e-09	-1.346064e+01	-1.574039e+02
2.650000e-06	-1.960386e-06	-2.644854e-09	-1.428756e+01	-1.758145e+02
2.660000e-06	-2.072997e-06	-2.846158e-09	-1.510829e+01	-1.890318e+02
2.670000e-06	-2.184789e-06	-3.009030e-09	-1.592304e+01	-1.987120e+02
2.680000e-06	-2.295792e-06	-3.146965e-09	-1.673204e+01	-2.065313e+02
2.690000e-06	-2.405838e-06	-3.268184e-09	-1.753408e+01	-2.137080e+02
2.700000e-06	-2.514933e-06	-3.375379e-09	-1.832917e+01	-2.207860e+02
2.710000e-06	-2.623262e-06	-3.472583e-09	-1.911869e+01	-2.277121e+02
2.720000e-06	-2.730720e-06	-3.561238e-09	-1.990186e+01	-2.341192e+02
2.730000e-06	-2.837286e-06	-3.640707e-09	-2.067853e+01	-2.396594e+02
2.740000e-06	-2.942932e-06	-3.712482e-09	-2.144849e+01	-2.442362e+02
2.750000e-06	-3.047548e-06	-3.779635e-09	-2.221095e+01	-2.480524e+02
2.760000e-06	-3.150989e-06	-3.844580e-09	-2.296483e+01	-2.514892e+02
2.770000e-06	-3.253150e-06	-3.905548e-09	-2.370940e+01	-2.549047e+02
2.780000e-06	-3.354182e-06	-3.960995e-09	-2.444574e+01	-2.584675e+02
2.790000e-06	-3.454052e-06	-4.013286e-09	-2.517360e+01	-2.621052e+02
2.800000e-06	-3.552705e-06	-4.064034e-09	-2.589259e+01	-2.655821e+02
2.810000e-06	-3.650202e-06	-4.109463e-09	-2.660317e+01	-2.686519e+02
2.820000e-06	-3.746529e-06	-4.148613e-09	-2.730521e+01	-2.711994e+02
2.830000e-06	-3.841547e-06	-4.186458e-09	-2.799771e+01	-2.732993e+02
2.840000e-06	-3.935182e-06	-4.225002e-09	-2.868014e+01	-2.751684e+02
2.850000e-06	-4.027430e-06	-4.260434e-09	-2.935246e+01	-2.770464e+02
2.860000e-06	-4.118195e-06	-4.293034e-09	-3.001396e+01	-2.790713e+02
2.870000e-06	-4.207541e-06	-4.325840e-09	-3.066513e+01	-2.812187e+02
2.880000e-06	-4.295382e-06	-4.356603e-09	-3.130533e+01	-2.833300e+02
2.890000e-06	-4.381574e-06	-4.384113e-09	-3.193350e+01	-2.852104e+02
2.900000e-06	-4.466168e-06	-4.409999e-09	-3.255004e+01	-2.867411e+02
2.910000e-06	-4.549213e-06	-4.435269e-09	-3.315528e+01	-2.879437e+02
2.920000e-06	-4.630741e-06	-4.457762e-09	-3.374947e+01	-2.889667e+02
2.930000e-06	-4.710620e-06	-4.475769e-09	-3.433164e+01	-2.900031e+02
2.940000e-06	-4.788635e-06	-4.494150e-09	-3.490022e+01	-2.911874e+02
2.950000e-06	-4.864672e-06	-4.513481e-09	-3.545439e+01	-2.925264e+02
2.960000e-06	-4.938761e-06	-4.531177e-09	-3.599436e+01	-2.939015e+02
2.970000e-06	-5.011068e-06	-4.546624e-09	-3.652134e+01	-2.951368e+02
2.980000e-06	-5.081532e-06	-4.560423e-09	-3.703490e+01	-2.960973e+02
2.990000e-06	-5.150000e-06	-4.575690e-09	-3.753390e+01	-2.967630e+02
3.000000e-06	-5.216575e-06	-4.588212e-09	-3.801911e+01	-2.972405e+02
3.010000e-06	-5.281358e-06	-4.597208e-09	-3.849125e+01	-2.977077e+02
3.020000e-06	-5.344265e-06	-4.607460e-09	-3.894973e+01	-2.983223e+02
3.030000e-06	-5.405135e-06	-4.618740e-09	-3.939336e+01	-2.991420e+02
3.040000e-06	-5.464078e-06	-4.629483e-09	-3.982294e+01	-3.000985e+02
3.050000e-06	-5.521259e-06	-4.639373e-09	-4.023968e+01	-3.010374e+02
3.060000e-06	-5.576539e-06	-4.651716e-09	-4.064257e+01	-3.018012e+02
3.070000e-06	-5.629547e-06	-4.663200e-09	-4.102890e+01	-3.023110e+02
3.080000e-06	-5.680135e-06	-4.669352e-09	-4.139759e+01	-3.026060e+02
3.090000e-06	-5.728342e-06	-4.670746e-09	-4.174893e+01	-3.028199e+02
3.100000e-06	-5.774459e-06	-4.674347e-09	-4.208504e+01	-3.031098e+02
3.110000e-06	-5.818807e-06	-4.681425e-09	-4.240825e+01	-3.035751e+02
3.120000e-06	-5.861283e-06	-4.688703e-09	-4.271783e+01	-3.042090e+02
3.130000e-06	-5.901827e-06	-4.695985e-09	-4.301332e+01	-3.049063e+02
3.140000e-06	-5.940250e-06	-4.703722e-09	-4.329335e+01	-3.055220e+02
3.150000e-06	-5.976475e-06	-4.711800e-09	-4.355736e+01	-3.059472e+02
3.160000e-06	-6.010652e-06	-4.716419e-09	-4.380645e+01	-3.061644e+02
3.170000e-06	-6.042821e-06	-4.717773e-09	-4.404090e+01	-3.062523e+02
3.180000e-06	-6.072669e-06	-4.718770e-09	-4.425843e+01	-3.063416e+02
3.190000e-06	-6.100192e-06	-4.720247e-09	-4.445902e+01	-3.065448e+02
3.200000e-06	-6.125690e-06	-4.722549e-09	-4.464486e+01	-3.068997e+02
3.210000e-06	-6.149020e-06	-4.727672e-09	-4.481489e+01	-3.073533e+02
3.220000e-06	-6.170076e-06	-4.734139e-09	-4.496835e+01	-3.077943e+02
3.230000e-06	-6.188982e-06	-4.740083e-09	-4.510614e+01	-3.081144e+02
3.240000e-06	-6.205773e-06	-4.743844e-09	-4.522852e+01	-3.082643e+02
3.250000e-06	-6.220097e-06	-4.746695e-09	-4.533291e+01	-3.082765e+02
3.260000e-06	-6.231852e-06	-4.748576e-09	-4.541858e+01	-3.082433e+02
3.270000e-06	-6.241285e-06	-4.749887e-09	-4.548733e+01	-3.082643e+02
3.280000e-06	-6.248528e-06	-4.749350e-09	-4.554012e+01	-3.083924e+02
3.290000e-06	-6.253544e-06	-4.747382e-09	-4.557668e+01	-3.086081e+02
3.300000e-06	-6.256366e-06	-4.746511e-09	-4.559724e+01	-3.088340e+02
3.310000e-06	-6.257133e-06	-4.747645e-09	-4.560283e+01	-3.089811e+02
