# Temperatura_=_20.0
# Concentracion g/m^3_=_6200.0
# C_Vs_to_Am_M_A/Vsm_=_65563218390.804596
# pendiente_HvsI_1/m_=_3716.3
# ordenada_HvsI_A/m_=_1297.0
# frecuencia_Hz_=_302098.8413898056

Tiempo_(s)	Campo_(V.s)	Magnetizacion_(V.s)	Campo_(kA/m)	Magnetizacion_(A/m)
0.000000e+00	-6.249092e-06	-4.650936e-09	-4.558286e+01	-3.019012e+02
1.000000e-08	-6.245593e-06	-4.655090e-09	-4.555734e+01	-3.018807e+02
2.000000e-08	-6.240128e-06	-4.657233e-09	-4.551747e+01	-3.017214e+02
3.000000e-08	-6.232795e-06	-4.658056e-09	-4.546398e+01	-3.015260e+02
4.000000e-08	-6.223354e-06	-4.656694e-09	-4.539512e+01	-3.014076e+02
5.000000e-08	-6.211500e-06	-4.652871e-09	-4.530865e+01	-3.014232e+02
6.000000e-08	-6.197403e-06	-4.652795e-09	-4.520582e+01	-3.015352e+02
7.000000e-08	-6.181089e-06	-4.650962e-09	-4.508682e+01	-3.016265e+02
8.000000e-08	-6.162614e-06	-4.638360e-09	-4.495206e+01	-3.015634e+02
9.000000e-08	-6.142025e-06	-4.644133e-09	-4.480188e+01	-3.012761e+02
1.000000e-07	-6.119039e-06	-4.649545e-09	-4.463421e+01	-3.008164e+02
1.100000e-07	-6.093518e-06	-4.633906e-09	-4.444805e+01	-3.003579e+02
1.200000e-07	-6.065753e-06	-4.613926e-09	-4.424552e+01	-3.001360e+02
1.300000e-07	-6.036258e-06	-4.623996e-09	-4.403038e+01	-3.003498e+02
1.400000e-07	-6.005238e-06	-4.616931e-09	-4.380411e+01	-3.010717e+02
1.500000e-07	-5.972314e-06	-4.607153e-09	-4.356395e+01	-3.022054e+02
1.600000e-07	-5.937335e-06	-4.671074e-09	-4.330880e+01	-3.035132e+02
1.700000e-07	-5.900605e-06	-4.606172e-09	-4.304088e+01	-3.047006e+02
1.800000e-07	-5.861860e-06	-4.606964e-09	-4.275826e+01	-3.055214e+02
1.900000e-07	-5.820831e-06	-4.632301e-09	-4.245899e+01	-3.058585e+02
2.000000e-07	-5.777644e-06	-4.562121e-09	-4.214396e+01	-3.057472e+02
2.100000e-07	-5.732230e-06	-4.614541e-09	-4.181270e+01	-3.053381e+02
2.200000e-07	-5.684658e-06	-4.605949e-09	-4.146570e+01	-3.048195e+02
2.300000e-07	-5.634682e-06	-4.587326e-09	-4.110116e+01	-3.043385e+02
2.400000e-07	-5.582145e-06	-4.603257e-09	-4.071793e+01	-3.039546e+02
2.500000e-07	-5.527498e-06	-4.584425e-09	-4.031932e+01	-3.036404e+02
2.600000e-07	-5.470805e-06	-4.586645e-09	-3.990579e+01	-3.033206e+02
2.700000e-07	-5.411992e-06	-4.571416e-09	-3.947679e+01	-3.029243e+02
2.800000e-07	-5.351223e-06	-4.577877e-09	-3.903352e+01	-3.024227e+02
2.900000e-07	-5.288580e-06	-4.569573e-09	-3.857658e+01	-3.018357e+02
3.000000e-07	-5.224010e-06	-4.540090e-09	-3.810558e+01	-3.012108e+02
3.100000e-07	-5.157386e-06	-4.538221e-09	-3.761961e+01	-3.005906e+02
3.200000e-07	-5.088747e-06	-4.519562e-09	-3.711894e+01	-2.999886e+02
3.300000e-07	-5.018328e-06	-4.523541e-09	-3.660527e+01	-2.993874e+02
3.400000e-07	-4.946221e-06	-4.511832e-09	-3.607931e+01	-2.987558e+02
3.500000e-07	-4.872223e-06	-4.493620e-09	-3.553954e+01	-2.980733e+02
3.600000e-07	-4.796121e-06	-4.491783e-09	-3.498443e+01	-2.973439e+02
3.700000e-07	-4.718003e-06	-4.467914e-09	-3.441461e+01	-2.965925e+02
3.800000e-07	-4.637997e-06	-4.466801e-09	-3.383102e+01	-2.958452e+02
3.900000e-07	-4.556267e-06	-4.459428e-09	-3.323485e+01	-2.951081e+02
4.000000e-07	-4.473053e-06	-4.443396e-09	-3.262787e+01	-2.943575e+02
4.100000e-07	-4.388528e-06	-4.426683e-09	-3.201131e+01	-2.935495e+02
4.200000e-07	-4.302657e-06	-4.417852e-09	-3.138495e+01	-2.926443e+02
4.300000e-07	-4.215308e-06	-4.412852e-09	-3.074779e+01	-2.916302e+02
4.400000e-07	-4.126507e-06	-4.385610e-09	-3.010005e+01	-2.905330e+02
4.500000e-07	-4.036116e-06	-4.372471e-09	-2.944071e+01	-2.894044e+02
4.600000e-07	-3.944186e-06	-4.353553e-09	-2.877014e+01	-2.882943e+02
4.700000e-07	-3.850960e-06	-4.332120e-09	-2.809012e+01	-2.872234e+02
4.800000e-07	-3.756449e-06	-4.311971e-09	-2.740073e+01	-2.861706e+02
4.900000e-07	-3.660616e-06	-4.300470e-09	-2.670169e+01	-2.850843e+02
5.000000e-07	-3.563398e-06	-4.290209e-09	-2.599256e+01	-2.839109e+02
5.100000e-07	-3.464704e-06	-4.266437e-09	-2.527265e+01	-2.826241e+02
5.200000e-07	-3.364668e-06	-4.246766e-09	-2.454295e+01	-2.812389e+02
5.300000e-07	-3.263527e-06	-4.226185e-09	-2.380520e+01	-2.797998e+02
5.400000e-07	-3.161211e-06	-4.203005e-09	-2.305887e+01	-2.783520e+02
5.500000e-07	-3.057644e-06	-4.173785e-09	-2.230342e+01	-2.769092e+02
5.600000e-07	-2.953010e-06	-4.149768e-09	-2.154019e+01	-2.754410e+02
5.700000e-07	-2.847364e-06	-4.123202e-09	-2.076957e+01	-2.738863e+02
5.800000e-07	-2.740461e-06	-4.093968e-09	-1.998979e+01	-2.721875e+02
5.900000e-07	-2.632428e-06	-4.066895e-09	-1.920176e+01	-2.703273e+02
6.000000e-07	-2.523523e-06	-4.041148e-09	-1.840738e+01	-2.683439e+02
6.100000e-07	-2.413744e-06	-4.012937e-09	-1.760661e+01	-2.663148e+02
6.200000e-07	-2.303078e-06	-3.984049e-09	-1.679938e+01	-2.643148e+02
6.300000e-07	-2.191524e-06	-3.957871e-09	-1.598567e+01	-2.623693e+02
6.400000e-07	-2.079182e-06	-3.924067e-09	-1.516621e+01	-2.604317e+02
6.500000e-07	-1.966154e-06	-3.888747e-09	-1.434175e+01	-2.583980e+02
6.600000e-07	-1.852330e-06	-3.853513e-09	-1.351148e+01	-2.561562e+02
6.700000e-07	-1.737644e-06	-3.817500e-09	-1.267493e+01	-2.536443e+02
6.800000e-07	-1.622121e-06	-3.774214e-09	-1.183227e+01	-2.508852e+02
6.900000e-07	-1.505925e-06	-3.730774e-09	-1.098470e+01	-2.479773e+02
7.000000e-07	-1.389329e-06	-3.693249e-09	-1.013420e+01	-2.450404e+02
7.100000e-07	-1.272346e-06	-3.651488e-09	-9.280899e+00	-2.421445e+02
7.200000e-07	-1.154938e-06	-3.604176e-09	-8.424484e+00	-2.392593e+02
7.300000e-07	-1.037177e-06	-3.552955e-09	-7.565497e+00	-2.362541e+02
7.400000e-07	-9.190357e-07	-3.502413e-09	-6.703738e+00	-2.329523e+02
7.500000e-07	-8.005600e-07	-3.445603e-09	-5.839539e+00	-2.292159e+02
7.600000e-07	-6.818014e-07	-3.382721e-09	-4.973276e+00	-2.250125e+02
7.700000e-07	-5.627806e-07	-3.316704e-09	-4.105100e+00	-2.204270e+02
7.800000e-07	-4.435824e-07	-3.248067e-09	-3.235631e+00	-2.156044e+02
7.900000e-07	-3.241871e-07	-3.172898e-09	-2.364724e+00	-2.106482e+02
8.000000e-07	-2.046350e-07	-3.089519e-09	-1.492673e+00	-2.055277e+02
8.100000e-07	-8.499138e-08	-3.001660e-09	-6.199541e-01	-2.000465e+02
8.200000e-07	3.469548e-08	-2.906197e-09	2.530798e-01	-1.938965e+02
8.300000e-07	1.544003e-07	-2.802383e-09	1.126245e+00	-1.867763e+02
8.400000e-07	2.740437e-07	-2.681677e-09	1.998962e+00	-1.785120e+02
8.500000e-07	3.936497e-07	-2.542401e-09	2.871406e+00	-1.691083e+02
8.600000e-07	5.131939e-07	-2.387211e-09	3.743399e+00	-1.586854e+02
8.700000e-07	6.325711e-07	-2.215976e-09	4.614174e+00	-1.473125e+02
8.800000e-07	7.517663e-07	-2.021327e-09	5.483622e+00	-1.348124e+02
8.900000e-07	8.707231e-07	-1.794714e-09	6.351330e+00	-1.206398e+02
9.000000e-07	9.893209e-07	-1.532952e-09	7.216420e+00	-1.039247e+02
9.100000e-07	1.107502e-06	-1.225467e-09	8.078472e+00	-8.370505e+01
9.200000e-07	1.225306e-06	-8.624929e-10	8.937768e+00	-5.929292e+01
9.300000e-07	1.342719e-06	-4.393117e-10	9.794219e+00	-3.064119e+01
9.400000e-07	1.459704e-06	4.520665e-11	1.064755e+01	1.437345e+00
9.500000e-07	1.576173e-06	5.739421e-10	1.149711e+01	3.530803e+01
9.600000e-07	1.691986e-06	1.101464e-09	1.234188e+01	6.882518e+01
9.700000e-07	1.807007e-06	1.575048e-09	1.318088e+01	9.982627e+01
9.800000e-07	1.921189e-06	1.965104e-09	1.401376e+01	1.266458e+02
9.900000e-07	2.034552e-06	2.273454e-09	1.484067e+01	1.484746e+02
1.000000e-06	2.147130e-06	2.516009e-09	1.566185e+01	1.654483e+02
1.010000e-06	2.258904e-06	2.711775e-09	1.647716e+01	1.784517e+02
1.020000e-06	2.369814e-06	2.878249e-09	1.728617e+01	1.887307e+02
1.030000e-06	2.479839e-06	3.021776e-09	1.808873e+01	1.974662e+02
1.040000e-06	2.588990e-06	3.146981e-09	1.888491e+01	2.054635e+02
1.050000e-06	2.697326e-06	3.257961e-09	1.967515e+01	2.130468e+02
1.060000e-06	2.804819e-06	3.357900e-09	2.045924e+01	2.201587e+02
1.070000e-06	2.911272e-06	3.448138e-09	2.123574e+01	2.265814e+02
1.080000e-06	3.016556e-06	3.527060e-09	2.200371e+01	2.321613e+02
1.090000e-06	3.120615e-06	3.600403e-09	2.276276e+01	2.369370e+02
1.100000e-06	3.223472e-06	3.668533e-09	2.351303e+01	2.411319e+02
1.110000e-06	3.325251e-06	3.732535e-09	2.425543e+01	2.450416e+02
1.120000e-06	3.425990e-06	3.791554e-09	2.499026e+01	2.488915e+02
1.130000e-06	3.525632e-06	3.846718e-09	2.571708e+01	2.527434e+02
1.140000e-06	3.623929e-06	3.898743e-09	2.643408e+01	2.564966e+02
1.150000e-06	3.720766e-06	3.943856e-09	2.714045e+01	2.599719e+02
1.160000e-06	3.816228e-06	3.982869e-09	2.783678e+01	2.630273e+02
1.170000e-06	3.910344e-06	4.018497e-09	2.852329e+01	2.656428e+02
1.180000e-06	4.003237e-06	4.054019e-09	2.920088e+01	2.679306e+02
1.190000e-06	4.094921e-06	4.089132e-09	2.986965e+01	2.700725e+02
1.200000e-06	4.185199e-06	4.121057e-09	3.052817e+01	2.722238e+02
1.210000e-06	4.273868e-06	4.150968e-09	3.117495e+01	2.744364e+02
1.220000e-06	4.360900e-06	4.180087e-09	3.180979e+01	2.766428e+02
1.230000e-06	4.446388e-06	4.205193e-09	3.243336e+01	2.787055e+02
1.240000e-06	4.530471e-06	4.225814e-09	3.304669e+01	2.805012e+02
1.250000e-06	4.613077e-06	4.245534e-09	3.364924e+01	2.819937e+02
1.260000e-06	4.693935e-06	4.267554e-09	3.423905e+01	2.832549e+02
1.270000e-06	4.772963e-06	4.288396e-09	3.481551e+01	2.844251e+02
1.280000e-06	4.850218e-06	4.306823e-09	3.537903e+01	2.856364e+02
1.290000e-06	4.925627e-06	4.323751e-09	3.592909e+01	2.869421e+02
1.300000e-06	4.999017e-06	4.340536e-09	3.646441e+01	2.882911e+02
1.310000e-06	5.070477e-06	4.356057e-09	3.698567e+01	2.895605e+02
1.320000e-06	5.140192e-06	4.368439e-09	3.749419e+01	2.906279e+02
1.330000e-06	5.208156e-06	4.379989e-09	3.798994e+01	2.914436e+02
1.340000e-06	5.274188e-06	4.392603e-09	3.847160e+01	2.920627e+02
1.350000e-06	5.338214e-06	4.406288e-09	3.893863e+01	2.926205e+02
1.360000e-06	5.400360e-06	4.418019e-09	3.939194e+01	2.932625e+02
1.370000e-06	5.460774e-06	4.428771e-09	3.983262e+01	2.940692e+02
1.380000e-06	5.519417e-06	4.440042e-09	4.026038e+01	2.950127e+02
1.390000e-06	5.575940e-06	4.450271e-09	4.067267e+01	2.959715e+02
1.400000e-06	5.630387e-06	4.459218e-09	4.106983e+01	2.967933e+02
1.410000e-06	5.682777e-06	4.467597e-09	4.145198e+01	2.973748e+02
1.420000e-06	5.732804e-06	4.475967e-09	4.181689e+01	2.977151e+02
1.430000e-06	5.780555e-06	4.485057e-09	4.216520e+01	2.979166e+02
1.440000e-06	5.826280e-06	4.494050e-09	4.249873e+01	2.981320e+02
1.450000e-06	5.870154e-06	4.500310e-09	4.281877e+01	2.984871e+02
1.460000e-06	5.911909e-06	4.505680e-09	4.312334e+01	2.990178e+02
1.470000e-06	5.951386e-06	4.510584e-09	4.341130e+01	2.996558e+02
1.480000e-06	5.988871e-06	4.514769e-09	4.368472e+01	3.002678e+02
1.490000e-06	6.024434e-06	4.519266e-09	4.394413e+01	3.007275e+02
1.500000e-06	6.057767e-06	4.525536e-09	4.418727e+01	3.009816e+02
1.510000e-06	6.088818e-06	4.532618e-09	4.441377e+01	3.010759e+02
1.520000e-06	6.117857e-06	4.538011e-09	4.462559e+01	3.011281e+02
1.530000e-06	6.144854e-06	4.542303e-09	4.482252e+01	3.012640e+02
1.540000e-06	6.169505e-06	4.547572e-09	4.500233e+01	3.015506e+02
1.550000e-06	6.191813e-06	4.552538e-09	4.516504e+01	3.019618e+02
1.560000e-06	6.212107e-06	4.556332e-09	4.531308e+01	3.023951e+02
1.570000e-06	6.230314e-06	4.558698e-09	4.544588e+01	3.027287e+02
1.580000e-06	6.246193e-06	4.560743e-09	4.556171e+01	3.028875e+02
1.590000e-06	6.259683e-06	4.562403e-09	4.566012e+01	3.028836e+02
1.600000e-06	6.270717e-06	4.562291e-09	4.574060e+01	3.028080e+02
1.610000e-06	6.279225e-06	4.563985e-09	4.580266e+01	3.027808e+02
1.620000e-06	6.285466e-06	4.566463e-09	4.584818e+01	3.028852e+02
1.630000e-06	6.289636e-06	4.569772e-09	4.587860e+01	3.031224e+02
1.640000e-06	6.291555e-06	4.573361e-09	4.589260e+01	3.034115e+02
1.650000e-06	6.291213e-06	4.575276e-09	4.589010e+01	3.036346e+02
1.660000e-06	6.288794e-06	4.576750e-09	4.587246e+01	3.037023e+02
1.670000e-06	6.284448e-06	4.570968e-09	4.584075e+01	3.036032e+02
1.680000e-06	6.277884e-06	4.568589e-09	4.579288e+01	3.034111e+02
1.690000e-06	6.269160e-06	4.571519e-09	4.572924e+01	3.032427e+02
1.700000e-06	6.258593e-06	4.574360e-09	4.565216e+01	3.031901e+02
1.710000e-06	6.245881e-06	4.576263e-09	4.555944e+01	3.032650e+02
1.720000e-06	6.230851e-06	4.572325e-09	4.544981e+01	3.033846e+02
1.730000e-06	6.213865e-06	4.584697e-09	4.532590e+01	3.034137e+02
1.740000e-06	6.194722e-06	4.555602e-09	4.518627e+01	3.032408e+02
1.750000e-06	6.172534e-06	4.548075e-09	4.502442e+01	3.028529e+02
1.760000e-06	6.147383e-06	4.573487e-09	4.484096e+01	3.023666e+02
1.770000e-06	6.120173e-06	4.592331e-09	4.464249e+01	3.019972e+02
1.780000e-06	6.091612e-06	4.574684e-09	4.443415e+01	3.019749e+02
1.790000e-06	6.061663e-06	4.588910e-09	4.421569e+01	3.024444e+02
1.800000e-06	6.029684e-06	4.557792e-09	4.398243e+01	3.033950e+02
1.810000e-06	5.995410e-06	4.604882e-09	4.373242e+01	3.046519e+02
1.820000e-06	5.959390e-06	4.702759e-09	4.346968e+01	3.059361e+02
1.830000e-06	5.921303e-06	4.705278e-09	4.319186e+01	3.069646e+02
1.840000e-06	5.880859e-06	4.800516e-09	4.289685e+01	3.075489e+02
1.850000e-06	5.838484e-06	4.765321e-09	4.258775e+01	3.076490e+02
1.860000e-06	5.794006e-06	4.721529e-09	4.226331e+01	3.073661e+02
1.870000e-06	5.747491e-06	4.770131e-09	4.192402e+01	3.068801e+02
1.880000e-06	5.698860e-06	4.680090e-09	4.156929e+01	3.063672e+02
1.890000e-06	5.647887e-06	4.711404e-09	4.119748e+01	3.059337e+02
1.900000e-06	5.594608e-06	4.735970e-09	4.080884e+01	3.055928e+02
1.910000e-06	5.538985e-06	4.699553e-09	4.040311e+01	3.052865e+02
1.920000e-06	5.481324e-06	4.732480e-09	3.998251e+01	3.049357e+02
1.930000e-06	5.421871e-06	4.661280e-09	3.954885e+01	3.044874e+02
1.940000e-06	5.360348e-06	4.693602e-09	3.910008e+01	3.039386e+02
1.950000e-06	5.296659e-06	4.671943e-09	3.863551e+01	3.033267e+02
1.960000e-06	5.230938e-06	4.654235e-09	3.815612e+01	3.027007e+02
1.970000e-06	5.163397e-06	4.682831e-09	3.766345e+01	3.020905e+02
1.980000e-06	5.093979e-06	4.643007e-09	3.715710e+01	3.014929e+02
1.990000e-06	5.022512e-06	4.671702e-09	3.663579e+01	3.008807e+02
2.000000e-06	4.949208e-06	4.616407e-09	3.610109e+01	3.002252e+02
2.010000e-06	4.874155e-06	4.610637e-09	3.555364e+01	2.995175e+02
2.020000e-06	4.797213e-06	4.615095e-09	3.499239e+01	2.987738e+02
2.030000e-06	4.718233e-06	4.587061e-09	3.441629e+01	2.980224e+02
2.040000e-06	4.637518e-06	4.606416e-09	3.382753e+01	2.972818e+02
2.050000e-06	4.555373e-06	4.570042e-09	3.322833e+01	2.965430e+02
2.060000e-06	4.471673e-06	4.573298e-09	3.261780e+01	2.957699e+02
2.070000e-06	4.386445e-06	4.541153e-09	3.199612e+01	2.949174e+02
2.080000e-06	4.299474e-06	4.526324e-09	3.136173e+01	2.939573e+02
2.090000e-06	4.210944e-06	4.510728e-09	3.071596e+01	2.928967e+02
2.100000e-06	4.121095e-06	4.489575e-09	3.006058e+01	2.917771e+02
2.110000e-06	4.029862e-06	4.496272e-09	2.939509e+01	2.906533e+02
2.120000e-06	3.937314e-06	4.469667e-09	2.872002e+01	2.895632e+02
2.130000e-06	3.843342e-06	4.454978e-09	2.803456e+01	2.885068e+02
2.140000e-06	3.747833e-06	4.424165e-09	2.733788e+01	2.874451e+02
2.150000e-06	3.650894e-06	4.412098e-09	2.663078e+01	2.863212e+02
2.160000e-06	3.552731e-06	4.390379e-09	2.591475e+01	2.850923e+02
2.170000e-06	3.453281e-06	4.367591e-09	2.518933e+01	2.837524e+02
2.180000e-06	3.352640e-06	4.352316e-09	2.445522e+01	2.823343e+02
2.190000e-06	3.250824e-06	4.334768e-09	2.371254e+01	2.808869e+02
2.200000e-06	3.147700e-06	4.314046e-09	2.296032e+01	2.794431e+02
2.210000e-06	3.043316e-06	4.287238e-09	2.219891e+01	2.779944e+02
2.220000e-06	2.937827e-06	4.270805e-09	2.142944e+01	2.764917e+02
2.230000e-06	2.831370e-06	4.244185e-09	2.065291e+01	2.748707e+02
2.240000e-06	2.723939e-06	4.215776e-09	1.986927e+01	2.730904e+02
2.250000e-06	2.615615e-06	4.184861e-09	1.907913e+01	2.711609e+02
2.260000e-06	2.506435e-06	4.158007e-09	1.828273e+01	2.691444e+02
2.270000e-06	2.396326e-06	4.125576e-09	1.747956e+01	2.671231e+02
2.280000e-06	2.285144e-06	4.094819e-09	1.666856e+01	2.651520e+02
2.290000e-06	2.173077e-06	4.063750e-09	1.585112e+01	2.632211e+02
2.300000e-06	2.060269e-06	4.029386e-09	1.502825e+01	2.612508e+02
2.310000e-06	1.946726e-06	3.992447e-09	1.420004e+01	2.591256e+02
2.320000e-06	1.832467e-06	3.954633e-09	1.336660e+01	2.567519e+02
2.330000e-06	1.717502e-06	3.920653e-09	1.252800e+01	2.541085e+02
2.340000e-06	1.601905e-06	3.882409e-09	1.168480e+01	2.512601e+02
2.350000e-06	1.485704e-06	3.839797e-09	1.083720e+01	2.483246e+02
2.360000e-06	1.368993e-06	3.791265e-09	9.985867e+00	2.454054e+02
2.370000e-06	1.251826e-06	3.744819e-09	9.131215e+00	2.425261e+02
2.380000e-06	1.134269e-06	3.696132e-09	8.273721e+00	2.396023e+02
2.390000e-06	1.016213e-06	3.647428e-09	7.412581e+00	2.364709e+02
2.400000e-06	8.976752e-07	3.593490e-09	6.547928e+00	2.329639e+02
2.410000e-06	7.787224e-07	3.532779e-09	5.680248e+00	2.289906e+02
2.420000e-06	6.594360e-07	3.470582e-09	4.810135e+00	2.245801e+02
2.430000e-06	5.398870e-07	3.404996e-09	3.938107e+00	2.198584e+02
2.440000e-06	4.201297e-07	3.332509e-09	3.064559e+00	2.149632e+02
2.450000e-06	3.002444e-07	3.250340e-09	2.190078e+00	2.099397e+02
2.460000e-06	1.802283e-07	3.163642e-09	1.314642e+00	2.046730e+02
2.470000e-06	6.017797e-08	3.069727e-09	4.389572e-01	1.988991e+02
2.480000e-06	-5.987311e-08	2.966270e-09	-4.367335e-01	1.922965e+02
2.490000e-06	-1.799648e-07	2.851662e-09	-1.312720e+00	1.846152e+02
2.500000e-06	-3.000621e-07	2.721530e-09	-2.188748e+00	1.757709e+02
2.510000e-06	-4.200823e-07	2.574083e-09	-3.064214e+00	1.658415e+02
2.520000e-06	-5.399340e-07	2.408375e-09	-3.938450e+00	1.549465e+02
2.530000e-06	-6.595236e-07	2.223087e-09	-4.810774e+00	1.430543e+02
2.540000e-06	-7.788087e-07	2.012768e-09	-5.680877e+00	1.298102e+02
2.550000e-06	-8.977783e-07	1.769080e-09	-6.548679e+00	1.144887e+02
2.560000e-06	-1.016385e-06	1.486560e-09	-7.413837e+00	9.613419e+01
2.570000e-06	-1.134560e-06	1.155662e-09	-8.275843e+00	7.387225e+01
2.580000e-06	-1.252223e-06	7.676480e-10	-9.134112e+00	4.729534e+01
2.590000e-06	-1.369329e-06	3.165395e-10	-9.988322e+00	1.677338e+01
2.600000e-06	-1.485879e-06	-1.950626e-10	-1.083847e+01	-1.644719e+01
2.610000e-06	-1.601792e-06	-7.386663e-10	-1.168398e+01	-5.042267e+01
2.620000e-06	-1.716988e-06	-1.260018e-09	-1.252426e+01	-8.293163e+01
2.630000e-06	-1.831400e-06	-1.708604e-09	-1.335881e+01	-1.120018e+02
2.640000e-06	-1.944963e-06	-2.068020e-09	-1.418718e+01	-1.363662e+02
2.650000e-06	-2.057696e-06	-2.351500e-09	-1.500948e+01	-1.556958e+02
2.660000e-06	-2.169564e-06	-2.577938e-09	-1.582549e+01	-1.705403e+02
2.670000e-06	-2.280471e-06	-2.763475e-09	-1.663448e+01	-1.820201e+02
2.680000e-06	-2.390469e-06	-2.921883e-09	-1.743684e+01	-1.913978e+02
2.690000e-06	-2.499652e-06	-3.059410e-09	-1.823326e+01	-1.996933e+02
2.700000e-06	-2.608019e-06	-3.182181e-09	-1.902372e+01	-2.074708e+02
2.710000e-06	-2.715562e-06	-3.291067e-09	-1.980817e+01	-2.148410e+02
2.720000e-06	-2.822234e-06	-3.387072e-09	-2.058627e+01	-2.216356e+02
2.730000e-06	-2.927970e-06	-3.473309e-09	-2.135754e+01	-2.276451e+02
2.740000e-06	-3.032669e-06	-3.551167e-09	-2.212125e+01	-2.328044e+02
2.750000e-06	-3.136206e-06	-3.625028e-09	-2.287648e+01	-2.372534e+02
2.760000e-06	-3.238475e-06	-3.695360e-09	-2.362246e+01	-2.412697e+02
2.770000e-06	-3.339496e-06	-3.761509e-09	-2.435934e+01	-2.451299e+02
2.780000e-06	-3.439364e-06	-3.823036e-09	-2.508781e+01	-2.489840e+02
2.790000e-06	-3.538102e-06	-3.880881e-09	-2.580804e+01	-2.528063e+02
2.800000e-06	-3.635700e-06	-3.935478e-09	-2.651995e+01	-2.564428e+02
2.810000e-06	-3.732106e-06	-3.985273e-09	-2.722316e+01	-2.597191e+02
2.820000e-06	-3.827165e-06	-4.030179e-09	-2.791655e+01	-2.625477e+02
2.830000e-06	-3.920797e-06	-4.072422e-09	-2.859953e+01	-2.649785e+02
2.840000e-06	-4.013006e-06	-4.112754e-09	-2.927214e+01	-2.671695e+02
2.850000e-06	-4.103802e-06	-4.152390e-09	-2.993444e+01	-2.693016e+02
2.860000e-06	-4.193238e-06	-4.190482e-09	-3.058681e+01	-2.714845e+02
2.870000e-06	-4.281239e-06	-4.225320e-09	-3.122871e+01	-2.737082e+02
2.880000e-06	-4.367628e-06	-4.257024e-09	-3.185886e+01	-2.758607e+02
2.890000e-06	-4.452357e-06	-4.286826e-09	-3.247691e+01	-2.778006e+02
2.900000e-06	-4.535572e-06	-4.315830e-09	-3.308390e+01	-2.794418e+02
2.910000e-06	-4.617249e-06	-4.343434e-09	-3.367968e+01	-2.808035e+02
2.920000e-06	-4.697238e-06	-4.365740e-09	-3.426314e+01	-2.819998e+02
2.930000e-06	-4.775373e-06	-4.385778e-09	-3.483309e+01	-2.831773e+02
2.940000e-06	-4.851526e-06	-4.405669e-09	-3.538857e+01	-2.844353e+02
2.950000e-06	-4.925811e-06	-4.425819e-09	-3.593043e+01	-2.857745e+02
2.960000e-06	-4.998324e-06	-4.447060e-09	-3.645936e+01	-2.871005e+02
2.970000e-06	-5.068907e-06	-4.464598e-09	-3.697422e+01	-2.882806e+02
2.980000e-06	-5.137488e-06	-4.480486e-09	-3.747447e+01	-2.892215e+02
2.990000e-06	-5.204249e-06	-4.492074e-09	-3.796144e+01	-2.899254e+02
3.000000e-06	-5.269248e-06	-4.502081e-09	-3.843557e+01	-2.904940e+02
3.010000e-06	-5.332466e-06	-4.513827e-09	-3.889670e+01	-2.910778e+02
3.020000e-06	-5.393662e-06	-4.526866e-09	-3.934308e+01	-2.917981e+02
3.030000e-06	-5.452792e-06	-4.538596e-09	-3.977439e+01	-2.926831e+02
3.040000e-06	-5.510152e-06	-4.548089e-09	-4.019279e+01	-2.936528e+02
3.050000e-06	-5.565632e-06	-4.560278e-09	-4.059749e+01	-2.945604e+02
3.060000e-06	-5.618811e-06	-4.573807e-09	-4.098539e+01	-2.952689e+02
3.070000e-06	-5.669708e-06	-4.582718e-09	-4.135665e+01	-2.957223e+02
3.080000e-06	-5.718234e-06	-4.585449e-09	-4.171062e+01	-2.959751e+02
3.090000e-06	-5.764526e-06	-4.586838e-09	-4.204828e+01	-2.961639e+02
3.100000e-06	-5.809016e-06	-4.590215e-09	-4.237280e+01	-2.964377e+02
3.110000e-06	-5.851631e-06	-4.596618e-09	-4.268365e+01	-2.968825e+02
3.120000e-06	-5.892343e-06	-4.604273e-09	-4.298062e+01	-2.974804e+02
3.130000e-06	-5.931021e-06	-4.612274e-09	-4.326274e+01	-2.981231e+02
3.140000e-06	-5.967546e-06	-4.619897e-09	-4.352918e+01	-2.986710e+02
3.150000e-06	-6.002037e-06	-4.625594e-09	-4.378076e+01	-2.990280e+02
3.160000e-06	-6.034499e-06	-4.630621e-09	-4.401755e+01	-2.991903e+02
3.170000e-06	-6.064596e-06	-4.634412e-09	-4.423709e+01	-2.992461e+02
3.180000e-06	-6.092377e-06	-4.635886e-09	-4.443973e+01	-2.993264e+02
3.190000e-06	-6.118098e-06	-4.634762e-09	-4.462734e+01	-2.995345e+02
3.200000e-06	-6.141689e-06	-4.636040e-09	-4.479943e+01	-2.998920e+02
3.210000e-06	-6.162991e-06	-4.638457e-09	-4.495481e+01	-3.003294e+02
3.220000e-06	-6.182092e-06	-4.642771e-09	-4.509414e+01	-3.007262e+02
3.230000e-06	-6.199148e-06	-4.649754e-09	-4.521855e+01	-3.009764e+02
3.240000e-06	-6.213791e-06	-4.653453e-09	-4.532536e+01	-3.010462e+02
3.250000e-06	-6.225851e-06	-4.654665e-09	-4.541333e+01	-3.009912e+02
3.260000e-06	-6.235595e-06	-4.656092e-09	-4.548440e+01	-3.009253e+02
3.270000e-06	-6.243233e-06	-4.657631e-09	-4.554012e+01	-3.009576e+02
3.280000e-06	-6.248561e-06	-4.657423e-09	-4.557899e+01	-3.011336e+02
3.290000e-06	-6.251614e-06	-4.656423e-09	-4.560126e+01	-3.014102e+02
3.300000e-06	-6.252685e-06	-4.655860e-09	-4.560907e+01	-3.016804e+02
3.310000e-06	-6.251531e-06	-4.654616e-09	-4.560065e+01	-3.018324e+02
