# Temperatura_=_20.0
# Concentracion g/m^3_=_4600.0
# C_Vs_to_Am_M_A/Vsm_=_65563218390.804596
# pendiente_HvsI_1/m_=_3716.3
# ordenada_HvsI_A/m_=_1297.0
# frecuencia_Hz_=_302557.4890615062

Tiempo_(s)	Campo_(V.s)	Magnetizacion_(V.s)	Campo_(kA/m)	Magnetizacion_(A/m)
0.000000e+00	-7.935728e-06	-2.687815e-09	-5.757453e+01	-1.749561e+02
1.000000e-08	-7.932038e-06	-2.690509e-09	-5.754776e+01	-1.750379e+02
2.000000e-08	-7.925785e-06	-2.685036e-09	-5.750239e+01	-1.750379e+02
3.000000e-08	-7.916929e-06	-2.681389e-09	-5.743814e+01	-1.748966e+02
4.000000e-08	-7.905306e-06	-2.677393e-09	-5.735382e+01	-1.746194e+02
5.000000e-08	-7.890745e-06	-2.671033e-09	-5.724818e+01	-1.742797e+02
6.000000e-08	-7.873304e-06	-2.659876e-09	-5.712164e+01	-1.739827e+02
7.000000e-08	-7.853529e-06	-2.638875e-09	-5.697817e+01	-1.738095e+02
8.000000e-08	-7.831486e-06	-2.657386e-09	-5.681825e+01	-1.737694e+02
9.000000e-08	-7.806560e-06	-2.729228e-09	-5.663740e+01	-1.737899e+02
1.000000e-07	-7.778410e-06	-2.679365e-09	-5.643317e+01	-1.737500e+02
1.100000e-07	-7.747240e-06	-2.626091e-09	-5.620703e+01	-1.735426e+02
1.200000e-07	-7.713274e-06	-2.643069e-09	-5.596061e+01	-1.731338e+02
1.300000e-07	-7.676684e-06	-2.653797e-09	-5.569514e+01	-1.725870e+02
1.400000e-07	-7.637759e-06	-2.607341e-09	-5.541274e+01	-1.720374e+02
1.500000e-07	-7.596653e-06	-2.564077e-09	-5.511450e+01	-1.716271e+02
1.600000e-07	-7.553113e-06	-2.691454e-09	-5.479862e+01	-1.714328e+02
1.700000e-07	-7.506865e-06	-2.616211e-09	-5.446309e+01	-1.714222e+02
1.800000e-07	-7.457930e-06	-2.591967e-09	-5.410806e+01	-1.714631e+02
1.900000e-07	-7.406085e-06	-2.655331e-09	-5.373192e+01	-1.713810e+02
2.000000e-07	-7.351340e-06	-2.559208e-09	-5.333474e+01	-1.710390e+02
2.100000e-07	-7.293889e-06	-2.597439e-09	-5.291792e+01	-1.704011e+02
2.200000e-07	-7.233731e-06	-2.563428e-09	-5.248147e+01	-1.695472e+02
2.300000e-07	-7.171000e-06	-2.551944e-09	-5.202635e+01	-1.686344e+02
2.400000e-07	-7.105595e-06	-2.575787e-09	-5.155183e+01	-1.678226e+02
2.500000e-07	-7.037452e-06	-2.531550e-09	-5.105744e+01	-1.672020e+02
2.600000e-07	-6.966676e-06	-2.539020e-09	-5.054396e+01	-1.667569e+02
2.700000e-07	-6.893145e-06	-2.519834e-09	-5.001048e+01	-1.663815e+02
2.800000e-07	-6.816849e-06	-2.527588e-09	-4.945695e+01	-1.659376e+02
2.900000e-07	-6.737827e-06	-2.495575e-09	-4.888364e+01	-1.653235e+02
3.000000e-07	-6.656092e-06	-2.503298e-09	-4.829064e+01	-1.645198e+02
3.100000e-07	-6.571969e-06	-2.517543e-09	-4.768032e+01	-1.635910e+02
3.200000e-07	-6.485621e-06	-2.455389e-09	-4.705386e+01	-1.626447e+02
3.300000e-07	-6.396982e-06	-2.456869e-09	-4.641077e+01	-1.617734e+02
3.400000e-07	-6.306026e-06	-2.442551e-09	-4.575088e+01	-1.610078e+02
3.500000e-07	-6.212807e-06	-2.441244e-09	-4.507456e+01	-1.603072e+02
3.600000e-07	-6.117330e-06	-2.414384e-09	-4.438186e+01	-1.595867e+02
3.700000e-07	-6.019555e-06	-2.408337e-09	-4.367250e+01	-1.587658e+02
3.800000e-07	-5.919578e-06	-2.414575e-09	-4.294715e+01	-1.578101e+02
3.900000e-07	-5.817559e-06	-2.376936e-09	-4.220700e+01	-1.567449e+02
4.000000e-07	-5.713513e-06	-2.345947e-09	-4.145213e+01	-1.556349e+02
4.100000e-07	-5.607420e-06	-2.331661e-09	-4.068242e+01	-1.545443e+02
4.200000e-07	-5.499331e-06	-2.346218e-09	-3.989822e+01	-1.535011e+02
4.300000e-07	-5.389306e-06	-2.307650e-09	-3.909998e+01	-1.524855e+02
4.400000e-07	-5.277337e-06	-2.282856e-09	-3.828763e+01	-1.514475e+02
4.500000e-07	-5.163318e-06	-2.284006e-09	-3.746041e+01	-1.503414e+02
4.600000e-07	-5.047265e-06	-2.270612e-09	-3.661843e+01	-1.491563e+02
4.700000e-07	-4.929374e-06	-2.227774e-09	-3.576312e+01	-1.479227e+02
4.800000e-07	-4.809716e-06	-2.206754e-09	-3.489499e+01	-1.466924e+02
4.900000e-07	-4.688265e-06	-2.214608e-09	-3.401385e+01	-1.455028e+02
5.000000e-07	-4.565069e-06	-2.189803e-09	-3.312005e+01	-1.443492e+02
5.100000e-07	-4.440214e-06	-2.156636e-09	-3.221421e+01	-1.431823e+02
5.200000e-07	-4.313770e-06	-2.136391e-09	-3.129685e+01	-1.419348e+02
5.300000e-07	-4.185757e-06	-2.128085e-09	-3.036810e+01	-1.405621e+02
5.400000e-07	-4.056228e-06	-2.091445e-09	-2.942835e+01	-1.390739e+02
5.500000e-07	-3.925155e-06	-2.065002e-09	-2.847741e+01	-1.375340e+02
5.600000e-07	-3.792530e-06	-2.060708e-09	-2.751520e+01	-1.360275e+02
5.700000e-07	-3.658426e-06	-2.045525e-09	-2.654226e+01	-1.346100e+02
5.800000e-07	-3.522942e-06	-2.009667e-09	-2.555931e+01	-1.332681e+02
5.900000e-07	-3.386116e-06	-1.979917e-09	-2.456662e+01	-1.319162e+02
6.000000e-07	-3.247983e-06	-1.965310e-09	-2.356446e+01	-1.304358e+02
6.100000e-07	-3.108508e-06	-1.934886e-09	-2.255255e+01	-1.287385e+02
6.200000e-07	-2.967599e-06	-1.903897e-09	-2.153024e+01	-1.268197e+02
6.300000e-07	-2.825470e-06	-1.881241e-09	-2.049908e+01	-1.247706e+02
6.400000e-07	-2.682356e-06	-1.858327e-09	-1.946078e+01	-1.227376e+02
6.500000e-07	-2.538281e-06	-1.822446e-09	-1.841550e+01	-1.208464e+02
6.600000e-07	-2.393300e-06	-1.790302e-09	-1.736364e+01	-1.191295e+02
6.700000e-07	-2.247385e-06	-1.765532e-09	-1.630501e+01	-1.174987e+02
6.800000e-07	-2.100641e-06	-1.734647e-09	-1.524037e+01	-1.157804e+02
6.900000e-07	-1.953213e-06	-1.701841e-09	-1.417076e+01	-1.138017e+02
7.000000e-07	-1.805155e-06	-1.670992e-09	-1.309659e+01	-1.114823e+02
7.100000e-07	-1.656567e-06	-1.637337e-09	-1.201856e+01	-1.088821e+02
7.200000e-07	-1.507536e-06	-1.595323e-09	-1.093733e+01	-1.061743e+02
7.300000e-07	-1.358079e-06	-1.556704e-09	-9.853005e+00	-1.035504e+02
7.400000e-07	-1.208116e-06	-1.521189e-09	-8.765010e+00	-1.011051e+02
7.500000e-07	-1.057701e-06	-1.484342e-09	-7.673728e+00	-9.876222e+01
7.600000e-07	-9.068989e-07	-1.441065e-09	-6.579646e+00	-9.628890e+01
7.700000e-07	-7.557508e-07	-1.392653e-09	-5.483051e+00	-9.339907e+01
7.800000e-07	-6.043639e-07	-1.340562e-09	-4.384723e+00	-8.989873e+01
7.900000e-07	-4.528013e-07	-1.282909e-09	-3.285120e+00	-8.579363e+01
8.000000e-07	-3.010586e-07	-1.225119e-09	-2.184211e+00	-8.128960e+01
8.100000e-07	-1.491631e-07	-1.161713e-09	-1.082194e+00	-7.666339e+01
8.200000e-07	2.841315e-09	-1.091356e-09	2.061404e-02	-7.204878e+01
8.300000e-07	1.549240e-07	-1.007658e-09	1.123989e+00	-6.723632e+01
8.400000e-07	3.069677e-07	-9.090405e-10	2.227083e+00	-6.159639e+01
8.500000e-07	4.588689e-07	-7.893701e-10	3.329141e+00	-5.419410e+01
8.600000e-07	6.105980e-07	-6.389192e-10	4.429952e+00	-4.408359e+01
8.700000e-07	7.621035e-07	-4.514935e-10	5.529140e+00	-3.068503e+01
8.800000e-07	9.134079e-07	-2.125035e-10	6.626870e+00	-1.409697e+01
8.900000e-07	1.064467e-06	7.945364e-11	7.722819e+00	4.792431e+00
9.000000e-07	1.215160e-06	4.044182e-10	8.816109e+00	2.446077e+01
9.100000e-07	1.365385e-06	7.081468e-10	9.906009e+00	4.313503e+01
9.200000e-07	1.515107e-06	9.453104e-10	1.099226e+01	5.927267e+01
9.300000e-07	1.664327e-06	1.111538e-09	1.207486e+01	7.196791e+01
9.400000e-07	1.812921e-06	1.228188e-09	1.315293e+01	8.113954e+01
9.500000e-07	1.960859e-06	1.319450e-09	1.422624e+01	8.744250e+01
9.600000e-07	2.108049e-06	1.398200e-09	1.529411e+01	9.195349e+01
9.700000e-07	2.254377e-06	1.470694e-09	1.635574e+01	9.576344e+01
9.800000e-07	2.399869e-06	1.536280e-09	1.741130e+01	9.963488e+01
9.900000e-07	2.544533e-06	1.598453e-09	1.846085e+01	1.038419e+02
1.000000e-06	2.688223e-06	1.654252e-09	1.950334e+01	1.082249e+02
1.010000e-06	2.830820e-06	1.705278e-09	2.053790e+01	1.124030e+02
1.020000e-06	2.972344e-06	1.751474e-09	2.156467e+01	1.160291e+02
1.030000e-06	3.112660e-06	1.795158e-09	2.258267e+01	1.189725e+02
1.040000e-06	3.251676e-06	1.836240e-09	2.359125e+01	1.213616e+02
1.050000e-06	3.389468e-06	1.874524e-09	2.459095e+01	1.234910e+02
1.060000e-06	3.526032e-06	1.910658e-09	2.558173e+01	1.256599e+02
1.070000e-06	3.661282e-06	1.946719e-09	2.656298e+01	1.280292e+02
1.080000e-06	3.795175e-06	1.981713e-09	2.753439e+01	1.305654e+02
1.090000e-06	3.927697e-06	2.012168e-09	2.849585e+01	1.330880e+02
1.100000e-06	4.058785e-06	2.040998e-09	2.944691e+01	1.353844e+02
1.110000e-06	4.188428e-06	2.068160e-09	3.038748e+01	1.373270e+02
1.120000e-06	4.316663e-06	2.095933e-09	3.131784e+01	1.389335e+02
1.130000e-06	4.443409e-06	2.120671e-09	3.223739e+01	1.403470e+02
1.140000e-06	4.568594e-06	2.142958e-09	3.314562e+01	1.417532e+02
1.150000e-06	4.692172e-06	2.165274e-09	3.404220e+01	1.432850e+02
1.160000e-06	4.814106e-06	2.188012e-09	3.492684e+01	1.449636e+02
1.170000e-06	4.934309e-06	2.209530e-09	3.579892e+01	1.467029e+02
1.180000e-06	5.052694e-06	2.230109e-09	3.665782e+01	1.483685e+02
1.190000e-06	5.169184e-06	2.251343e-09	3.750297e+01	1.498550e+02
1.200000e-06	5.283666e-06	2.272057e-09	3.833354e+01	1.511384e+02
1.210000e-06	5.396118e-06	2.290468e-09	3.914940e+01	1.522796e+02
1.220000e-06	5.506632e-06	2.308792e-09	3.995119e+01	1.533811e+02
1.230000e-06	5.615250e-06	2.325861e-09	4.073923e+01	1.545252e+02
1.240000e-06	5.721846e-06	2.342614e-09	4.151259e+01	1.557299e+02
1.250000e-06	5.826323e-06	2.357343e-09	4.227058e+01	1.569458e+02
1.260000e-06	5.928638e-06	2.370462e-09	4.301289e+01	1.580915e+02
1.270000e-06	6.028814e-06	2.385816e-09	4.373967e+01	1.591071e+02
1.280000e-06	6.126793e-06	2.402352e-09	4.445052e+01	1.599911e+02
1.290000e-06	6.222395e-06	2.419391e-09	4.514412e+01	1.608016e+02
1.300000e-06	6.315735e-06	2.433956e-09	4.582132e+01	1.616207e+02
1.310000e-06	6.406877e-06	2.447428e-09	4.648256e+01	1.625040e+02
1.320000e-06	6.495688e-06	2.460899e-09	4.712690e+01	1.634455e+02
1.330000e-06	6.582204e-06	2.472323e-09	4.775457e+01	1.643777e+02
1.340000e-06	6.666442e-06	2.482929e-09	4.836573e+01	1.652093e+02
1.350000e-06	6.748271e-06	2.491999e-09	4.895941e+01	1.658786e+02
1.360000e-06	6.827595e-06	2.502472e-09	4.953491e+01	1.663931e+02
1.370000e-06	6.904409e-06	2.514071e-09	5.009221e+01	1.668319e+02
1.380000e-06	6.978654e-06	2.523511e-09	5.063086e+01	1.673084e+02
1.390000e-06	7.050323e-06	2.532604e-09	5.115082e+01	1.679122e+02
1.400000e-06	7.119476e-06	2.542847e-09	5.165254e+01	1.686602e+02
1.410000e-06	7.186059e-06	2.554611e-09	5.213561e+01	1.694851e+02
1.420000e-06	7.250085e-06	2.565811e-09	5.260012e+01	1.702663e+02
1.430000e-06	7.311702e-06	2.574419e-09	5.304716e+01	1.708898e+02
1.440000e-06	7.370858e-06	2.581079e-09	5.347634e+01	1.713046e+02
1.450000e-06	7.427346e-06	2.585777e-09	5.388617e+01	1.715473e+02
1.460000e-06	7.481058e-06	2.589985e-09	5.427586e+01	1.717225e+02
1.470000e-06	7.531773e-06	2.596330e-09	5.464380e+01	1.719495e+02
1.480000e-06	7.579470e-06	2.602990e-09	5.498984e+01	1.723027e+02
1.490000e-06	7.624464e-06	2.609116e-09	5.531628e+01	1.727775e+02
1.500000e-06	7.666748e-06	2.615382e-09	5.562306e+01	1.732978e+02
1.510000e-06	7.706257e-06	2.620881e-09	5.590970e+01	1.737593e+02
1.520000e-06	7.743142e-06	2.625493e-09	5.617730e+01	1.740856e+02
1.530000e-06	7.777293e-06	2.629918e-09	5.642507e+01	1.742665e+02
1.540000e-06	7.808595e-06	2.634415e-09	5.665217e+01	1.743593e+02
1.550000e-06	7.837242e-06	2.637308e-09	5.686000e+01	1.744534e+02
1.560000e-06	7.863011e-06	2.639876e-09	5.704696e+01	1.746195e+02
1.570000e-06	7.885815e-06	2.643085e-09	5.721241e+01	1.748711e+02
1.580000e-06	7.905935e-06	2.646796e-09	5.735838e+01	1.751591e+02
1.590000e-06	7.923249e-06	2.650759e-09	5.748399e+01	1.754017e+02
1.600000e-06	7.937585e-06	2.653282e-09	5.758801e+01	1.755322e+02
1.610000e-06	7.948808e-06	2.655699e-09	5.766943e+01	1.755367e+02
1.620000e-06	7.956902e-06	2.658233e-09	5.772815e+01	1.754614e+02
1.630000e-06	7.962198e-06	2.660077e-09	5.776658e+01	1.753855e+02
1.640000e-06	7.964705e-06	2.660892e-09	5.778476e+01	1.753738e+02
1.650000e-06	7.964366e-06	2.661334e-09	5.778230e+01	1.754377e+02
1.660000e-06	7.961435e-06	2.652410e-09	5.776104e+01	1.755266e+02
1.670000e-06	7.955823e-06	2.653513e-09	5.772032e+01	1.755549e+02
1.680000e-06	7.947500e-06	2.654043e-09	5.765994e+01	1.754517e+02
1.690000e-06	7.936542e-06	2.651965e-09	5.758044e+01	1.752042e+02
1.700000e-06	7.922679e-06	2.654438e-09	5.747986e+01	1.748708e+02
1.710000e-06	7.906124e-06	2.666305e-09	5.735975e+01	1.745539e+02
1.720000e-06	7.887335e-06	2.689587e-09	5.722344e+01	1.743458e+02
1.730000e-06	7.866142e-06	2.623912e-09	5.706968e+01	1.742766e+02
1.740000e-06	7.841926e-06	2.580117e-09	5.689399e+01	1.742927e+02
1.750000e-06	7.814111e-06	2.651705e-09	5.669219e+01	1.742799e+02
1.760000e-06	7.782813e-06	2.653899e-09	5.646512e+01	1.741215e+02
1.770000e-06	7.748826e-06	2.607976e-09	5.621854e+01	1.737611e+02
1.780000e-06	7.712615e-06	2.647792e-09	5.595583e+01	1.732384e+02
1.790000e-06	7.674115e-06	2.720965e-09	5.567650e+01	1.726754e+02
1.800000e-06	7.633605e-06	2.556083e-09	5.538260e+01	1.722198e+02
1.810000e-06	7.590876e-06	2.630234e-09	5.507260e+01	1.719703e+02
1.820000e-06	7.545382e-06	2.657640e-09	5.474253e+01	1.719232e+02
1.830000e-06	7.497192e-06	2.554137e-09	5.439291e+01	1.719676e+02
1.840000e-06	7.446114e-06	2.702037e-09	5.402233e+01	1.719322e+02
1.850000e-06	7.392101e-06	2.574859e-09	5.363046e+01	1.716635e+02
1.860000e-06	7.335364e-06	2.667920e-09	5.321883e+01	1.710966e+02
1.870000e-06	7.275975e-06	2.645446e-09	5.278795e+01	1.702841e+02
1.880000e-06	7.213953e-06	2.528620e-09	5.233798e+01	1.693701e+02
1.890000e-06	7.149114e-06	2.632196e-09	5.186757e+01	1.685212e+02
1.900000e-06	7.081566e-06	2.541670e-09	5.137750e+01	1.678503e+02
1.910000e-06	7.011229e-06	2.588930e-09	5.086719e+01	1.673688e+02
1.920000e-06	6.938113e-06	2.538434e-09	5.033673e+01	1.669892e+02
1.930000e-06	6.862334e-06	2.568183e-09	4.978694e+01	1.665747e+02
1.940000e-06	6.783724e-06	2.573250e-09	4.921662e+01	1.660088e+02
1.950000e-06	6.702610e-06	2.472969e-09	4.862813e+01	1.652497e+02
1.960000e-06	6.619113e-06	2.542074e-09	4.802236e+01	1.643430e+02
1.970000e-06	6.533137e-06	2.487940e-09	4.739859e+01	1.633912e+02
1.980000e-06	6.444733e-06	2.514146e-09	4.675721e+01	1.624956e+02
1.990000e-06	6.354006e-06	2.472900e-09	4.609897e+01	1.617052e+02
2.000000e-06	6.261149e-06	2.473892e-09	4.542529e+01	1.609956e+02
2.010000e-06	6.166014e-06	2.463510e-09	4.473507e+01	1.602890e+02
2.020000e-06	6.068620e-06	2.406143e-09	4.402847e+01	1.594989e+02
2.030000e-06	5.969093e-06	2.429235e-09	4.330639e+01	1.585771e+02
2.040000e-06	5.867471e-06	2.427389e-09	4.256911e+01	1.575345e+02
2.050000e-06	5.763714e-06	2.438117e-09	4.181635e+01	1.564292e+02
2.060000e-06	5.657918e-06	2.371988e-09	4.104878e+01	1.553295e+02
2.070000e-06	5.550228e-06	2.371517e-09	4.026748e+01	1.542749e+02
2.080000e-06	5.440632e-06	2.355037e-09	3.947235e+01	1.532567e+02
2.090000e-06	5.329067e-06	2.331218e-09	3.866293e+01	1.522297e+02
2.100000e-06	5.215418e-06	2.311257e-09	3.783840e+01	1.511436e+02
2.110000e-06	5.099810e-06	2.316881e-09	3.699965e+01	1.499772e+02
2.120000e-06	4.982279e-06	2.306785e-09	3.614696e+01	1.487514e+02
2.130000e-06	4.862766e-06	2.260238e-09	3.527987e+01	1.475159e+02
2.140000e-06	4.741409e-06	2.248235e-09	3.439942e+01	1.463149e+02
2.150000e-06	4.618375e-06	2.240015e-09	3.350679e+01	1.451558e+02
2.160000e-06	4.493673e-06	2.228724e-09	3.260207e+01	1.439988e+02
2.170000e-06	4.367321e-06	2.192238e-09	3.168537e+01	1.427775e+02
2.180000e-06	4.239277e-06	2.190575e-09	3.075640e+01	1.414380e+02
2.190000e-06	4.109720e-06	2.171819e-09	2.981644e+01	1.399747e+02
2.200000e-06	3.978711e-06	2.139844e-09	2.886596e+01	1.384400e+02
2.210000e-06	3.846205e-06	2.107089e-09	2.790462e+01	1.369183e+02
2.220000e-06	3.712345e-06	2.099418e-09	2.693345e+01	1.354770e+02
2.230000e-06	3.577020e-06	2.082987e-09	2.595165e+01	1.341221e+02
2.240000e-06	3.440236e-06	2.053815e-09	2.495927e+01	1.327838e+02
2.250000e-06	3.302172e-06	2.036482e-09	2.395760e+01	1.313464e+02
2.260000e-06	3.162868e-06	2.015535e-09	2.294694e+01	1.297079e+02
2.270000e-06	3.022369e-06	1.982149e-09	2.192760e+01	1.278397e+02
2.280000e-06	2.880747e-06	1.943096e-09	2.090012e+01	1.258108e+02
2.290000e-06	2.738016e-06	1.922382e-09	1.986459e+01	1.237600e+02
2.300000e-06	2.594170e-06	1.897524e-09	1.882098e+01	1.218260e+02
2.310000e-06	2.449378e-06	1.869304e-09	1.777049e+01	1.200695e+02
2.320000e-06	2.303873e-06	1.841405e-09	1.671484e+01	1.184316e+02
2.330000e-06	2.157592e-06	1.815960e-09	1.565355e+01	1.167534e+02
2.340000e-06	2.010413e-06	1.780722e-09	1.458576e+01	1.148527e+02
2.350000e-06	1.862515e-06	1.744142e-09	1.351274e+01	1.126187e+02
2.360000e-06	1.714117e-06	1.713672e-09	1.243610e+01	1.100760e+02
2.370000e-06	1.565246e-06	1.681242e-09	1.135603e+01	1.073761e+02
2.380000e-06	1.415852e-06	1.642433e-09	1.027215e+01	1.047170e+02
2.390000e-06	1.266045e-06	1.601449e-09	9.185292e+00	1.022273e+02
2.400000e-06	1.115898e-06	1.559990e-09	8.095955e+00	9.987605e+01
2.410000e-06	9.653488e-07	1.513283e-09	7.003706e+00	9.746281e+01
2.420000e-06	8.144272e-07	1.466085e-09	5.908754e+00	9.470160e+01
2.430000e-06	6.632630e-07	1.418891e-09	4.812042e+00	9.136247e+01
2.440000e-06	5.118801e-07	1.367444e-09	3.713743e+00	8.739612e+01
2.450000e-06	3.602849e-07	1.307854e-09	2.613904e+00	8.296565e+01
2.460000e-06	2.084857e-07	1.241691e-09	1.512586e+00	7.834822e+01
2.470000e-06	5.654577e-08	1.166903e-09	4.102454e-01	7.373463e+01
2.480000e-06	-9.547524e-08	1.079920e-09	-6.926828e-01	6.901492e+01
2.490000e-06	-2.474906e-07	9.846871e-10	-1.795570e+00	6.366175e+01
2.500000e-06	-3.993672e-07	8.783498e-10	-2.897450e+00	5.679488e+01
2.510000e-06	-5.511517e-07	7.466028e-10	-3.998663e+00	4.743676e+01
2.520000e-06	-7.027359e-07	5.732792e-10	-5.098422e+00	3.488160e+01
2.530000e-06	-8.540621e-07	3.510781e-10	-6.196309e+00	1.903824e+01
2.540000e-06	-1.005129e-06	7.372630e-11	-7.292319e+00	6.013838e-01
2.550000e-06	-1.155802e-06	-2.513551e-10	-8.385464e+00	-1.903642e+01
2.560000e-06	-1.306062e-06	-5.757261e-10	-9.475615e+00	-3.812065e+01
2.570000e-06	-1.455840e-06	-8.418580e-10	-1.056227e+01	-5.500719e+01
2.580000e-06	-1.605015e-06	-1.031624e-09	-1.164455e+01	-6.860317e+01
2.590000e-06	-1.753669e-06	-1.167208e-09	-1.272305e+01	-7.861876e+01
2.600000e-06	-1.901777e-06	-1.268819e-09	-1.379759e+01	-8.554730e+01
2.610000e-06	-2.049149e-06	-1.350814e-09	-1.486679e+01	-9.039739e+01
2.620000e-06	-2.195707e-06	-1.425210e-09	-1.593008e+01	-9.429356e+01
2.630000e-06	-2.341430e-06	-1.496272e-09	-1.698732e+01	-9.810392e+01
2.640000e-06	-2.486232e-06	-1.563839e-09	-1.803787e+01	-1.022275e+02
2.650000e-06	-2.630031e-06	-1.625013e-09	-1.908115e+01	-1.065978e+02
2.660000e-06	-2.772744e-06	-1.683561e-09	-2.011655e+01	-1.108647e+02
2.670000e-06	-2.914315e-06	-1.741084e-09	-2.114366e+01	-1.146511e+02
2.680000e-06	-3.054784e-06	-1.791574e-09	-2.216278e+01	-1.177623e+02
2.690000e-06	-3.194084e-06	-1.833308e-09	-2.317341e+01	-1.202660e+02
2.700000e-06	-3.332133e-06	-1.872736e-09	-2.417497e+01	-1.224292e+02
2.710000e-06	-3.468904e-06	-1.911727e-09	-2.516726e+01	-1.245657e+02
2.720000e-06	-3.604355e-06	-1.948267e-09	-2.614997e+01	-1.268802e+02
2.730000e-06	-3.738497e-06	-1.983800e-09	-2.712318e+01	-1.293872e+02
2.740000e-06	-3.871394e-06	-2.020171e-09	-2.808737e+01	-1.319338e+02
2.750000e-06	-4.002915e-06	-2.054905e-09	-2.904157e+01	-1.343034e+02
2.760000e-06	-4.132970e-06	-2.085396e-09	-2.998513e+01	-1.363384e+02
2.770000e-06	-4.261664e-06	-2.113665e-09	-3.091881e+01	-1.380191e+02
2.780000e-06	-4.388863e-06	-2.143401e-09	-3.184166e+01	-1.394630e+02
2.790000e-06	-4.514523e-06	-2.170617e-09	-3.275334e+01	-1.408548e+02
2.800000e-06	-4.638631e-06	-2.194040e-09	-3.365375e+01	-1.423481e+02
2.810000e-06	-4.761069e-06	-2.219341e-09	-3.454205e+01	-1.439943e+02
2.820000e-06	-4.881796e-06	-2.244445e-09	-3.541793e+01	-1.457301e+02
2.830000e-06	-5.000656e-06	-2.265551e-09	-3.628028e+01	-1.474262e+02
2.840000e-06	-5.117666e-06	-2.286417e-09	-3.712920e+01	-1.489631e+02
2.850000e-06	-5.232676e-06	-2.311222e-09	-3.796361e+01	-1.502941e+02
2.860000e-06	-5.345509e-06	-2.335164e-09	-3.878222e+01	-1.514615e+02
2.870000e-06	-5.456236e-06	-2.355561e-09	-3.958556e+01	-1.525631e+02
2.880000e-06	-5.564940e-06	-2.375784e-09	-4.037422e+01	-1.536916e+02
2.890000e-06	-5.671764e-06	-2.394704e-09	-4.114924e+01	-1.548833e+02
2.900000e-06	-5.776630e-06	-2.409656e-09	-4.191005e+01	-1.561033e+02
2.910000e-06	-5.879342e-06	-2.422751e-09	-4.265524e+01	-1.572736e+02
2.920000e-06	-5.979865e-06	-2.437584e-09	-4.338454e+01	-1.583242e+02
2.930000e-06	-6.078233e-06	-2.453476e-09	-4.409821e+01	-1.592373e+02
2.940000e-06	-6.174454e-06	-2.469154e-09	-4.479631e+01	-1.600583e+02
2.950000e-06	-6.268460e-06	-2.484892e-09	-4.547833e+01	-1.608678e+02
2.960000e-06	-6.360191e-06	-2.500929e-09	-4.614385e+01	-1.617326e+02
2.970000e-06	-6.449631e-06	-2.514477e-09	-4.679275e+01	-1.626636e+02
2.980000e-06	-6.536670e-06	-2.524731e-09	-4.742422e+01	-1.636063e+02
2.990000e-06	-6.621293e-06	-2.534790e-09	-4.803817e+01	-1.644706e+02
3.000000e-06	-6.703610e-06	-2.544379e-09	-4.863539e+01	-1.651826e+02
3.010000e-06	-6.783552e-06	-2.553726e-09	-4.921538e+01	-1.657305e+02
3.020000e-06	-6.860871e-06	-2.562271e-09	-4.977633e+01	-1.661777e+02
3.030000e-06	-6.935553e-06	-2.569899e-09	-5.031816e+01	-1.666342e+02
3.040000e-06	-7.007718e-06	-2.577529e-09	-5.084172e+01	-1.672008e+02
3.050000e-06	-7.077379e-06	-2.586986e-09	-5.134712e+01	-1.679157e+02
3.060000e-06	-7.144506e-06	-2.600111e-09	-5.183414e+01	-1.687312e+02
3.070000e-06	-7.209102e-06	-2.612494e-09	-5.230279e+01	-1.695351e+02
3.080000e-06	-7.271115e-06	-2.621146e-09	-5.275269e+01	-1.702057e+02
3.090000e-06	-7.330483e-06	-2.626891e-09	-5.318341e+01	-1.706724e+02
3.100000e-06	-7.387264e-06	-2.631524e-09	-5.359537e+01	-1.709499e+02
3.110000e-06	-7.441355e-06	-2.633441e-09	-5.398781e+01	-1.711300e+02
3.120000e-06	-7.492537e-06	-2.636556e-09	-5.435914e+01	-1.713341e+02
3.130000e-06	-7.540685e-06	-2.642714e-09	-5.470845e+01	-1.716526e+02
3.140000e-06	-7.586023e-06	-2.649012e-09	-5.503739e+01	-1.721017e+02
3.150000e-06	-7.628940e-06	-2.654909e-09	-5.534875e+01	-1.726200e+02
3.160000e-06	-7.669329e-06	-2.659249e-09	-5.564178e+01	-1.731050e+02
3.170000e-06	-7.706910e-06	-2.663719e-09	-5.591443e+01	-1.734686e+02
3.180000e-06	-7.741709e-06	-2.667111e-09	-5.616690e+01	-1.736825e+02
3.190000e-06	-7.773799e-06	-2.671993e-09	-5.639972e+01	-1.737890e+02
3.200000e-06	-7.803023e-06	-2.675858e-09	-5.661174e+01	-1.738743e+02
3.210000e-06	-7.829375e-06	-2.678779e-09	-5.680293e+01	-1.740182e+02
3.220000e-06	-7.852976e-06	-2.680672e-09	-5.697416e+01	-1.742505e+02
3.230000e-06	-7.873754e-06	-2.682846e-09	-5.712491e+01	-1.745363e+02
3.240000e-06	-7.891704e-06	-2.683976e-09	-5.725513e+01	-1.747977e+02
3.250000e-06	-7.906716e-06	-2.683299e-09	-5.736405e+01	-1.749597e+02
3.260000e-06	-7.918617e-06	-2.682697e-09	-5.745039e+01	-1.749931e+02
3.270000e-06	-7.927594e-06	-2.683572e-09	-5.751552e+01	-1.749306e+02
3.280000e-06	-7.933655e-06	-2.685724e-09	-5.755949e+01	-1.748471e+02
3.290000e-06	-7.936875e-06	-2.685705e-09	-5.758285e+01	-1.748154e+02
3.300000e-06	-7.937372e-06	-2.683499e-09	-5.758646e+01	-1.748627e+02
