# Temperatura_=_20.0
# Concentracion g/m^3_=_6200.0
# C_Vs_to_Am_M_A/Vsm_=_65563218390.804596
# pendiente_HvsI_1/m_=_3716.3
# ordenada_HvsI_A/m_=_1297.0
# frecuencia_Hz_=_301546.53217831586

Tiempo_(s)	Campo_(V.s)	Magnetizacion_(V.s)	Campo_(kA/m)	Magnetizacion_(A/m)
0.000000e+00	-4.657589e-06	-1.079441e-10	-3.464956e+01	-7.118093e+00
1.000000e-08	-4.655123e-06	-1.076587e-10	-3.463122e+01	-7.077700e+00
2.000000e-08	-4.651089e-06	-1.085165e-10	-3.460121e+01	-7.038407e+00
3.000000e-08	-4.645684e-06	-1.107129e-10	-3.456100e+01	-6.999610e+00
4.000000e-08	-4.638855e-06	-1.125446e-10	-3.451019e+01	-6.960631e+00
5.000000e-08	-4.630590e-06	-1.114161e-10	-3.444871e+01	-6.920794e+00
6.000000e-08	-4.620660e-06	-1.076506e-10	-3.437483e+01	-6.879483e+00
7.000000e-08	-4.608929e-06	-1.044304e-10	-3.428756e+01	-6.836201e+00
8.000000e-08	-4.595409e-06	-1.038729e-10	-3.418698e+01	-6.790608e+00
9.000000e-08	-4.579715e-06	-1.140744e-10	-3.407023e+01	-6.742546e+00
1.000000e-07	-4.561867e-06	-1.146635e-10	-3.393745e+01	-6.692048e+00
1.100000e-07	-4.542442e-06	-9.860486e-11	-3.379294e+01	-6.639324e+00
1.200000e-07	-4.521791e-06	-9.673812e-11	-3.363931e+01	-6.584739e+00
1.300000e-07	-4.500047e-06	-8.320217e-11	-3.347755e+01	-6.528780e+00
1.400000e-07	-4.477112e-06	-8.061102e-11	-3.330693e+01	-6.472006e+00
1.500000e-07	-4.452752e-06	-1.175951e-10	-3.312570e+01	-6.415012e+00
1.600000e-07	-4.426862e-06	-8.287665e-11	-3.293310e+01	-6.358373e+00
1.700000e-07	-4.399313e-06	-7.686265e-11	-3.272815e+01	-6.302615e+00
1.800000e-07	-4.370142e-06	-1.173778e-10	-3.251114e+01	-6.248169e+00
1.900000e-07	-4.339600e-06	-8.928281e-11	-3.228392e+01	-6.195355e+00
2.000000e-07	-4.307675e-06	-8.926688e-11	-3.204642e+01	-6.144362e+00
2.100000e-07	-4.274046e-06	-1.097389e-10	-3.179624e+01	-6.095241e+00
2.200000e-07	-4.238780e-06	-8.837947e-11	-3.153389e+01	-6.047904e+00
2.300000e-07	-4.202090e-06	-9.005954e-11	-3.126093e+01	-6.002137e+00
2.400000e-07	-4.163831e-06	-9.568297e-11	-3.097631e+01	-5.957603e+00
2.500000e-07	-4.124064e-06	-9.309069e-11	-3.068047e+01	-5.913862e+00
2.600000e-07	-4.082712e-06	-1.134724e-10	-3.037283e+01	-5.870385e+00
2.700000e-07	-4.039718e-06	-8.686439e-11	-3.005299e+01	-5.826570e+00
2.800000e-07	-3.995294e-06	-8.284544e-11	-2.972250e+01	-5.781756e+00
2.900000e-07	-3.949428e-06	-1.023349e-10	-2.938129e+01	-5.735241e+00
3.000000e-07	-3.902052e-06	-8.712783e-11	-2.902883e+01	-5.686297e+00
3.100000e-07	-3.852977e-06	-8.841141e-11	-2.866375e+01	-5.634186e+00
3.200000e-07	-3.801990e-06	-9.799817e-11	-2.828444e+01	-5.578182e+00
3.300000e-07	-3.749383e-06	-8.708025e-11	-2.789308e+01	-5.517590e+00
3.400000e-07	-3.695492e-06	-8.184593e-11	-2.749216e+01	-5.451775e+00
3.500000e-07	-3.640458e-06	-8.952763e-11	-2.708274e+01	-5.380184e+00
3.600000e-07	-3.584347e-06	-9.189706e-11	-2.666531e+01	-5.302380e+00
3.700000e-07	-3.526790e-06	-8.923148e-11	-2.623712e+01	-5.218067e+00
3.800000e-07	-3.467684e-06	-8.786053e-11	-2.579741e+01	-5.127117e+00
3.900000e-07	-3.407380e-06	-8.206835e-11	-2.534879e+01	-5.029591e+00
4.000000e-07	-3.345945e-06	-7.692691e-11	-2.489175e+01	-4.925750e+00
4.100000e-07	-3.283408e-06	-7.752228e-11	-2.442651e+01	-4.816054e+00
4.200000e-07	-3.219935e-06	-7.028930e-11	-2.395431e+01	-4.701158e+00
4.300000e-07	-3.155341e-06	-7.381124e-11	-2.347377e+01	-4.581881e+00
4.400000e-07	-3.089238e-06	-7.674453e-11	-2.298201e+01	-4.459173e+00
4.500000e-07	-3.021866e-06	-6.865808e-11	-2.248080e+01	-4.334061e+00
4.600000e-07	-2.953667e-06	-7.128655e-11	-2.197344e+01	-4.207597e+00
4.700000e-07	-2.884607e-06	-7.325956e-11	-2.145968e+01	-4.080787e+00
4.800000e-07	-2.814555e-06	-6.752632e-11	-2.093854e+01	-3.954536e+00
4.900000e-07	-2.743500e-06	-5.827482e-11	-2.040993e+01	-3.829578e+00
5.000000e-07	-2.671550e-06	-5.621437e-11	-1.987467e+01	-3.706433e+00
5.100000e-07	-2.598605e-06	-5.835031e-11	-1.933200e+01	-3.585371e+00
5.200000e-07	-2.524353e-06	-5.840542e-11	-1.877961e+01	-3.466390e+00
5.300000e-07	-2.448890e-06	-5.484252e-11	-1.821821e+01	-3.349220e+00
5.400000e-07	-2.372482e-06	-5.042388e-11	-1.764979e+01	-3.233348e+00
5.500000e-07	-2.295209e-06	-4.999408e-11	-1.707492e+01	-3.118055e+00
5.600000e-07	-2.217014e-06	-4.688079e-11	-1.649320e+01	-3.002481e+00
5.700000e-07	-2.137739e-06	-4.485281e-11	-1.590345e+01	-2.885689e+00
5.800000e-07	-2.057467e-06	-4.513509e-11	-1.530627e+01	-2.766743e+00
5.900000e-07	-1.976470e-06	-4.258645e-11	-1.470370e+01	-2.644786e+00
6.000000e-07	-1.894736e-06	-3.856801e-11	-1.409566e+01	-2.519106e+00
6.100000e-07	-1.812284e-06	-3.630232e-11	-1.348226e+01	-2.389192e+00
6.200000e-07	-1.729324e-06	-3.339851e-11	-1.286509e+01	-2.254769e+00
6.300000e-07	-1.645927e-06	-3.069353e-11	-1.224467e+01	-2.115820e+00
6.400000e-07	-1.562069e-06	-2.916699e-11	-1.162082e+01	-1.972573e+00
6.500000e-07	-1.477813e-06	-2.614042e-11	-1.099401e+01	-1.825476e+00
6.600000e-07	-1.393195e-06	-2.257159e-11	-1.036450e+01	-1.675149e+00
6.700000e-07	-1.308034e-06	-2.070010e-11	-9.730959e+00	-1.522319e+00
6.800000e-07	-1.222345e-06	-1.895992e-11	-9.093489e+00	-1.367756e+00
6.900000e-07	-1.136274e-06	-1.400619e-11	-8.453174e+00	-1.212198e+00
7.000000e-07	-1.049827e-06	-9.465357e-12	-7.810060e+00	-1.056286e+00
7.100000e-07	-9.630498e-07	-6.878933e-12	-7.164491e+00	-9.005178e-01
7.200000e-07	-8.760112e-07	-5.220650e-12	-6.516978e+00	-7.452062e-01
7.300000e-07	-7.887668e-07	-3.488615e-12	-5.867934e+00	-5.904736e-01
7.400000e-07	-7.013499e-07	-2.425481e-12	-5.217606e+00	-4.362608e-01
7.500000e-07	-6.137791e-07	-2.598163e-12	-4.566134e+00	-2.823607e-01
7.600000e-07	-5.260768e-07	1.120907e-12	-3.913684e+00	-1.284712e-01
7.700000e-07	-4.382063e-07	6.609254e-12	-3.259982e+00	2.573938e-02
7.800000e-07	-3.501825e-07	1.139277e-11	-2.605140e+00	1.805591e-01
7.900000e-07	-2.620474e-07	1.580269e-11	-1.949469e+00	3.361612e-01
8.000000e-07	-1.738488e-07	2.097104e-11	-1.293327e+00	4.925420e-01
8.100000e-07	-8.558956e-08	2.611415e-11	-6.367330e-01	6.494745e-01
8.200000e-07	2.823300e-09	2.765135e-11	2.100359e-02	8.064850e-01
8.300000e-07	9.129843e-08	2.667119e-11	6.792035e-01	9.628555e-01
8.400000e-07	1.796277e-07	2.586001e-11	1.336319e+00	1.117653e+00
8.500000e-07	2.678355e-07	2.549026e-11	1.992529e+00	1.269786e+00
8.600000e-07	3.559703e-07	2.762308e-11	2.648198e+00	1.418081e+00
8.700000e-07	4.440366e-07	3.340610e-11	3.303356e+00	1.561378e+00
8.800000e-07	5.320145e-07	3.982030e-11	3.957856e+00	1.698629e+00
8.900000e-07	6.198420e-07	4.498463e-11	4.611238e+00	1.829001e+00
9.000000e-07	7.075090e-07	4.723973e-11	5.263427e+00	1.951961e+00
9.100000e-07	7.949868e-07	4.894104e-11	5.914206e+00	2.067346e+00
9.200000e-07	8.822398e-07	5.051131e-11	6.563315e+00	2.175407e+00
9.300000e-07	9.692392e-07	5.054711e-11	7.210536e+00	2.276818e+00
9.400000e-07	1.055909e-06	4.991269e-11	7.855307e+00	2.372651e+00
9.500000e-07	1.142178e-06	5.009369e-11	8.497094e+00	2.464323e+00
9.600000e-07	1.228015e-06	5.204383e-11	9.135669e+00	2.553507e+00
9.700000e-07	1.313397e-06	5.567245e-11	9.770857e+00	2.642025e+00
9.800000e-07	1.398308e-06	5.930254e-11	1.040254e+01	2.731723e+00
9.900000e-07	1.482759e-06	6.255161e-11	1.103080e+01	2.824349e+00
1.000000e-06	1.566775e-06	6.685004e-11	1.165583e+01	2.921427e+00
1.010000e-06	1.650349e-06	7.109552e-11	1.227757e+01	3.024155e+00
1.020000e-06	1.733430e-06	7.255984e-11	1.289564e+01	3.133327e+00
1.030000e-06	1.815895e-06	7.162743e-11	1.350913e+01	3.249286e+00
1.040000e-06	1.897667e-06	6.930680e-11	1.411746e+01	3.371909e+00
1.050000e-06	1.978685e-06	6.743734e-11	1.472018e+01	3.500632e+00
1.060000e-06	2.058950e-06	6.893520e-11	1.531730e+01	3.634513e+00
1.070000e-06	2.138504e-06	7.233990e-11	1.590914e+01	3.772306e+00
1.080000e-06	2.217240e-06	7.556916e-11	1.649489e+01	3.912580e+00
1.090000e-06	2.295095e-06	7.887347e-11	1.707408e+01	4.053826e+00
1.100000e-06	2.372118e-06	8.239625e-11	1.764708e+01	4.194578e+00
1.110000e-06	2.448392e-06	8.566881e-11	1.821451e+01	4.333521e+00
1.120000e-06	2.523832e-06	8.724609e-11	1.877574e+01	4.469580e+00
1.130000e-06	2.598185e-06	8.701512e-11	1.932888e+01	4.601981e+00
1.140000e-06	2.671368e-06	8.615067e-11	1.987331e+01	4.730289e+00
1.150000e-06	2.743504e-06	8.492595e-11	2.040996e+01	4.854405e+00
1.160000e-06	2.814713e-06	8.467343e-11	2.093971e+01	4.974534e+00
1.170000e-06	2.884969e-06	8.651268e-11	2.146237e+01	5.091138e+00
1.180000e-06	2.954216e-06	9.156338e-11	2.197753e+01	5.204847e+00
1.190000e-06	3.022528e-06	9.737858e-11	2.248573e+01	5.316378e+00
1.200000e-06	3.089894e-06	1.017980e-10	2.298689e+01	5.426443e+00
1.210000e-06	3.156063e-06	1.037899e-10	2.347914e+01	5.535658e+00
1.220000e-06	3.220883e-06	1.028326e-10	2.396137e+01	5.644476e+00
1.230000e-06	3.284517e-06	1.004530e-10	2.443476e+01	5.753136e+00
1.240000e-06	3.347082e-06	9.815958e-11	2.490021e+01	5.861636e+00
1.250000e-06	3.408535e-06	9.802356e-11	2.535738e+01	5.969734e+00
1.260000e-06	3.468950e-06	1.012416e-10	2.580683e+01	6.076978e+00
1.270000e-06	3.528302e-06	1.059442e-10	2.624837e+01	6.182753e+00
1.280000e-06	3.586270e-06	1.100427e-10	2.667962e+01	6.286348e+00
1.290000e-06	3.642684e-06	1.129313e-10	2.709930e+01	6.387029e+00
1.300000e-06	3.697725e-06	1.149360e-10	2.750877e+01	6.484119e+00
1.310000e-06	3.751498e-06	1.165444e-10	2.790881e+01	6.577059e+00
1.320000e-06	3.803874e-06	1.175313e-10	2.829845e+01	6.665468e+00
1.330000e-06	3.854582e-06	1.173478e-10	2.867569e+01	6.749173e+00
1.340000e-06	3.903495e-06	1.170338e-10	2.903957e+01	6.828222e+00
1.350000e-06	3.950853e-06	1.184538e-10	2.939189e+01	6.902864e+00
1.360000e-06	3.996864e-06	1.218193e-10	2.973418e+01	6.973517e+00
1.370000e-06	4.041600e-06	1.260998e-10	3.006699e+01	7.040706e+00
1.380000e-06	4.085089e-06	1.297051e-10	3.039052e+01	7.104993e+00
1.390000e-06	4.127000e-06	1.313130e-10	3.070231e+01	7.166902e+00
1.400000e-06	4.167222e-06	1.320306e-10	3.100154e+01	7.226843e+00
1.410000e-06	4.206049e-06	1.332504e-10	3.129039e+01	7.285048e+00
1.420000e-06	4.243524e-06	1.328748e-10	3.156918e+01	7.341522e+00
1.430000e-06	4.279616e-06	1.318701e-10	3.183768e+01	7.396017e+00
1.440000e-06	4.314215e-06	1.313366e-10	3.209507e+01	7.448031e+00
1.450000e-06	4.347161e-06	1.324498e-10	3.234017e+01	7.496833e+00
1.460000e-06	4.378523e-06	1.358442e-10	3.257348e+01	7.541512e+00
1.470000e-06	4.408410e-06	1.397587e-10	3.279583e+01	7.581044e+00
1.480000e-06	4.436925e-06	1.436036e-10	3.300796e+01	7.614378e+00
1.490000e-06	4.463978e-06	1.470741e-10	3.320922e+01	7.640522e+00
1.500000e-06	4.489247e-06	1.494359e-10	3.339721e+01	7.658632e+00
1.510000e-06	4.512754e-06	1.483987e-10	3.357208e+01	7.668088e+00
1.520000e-06	4.534732e-06	1.436117e-10	3.373558e+01	7.668559e+00
1.530000e-06	4.555277e-06	1.392429e-10	3.388842e+01	7.660037e+00
1.540000e-06	4.574364e-06	1.368639e-10	3.403042e+01	7.642854e+00
1.550000e-06	4.591802e-06	1.370407e-10	3.416015e+01	7.617666e+00
1.560000e-06	4.607458e-06	1.391492e-10	3.427662e+01	7.585415e+00
1.570000e-06	4.621408e-06	1.414215e-10	3.438040e+01	7.547266e+00
1.580000e-06	4.633687e-06	1.431471e-10	3.447175e+01	7.504532e+00
1.590000e-06	4.644103e-06	1.435495e-10	3.454924e+01	7.458581e+00
1.600000e-06	4.652608e-06	1.424405e-10	3.461251e+01	7.410750e+00
1.610000e-06	4.659377e-06	1.395732e-10	3.466287e+01	7.362257e+00
1.620000e-06	4.664532e-06	1.362124e-10	3.470122e+01	7.314128e+00
1.630000e-06	4.668137e-06	1.339174e-10	3.472803e+01	7.267143e+00
1.640000e-06	4.670068e-06	1.339227e-10	3.474239e+01	7.221804e+00
1.650000e-06	4.670243e-06	1.358694e-10	3.474370e+01	7.178318e+00
1.660000e-06	4.668871e-06	1.379141e-10	3.473349e+01	7.136621e+00
1.670000e-06	4.666071e-06	1.379675e-10	3.471266e+01	7.096401e+00
1.680000e-06	4.661876e-06	1.378491e-10	3.468145e+01	7.057161e+00
1.690000e-06	4.656145e-06	1.362364e-10	3.463882e+01	7.018276e+00
1.700000e-06	4.648773e-06	1.343142e-10	3.458398e+01	6.979062e+00
1.710000e-06	4.639975e-06	1.330610e-10	3.451852e+01	6.938850e+00
1.720000e-06	4.629789e-06	1.328339e-10	3.444275e+01	6.897046e+00
1.730000e-06	4.618091e-06	1.264534e-10	3.435572e+01	6.853184e+00
1.740000e-06	4.604554e-06	1.173323e-10	3.425502e+01	6.806961e+00
1.750000e-06	4.588657e-06	1.081589e-10	3.413675e+01	6.758261e+00
1.760000e-06	4.570420e-06	1.217989e-10	3.400108e+01	6.707155e+00
1.770000e-06	4.550586e-06	1.246410e-10	3.385352e+01	6.653889e+00
1.780000e-06	4.529993e-06	1.333068e-10	3.370033e+01	6.598859e+00
1.790000e-06	4.508714e-06	1.381454e-10	3.354202e+01	6.542568e+00
1.800000e-06	4.485670e-06	1.071025e-10	3.337059e+01	6.485590e+00
1.810000e-06	4.460564e-06	1.304963e-10	3.318382e+01	6.428517e+00
1.820000e-06	4.434244e-06	1.169250e-10	3.298801e+01	6.371919e+00
1.830000e-06	4.406539e-06	6.684606e-11	3.278191e+01	6.316301e+00
1.840000e-06	4.376898e-06	8.810209e-11	3.256139e+01	6.262075e+00
1.850000e-06	4.345541e-06	9.149061e-11	3.232812e+01	6.209532e+00
1.860000e-06	4.312692e-06	6.682015e-11	3.208374e+01	6.158834e+00
1.870000e-06	4.278395e-06	8.585253e-11	3.182859e+01	6.109999e+00
1.880000e-06	4.242770e-06	7.851991e-11	3.156356e+01	6.062914e+00
1.890000e-06	4.205492e-06	6.791158e-11	3.128624e+01	6.017336e+00
1.900000e-06	4.166378e-06	5.719179e-11	3.099526e+01	5.972905e+00
1.910000e-06	4.125686e-06	3.693794e-11	3.069253e+01	5.929160e+00
1.920000e-06	4.083546e-06	7.328730e-11	3.037904e+01	5.885556e+00
1.930000e-06	4.040211e-06	6.176506e-11	3.005666e+01	5.841477e+00
1.940000e-06	3.995645e-06	4.257818e-11	2.972511e+01	5.796252e+00
1.950000e-06	3.949474e-06	7.537855e-11	2.938162e+01	5.749171e+00
1.960000e-06	3.901712e-06	4.843466e-11	2.902631e+01	5.699503e+00
1.970000e-06	3.852471e-06	3.681286e-11	2.865999e+01	5.646510e+00
1.980000e-06	3.801842e-06	5.846916e-11	2.828334e+01	5.589473e+00
1.990000e-06	3.749806e-06	5.314012e-11	2.789622e+01	5.527705e+00
2.000000e-06	3.696149e-06	6.330180e-11	2.749705e+01	5.460588e+00
2.010000e-06	3.640910e-06	5.226578e-11	2.708610e+01	5.387591e+00
2.020000e-06	3.584299e-06	4.939711e-11	2.666495e+01	5.308304e+00
2.030000e-06	3.526470e-06	5.168378e-11	2.623474e+01	5.222466e+00
2.040000e-06	3.467435e-06	3.744700e-11	2.579555e+01	5.129988e+00
2.050000e-06	3.407407e-06	4.455379e-11	2.534899e+01	5.030973e+00
2.060000e-06	3.346344e-06	4.566557e-11	2.489472e+01	4.925723e+00
2.070000e-06	3.283746e-06	4.792773e-11	2.442903e+01	4.814745e+00
2.080000e-06	3.219781e-06	3.879770e-11	2.395317e+01	4.698729e+00
2.090000e-06	3.154777e-06	3.766017e-11	2.346957e+01	4.578526e+00
2.100000e-06	3.088722e-06	4.961768e-11	2.297817e+01	4.455107e+00
2.110000e-06	3.021630e-06	3.446466e-11	2.247904e+01	4.329510e+00
2.120000e-06	2.953631e-06	3.009568e-11	2.197318e+01	4.202782e+00
2.130000e-06	2.884671e-06	3.320696e-11	2.146015e+01	4.075914e+00
2.140000e-06	2.814343e-06	3.613208e-11	2.093696e+01	3.949776e+00
2.150000e-06	2.742753e-06	3.679131e-11	2.040437e+01	3.825064e+00
2.160000e-06	2.670277e-06	3.043351e-11	1.986520e+01	3.702245e+00
2.170000e-06	2.596925e-06	3.162886e-11	1.931950e+01	3.581531e+00
2.180000e-06	2.522657e-06	2.853518e-11	1.876700e+01	3.462862e+00
2.190000e-06	2.447465e-06	2.645082e-11	1.820762e+01	3.345913e+00
2.200000e-06	2.371342e-06	2.684922e-11	1.764131e+01	3.230124e+00
2.210000e-06	2.294102e-06	2.589246e-11	1.706669e+01	3.114740e+00
2.220000e-06	2.215639e-06	2.299105e-11	1.648297e+01	2.998878e+00
2.230000e-06	2.136184e-06	2.061887e-11	1.589188e+01	2.881594e+00
2.240000e-06	2.056029e-06	2.393476e-11	1.529557e+01	2.761964e+00
2.250000e-06	1.975277e-06	2.205826e-11	1.469483e+01	2.639156e+00
2.260000e-06	1.893825e-06	2.042431e-11	1.408888e+01	2.512496e+00
2.270000e-06	1.811705e-06	2.012321e-11	1.347795e+01	2.381522e+00
2.280000e-06	1.728963e-06	1.525577e-11	1.286241e+01	2.246015e+00
2.290000e-06	1.645638e-06	1.356124e-11	1.224252e+01	2.106011e+00
2.300000e-06	1.561888e-06	1.744980e-11	1.161948e+01	1.961787e+00
2.310000e-06	1.477815e-06	1.880911e-11	1.099402e+01	1.813834e+00
2.320000e-06	1.393301e-06	9.798944e-12	1.036529e+01	1.662799e+00
2.330000e-06	1.308232e-06	2.128759e-12	9.732430e+00	1.509425e+00
2.340000e-06	1.222625e-06	3.769136e-12	9.095567e+00	1.354482e+00
2.350000e-06	1.136434e-06	4.048875e-12	8.454364e+00	1.198691e+00
2.360000e-06	1.049671e-06	-4.331418e-13	7.808896e+00	1.042667e+00
2.370000e-06	9.624408e-07	-2.120290e-12	7.159960e+00	8.868689e-01
2.380000e-06	8.748618e-07	-1.224916e-12	6.508427e+00	7.315702e-01
2.390000e-06	7.870284e-07	-4.835901e-12	5.855001e+00	5.768523e-01
2.400000e-06	6.990049e-07	-9.176524e-12	5.200161e+00	4.226207e-01
2.410000e-06	6.108057e-07	-9.507942e-12	4.544014e+00	2.686430e-01
2.420000e-06	5.224079e-07	-1.037050e-11	3.886390e+00	1.146049e-01
2.430000e-06	4.338673e-07	-1.448829e-11	3.227702e+00	-3.982220e-02
2.440000e-06	3.452920e-07	-1.664481e-11	2.568758e+00	-1.949075e-01
2.450000e-06	2.566158e-07	-1.584288e-11	1.909062e+00	-3.507912e-01
2.460000e-06	1.677681e-07	-1.868716e-11	1.248090e+00	-5.074249e-01
2.470000e-06	7.886456e-08	-2.475165e-11	5.867032e-01	-6.645300e-01
2.480000e-06	-1.000870e-08	-2.881582e-11	-7.445853e-02	-8.215792e-01
2.490000e-06	-9.885624e-08	-2.831295e-11	-7.354288e-01	-9.778049e-01
2.500000e-06	-1.876980e-07	-2.673111e-11	-1.396357e+00	-1.132235e+00
2.510000e-06	-2.765069e-07	-2.810891e-11	-2.057039e+00	-1.283752e+00
2.520000e-06	-3.651983e-07	-3.139808e-11	-2.716848e+00	-1.431179e+00
2.530000e-06	-4.537686e-07	-3.613690e-11	-3.375756e+00	-1.573371e+00
2.540000e-06	-5.422253e-07	-4.065417e-11	-4.033819e+00	-1.709316e+00
2.550000e-06	-6.305260e-07	-4.210883e-11	-4.690721e+00	-1.838240e+00
2.560000e-06	-7.186502e-07	-4.086240e-11	-5.346310e+00	-1.959684e+00
2.570000e-06	-8.065807e-07	-4.009259e-11	-6.000458e+00	-2.073572e+00
2.580000e-06	-8.942628e-07	-4.170285e-11	-6.652759e+00	-2.180244e+00
2.590000e-06	-9.816516e-07	-4.424464e-11	-7.302877e+00	-2.280464e+00
2.600000e-06	-1.068677e-06	-4.613681e-11	-7.950289e+00	-2.375384e+00
2.610000e-06	-1.155188e-06	-4.735972e-11	-8.593880e+00	-2.466482e+00
2.620000e-06	-1.241025e-06	-4.801962e-11	-9.232451e+00	-2.555475e+00
2.630000e-06	-1.326168e-06	-4.837936e-11	-9.865861e+00	-2.644199e+00
2.640000e-06	-1.410748e-06	-4.916107e-11	-1.049508e+01	-2.734491e+00
2.650000e-06	-1.494845e-06	-4.942576e-11	-1.112071e+01	-2.828059e+00
2.660000e-06	-1.578514e-06	-4.966059e-11	-1.174316e+01	-2.926367e+00
2.670000e-06	-1.661708e-06	-5.092722e-11	-1.236207e+01	-3.030532e+00
2.680000e-06	-1.744347e-06	-5.344285e-11	-1.297686e+01	-3.141253e+00
2.690000e-06	-1.826392e-06	-5.610310e-11	-1.358722e+01	-3.258773e+00
2.700000e-06	-1.907863e-06	-5.603656e-11	-1.419331e+01	-3.382871e+00
2.710000e-06	-1.988698e-06	-5.508651e-11	-1.479467e+01	-3.512899e+00
2.720000e-06	-2.068830e-06	-5.691420e-11	-1.539081e+01	-3.647838e+00
2.730000e-06	-2.148331e-06	-6.009978e-11	-1.598225e+01	-3.786395e+00
2.740000e-06	-2.227000e-06	-6.231577e-11	-1.656749e+01	-3.927112e+00
2.750000e-06	-2.304542e-06	-6.472433e-11	-1.714436e+01	-4.068479e+00
2.760000e-06	-2.380978e-06	-6.816494e-11	-1.771299e+01	-4.209055e+00
2.770000e-06	-2.456466e-06	-7.086912e-11	-1.827458e+01	-4.347568e+00
2.780000e-06	-2.531065e-06	-7.177729e-11	-1.882954e+01	-4.483005e+00
2.790000e-06	-2.604797e-06	-7.279149e-11	-1.937807e+01	-4.614661e+00
2.800000e-06	-2.677676e-06	-7.587197e-11	-1.992024e+01	-4.742176e+00
2.810000e-06	-2.749697e-06	-7.951486e-11	-2.045604e+01	-4.865517e+00
2.820000e-06	-2.820780e-06	-8.117728e-11	-2.098485e+01	-4.984953e+00
2.830000e-06	-2.890731e-06	-8.272338e-11	-2.150524e+01	-5.100986e+00
2.840000e-06	-2.959486e-06	-8.613302e-11	-2.201673e+01	-5.214274e+00
2.850000e-06	-3.027214e-06	-8.845964e-11	-2.252059e+01	-5.325541e+00
2.860000e-06	-3.093971e-06	-8.903237e-11	-2.301722e+01	-5.435483e+00
2.870000e-06	-3.159689e-06	-8.953449e-11	-2.350612e+01	-5.544689e+00
2.880000e-06	-3.224339e-06	-9.089012e-11	-2.398708e+01	-5.653569e+00
2.890000e-06	-3.287892e-06	-9.345836e-11	-2.445987e+01	-5.762310e+00
2.900000e-06	-3.350169e-06	-9.640954e-11	-2.492317e+01	-5.870859e+00
2.910000e-06	-3.411045e-06	-9.834212e-11	-2.537605e+01	-5.978926e+00
2.920000e-06	-3.470756e-06	-9.942067e-11	-2.582027e+01	-6.086019e+00
2.930000e-06	-3.529375e-06	-1.011032e-10	-2.625635e+01	-6.191496e+00
2.940000e-06	-3.586714e-06	-1.029532e-10	-2.668292e+01	-6.294635e+00
2.950000e-06	-3.642778e-06	-1.049525e-10	-2.710000e+01	-6.394708e+00
2.960000e-06	-3.697500e-06	-1.064375e-10	-2.750710e+01	-6.491058e+00
2.970000e-06	-3.750596e-06	-1.066318e-10	-2.790210e+01	-6.583159e+00
2.980000e-06	-3.802090e-06	-1.066496e-10	-2.828518e+01	-6.670675e+00
2.990000e-06	-3.852125e-06	-1.081361e-10	-2.865741e+01	-6.753478e+00
3.000000e-06	-3.900485e-06	-1.111132e-10	-2.901718e+01	-6.831663e+00
3.010000e-06	-3.947130e-06	-1.137118e-10	-2.936419e+01	-6.905518e+00
3.020000e-06	-3.992474e-06	-1.143247e-10	-2.970152e+01	-6.975490e+00
3.030000e-06	-4.036748e-06	-1.134693e-10	-3.003089e+01	-7.042117e+00
3.040000e-06	-4.079821e-06	-1.123333e-10	-3.035133e+01	-7.105960e+00
3.050000e-06	-4.121594e-06	-1.128401e-10	-3.066209e+01	-7.167525e+00
3.060000e-06	-4.162038e-06	-1.131735e-10	-3.096297e+01	-7.227189e+00
3.070000e-06	-4.201002e-06	-1.130910e-10	-3.125284e+01	-7.285139e+00
3.080000e-06	-4.238273e-06	-1.142501e-10	-3.153011e+01	-7.341326e+00
3.090000e-06	-4.273965e-06	-1.153086e-10	-3.179564e+01	-7.395447e+00
3.100000e-06	-4.308247e-06	-1.152192e-10	-3.205067e+01	-7.446949e+00
3.110000e-06	-4.341110e-06	-1.143548e-10	-3.229515e+01	-7.495057e+00
3.120000e-06	-4.372546e-06	-1.139738e-10	-3.252902e+01	-7.538829e+00
3.130000e-06	-4.402319e-06	-1.151457e-10	-3.275051e+01	-7.577228e+00
3.140000e-06	-4.430390e-06	-1.161885e-10	-3.295934e+01	-7.609208e+00
3.150000e-06	-4.456936e-06	-1.167250e-10	-3.315683e+01	-7.633803e+00
3.160000e-06	-4.481962e-06	-1.175213e-10	-3.334301e+01	-7.650208e+00
3.170000e-06	-4.505479e-06	-1.174908e-10	-3.351796e+01	-7.657864e+00
3.180000e-06	-4.527327e-06	-1.159145e-10	-3.368049e+01	-7.656504e+00
3.190000e-06	-4.547475e-06	-1.147004e-10	-3.383038e+01	-7.646194e+00
3.200000e-06	-4.566070e-06	-1.148177e-10	-3.396872e+01	-7.627337e+00
3.210000e-06	-4.583112e-06	-1.153471e-10	-3.409550e+01	-7.600655e+00
3.220000e-06	-4.598457e-06	-1.137470e-10	-3.420966e+01	-7.567143e+00
3.230000e-06	-4.611839e-06	-1.101187e-10	-3.430921e+01	-7.528006e+00
3.240000e-06	-4.623389e-06	-1.091086e-10	-3.439514e+01	-7.484574e+00
3.250000e-06	-4.633360e-06	-1.112756e-10	-3.446931e+01	-7.438218e+00
3.260000e-06	-4.641774e-06	-1.147724e-10	-3.453191e+01	-7.390255e+00
3.270000e-06	-4.648449e-06	-1.164747e-10	-3.458157e+01	-7.341869e+00
3.280000e-06	-4.653300e-06	-1.162167e-10	-3.461765e+01	-7.294036e+00
3.290000e-06	-4.656577e-06	-1.143638e-10	-3.464203e+01	-7.247479e+00
3.300000e-06	-4.658360e-06	-1.121871e-10	-3.465530e+01	-7.202637e+00
3.310000e-06	-4.658618e-06	-1.104458e-10	-3.465722e+01	-7.159656e+00
