# Temperatura_=_20.0
# Concentracion g/m^3_=_6200.0
# C_Vs_to_Am_M_A/Vsm_=_65563218390.804596
# pendiente_HvsI_1/m_=_3716.3
# ordenada_HvsI_A/m_=_1297.0
# frecuencia_Hz_=_301534.979629794

Tiempo_(s)	Campo_(V.s)	Magnetizacion_(V.s)	Campo_(kA/m)	Magnetizacion_(A/m)
0.000000e+00	-4.644743e-06	-3.462883e-09	-3.465846e+01	-2.253564e+02
1.000000e-08	-4.643522e-06	-3.464085e-09	-3.464934e+01	-2.254314e+02
2.000000e-08	-4.640573e-06	-3.463943e-09	-3.462734e+01	-2.254679e+02
3.000000e-08	-4.636182e-06	-3.464801e-09	-3.459458e+01	-2.254673e+02
4.000000e-08	-4.630357e-06	-3.467021e-09	-3.455111e+01	-2.254323e+02
5.000000e-08	-4.623150e-06	-3.466321e-09	-3.449734e+01	-2.253664e+02
6.000000e-08	-4.614557e-06	-3.461564e-09	-3.443321e+01	-2.252737e+02
7.000000e-08	-4.604165e-06	-3.451255e-09	-3.435567e+01	-2.251584e+02
8.000000e-08	-4.591934e-06	-3.445334e-09	-3.426440e+01	-2.250245e+02
9.000000e-08	-4.577856e-06	-3.471679e-09	-3.415935e+01	-2.248751e+02
1.000000e-07	-4.561528e-06	-3.481223e-09	-3.403751e+01	-2.247127e+02
1.100000e-07	-4.543198e-06	-3.462952e-09	-3.390074e+01	-2.245382e+02
1.200000e-07	-4.523439e-06	-3.442393e-09	-3.375330e+01	-2.243515e+02
1.300000e-07	-4.502461e-06	-3.386195e-09	-3.359677e+01	-2.241510e+02
1.400000e-07	-4.480385e-06	-3.423134e-09	-3.343204e+01	-2.239342e+02
1.500000e-07	-4.457059e-06	-3.467737e-09	-3.325798e+01	-2.236977e+02
1.600000e-07	-4.432279e-06	-3.377232e-09	-3.307308e+01	-2.234376e+02
1.700000e-07	-4.405990e-06	-3.402345e-09	-3.287691e+01	-2.231497e+02
1.800000e-07	-4.378021e-06	-3.441966e-09	-3.266821e+01	-2.228303e+02
1.900000e-07	-4.348440e-06	-3.367819e-09	-3.244748e+01	-2.224760e+02
2.000000e-07	-4.317593e-06	-3.421511e-09	-3.221731e+01	-2.220842e+02
2.100000e-07	-4.285349e-06	-3.434543e-09	-3.197671e+01	-2.216534e+02
2.200000e-07	-4.251342e-06	-3.346397e-09	-3.172295e+01	-2.211829e+02
2.300000e-07	-4.215741e-06	-3.376408e-09	-3.145730e+01	-2.206730e+02
2.400000e-07	-4.178677e-06	-3.365893e-09	-3.118074e+01	-2.201245e+02
2.500000e-07	-4.140063e-06	-3.330816e-09	-3.089260e+01	-2.195390e+02
2.600000e-07	-4.099992e-06	-3.376873e-09	-3.059360e+01	-2.189182e+02
2.700000e-07	-4.058283e-06	-3.346231e-09	-3.028237e+01	-2.182638e+02
2.800000e-07	-4.014945e-06	-3.296457e-09	-2.995899e+01	-2.175773e+02
2.900000e-07	-3.970185e-06	-3.301014e-09	-2.962499e+01	-2.168594e+02
3.000000e-07	-3.923937e-06	-3.286915e-09	-2.927990e+01	-2.161106e+02
3.100000e-07	-3.876232e-06	-3.278639e-09	-2.892393e+01	-2.153307e+02
3.200000e-07	-3.826816e-06	-3.287624e-09	-2.855520e+01	-2.145186e+02
3.300000e-07	-3.775527e-06	-3.265461e-09	-2.817249e+01	-2.136733e+02
3.400000e-07	-3.722724e-06	-3.223593e-09	-2.777847e+01	-2.127932e+02
3.500000e-07	-3.668635e-06	-3.224342e-09	-2.737487e+01	-2.118768e+02
3.600000e-07	-3.613419e-06	-3.225920e-09	-2.696285e+01	-2.109229e+02
3.700000e-07	-3.557081e-06	-3.192972e-09	-2.654246e+01	-2.099304e+02
3.800000e-07	-3.499237e-06	-3.180453e-09	-2.611085e+01	-2.088992e+02
3.900000e-07	-3.439889e-06	-3.166226e-09	-2.566800e+01	-2.078293e+02
4.000000e-07	-3.379371e-06	-3.147523e-09	-2.521642e+01	-2.067216e+02
4.100000e-07	-3.317735e-06	-3.133539e-09	-2.475650e+01	-2.055771e+02
4.200000e-07	-3.254967e-06	-3.105188e-09	-2.428813e+01	-2.043974e+02
4.300000e-07	-3.191309e-06	-3.087387e-09	-2.381313e+01	-2.031839e+02
4.400000e-07	-3.126584e-06	-3.069203e-09	-2.333015e+01	-2.019376e+02
4.500000e-07	-3.060302e-06	-3.037797e-09	-2.283557e+01	-2.006591e+02
4.600000e-07	-2.992800e-06	-3.023104e-09	-2.233188e+01	-1.993483e+02
4.700000e-07	-2.924478e-06	-3.018233e-09	-2.182207e+01	-1.980040e+02
4.800000e-07	-2.855298e-06	-2.987318e-09	-2.130586e+01	-1.966243e+02
4.900000e-07	-2.785110e-06	-2.943284e-09	-2.078212e+01	-1.952061e+02
5.000000e-07	-2.713960e-06	-2.927207e-09	-2.025121e+01	-1.937457e+02
5.100000e-07	-2.641922e-06	-2.916453e-09	-1.971367e+01	-1.922388e+02
5.200000e-07	-2.568824e-06	-2.885091e-09	-1.916822e+01	-1.906808e+02
5.300000e-07	-2.494442e-06	-2.856485e-09	-1.861319e+01	-1.890672e+02
5.400000e-07	-2.418882e-06	-2.835512e-09	-1.804937e+01	-1.873936e+02
5.500000e-07	-2.342482e-06	-2.808401e-09	-1.747929e+01	-1.856566e+02
5.600000e-07	-2.265276e-06	-2.772389e-09	-1.690319e+01	-1.838534e+02
5.700000e-07	-2.187014e-06	-2.742928e-09	-1.631921e+01	-1.819821e+02
5.800000e-07	-2.107625e-06	-2.717991e-09	-1.572682e+01	-1.800416e+02
5.900000e-07	-2.027406e-06	-2.682509e-09	-1.512823e+01	-1.780318e+02
6.000000e-07	-1.946452e-06	-2.647078e-09	-1.452417e+01	-1.759526e+02
6.100000e-07	-1.864711e-06	-2.619473e-09	-1.391423e+01	-1.738044e+02
6.200000e-07	-1.782309e-06	-2.587851e-09	-1.329936e+01	-1.715872e+02
6.300000e-07	-1.699381e-06	-2.545739e-09	-1.268055e+01	-1.693005e+02
6.400000e-07	-1.615973e-06	-2.507412e-09	-1.205817e+01	-1.669426e+02
6.500000e-07	-1.532112e-06	-2.474367e-09	-1.143242e+01	-1.645106e+02
6.600000e-07	-1.447885e-06	-2.434523e-09	-1.080393e+01	-1.620006e+02
6.700000e-07	-1.363318e-06	-2.392194e-09	-1.017290e+01	-1.594068e+02
6.800000e-07	-1.278237e-06	-2.351510e-09	-9.538033e+00	-1.567225e+02
6.900000e-07	-1.192661e-06	-2.307260e-09	-8.899480e+00	-1.539399e+02
7.000000e-07	-1.106782e-06	-2.259976e-09	-8.258661e+00	-1.510505e+02
7.100000e-07	-1.020569e-06	-2.215085e-09	-7.615347e+00	-1.480459e+02
7.200000e-07	-9.339868e-07	-2.170957e-09	-6.969286e+00	-1.449176e+02
7.300000e-07	-8.471364e-07	-2.120888e-09	-6.321220e+00	-1.416577e+02
7.400000e-07	-7.601243e-07	-2.066779e-09	-5.671946e+00	-1.382593e+02
7.500000e-07	-6.729117e-07	-2.013502e-09	-5.021178e+00	-1.347164e+02
7.600000e-07	-5.855176e-07	-1.958097e-09	-4.369055e+00	-1.310240e+02
7.700000e-07	-4.980186e-07	-1.897995e-09	-3.716149e+00	-1.271776e+02
7.800000e-07	-4.103836e-07	-1.836961e-09	-3.062228e+00	-1.231730e+02
7.900000e-07	-3.226561e-07	-1.773595e-09	-2.407617e+00	-1.190058e+02
8.000000e-07	-2.348449e-07	-1.704826e-09	-1.752382e+00	-1.146705e+02
8.100000e-07	-1.469093e-07	-1.633529e-09	-1.096218e+00	-1.101599e+02
8.200000e-07	-5.888251e-08	-1.561884e-09	-4.393735e-01	-1.054645e+02
8.300000e-07	2.918454e-08	-1.488425e-09	2.177711e-01	-1.005723e+02
8.400000e-07	1.172498e-07	-1.410477e-09	8.749024e-01	-9.546799e+01
8.500000e-07	2.052620e-07	-1.328088e-09	1.531638e+00	-9.013366e+01
8.600000e-07	2.931969e-07	-1.243393e-09	2.187797e+00	-8.454888e+01
8.700000e-07	3.810602e-07	-1.154412e-09	2.843421e+00	-7.869158e+01
8.800000e-07	4.688205e-07	-1.058932e-09	3.498277e+00	-7.253924e+01
8.900000e-07	5.564360e-07	-9.587216e-10	4.152052e+00	-6.607031e+01
9.000000e-07	6.439308e-07	-8.540609e-10	4.804927e+00	-5.926592e+01
9.100000e-07	7.312814e-07	-7.460915e-10	5.456725e+00	-5.211167e+01
9.200000e-07	8.184163e-07	-6.343871e-10	6.106914e+00	-4.459939e+01
9.300000e-07	9.052955e-07	-5.185428e-10	6.755195e+00	-3.672881e+01
9.400000e-07	9.918882e-07	-3.973405e-10	7.401338e+00	-2.850885e+01
9.500000e-07	1.078220e-06	-2.691278e-10	8.045533e+00	-1.995862e+01
9.600000e-07	1.164157e-06	-1.334118e-10	8.686787e+00	-1.110777e+01
9.700000e-07	1.249640e-06	6.878107e-12	9.324651e+00	-1.996409e+00
9.800000e-07	1.334700e-06	1.494042e-10	9.959355e+00	7.325702e+00
9.900000e-07	1.419263e-06	2.946749e-10	1.059036e+01	1.680045e+01
1.000000e-06	1.503395e-06	4.428677e-10	1.121813e+01	2.636323e+01
1.010000e-06	1.587138e-06	5.905017e-10	1.184301e+01	3.594524e+01
1.020000e-06	1.670434e-06	7.361548e-10	1.246456e+01	4.547600e+01
1.030000e-06	1.753121e-06	8.806020e-10	1.308156e+01	5.488605e+01
1.040000e-06	1.835038e-06	1.020573e-09	1.369281e+01	6.410960e+01
1.050000e-06	1.916199e-06	1.155260e-09	1.429843e+01	7.308692e+01
1.060000e-06	1.996665e-06	1.286132e-09	1.489885e+01	8.176642e+01
1.070000e-06	2.076422e-06	1.413013e-09	1.549399e+01	9.010623e+01
1.080000e-06	2.155421e-06	1.532608e-09	1.608347e+01	9.807517e+01
1.090000e-06	2.233623e-06	1.645534e-09	1.666700e+01	1.056531e+02
1.100000e-06	2.310985e-06	1.755540e-09	1.724426e+01	1.128308e+02
1.110000e-06	2.387527e-06	1.862633e-09	1.781541e+01	1.196088e+02
1.120000e-06	2.463272e-06	1.962254e-09	1.838061e+01	1.259966e+02
1.130000e-06	2.538103e-06	2.051874e-09	1.893899e+01	1.320103e+02
1.140000e-06	2.611818e-06	2.133183e-09	1.948904e+01	1.376714e+02
1.150000e-06	2.684356e-06	2.210835e-09	2.003031e+01	1.430040e+02
1.160000e-06	2.755859e-06	2.286121e-09	2.056386e+01	1.480337e+02
1.170000e-06	2.826412e-06	2.358699e-09	2.109031e+01	1.527853e+02
1.180000e-06	2.896026e-06	2.428215e-09	2.160976e+01	1.572814e+02
1.190000e-06	2.964734e-06	2.494422e-09	2.212245e+01	1.615418e+02
1.200000e-06	3.032561e-06	2.556948e-09	2.262857e+01	1.655826e+02
1.210000e-06	3.099397e-06	2.613874e-09	2.312729e+01	1.694160e+02
1.220000e-06	3.164903e-06	2.666542e-09	2.361609e+01	1.730510e+02
1.230000e-06	3.229051e-06	2.716495e-09	2.409475e+01	1.764932e+02
1.240000e-06	3.292150e-06	2.762362e-09	2.456559e+01	1.797467e+02
1.250000e-06	3.354202e-06	2.802652e-09	2.502861e+01	1.828139e+02
1.260000e-06	3.415111e-06	2.840140e-09	2.548311e+01	1.856974e+02
1.270000e-06	3.474979e-06	2.878434e-09	2.592984e+01	1.884005e+02
1.280000e-06	3.533709e-06	2.916129e-09	2.636807e+01	1.909278e+02
1.290000e-06	3.590922e-06	2.950316e-09	2.679498e+01	1.932859e+02
1.300000e-06	3.646634e-06	2.982196e-09	2.721070e+01	1.954836e+02
1.310000e-06	3.701101e-06	3.012426e-09	2.761713e+01	1.975314e+02
1.320000e-06	3.754279e-06	3.039787e-09	2.801393e+01	1.994419e+02
1.330000e-06	3.805974e-06	3.065295e-09	2.839967e+01	2.012286e+02
1.340000e-06	3.855973e-06	3.089631e-09	2.877276e+01	2.029055e+02
1.350000e-06	3.904270e-06	3.114050e-09	2.913314e+01	2.044861e+02
1.360000e-06	3.951123e-06	3.137551e-09	2.948275e+01	2.059830e+02
1.370000e-06	3.996716e-06	3.160481e-09	2.982297e+01	2.074071e+02
1.380000e-06	4.041047e-06	3.183982e-09	3.015376e+01	2.087668e+02
1.390000e-06	4.084034e-06	3.204862e-09	3.047452e+01	2.100684e+02
1.400000e-06	4.125411e-06	3.222232e-09	3.078327e+01	2.113153e+02
1.410000e-06	4.165190e-06	3.238642e-09	3.108010e+01	2.125089e+02
1.420000e-06	4.203560e-06	3.254756e-09	3.136641e+01	2.136484e+02
1.430000e-06	4.240588e-06	3.268464e-09	3.164270e+01	2.147316e+02
1.440000e-06	4.276288e-06	3.282121e-09	3.190910e+01	2.157555e+02
1.450000e-06	4.310377e-06	3.296878e-09	3.216346e+01	2.167171e+02
1.460000e-06	4.342738e-06	3.311610e-09	3.240493e+01	2.176138e+02
1.470000e-06	4.373654e-06	3.326049e-09	3.263562e+01	2.184441e+02
1.480000e-06	4.403164e-06	3.340087e-09	3.285583e+01	2.192079e+02
1.490000e-06	4.431214e-06	3.353896e-09	3.306513e+01	2.199067e+02
1.500000e-06	4.457734e-06	3.366328e-09	3.326302e+01	2.205436e+02
1.510000e-06	4.482477e-06	3.376047e-09	3.344765e+01	2.211231e+02
1.520000e-06	4.505519e-06	3.381539e-09	3.361958e+01	2.216511e+02
1.530000e-06	4.527048e-06	3.385328e-09	3.378023e+01	2.221337e+02
1.540000e-06	4.547129e-06	3.390061e-09	3.393007e+01	2.225773e+02
1.550000e-06	4.565685e-06	3.396634e-09	3.406854e+01	2.229880e+02
1.560000e-06	4.582504e-06	3.405783e-09	3.419404e+01	2.233708e+02
1.570000e-06	4.597603e-06	3.416013e-09	3.430670e+01	2.237296e+02
1.580000e-06	4.611051e-06	3.425048e-09	3.440705e+01	2.240666e+02
1.590000e-06	4.622744e-06	3.431744e-09	3.449431e+01	2.243827e+02
1.600000e-06	4.632511e-06	3.437244e-09	3.456718e+01	2.246770e+02
1.610000e-06	4.640470e-06	3.440757e-09	3.462657e+01	2.249477e+02
1.620000e-06	4.646810e-06	3.441299e-09	3.467388e+01	2.251917e+02
1.630000e-06	4.651550e-06	3.440798e-09	3.470925e+01	2.254059e+02
1.640000e-06	4.654731e-06	3.442282e-09	3.473298e+01	2.255869e+02
1.650000e-06	4.656167e-06	3.447551e-09	3.474370e+01	2.257319e+02
1.660000e-06	4.655878e-06	3.452882e-09	3.474154e+01	2.258389e+02
1.670000e-06	4.654101e-06	3.455998e-09	3.472828e+01	2.259072e+02
1.680000e-06	4.650945e-06	3.459939e-09	3.470473e+01	2.259371e+02
1.690000e-06	4.646427e-06	3.463207e-09	3.467102e+01	2.259304e+02
1.700000e-06	4.640248e-06	3.463777e-09	3.462492e+01	2.258899e+02
1.710000e-06	4.632427e-06	3.462868e-09	3.456656e+01	2.258191e+02
1.720000e-06	4.623231e-06	3.464390e-09	3.449794e+01	2.257223e+02
1.730000e-06	4.612596e-06	3.474713e-09	3.441858e+01	2.256037e+02
1.740000e-06	4.600487e-06	3.441657e-09	3.432823e+01	2.254670e+02
1.750000e-06	4.586417e-06	3.414543e-09	3.422323e+01	2.253154e+02
1.760000e-06	4.569873e-06	3.425719e-09	3.409978e+01	2.251510e+02
1.770000e-06	4.551139e-06	3.440728e-09	3.395999e+01	2.249746e+02
1.780000e-06	4.531019e-06	3.494443e-09	3.380987e+01	2.247858e+02
1.790000e-06	4.510325e-06	3.442244e-09	3.365545e+01	2.245828e+02
1.800000e-06	4.488756e-06	3.393503e-09	3.349450e+01	2.243630e+02
1.810000e-06	4.465158e-06	3.487918e-09	3.331842e+01	2.241228e+02
1.820000e-06	4.439672e-06	3.418666e-09	3.312825e+01	2.238583e+02
1.830000e-06	4.413050e-06	3.340126e-09	3.292959e+01	2.235653e+02
1.840000e-06	4.384829e-06	3.417129e-09	3.271901e+01	2.232401e+02
1.850000e-06	4.354673e-06	3.342924e-09	3.249399e+01	2.228795e+02
1.860000e-06	4.322958e-06	3.319510e-09	3.225734e+01	2.224811e+02
1.870000e-06	4.289783e-06	3.407147e-09	3.200979e+01	2.220434e+02
1.880000e-06	4.255237e-06	3.329343e-09	3.175201e+01	2.215661e+02
1.890000e-06	4.219311e-06	3.345857e-09	3.148394e+01	2.210494e+02
1.900000e-06	4.181565e-06	3.364052e-09	3.120228e+01	2.204944e+02
1.910000e-06	4.142091e-06	3.255753e-09	3.090773e+01	2.199027e+02
1.920000e-06	4.101103e-06	3.315031e-09	3.060189e+01	2.192761e+02
1.930000e-06	4.058694e-06	3.310674e-09	3.028544e+01	2.186161e+02
1.940000e-06	4.015174e-06	3.261961e-09	2.996069e+01	2.179241e+02
1.950000e-06	3.970324e-06	3.321457e-09	2.962603e+01	2.172009e+02
1.960000e-06	3.923818e-06	3.277794e-09	2.927901e+01	2.164469e+02
1.970000e-06	3.875730e-06	3.237407e-09	2.892018e+01	2.156615e+02
1.980000e-06	3.826242e-06	3.234046e-09	2.855091e+01	2.148438e+02
1.990000e-06	3.775421e-06	3.233857e-09	2.817169e+01	2.139926e+02
2.000000e-06	3.723075e-06	3.235420e-09	2.778109e+01	2.131064e+02
2.010000e-06	3.669107e-06	3.189182e-09	2.737839e+01	2.121836e+02
2.020000e-06	3.613641e-06	3.206393e-09	2.696451e+01	2.112230e+02
2.030000e-06	3.556847e-06	3.184080e-09	2.654072e+01	2.102239e+02
2.040000e-06	3.498843e-06	3.134537e-09	2.610790e+01	2.091860e+02
2.050000e-06	3.439660e-06	3.142444e-09	2.566629e+01	2.081095e+02
2.060000e-06	3.379534e-06	3.126513e-09	2.521764e+01	2.069953e+02
2.070000e-06	3.318271e-06	3.132515e-09	2.476050e+01	2.058447e+02
2.080000e-06	3.255479e-06	3.086692e-09	2.429195e+01	2.046591e+02
2.090000e-06	3.191455e-06	3.060703e-09	2.381422e+01	2.034399e+02
2.100000e-06	3.126410e-06	3.088394e-09	2.332885e+01	2.021880e+02
2.110000e-06	3.060292e-06	3.040393e-09	2.283549e+01	2.009040e+02
2.120000e-06	2.993147e-06	3.003664e-09	2.233447e+01	1.995876e+02
2.130000e-06	2.925093e-06	2.996595e-09	2.182666e+01	1.982374e+02
2.140000e-06	2.855950e-06	2.998952e-09	2.131072e+01	1.968513e+02
2.150000e-06	2.785419e-06	2.968908e-09	2.078442e+01	1.954261e+02
2.160000e-06	2.713776e-06	2.930398e-09	2.024984e+01	1.939580e+02
2.170000e-06	2.641247e-06	2.934510e-09	1.970864e+01	1.924425e+02
2.180000e-06	2.567826e-06	2.903173e-09	1.916077e+01	1.908751e+02
2.190000e-06	2.493506e-06	2.861695e-09	1.860621e+01	1.892513e+02
2.200000e-06	2.418280e-06	2.842529e-09	1.804488e+01	1.875669e+02
2.210000e-06	2.342127e-06	2.836647e-09	1.747664e+01	1.858185e+02
2.220000e-06	2.264801e-06	2.805813e-09	1.689965e+01	1.840034e+02
2.230000e-06	2.186289e-06	2.754094e-09	1.631380e+01	1.821201e+02
2.240000e-06	2.106842e-06	2.737122e-09	1.572098e+01	1.801675e+02
2.250000e-06	2.026662e-06	2.717819e-09	1.512269e+01	1.781454e+02
2.260000e-06	1.945863e-06	2.679137e-09	1.451977e+01	1.760541e+02
2.270000e-06	1.864463e-06	2.646938e-09	1.391238e+01	1.738939e+02
2.280000e-06	1.782455e-06	2.625300e-09	1.330045e+01	1.716646e+02
2.290000e-06	1.699791e-06	2.589332e-09	1.268362e+01	1.693655e+02
2.300000e-06	1.616604e-06	2.544004e-09	1.206289e+01	1.669948e+02
2.310000e-06	1.533010e-06	2.516714e-09	1.143911e+01	1.645495e+02
2.320000e-06	1.448987e-06	2.484309e-09	1.081215e+01	1.620252e+02
2.330000e-06	1.364490e-06	2.434427e-09	1.018164e+01	1.594160e+02
2.340000e-06	1.279443e-06	2.387167e-09	9.547035e+00	1.567150e+02
2.350000e-06	1.193873e-06	2.350328e-09	8.908521e+00	1.539142e+02
2.360000e-06	1.107741e-06	2.308494e-09	8.265814e+00	1.510051e+02
2.370000e-06	1.021110e-06	2.258049e-09	7.619388e+00	1.479792e+02
2.380000e-06	9.340929e-07	2.212703e-09	6.970077e+00	1.448282e+02
2.390000e-06	8.467258e-07	2.167087e-09	6.318156e+00	1.415443e+02
2.400000e-06	7.590574e-07	2.113142e-09	5.663986e+00	1.381207e+02
2.410000e-06	6.711666e-07	2.058415e-09	5.008156e+00	1.345517e+02
2.420000e-06	5.831513e-07	2.004687e-09	4.351398e+00	1.308323e+02
2.430000e-06	4.950210e-07	1.943544e-09	3.693781e+00	1.269582e+02
2.440000e-06	4.068071e-07	1.877909e-09	3.035541e+00	1.229252e+02
2.450000e-06	3.184302e-07	1.817711e-09	2.376084e+00	1.187286e+02
2.460000e-06	2.298963e-07	1.757587e-09	1.715456e+00	1.143628e+02
2.470000e-06	1.412894e-07	1.688597e-09	1.054283e+00	1.098202e+02
2.480000e-06	5.262230e-08	1.614678e-09	3.926606e-01	1.050909e+02
2.490000e-06	-3.606617e-08	1.540087e-09	-2.691210e-01	1.001622e+02
2.500000e-06	-1.247113e-07	1.462927e-09	-9.305795e-01	9.501849e+01
2.510000e-06	-2.132375e-07	1.379806e-09	-1.591150e+00	8.964123e+01
2.520000e-06	-3.016732e-07	1.292410e-09	-2.251046e+00	8.400966e+01
2.530000e-06	-3.901133e-07	1.201379e-09	-2.910973e+00	7.810155e+01
2.540000e-06	-4.785000e-07	1.103593e-09	-3.570503e+00	7.189443e+01
2.550000e-06	-5.666772e-07	1.001486e-09	-4.228470e+00	6.536710e+01
2.560000e-06	-6.546854e-07	8.975176e-10	-4.885176e+00	5.850137e+01
2.570000e-06	-7.425553e-07	7.898352e-10	-5.540850e+00	5.128381e+01
2.580000e-06	-8.301814e-07	6.749423e-10	-6.194704e+00	4.370755e+01
2.590000e-06	-9.175194e-07	5.523678e-10	-6.846409e+00	3.577387e+01
2.600000e-06	-1.004529e-06	4.242658e-10	-7.495659e+00	2.749347e+01
2.610000e-06	-1.091074e-06	2.910977e-10	-8.141446e+00	1.888730e+01
2.620000e-06	-1.176965e-06	1.537948e-10	-8.782357e+00	9.986929e+00
2.630000e-06	-1.262134e-06	1.328362e-11	-9.417877e+00	8.342502e-01
2.640000e-06	-1.346736e-06	-1.296907e-10	-1.004916e+01	-8.519363e+00
2.650000e-06	-1.430939e-06	-2.740615e-10	-1.067748e+01	-1.801449e+01
2.660000e-06	-1.514733e-06	-4.185822e-10	-1.130274e+01	-2.758561e+01
2.670000e-06	-1.598034e-06	-5.628458e-10	-1.192431e+01	-3.716341e+01
2.680000e-06	-1.680807e-06	-7.077419e-10	-1.254196e+01	-4.667740e+01
2.690000e-06	-1.762971e-06	-8.542659e-10	-1.315505e+01	-5.605860e+01
2.700000e-06	-1.844484e-06	-9.996183e-10	-1.376329e+01	-6.524212e+01
2.710000e-06	-1.925371e-06	-1.137612e-09	-1.436686e+01	-7.416955e+01
2.720000e-06	-2.005707e-06	-1.266904e-09	-1.496632e+01	-8.279093e+01
2.730000e-06	-2.085516e-06	-1.392817e-09	-1.556185e+01	-9.106626e+01
2.740000e-06	-2.164658e-06	-1.513877e-09	-1.615239e+01	-9.896631e+01
2.750000e-06	-2.242763e-06	-1.626841e-09	-1.673520e+01	-1.064729e+02
2.760000e-06	-2.319680e-06	-1.735034e-09	-1.730914e+01	-1.135787e+02
2.770000e-06	-2.395607e-06	-1.838134e-09	-1.787570e+01	-1.202859e+02
2.780000e-06	-2.470617e-06	-1.933208e-09	-1.843541e+01	-1.266053e+02
2.790000e-06	-2.544741e-06	-2.021472e-09	-1.898852e+01	-1.325541e+02
2.800000e-06	-2.617995e-06	-2.108127e-09	-1.953513e+01	-1.381544e+02
2.810000e-06	-2.690471e-06	-2.193030e-09	-2.007594e+01	-1.434309e+02
2.820000e-06	-2.762217e-06	-2.273094e-09	-2.061130e+01	-1.484089e+02
2.830000e-06	-2.832906e-06	-2.348022e-09	-2.113877e+01	-1.531130e+02
2.840000e-06	-2.902243e-06	-2.418630e-09	-2.165615e+01	-1.575655e+02
2.850000e-06	-2.970452e-06	-2.484880e-09	-2.216512e+01	-1.617854e+02
2.860000e-06	-3.037769e-06	-2.546604e-09	-2.266743e+01	-1.657881e+02
2.870000e-06	-3.104087e-06	-2.604087e-09	-2.316229e+01	-1.695853e+02
2.880000e-06	-3.169307e-06	-2.658791e-09	-2.364895e+01	-1.731853e+02
2.890000e-06	-3.233501e-06	-2.712318e-09	-2.412795e+01	-1.765934e+02
2.900000e-06	-3.296580e-06	-2.767019e-09	-2.459864e+01	-1.798131e+02
2.910000e-06	-3.358225e-06	-2.821928e-09	-2.505863e+01	-1.828471e+02
2.920000e-06	-3.418509e-06	-2.868927e-09	-2.550846e+01	-1.856979e+02
2.930000e-06	-3.477736e-06	-2.908573e-09	-2.595040e+01	-1.883690e+02
2.940000e-06	-3.535790e-06	-2.947312e-09	-2.638359e+01	-1.908653e+02
2.950000e-06	-3.592542e-06	-2.985185e-09	-2.680707e+01	-1.931939e+02
2.960000e-06	-3.648107e-06	-3.018411e-09	-2.722169e+01	-1.953637e+02
2.970000e-06	-3.702165e-06	-3.049381e-09	-2.762506e+01	-1.973858e+02
2.980000e-06	-3.754468e-06	-3.081473e-09	-2.801534e+01	-1.992730e+02
2.990000e-06	-3.805299e-06	-3.110470e-09	-2.839463e+01	-2.010388e+02
3.000000e-06	-3.854627e-06	-3.137346e-09	-2.876272e+01	-2.026973e+02
3.010000e-06	-3.902237e-06	-3.164796e-09	-2.911798e+01	-2.042618e+02
3.020000e-06	-3.948350e-06	-3.190065e-09	-2.946206e+01	-2.057448e+02
3.030000e-06	-3.993262e-06	-3.211472e-09	-2.979719e+01	-2.071565e+02
3.040000e-06	-4.037017e-06	-3.231079e-09	-3.012368e+01	-2.085053e+02
3.050000e-06	-4.079505e-06	-3.250465e-09	-3.044073e+01	-2.097967e+02
3.060000e-06	-4.120635e-06	-3.267362e-09	-3.074763e+01	-2.110339e+02
3.070000e-06	-4.160493e-06	-3.282474e-09	-3.104505e+01	-2.122177e+02
3.080000e-06	-4.198860e-06	-3.297775e-09	-3.133134e+01	-2.133470e+02
3.090000e-06	-4.235563e-06	-3.313738e-09	-3.160521e+01	-2.144196e+02
3.100000e-06	-4.270804e-06	-3.329919e-09	-3.186818e+01	-2.154324e+02
3.110000e-06	-4.304676e-06	-3.343777e-09	-3.212092e+01	-2.163824e+02
3.120000e-06	-4.337167e-06	-3.355809e-09	-3.236336e+01	-2.172671e+02
3.130000e-06	-4.368085e-06	-3.368263e-09	-3.259407e+01	-2.180852e+02
3.140000e-06	-4.397241e-06	-3.380608e-09	-3.281163e+01	-2.188370e+02
3.150000e-06	-4.424785e-06	-3.390676e-09	-3.301716e+01	-2.195242e+02
3.160000e-06	-4.450820e-06	-3.399289e-09	-3.321143e+01	-2.201503e+02
3.170000e-06	-4.475398e-06	-3.407210e-09	-3.339482e+01	-2.207200e+02
3.180000e-06	-4.498435e-06	-3.414337e-09	-3.356673e+01	-2.212391e+02
3.190000e-06	-4.519702e-06	-3.420616e-09	-3.372542e+01	-2.217140e+02
3.200000e-06	-4.539322e-06	-3.427799e-09	-3.387182e+01	-2.221511e+02
3.210000e-06	-4.557449e-06	-3.434220e-09	-3.400708e+01	-2.225563e+02
3.220000e-06	-4.574057e-06	-3.438679e-09	-3.413101e+01	-2.229343e+02
3.230000e-06	-4.588895e-06	-3.442438e-09	-3.424173e+01	-2.232889e+02
3.240000e-06	-4.601705e-06	-3.445799e-09	-3.433731e+01	-2.236219e+02
3.250000e-06	-4.612644e-06	-3.450488e-09	-3.441894e+01	-2.239340e+02
3.260000e-06	-4.621998e-06	-3.456347e-09	-3.448874e+01	-2.242240e+02
3.270000e-06	-4.629812e-06	-3.461019e-09	-3.454704e+01	-2.244899e+02
3.280000e-06	-4.635897e-06	-3.463420e-09	-3.459245e+01	-2.247287e+02
3.290000e-06	-4.640308e-06	-3.464393e-09	-3.462536e+01	-2.249369e+02
3.300000e-06	-4.643223e-06	-3.463334e-09	-3.464711e+01	-2.251114e+02
3.310000e-06	-4.644593e-06	-3.462246e-09	-3.465734e+01	-2.252496e+02
