# Temperatura_=_20.0
# Concentracion g/m^3_=_4600.0
# C_Vs_to_Am_M_A/Vsm_=_65563218390.804596
# pendiente_HvsI_1/m_=_3716.3
# ordenada_HvsI_A/m_=_1297.0
# frecuencia_Hz_=_302066.757376488

Tiempo_(s)	Campo_(V.s)	Magnetizacion_(V.s)	Campo_(kA/m)	Magnetizacion_(A/m)
0.000000e+00	-6.365512e-06	-4.747803e-09	-4.560645e+01	-3.096617e+02
1.000000e-08	-6.363674e-06	-4.747741e-09	-4.559328e+01	-3.095093e+02
2.000000e-08	-6.359622e-06	-4.742992e-09	-4.556425e+01	-3.095572e+02
3.000000e-08	-6.353587e-06	-4.738924e-09	-4.552102e+01	-3.097576e+02
4.000000e-08	-6.345577e-06	-4.736441e-09	-4.546363e+01	-3.099650e+02
5.000000e-08	-6.335367e-06	-4.732843e-09	-4.539047e+01	-3.100185e+02
6.000000e-08	-6.322749e-06	-4.729943e-09	-4.530007e+01	-3.098346e+02
7.000000e-08	-6.307801e-06	-4.723617e-09	-4.519297e+01	-3.094595e+02
8.000000e-08	-6.290621e-06	-4.720858e-09	-4.506989e+01	-3.090497e+02
9.000000e-08	-6.271306e-06	-4.747152e-09	-4.493151e+01	-3.087893e+02
1.000000e-07	-6.249686e-06	-4.750171e-09	-4.477661e+01	-3.087872e+02
1.100000e-07	-6.225513e-06	-4.733602e-09	-4.460341e+01	-3.090088e+02
1.200000e-07	-6.198836e-06	-4.729621e-09	-4.441228e+01	-3.092801e+02
1.300000e-07	-6.170066e-06	-4.715890e-09	-4.420616e+01	-3.093641e+02
1.400000e-07	-6.139704e-06	-4.677518e-09	-4.398863e+01	-3.090729e+02
1.500000e-07	-6.107751e-06	-4.704895e-09	-4.375969e+01	-3.083574e+02
1.600000e-07	-6.073719e-06	-4.712385e-09	-4.351587e+01	-3.073299e+02
1.700000e-07	-6.037680e-06	-4.674549e-09	-4.325766e+01	-3.062080e+02
1.800000e-07	-5.999752e-06	-4.738713e-09	-4.298592e+01	-3.052097e+02
1.900000e-07	-5.959621e-06	-4.712935e-09	-4.269840e+01	-3.044544e+02
2.000000e-07	-5.917210e-06	-4.685605e-09	-4.239454e+01	-3.039193e+02
2.100000e-07	-5.872611e-06	-4.710410e-09	-4.207501e+01	-3.034720e+02
2.200000e-07	-5.825869e-06	-4.645586e-09	-4.174012e+01	-3.029577e+02
2.300000e-07	-5.776751e-06	-4.623225e-09	-4.138821e+01	-3.022925e+02
2.400000e-07	-5.725077e-06	-4.624522e-09	-4.101798e+01	-3.015112e+02
2.500000e-07	-5.671082e-06	-4.609255e-09	-4.063113e+01	-3.007432e+02
2.600000e-07	-5.614984e-06	-4.623759e-09	-4.022921e+01	-3.001323e+02
2.700000e-07	-5.556691e-06	-4.629286e-09	-3.981156e+01	-2.997450e+02
2.800000e-07	-5.496315e-06	-4.613662e-09	-3.937899e+01	-2.995194e+02
2.900000e-07	-5.434026e-06	-4.578002e-09	-3.893271e+01	-2.992860e+02
3.000000e-07	-5.369717e-06	-4.574262e-09	-3.847197e+01	-2.988505e+02
3.100000e-07	-5.303323e-06	-4.563328e-09	-3.799628e+01	-2.980959e+02
3.200000e-07	-5.234902e-06	-4.539328e-09	-3.750607e+01	-2.970478e+02
3.300000e-07	-5.164581e-06	-4.539628e-09	-3.700224e+01	-2.958665e+02
3.400000e-07	-5.092503e-06	-4.516106e-09	-3.648583e+01	-2.947684e+02
3.500000e-07	-5.018518e-06	-4.510979e-09	-3.595575e+01	-2.939161e+02
3.600000e-07	-4.942463e-06	-4.506348e-09	-3.541085e+01	-2.933343e+02
3.700000e-07	-4.864345e-06	-4.491475e-09	-3.485117e+01	-2.928977e+02
3.800000e-07	-4.784233e-06	-4.482391e-09	-3.427720e+01	-2.923960e+02
3.900000e-07	-4.702404e-06	-4.463930e-09	-3.369092e+01	-2.916429e+02
4.000000e-07	-4.619060e-06	-4.449220e-09	-3.309380e+01	-2.905720e+02
4.100000e-07	-4.534285e-06	-4.436969e-09	-3.248642e+01	-2.892680e+02
4.200000e-07	-4.448137e-06	-4.418477e-09	-3.186920e+01	-2.879189e+02
4.300000e-07	-4.360532e-06	-4.384317e-09	-3.124154e+01	-2.867132e+02
4.400000e-07	-4.271248e-06	-4.361075e-09	-3.060185e+01	-2.857400e+02
4.500000e-07	-4.180267e-06	-4.355030e-09	-2.995001e+01	-2.849429e+02
4.600000e-07	-4.087824e-06	-4.345951e-09	-2.928769e+01	-2.841543e+02
4.700000e-07	-3.994048e-06	-4.335954e-09	-2.861582e+01	-2.831890e+02
4.800000e-07	-3.898919e-06	-4.316244e-09	-2.793426e+01	-2.819461e+02
4.900000e-07	-3.802372e-06	-4.285105e-09	-2.724254e+01	-2.804634e+02
5.000000e-07	-3.704322e-06	-4.251475e-09	-2.654005e+01	-2.788937e+02
5.100000e-07	-3.604800e-06	-4.229526e-09	-2.582701e+01	-2.774163e+02
5.200000e-07	-3.503970e-06	-4.216807e-09	-2.510460e+01	-2.761345e+02
5.300000e-07	-3.401967e-06	-4.196765e-09	-2.437379e+01	-2.750132e+02
5.400000e-07	-3.298803e-06	-4.171440e-09	-2.363466e+01	-2.738962e+02
5.500000e-07	-3.194380e-06	-4.150475e-09	-2.288651e+01	-2.725917e+02
5.600000e-07	-3.088640e-06	-4.131521e-09	-2.212892e+01	-2.709799e+02
5.700000e-07	-2.981654e-06	-4.103699e-09	-2.136241e+01	-2.690827e+02
5.800000e-07	-2.873582e-06	-4.072512e-09	-2.058811e+01	-2.670536e+02
5.900000e-07	-2.764496e-06	-4.043189e-09	-1.980655e+01	-2.650922e+02
6.000000e-07	-2.654450e-06	-4.012249e-09	-1.901812e+01	-2.633291e+02
6.100000e-07	-2.543537e-06	-3.981244e-09	-1.822347e+01	-2.617462e+02
6.200000e-07	-2.431725e-06	-3.954153e-09	-1.742238e+01	-2.601801e+02
6.300000e-07	-2.318923e-06	-3.926706e-09	-1.661420e+01	-2.584092e+02
6.400000e-07	-2.205102e-06	-3.894660e-09	-1.579871e+01	-2.562792e+02
6.500000e-07	-2.090277e-06	-3.864997e-09	-1.497603e+01	-2.537953e+02
6.600000e-07	-1.974572e-06	-3.836674e-09	-1.414705e+01	-2.511257e+02
6.700000e-07	-1.858140e-06	-3.801830e-09	-1.331286e+01	-2.485079e+02
6.800000e-07	-1.741064e-06	-3.758069e-09	-1.247406e+01	-2.461060e+02
6.900000e-07	-1.623383e-06	-3.709297e-09	-1.163091e+01	-2.438984e+02
7.000000e-07	-1.505114e-06	-3.660638e-09	-1.078357e+01	-2.416649e+02
7.100000e-07	-1.386339e-06	-3.614081e-09	-9.932587e+00	-2.390894e+02
7.200000e-07	-1.267126e-06	-3.568964e-09	-9.078469e+00	-2.359303e+02
7.300000e-07	-1.147507e-06	-3.522770e-09	-8.221451e+00	-2.321648e+02
7.400000e-07	-1.027568e-06	-3.471922e-09	-7.362132e+00	-2.280210e+02
7.500000e-07	-9.073149e-07	-3.415750e-09	-6.500563e+00	-2.238632e+02
7.600000e-07	-7.867007e-07	-3.356048e-09	-5.636409e+00	-2.199794e+02
7.700000e-07	-6.657698e-07	-3.290547e-09	-4.769985e+00	-2.163797e+02
7.800000e-07	-5.445949e-07	-3.217611e-09	-3.901813e+00	-2.127217e+02
7.900000e-07	-4.232315e-07	-3.136428e-09	-3.032292e+00	-2.084240e+02
8.000000e-07	-3.016949e-07	-3.047384e-09	-2.161528e+00	-2.029274e+02
8.100000e-07	-1.800134e-07	-2.952426e-09	-1.289727e+00	-1.959761e+02
8.200000e-07	-5.824351e-08	-2.845883e-09	-4.172924e-01	-1.877579e+02
8.300000e-07	6.356418e-08	-2.723261e-09	4.554130e-01	-1.787922e+02
8.400000e-07	1.853813e-07	-2.585066e-09	1.328186e+00	-1.695751e+02
8.500000e-07	3.071421e-07	-2.427246e-09	2.200555e+00	-1.601214e+02
8.600000e-07	4.287701e-07	-2.240200e-09	3.071974e+00	-1.496262e+02
8.700000e-07	5.502821e-07	-2.011635e-09	3.942560e+00	-1.364506e+02
8.800000e-07	6.716716e-07	-1.730557e-09	4.812269e+00	-1.185155e+02
8.900000e-07	7.928412e-07	-1.380961e-09	5.680403e+00	-9.401337e+01
9.000000e-07	9.137739e-07	-9.364565e-10	6.546840e+00	-6.218539e+01
9.100000e-07	1.034447e-06	-3.689914e-10	7.411417e+00	-2.385611e+01
9.200000e-07	1.154728e-06	3.126784e-10	8.273181e+00	1.851986e+01
9.300000e-07	1.274558e-06	1.026913e-09	9.131720e+00	6.136376e+01
9.400000e-07	1.393882e-06	1.652848e-09	9.986629e+00	1.008815e+02
9.500000e-07	1.512686e-06	2.122710e-09	1.083782e+01	1.340629e+02
9.600000e-07	1.630964e-06	2.452705e-09	1.168523e+01	1.594187e+02
9.700000e-07	1.748643e-06	2.691717e-09	1.252836e+01	1.772067e+02
9.800000e-07	1.865694e-06	2.878836e-09	1.336698e+01	1.890936e+02
9.900000e-07	1.982044e-06	3.034732e-09	1.420059e+01	1.974192e+02
1.000000e-06	2.097524e-06	3.168476e-09	1.502795e+01	2.043615e+02
1.010000e-06	2.212040e-06	3.283901e-09	1.584842e+01	2.113163e+02
1.020000e-06	2.325617e-06	3.386443e-09	1.666215e+01	2.186849e+02
1.030000e-06	2.438272e-06	3.481481e-09	1.746928e+01	2.260808e+02
1.040000e-06	2.549988e-06	3.568637e-09	1.826969e+01	2.327985e+02
1.050000e-06	2.660752e-06	3.646926e-09	1.906327e+01	2.383004e+02
1.060000e-06	2.770624e-06	3.717652e-09	1.985046e+01	2.425096e+02
1.070000e-06	2.879605e-06	3.783287e-09	2.063127e+01	2.458131e+02
1.080000e-06	2.987677e-06	3.845325e-09	2.140556e+01	2.488259e+02
1.090000e-06	3.094708e-06	3.899827e-09	2.217240e+01	2.520693e+02
1.100000e-06	3.200522e-06	3.948354e-09	2.293051e+01	2.557350e+02
1.110000e-06	3.305143e-06	3.993448e-09	2.368009e+01	2.596431e+02
1.120000e-06	3.408545e-06	4.036860e-09	2.442091e+01	2.633920e+02
1.130000e-06	3.510725e-06	4.078546e-09	2.515300e+01	2.666042e+02
1.140000e-06	3.611746e-06	4.118865e-09	2.587677e+01	2.691312e+02
1.150000e-06	3.711556e-06	4.157959e-09	2.659188e+01	2.711192e+02
1.160000e-06	3.809995e-06	4.192639e-09	2.729715e+01	2.729128e+02
1.170000e-06	3.907001e-06	4.224321e-09	2.799216e+01	2.748625e+02
1.180000e-06	4.002586e-06	4.255265e-09	2.867700e+01	2.771439e+02
1.190000e-06	4.096725e-06	4.284114e-09	2.935146e+01	2.796811e+02
1.200000e-06	4.189565e-06	4.310395e-09	3.001663e+01	2.822081e+02
1.210000e-06	4.281095e-06	4.334342e-09	3.067240e+01	2.844244e+02
1.220000e-06	4.371059e-06	4.357001e-09	3.131696e+01	2.861587e+02
1.230000e-06	4.459294e-06	4.378995e-09	3.194913e+01	2.874532e+02
1.240000e-06	4.545854e-06	4.400264e-09	3.256930e+01	2.885302e+02
1.250000e-06	4.630883e-06	4.422011e-09	3.317850e+01	2.896661e+02
1.260000e-06	4.714406e-06	4.442236e-09	3.377691e+01	2.910447e+02
1.270000e-06	4.796254e-06	4.460127e-09	3.436332e+01	2.926676e+02
1.280000e-06	4.876282e-06	4.477297e-09	3.493669e+01	2.943674e+02
1.290000e-06	4.954467e-06	4.494060e-09	3.549686e+01	2.959081e+02
1.300000e-06	5.030813e-06	4.509205e-09	3.604384e+01	2.971162e+02
1.310000e-06	5.105253e-06	4.523114e-09	3.657718e+01	2.979704e+02
1.320000e-06	5.177690e-06	4.536434e-09	3.709617e+01	2.986047e+02
1.330000e-06	5.248219e-06	4.550383e-09	3.760148e+01	2.992280e+02
1.340000e-06	5.316938e-06	4.564227e-09	3.809382e+01	3.000081e+02
1.350000e-06	5.383752e-06	4.576482e-09	3.857252e+01	3.009847e+02
1.360000e-06	5.448558e-06	4.586012e-09	3.903683e+01	3.020567e+02
1.370000e-06	5.511422e-06	4.595086e-09	3.948723e+01	3.030476e+02
1.380000e-06	5.572473e-06	4.605496e-09	3.992464e+01	3.038095e+02
1.390000e-06	5.631641e-06	4.616246e-09	4.034855e+01	3.043068e+02
1.400000e-06	5.688737e-06	4.626159e-09	4.075762e+01	3.046344e+02
1.410000e-06	5.743786e-06	4.633997e-09	4.115202e+01	3.049622e+02
1.420000e-06	5.796771e-06	4.642905e-09	4.153164e+01	3.054384e+02
1.430000e-06	5.847381e-06	4.653454e-09	4.189424e+01	3.061071e+02
1.440000e-06	5.895527e-06	4.661958e-09	4.223919e+01	3.068845e+02
1.450000e-06	5.941547e-06	4.667650e-09	4.256891e+01	3.076075e+02
1.460000e-06	5.985666e-06	4.671429e-09	4.288500e+01	3.081263e+02
1.470000e-06	6.027695e-06	4.675766e-09	4.318612e+01	3.083889e+02
1.480000e-06	6.067494e-06	4.681907e-09	4.347127e+01	3.084716e+02
1.490000e-06	6.105185e-06	4.688999e-09	4.374131e+01	3.085384e+02
1.500000e-06	6.140827e-06	4.695285e-09	4.399667e+01	3.087516e+02
1.510000e-06	6.174275e-06	4.699682e-09	4.423632e+01	3.091830e+02
1.520000e-06	6.205481e-06	4.703898e-09	4.445989e+01	3.097747e+02
1.530000e-06	6.234568e-06	4.708411e-09	4.466829e+01	3.103700e+02
1.540000e-06	6.261547e-06	4.713276e-09	4.486158e+01	3.107988e+02
1.550000e-06	6.286175e-06	4.716820e-09	4.503804e+01	3.109692e+02
1.560000e-06	6.308451e-06	4.718839e-09	4.519763e+01	3.109172e+02
1.570000e-06	6.328607e-06	4.721394e-09	4.534205e+01	3.107868e+02
1.580000e-06	6.346559e-06	4.724786e-09	4.547066e+01	3.107514e+02
1.590000e-06	6.362164e-06	4.730798e-09	4.558246e+01	3.109202e+02
1.600000e-06	6.375387e-06	4.736164e-09	4.567720e+01	3.112796e+02
1.610000e-06	6.386117e-06	4.737891e-09	4.575408e+01	3.117014e+02
1.620000e-06	6.394313e-06	4.737619e-09	4.581280e+01	3.120139e+02
1.630000e-06	6.400201e-06	4.736851e-09	4.585499e+01	3.120952e+02
1.640000e-06	6.403961e-06	4.737173e-09	4.588193e+01	3.119397e+02
1.650000e-06	6.405451e-06	4.738407e-09	4.589260e+01	3.116598e+02
1.660000e-06	6.404643e-06	4.738948e-09	4.588681e+01	3.114232e+02
1.670000e-06	6.401761e-06	4.740202e-09	4.586616e+01	3.113602e+02
1.680000e-06	6.396806e-06	4.744746e-09	4.583066e+01	3.114908e+02
1.690000e-06	6.389622e-06	4.747366e-09	4.577919e+01	3.117144e+02
1.700000e-06	6.380353e-06	4.746730e-09	4.571278e+01	3.118661e+02
1.710000e-06	6.369096e-06	4.746119e-09	4.563213e+01	3.118109e+02
1.720000e-06	6.355565e-06	4.750812e-09	4.553518e+01	3.115231e+02
1.730000e-06	6.339863e-06	4.755786e-09	4.542269e+01	3.111069e+02
1.740000e-06	6.322121e-06	4.723942e-09	4.529558e+01	3.107444e+02
1.750000e-06	6.301758e-06	4.719921e-09	4.514968e+01	3.105968e+02
1.760000e-06	6.278329e-06	4.729043e-09	4.498182e+01	3.107109e+02
1.770000e-06	6.252245e-06	4.716973e-09	4.479494e+01	3.109821e+02
1.780000e-06	6.224357e-06	4.745287e-09	4.459513e+01	3.111942e+02
1.790000e-06	6.195082e-06	4.759607e-09	4.438539e+01	3.111189e+02
1.800000e-06	6.164161e-06	4.727862e-09	4.416385e+01	3.106252e+02
1.810000e-06	6.131035e-06	4.772684e-09	4.392652e+01	3.097410e+02
1.820000e-06	6.095819e-06	4.715105e-09	4.367421e+01	3.086385e+02
1.830000e-06	6.058749e-06	4.624150e-09	4.340862e+01	3.075495e+02
1.840000e-06	6.019405e-06	4.638445e-09	4.312673e+01	3.066563e+02
1.850000e-06	5.977815e-06	4.569887e-09	4.282876e+01	3.060128e+02
1.860000e-06	5.934159e-06	4.601561e-09	4.251598e+01	3.055373e+02
1.870000e-06	5.888378e-06	4.636757e-09	4.218797e+01	3.050742e+02
1.880000e-06	5.840515e-06	4.602676e-09	4.184505e+01	3.044920e+02
1.890000e-06	5.790308e-06	4.648696e-09	4.148534e+01	3.037601e+02
1.900000e-06	5.737710e-06	4.599804e-09	4.110849e+01	3.029642e+02
1.910000e-06	5.682819e-06	4.561866e-09	4.071522e+01	3.022527e+02
1.920000e-06	5.625668e-06	4.558412e-09	4.030575e+01	3.017433e+02
1.930000e-06	5.566607e-06	4.547876e-09	3.988261e+01	3.014452e+02
1.940000e-06	5.505583e-06	4.593647e-09	3.944539e+01	3.012395e+02
1.950000e-06	5.442420e-06	4.563266e-09	3.899285e+01	3.009326e+02
1.960000e-06	5.377140e-06	4.574397e-09	3.852515e+01	3.003542e+02
1.970000e-06	5.309924e-06	4.542024e-09	3.804357e+01	2.994494e+02
1.980000e-06	5.240833e-06	4.504393e-09	3.754856e+01	2.983122e+02
1.990000e-06	5.169632e-06	4.518274e-09	3.703843e+01	2.971420e+02
2.000000e-06	5.096470e-06	4.488443e-09	3.651425e+01	2.961434e+02
2.010000e-06	5.021441e-06	4.508704e-09	3.597670e+01	2.954219e+02
2.020000e-06	4.944375e-06	4.482305e-09	3.542455e+01	2.949292e+02
2.030000e-06	4.865275e-06	4.459766e-09	3.485783e+01	2.944883e+02
2.040000e-06	4.784354e-06	4.443232e-09	3.427806e+01	2.938861e+02
2.050000e-06	4.701909e-06	4.422081e-09	3.368737e+01	2.929829e+02
2.060000e-06	4.617984e-06	4.433260e-09	3.308609e+01	2.917836e+02
2.070000e-06	4.532438e-06	4.419869e-09	3.247318e+01	2.904311e+02
2.080000e-06	4.445163e-06	4.415600e-09	3.184789e+01	2.891278e+02
2.090000e-06	4.356313e-06	4.388507e-09	3.121131e+01	2.880262e+02
2.100000e-06	4.266038e-06	4.377743e-09	3.056453e+01	2.871488e+02
2.110000e-06	4.174321e-06	4.353040e-09	2.990741e+01	2.863787e+02
2.120000e-06	4.081163e-06	4.317161e-09	2.923997e+01	2.855266e+02
2.130000e-06	3.986456e-06	4.307384e-09	2.856143e+01	2.844355e+02
2.140000e-06	3.890294e-06	4.307115e-09	2.787247e+01	2.830668e+02
2.150000e-06	3.792829e-06	4.305847e-09	2.717417e+01	2.815191e+02
2.160000e-06	3.694052e-06	4.282244e-09	2.646647e+01	2.799709e+02
2.170000e-06	3.593933e-06	4.264238e-09	2.574915e+01	2.785779e+02
2.180000e-06	3.492440e-06	4.235580e-09	2.502199e+01	2.773822e+02
2.190000e-06	3.389549e-06	4.205566e-09	2.428482e+01	2.762856e+02
2.200000e-06	3.285398e-06	4.181516e-09	2.353861e+01	2.751020e+02
2.210000e-06	3.180147e-06	4.171775e-09	2.278453e+01	2.736605e+02
2.220000e-06	3.073772e-06	4.154056e-09	2.202240e+01	2.719028e+02
2.230000e-06	2.966341e-06	4.122635e-09	2.125270e+01	2.699184e+02
2.240000e-06	2.857930e-06	4.097724e-09	2.047597e+01	2.678961e+02
2.250000e-06	2.748592e-06	4.077933e-09	1.969261e+01	2.660171e+02
2.260000e-06	2.638166e-06	4.054896e-09	1.890145e+01	2.643485e+02
2.270000e-06	2.526630e-06	4.022811e-09	1.810234e+01	2.627986e+02
2.280000e-06	2.414104e-06	3.991388e-09	1.729613e+01	2.611624e+02
2.290000e-06	2.300642e-06	3.953051e-09	1.648322e+01	2.592341e+02
2.300000e-06	2.186361e-06	3.914975e-09	1.566444e+01	2.569267e+02
2.310000e-06	2.071254e-06	3.883522e-09	1.483974e+01	2.543269e+02
2.320000e-06	1.955366e-06	3.857048e-09	1.400945e+01	2.516515e+02
2.330000e-06	1.838719e-06	3.822508e-09	1.317372e+01	2.491216e+02
2.340000e-06	1.721374e-06	3.783526e-09	1.233299e+01	2.468243e+02
2.350000e-06	1.603359e-06	3.747989e-09	1.148745e+01	2.446401e+02
2.360000e-06	1.484696e-06	3.710885e-09	1.063728e+01	2.422853e+02
2.370000e-06	1.365451e-06	3.665302e-09	9.782934e+00	2.394566e+02
2.380000e-06	1.245709e-06	3.611019e-09	8.925029e+00	2.360012e+02
2.390000e-06	1.125569e-06	3.556595e-09	8.064273e+00	2.320178e+02
2.400000e-06	1.005074e-06	3.502008e-09	7.200967e+00	2.278199e+02
2.410000e-06	8.842753e-07	3.448408e-09	6.335493e+00	2.237652e+02
2.420000e-06	7.632346e-07	3.392892e-09	5.468284e+00	2.200324e+02
2.430000e-06	6.419962e-07	3.329422e-09	4.599657e+00	2.164661e+02
2.440000e-06	5.205386e-07	3.255505e-09	3.729459e+00	2.125877e+02
2.450000e-06	3.988916e-07	3.175239e-09	2.857905e+00	2.077887e+02
2.460000e-06	2.771454e-07	3.090527e-09	1.985641e+00	2.016209e+02
2.470000e-06	1.553056e-07	2.994639e-09	1.112705e+00	1.940308e+02
2.480000e-06	3.341214e-08	2.881196e-09	2.393851e-01	1.853905e+02
2.490000e-06	-8.847487e-08	2.749413e-09	-6.338885e-01	1.762636e+02
2.500000e-06	-2.103416e-07	2.599275e-09	-1.507017e+00	1.669782e+02
2.510000e-06	-3.321356e-07	2.429286e-09	-2.379624e+00	1.571946e+02
2.520000e-06	-4.538734e-07	2.232094e-09	-3.251829e+00	1.456978e+02
2.530000e-06	-5.755058e-07	1.994007e-09	-4.123278e+00	1.305719e+02
2.540000e-06	-6.969443e-07	1.697466e-09	-4.993338e+00	1.097644e+02
2.550000e-06	-8.181994e-07	1.318602e-09	-5.862085e+00	8.186544e+01
2.560000e-06	-9.392316e-07	8.285916e-10	-6.729235e+00	4.681063e+01
2.570000e-06	-1.059936e-06	2.113317e-10	-7.594038e+00	6.209967e+00
2.580000e-06	-1.180235e-06	-4.984345e-10	-8.455931e+00	-3.686680e+01
2.590000e-06	-1.300040e-06	-1.196951e-09	-9.314291e+00	-7.861399e+01
2.600000e-06	-1.419323e-06	-1.770660e-09	-1.016890e+01	-1.154854e+02
2.610000e-06	-1.538029e-06	-2.182984e-09	-1.101939e+01	-1.451126e+02
2.620000e-06	-1.656033e-06	-2.471321e-09	-1.186484e+01	-1.668249e+02
2.630000e-06	-1.773287e-06	-2.686146e-09	-1.270492e+01	-1.816065e+02
2.640000e-06	-1.889831e-06	-2.859031e-09	-1.353992e+01	-1.915418e+02
2.650000e-06	-2.005605e-06	-3.004781e-09	-1.436939e+01	-1.989929e+02
2.660000e-06	-2.120464e-06	-3.130619e-09	-1.519231e+01	-2.058295e+02
2.670000e-06	-2.234364e-06	-3.243037e-09	-1.600836e+01	-2.129847e+02
2.680000e-06	-2.347260e-06	-3.345052e-09	-1.681722e+01	-2.204472e+02
2.690000e-06	-2.459207e-06	-3.436424e-09	-1.761927e+01	-2.276171e+02
2.700000e-06	-2.570188e-06	-3.516607e-09	-1.841441e+01	-2.338143e+02
2.710000e-06	-2.680107e-06	-3.585835e-09	-1.920194e+01	-2.386956e+02
2.720000e-06	-2.789096e-06	-3.647503e-09	-1.998280e+01	-2.424164e+02
2.730000e-06	-2.897246e-06	-3.706786e-09	-2.075766e+01	-2.455082e+02
2.740000e-06	-3.004475e-06	-3.767061e-09	-2.152591e+01	-2.485812e+02
2.750000e-06	-3.110670e-06	-3.826489e-09	-2.228675e+01	-2.520223e+02
2.760000e-06	-3.215815e-06	-3.881563e-09	-2.304008e+01	-2.558430e+02
2.770000e-06	-3.319822e-06	-3.933055e-09	-2.378525e+01	-2.597330e+02
2.780000e-06	-3.422521e-06	-3.979441e-09	-2.452105e+01	-2.632707e+02
2.790000e-06	-3.523936e-06	-4.020256e-09	-2.524765e+01	-2.661663e+02
2.800000e-06	-3.624131e-06	-4.058701e-09	-2.596551e+01	-2.684104e+02
2.810000e-06	-3.723097e-06	-4.098818e-09	-2.667456e+01	-2.702615e+02
2.820000e-06	-3.820831e-06	-4.139403e-09	-2.737479e+01	-2.720926e+02
2.830000e-06	-3.917285e-06	-4.175756e-09	-2.806585e+01	-2.741910e+02
2.840000e-06	-4.012359e-06	-4.210612e-09	-2.874702e+01	-2.766165e+02
2.850000e-06	-4.105985e-06	-4.243622e-09	-2.941781e+01	-2.791898e+02
2.860000e-06	-4.198073e-06	-4.276132e-09	-3.007758e+01	-2.816067e+02
2.870000e-06	-4.288642e-06	-4.309164e-09	-3.072647e+01	-2.836096e+02
2.880000e-06	-4.377738e-06	-4.340440e-09	-3.136482e+01	-2.851228e+02
2.890000e-06	-4.465238e-06	-4.368973e-09	-3.199172e+01	-2.862832e+02
2.900000e-06	-4.551095e-06	-4.393721e-09	-3.260685e+01	-2.873572e+02
2.910000e-06	-4.635291e-06	-4.417065e-09	-3.321008e+01	-2.885944e+02
2.920000e-06	-4.717870e-06	-4.437492e-09	-3.380173e+01	-2.900994e+02
2.930000e-06	-4.798862e-06	-4.455677e-09	-3.438200e+01	-2.917875e+02
2.940000e-06	-4.878046e-06	-4.476533e-09	-3.494933e+01	-2.934433e+02
2.950000e-06	-4.955291e-06	-4.499956e-09	-3.550276e+01	-2.948446e+02
2.960000e-06	-5.030578e-06	-4.522653e-09	-3.604217e+01	-2.958819e+02
2.970000e-06	-5.103949e-06	-4.540878e-09	-3.656784e+01	-2.966117e+02
2.980000e-06	-5.175457e-06	-4.555248e-09	-3.708017e+01	-2.972161e+02
2.990000e-06	-5.244968e-06	-4.568082e-09	-3.757818e+01	-2.978993e+02
3.000000e-06	-5.312502e-06	-4.579984e-09	-3.806204e+01	-2.987764e+02
3.010000e-06	-5.378209e-06	-4.591771e-09	-3.853281e+01	-2.998181e+02
3.020000e-06	-5.442080e-06	-4.603194e-09	-3.899042e+01	-3.008765e+02
3.030000e-06	-5.503910e-06	-4.613902e-09	-3.943340e+01	-3.017755e+02
3.040000e-06	-5.563666e-06	-4.624972e-09	-3.986153e+01	-3.024119e+02
3.050000e-06	-5.621531e-06	-4.635970e-09	-4.027611e+01	-3.028135e+02
3.060000e-06	-5.677467e-06	-4.645603e-09	-4.067688e+01	-3.031204e+02
3.070000e-06	-5.731220e-06	-4.654922e-09	-4.106200e+01	-3.035051e+02
3.080000e-06	-5.782623e-06	-4.664046e-09	-4.143027e+01	-3.040747e+02
3.090000e-06	-5.831667e-06	-4.671812e-09	-4.178165e+01	-3.048124e+02
3.100000e-06	-5.878435e-06	-4.677280e-09	-4.211673e+01	-3.055878e+02
3.110000e-06	-5.923227e-06	-4.683000e-09	-4.243765e+01	-3.062316e+02
3.120000e-06	-5.966203e-06	-4.690040e-09	-4.274556e+01	-3.066314e+02
3.130000e-06	-6.007224e-06	-4.696480e-09	-4.303946e+01	-3.067954e+02
3.140000e-06	-6.046202e-06	-4.702151e-09	-4.331872e+01	-3.068495e+02
3.150000e-06	-6.083002e-06	-4.707548e-09	-4.358238e+01	-3.069693e+02
3.160000e-06	-6.117602e-06	-4.712457e-09	-4.383027e+01	-3.072841e+02
3.170000e-06	-6.150058e-06	-4.717196e-09	-4.406280e+01	-3.078060e+02
3.180000e-06	-6.180222e-06	-4.722223e-09	-4.427892e+01	-3.084234e+02
3.190000e-06	-6.208144e-06	-4.726692e-09	-4.447897e+01	-3.089612e+02
3.200000e-06	-6.233959e-06	-4.731043e-09	-4.466393e+01	-3.092755e+02
3.210000e-06	-6.257576e-06	-4.734798e-09	-4.483313e+01	-3.093318e+02
3.220000e-06	-6.278825e-06	-4.735812e-09	-4.498537e+01	-3.092228e+02
3.230000e-06	-6.297820e-06	-4.736268e-09	-4.512147e+01	-3.091182e+02
3.240000e-06	-6.314656e-06	-4.738397e-09	-4.524209e+01	-3.091723e+02
3.250000e-06	-6.329030e-06	-4.740249e-09	-4.534508e+01	-3.094407e+02
3.260000e-06	-6.340892e-06	-4.741484e-09	-4.543006e+01	-3.098512e+02
3.270000e-06	-6.350475e-06	-4.743497e-09	-4.549872e+01	-3.102441e+02
3.280000e-06	-6.357766e-06	-4.745512e-09	-4.555095e+01	-3.104597e+02
3.290000e-06	-6.362683e-06	-4.747214e-09	-4.558618e+01	-3.104253e+02
3.300000e-06	-6.365410e-06	-4.748931e-09	-4.560572e+01	-3.101940e+02
3.310000e-06	-6.366040e-06	-4.748852e-09	-4.561023e+01	-3.099149e+02
