# Temperatura_=_20.0
# Concentracion g/m^3_=_4600.0
# C_Vs_to_Am_M_A/Vsm_=_65563218390.804596
# pendiente_HvsI_1/m_=_3716.3
# ordenada_HvsI_A/m_=_1297.0
# frecuencia_Hz_=_302067.3062962055

Tiempo_(s)	Campo_(V.s)	Magnetizacion_(V.s)	Campo_(kA/m)	Magnetizacion_(A/m)
0.000000e+00	-6.348784e-06	-4.655992e-09	-4.560219e+01	-3.026027e+02
1.000000e-08	-6.346522e-06	-4.658245e-09	-4.558594e+01	-3.025257e+02
2.000000e-08	-6.342124e-06	-4.655120e-09	-4.555435e+01	-3.026082e+02
3.000000e-08	-6.335751e-06	-4.652870e-09	-4.550858e+01	-3.027854e+02
4.000000e-08	-6.327397e-06	-4.650118e-09	-4.544857e+01	-3.029250e+02
5.000000e-08	-6.316870e-06	-4.643422e-09	-4.537296e+01	-3.029022e+02
6.000000e-08	-6.303979e-06	-4.634879e-09	-4.528036e+01	-3.026715e+02
7.000000e-08	-6.288725e-06	-4.618731e-09	-4.517080e+01	-3.022963e+02
8.000000e-08	-6.271253e-06	-4.620750e-09	-4.504530e+01	-3.019189e+02
9.000000e-08	-6.251661e-06	-4.663388e-09	-4.490457e+01	-3.016858e+02
1.000000e-07	-6.229777e-06	-4.659700e-09	-4.474739e+01	-3.016684e+02
1.100000e-07	-6.205388e-06	-4.635128e-09	-4.457221e+01	-3.018224e+02
1.200000e-07	-6.178487e-06	-4.640810e-09	-4.437898e+01	-3.020065e+02
1.300000e-07	-6.149567e-06	-4.605508e-09	-4.417125e+01	-3.020530e+02
1.400000e-07	-6.119060e-06	-4.559393e-09	-4.395212e+01	-3.018507e+02
1.500000e-07	-6.086839e-06	-4.640092e-09	-4.372069e+01	-3.013979e+02
1.600000e-07	-6.052588e-06	-4.611145e-09	-4.347467e+01	-3.007969e+02
1.700000e-07	-6.016403e-06	-4.569812e-09	-4.321476e+01	-3.001945e+02
1.800000e-07	-5.978284e-06	-4.655887e-09	-4.294096e+01	-2.997013e+02
1.900000e-07	-5.937843e-06	-4.584365e-09	-4.265047e+01	-2.993340e+02
2.000000e-07	-5.895047e-06	-4.574125e-09	-4.234308e+01	-2.990117e+02
2.100000e-07	-5.850092e-06	-4.602070e-09	-4.202018e+01	-2.986078e+02
2.200000e-07	-5.803013e-06	-4.548698e-09	-4.168201e+01	-2.980277e+02
2.300000e-07	-5.753574e-06	-4.557412e-09	-4.132690e+01	-2.972687e+02
2.400000e-07	-5.701601e-06	-4.551197e-09	-4.095359e+01	-2.964278e+02
2.500000e-07	-5.647366e-06	-4.535248e-09	-4.056403e+01	-2.956527e+02
2.600000e-07	-5.591031e-06	-4.537083e-09	-4.015939e+01	-2.950607e+02
2.700000e-07	-5.532515e-06	-4.519039e-09	-3.973908e+01	-2.946714e+02
2.800000e-07	-5.471971e-06	-4.510413e-09	-3.930420e+01	-2.943896e+02
2.900000e-07	-5.409516e-06	-4.491544e-09	-3.885559e+01	-2.940500e+02
3.000000e-07	-5.345059e-06	-4.497969e-09	-3.839261e+01	-2.935006e+02
3.100000e-07	-5.278530e-06	-4.482922e-09	-3.791475e+01	-2.926811e+02
3.200000e-07	-5.209977e-06	-4.464287e-09	-3.742234e+01	-2.916537e+02
3.300000e-07	-5.139544e-06	-4.459559e-09	-3.691644e+01	-2.905698e+02
3.400000e-07	-5.067314e-06	-4.430449e-09	-3.639762e+01	-2.895900e+02
3.500000e-07	-4.993227e-06	-4.427722e-09	-3.586546e+01	-2.887993e+02
3.600000e-07	-4.917092e-06	-4.412003e-09	-3.531860e+01	-2.881647e+02
3.700000e-07	-4.838854e-06	-4.397922e-09	-3.475663e+01	-2.875556e+02
3.800000e-07	-4.758647e-06	-4.387211e-09	-3.418052e+01	-2.868170e+02
3.900000e-07	-4.676697e-06	-4.366003e-09	-3.359189e+01	-2.858547e+02
4.000000e-07	-4.593231e-06	-4.353857e-09	-3.299237e+01	-2.846865e+02
4.100000e-07	-4.508333e-06	-4.340570e-09	-3.238256e+01	-2.834294e+02
4.200000e-07	-4.422026e-06	-4.323099e-09	-3.176263e+01	-2.822332e+02
4.300000e-07	-4.334207e-06	-4.297134e-09	-3.113184e+01	-2.811942e+02
4.400000e-07	-4.244836e-06	-4.281148e-09	-3.048991e+01	-2.802998e+02
4.500000e-07	-4.153835e-06	-4.266697e-09	-2.983626e+01	-2.794344e+02
4.600000e-07	-4.061294e-06	-4.245801e-09	-2.917156e+01	-2.784446e+02
4.700000e-07	-3.967461e-06	-4.228749e-09	-2.849757e+01	-2.772270e+02
4.800000e-07	-3.872334e-06	-4.210951e-09	-2.781429e+01	-2.757901e+02
4.900000e-07	-3.775822e-06	-4.187204e-09	-2.712106e+01	-2.742527e+02
5.000000e-07	-3.677845e-06	-4.163191e-09	-2.641731e+01	-2.727778e+02
5.100000e-07	-3.578402e-06	-4.146616e-09	-2.570302e+01	-2.714782e+02
5.200000e-07	-3.477643e-06	-4.127890e-09	-2.497929e+01	-2.703453e+02
5.300000e-07	-3.375662e-06	-4.099483e-09	-2.424678e+01	-2.692449e+02
5.400000e-07	-3.272477e-06	-4.072332e-09	-2.350562e+01	-2.679848e+02
5.500000e-07	-3.168087e-06	-4.051128e-09	-2.275581e+01	-2.664198e+02
5.600000e-07	-3.062535e-06	-4.027224e-09	-2.199764e+01	-2.645373e+02
5.700000e-07	-2.955763e-06	-3.998820e-09	-2.123072e+01	-2.624728e+02
5.800000e-07	-2.847781e-06	-3.970808e-09	-2.045510e+01	-2.604424e+02
5.900000e-07	-2.738785e-06	-3.943124e-09	-1.967220e+01	-2.586252e+02
6.000000e-07	-2.628878e-06	-3.911974e-09	-1.888276e+01	-2.570587e+02
6.100000e-07	-2.518099e-06	-3.880938e-09	-1.808706e+01	-2.556067e+02
6.200000e-07	-2.406380e-06	-3.851925e-09	-1.728460e+01	-2.540224e+02
6.300000e-07	-2.293673e-06	-3.820770e-09	-1.647505e+01	-2.520780e+02
6.400000e-07	-2.180065e-06	-3.786964e-09	-1.565902e+01	-2.496911e+02
6.500000e-07	-2.065513e-06	-3.754659e-09	-1.483622e+01	-2.469786e+02
6.600000e-07	-1.950011e-06	-3.721224e-09	-1.400658e+01	-2.442010e+02
6.700000e-07	-1.833737e-06	-3.683156e-09	-1.317141e+01	-2.416216e+02
6.800000e-07	-1.716765e-06	-3.642441e-09	-1.233122e+01	-2.393532e+02
6.900000e-07	-1.599203e-06	-3.599585e-09	-1.148679e+01	-2.372766e+02
7.000000e-07	-1.481175e-06	-3.555548e-09	-1.063902e+01	-2.350841e+02
7.100000e-07	-1.362702e-06	-3.510850e-09	-9.788047e+00	-2.324311e+02
7.200000e-07	-1.243786e-06	-3.463527e-09	-8.933893e+00	-2.291228e+02
7.300000e-07	-1.124450e-06	-3.411677e-09	-8.076726e+00	-2.252300e+02
7.400000e-07	-1.004732e-06	-3.357427e-09	-7.216815e+00	-2.210646e+02
7.500000e-07	-8.846199e-07	-3.302458e-09	-6.354068e+00	-2.170115e+02
7.600000e-07	-7.641436e-07	-3.242436e-09	-5.488708e+00	-2.132982e+02
7.700000e-07	-6.433938e-07	-3.175743e-09	-4.621384e+00	-2.098226e+02
7.800000e-07	-5.224497e-07	-3.103684e-09	-3.752663e+00	-2.061453e+02
7.900000e-07	-4.013867e-07	-3.025778e-09	-2.883090e+00	-2.016664e+02
8.000000e-07	-2.802030e-07	-2.939185e-09	-2.012648e+00	-1.959121e+02
8.100000e-07	-1.589056e-07	-2.842133e-09	-1.141390e+00	-1.887799e+02
8.200000e-07	-3.754799e-08	-2.733377e-09	-2.697006e-01	-1.805910e+02
8.300000e-07	8.385800e-08	-2.609433e-09	6.023372e-01	-1.718827e+02
8.400000e-07	2.053035e-07	-2.468773e-09	1.474659e+00	-1.629997e+02
8.500000e-07	3.266966e-07	-2.305739e-09	2.346604e+00	-1.536638e+02
8.600000e-07	4.480118e-07	-2.110512e-09	3.217989e+00	-1.427472e+02
8.700000e-07	5.692542e-07	-1.873175e-09	4.088852e+00	-1.284129e+02
8.800000e-07	6.903641e-07	-1.579638e-09	4.958763e+00	-1.086406e+02
8.900000e-07	8.112793e-07	-1.208008e-09	5.827276e+00	-8.198134e+01
9.000000e-07	9.319249e-07	-7.290704e-10	6.693852e+00	-4.825842e+01
9.100000e-07	1.052198e-06	-1.245674e-10	7.557754e+00	-8.923644e+00
9.200000e-07	1.172055e-06	5.685157e-10	8.418660e+00	3.311107e+01
9.300000e-07	1.291488e-06	1.245570e-09	9.276530e+00	7.414726e+01
9.400000e-07	1.410453e-06	1.799442e-09	1.013103e+01	1.106606e+02
9.500000e-07	1.528898e-06	2.197120e-09	1.098180e+01	1.402135e+02
9.600000e-07	1.646779e-06	2.475289e-09	1.182852e+01	1.620011e+02
9.700000e-07	1.764070e-06	2.683658e-09	1.267101e+01	1.768562e+02
9.800000e-07	1.880733e-06	2.853270e-09	1.350897e+01	1.867464e+02
9.900000e-07	1.996615e-06	2.995808e-09	1.434133e+01	1.939867e+02
1.000000e-06	2.111561e-06	3.117999e-09	1.516697e+01	2.004773e+02
1.010000e-06	2.225602e-06	3.224581e-09	1.598611e+01	2.072364e+02
1.020000e-06	2.338747e-06	3.318307e-09	1.679881e+01	2.143522e+02
1.030000e-06	2.450910e-06	3.402818e-09	1.760445e+01	2.212972e+02
1.040000e-06	2.562146e-06	3.480342e-09	1.840344e+01	2.274102e+02
1.050000e-06	2.672468e-06	3.552521e-09	1.919586e+01	2.323129e+02
1.060000e-06	2.781909e-06	3.620702e-09	1.998196e+01	2.360928e+02
1.070000e-06	2.890536e-06	3.684291e-09	2.076221e+01	2.392137e+02
1.080000e-06	2.998175e-06	3.743042e-09	2.153536e+01	2.422470e+02
1.090000e-06	3.104700e-06	3.795184e-09	2.230051e+01	2.455833e+02
1.100000e-06	3.210081e-06	3.843155e-09	2.305744e+01	2.492727e+02
1.110000e-06	3.314216e-06	3.888067e-09	2.380543e+01	2.530573e+02
1.120000e-06	3.417099e-06	3.928817e-09	2.454442e+01	2.565559e+02
1.130000e-06	3.518820e-06	3.968007e-09	2.527506e+01	2.594896e+02
1.140000e-06	3.619440e-06	4.007296e-09	2.599780e+01	2.618274e+02
1.150000e-06	3.718839e-06	4.045815e-09	2.671176e+01	2.637852e+02
1.160000e-06	3.816820e-06	4.080690e-09	2.741554e+01	2.656925e+02
1.170000e-06	3.913299e-06	4.112243e-09	2.810853e+01	2.678097e+02
1.180000e-06	4.008339e-06	4.142834e-09	2.879119e+01	2.701967e+02
1.190000e-06	4.102039e-06	4.171305e-09	2.946422e+01	2.726978e+02
1.200000e-06	4.194474e-06	4.196285e-09	3.012816e+01	2.750446e+02
1.210000e-06	4.285522e-06	4.218501e-09	3.078215e+01	2.770119e+02
1.220000e-06	4.374902e-06	4.240418e-09	3.142414e+01	2.785421e+02
1.230000e-06	4.462585e-06	4.262238e-09	3.205396e+01	2.797708e+02
1.240000e-06	4.548684e-06	4.282913e-09	3.267239e+01	2.809474e+02
1.250000e-06	4.633316e-06	4.304505e-09	3.328029e+01	2.822963e+02
1.260000e-06	4.716493e-06	4.325489e-09	3.387773e+01	2.838980e+02
1.270000e-06	4.797951e-06	4.344841e-09	3.446283e+01	2.856515e+02
1.280000e-06	4.877500e-06	4.361863e-09	3.503422e+01	2.873358e+02
1.290000e-06	4.955217e-06	4.376020e-09	3.559245e+01	2.887345e+02
1.300000e-06	5.031095e-06	4.389418e-09	3.613747e+01	2.897524e+02
1.310000e-06	5.105008e-06	4.403624e-09	3.666837e+01	2.904650e+02
1.320000e-06	5.176933e-06	4.417512e-09	3.718499e+01	2.910739e+02
1.330000e-06	5.246975e-06	4.431556e-09	3.768809e+01	2.917970e+02
1.340000e-06	5.315208e-06	4.445258e-09	3.817820e+01	2.927528e+02
1.350000e-06	5.381541e-06	4.457859e-09	3.865466e+01	2.939018e+02
1.360000e-06	5.445888e-06	4.468715e-09	3.911685e+01	2.950742e+02
1.370000e-06	5.508304e-06	4.478978e-09	3.956517e+01	2.960663e+02
1.380000e-06	5.568910e-06	4.490208e-09	4.000050e+01	2.967523e+02
1.390000e-06	5.627639e-06	4.500820e-09	4.042233e+01	2.971517e+02
1.400000e-06	5.684305e-06	4.509893e-09	4.082936e+01	2.974168e+02
1.410000e-06	5.738886e-06	4.517912e-09	4.122140e+01	2.977491e+02
1.420000e-06	5.791243e-06	4.526459e-09	4.159748e+01	2.982913e+02
1.430000e-06	5.841168e-06	4.535497e-09	4.195608e+01	2.990530e+02
1.440000e-06	5.888785e-06	4.543225e-09	4.229810e+01	2.999089e+02
1.450000e-06	5.934387e-06	4.549499e-09	4.262565e+01	3.006692e+02
1.460000e-06	5.978067e-06	4.554936e-09	4.293940e+01	3.011826e+02
1.470000e-06	6.019598e-06	4.560654e-09	4.323771e+01	3.014174e+02
1.480000e-06	6.058921e-06	4.566945e-09	4.352016e+01	3.014762e+02
1.490000e-06	6.096205e-06	4.573417e-09	4.378796e+01	3.015401e+02
1.500000e-06	6.131377e-06	4.578764e-09	4.404060e+01	3.017714e+02
1.510000e-06	6.164310e-06	4.583044e-09	4.427715e+01	3.022292e+02
1.520000e-06	6.195063e-06	4.587974e-09	4.449804e+01	3.028403e+02
1.530000e-06	6.223773e-06	4.593054e-09	4.470426e+01	3.034419e+02
1.540000e-06	6.250313e-06	4.598049e-09	4.489489e+01	3.038692e+02
1.550000e-06	6.274451e-06	4.601250e-09	4.506827e+01	3.040413e+02
1.560000e-06	6.296263e-06	4.603638e-09	4.522495e+01	3.040006e+02
1.570000e-06	6.316007e-06	4.605426e-09	4.536676e+01	3.038845e+02
1.580000e-06	6.333528e-06	4.607377e-09	4.549261e+01	3.038489e+02
1.590000e-06	6.348640e-06	4.610823e-09	4.560115e+01	3.039840e+02
1.600000e-06	6.361387e-06	4.613790e-09	4.569272e+01	3.042697e+02
1.610000e-06	6.371632e-06	4.615277e-09	4.576630e+01	3.045924e+02
1.620000e-06	6.379371e-06	4.614316e-09	4.582189e+01	3.048118e+02
1.630000e-06	6.384860e-06	4.612994e-09	4.586132e+01	3.048409e+02
1.640000e-06	6.388194e-06	4.612066e-09	4.588527e+01	3.046938e+02
1.650000e-06	6.389215e-06	4.612287e-09	4.589260e+01	3.044756e+02
1.660000e-06	6.388001e-06	4.611058e-09	4.588388e+01	3.043216e+02
1.670000e-06	6.384797e-06	4.612403e-09	4.586086e+01	3.043194e+02
1.680000e-06	6.379490e-06	4.615911e-09	4.582274e+01	3.044585e+02
1.690000e-06	6.371999e-06	4.616285e-09	4.576894e+01	3.046353e+02
1.700000e-06	6.362435e-06	4.615966e-09	4.570024e+01	3.047106e+02
1.710000e-06	6.350774e-06	4.619012e-09	4.561648e+01	3.045894e+02
1.720000e-06	6.336880e-06	4.634465e-09	4.551668e+01	3.042767e+02
1.730000e-06	6.320849e-06	4.627638e-09	4.540154e+01	3.038796e+02
1.740000e-06	6.302714e-06	4.580788e-09	4.527128e+01	3.035529e+02
1.750000e-06	6.281843e-06	4.590679e-09	4.512137e+01	3.034169e+02
1.760000e-06	6.257934e-06	4.598725e-09	4.494963e+01	3.034907e+02
1.770000e-06	6.231586e-06	4.587536e-09	4.476038e+01	3.036789e+02
1.780000e-06	6.203538e-06	4.655193e-09	4.455891e+01	3.038174e+02
1.790000e-06	6.174065e-06	4.615504e-09	4.434721e+01	3.037553e+02
1.800000e-06	6.142839e-06	4.573648e-09	4.412292e+01	3.034288e+02
1.810000e-06	6.109405e-06	4.669961e-09	4.388277e+01	3.028890e+02
1.820000e-06	6.073967e-06	4.581045e-09	4.362823e+01	3.022685e+02
1.830000e-06	6.036567e-06	4.562706e-09	4.335959e+01	3.017071e+02
1.840000e-06	5.996837e-06	4.611592e-09	4.307422e+01	3.012759e+02
1.850000e-06	5.954982e-06	4.523709e-09	4.277358e+01	3.009430e+02
1.860000e-06	5.911113e-06	4.585155e-09	4.245848e+01	3.005975e+02
1.870000e-06	5.865126e-06	4.561739e-09	4.212816e+01	3.001180e+02
1.880000e-06	5.817044e-06	4.524844e-09	4.178280e+01	2.994477e+02
1.890000e-06	5.766646e-06	4.567975e-09	4.142080e+01	2.986329e+02
1.900000e-06	5.713820e-06	4.502569e-09	4.104136e+01	2.978031e+02
1.910000e-06	5.658620e-06	4.531475e-09	4.064486e+01	2.971023e+02
1.920000e-06	5.601248e-06	4.511124e-09	4.023277e+01	2.966083e+02
1.930000e-06	5.542015e-06	4.488446e-09	3.980731e+01	2.962858e+02
1.940000e-06	5.480796e-06	4.525745e-09	3.936758e+01	2.959981e+02
1.950000e-06	5.417410e-06	4.475575e-09	3.891230e+01	2.955749e+02
1.960000e-06	5.351948e-06	4.494325e-09	3.844210e+01	2.948992e+02
1.970000e-06	5.284602e-06	4.452257e-09	3.795836e+01	2.939677e+02
1.980000e-06	5.215300e-06	4.447807e-09	3.746058e+01	2.928916e+02
1.990000e-06	5.143855e-06	4.461072e-09	3.694740e+01	2.918380e+02
2.000000e-06	5.070508e-06	4.421434e-09	3.642056e+01	2.909413e+02
2.010000e-06	4.995340e-06	4.437728e-09	3.588064e+01	2.902335e+02
2.020000e-06	4.918173e-06	4.396342e-09	3.532636e+01	2.896296e+02
2.030000e-06	4.838998e-06	4.388042e-09	3.475767e+01	2.889768e+02
2.040000e-06	4.758063e-06	4.368853e-09	3.417633e+01	2.881389e+02
2.050000e-06	4.675627e-06	4.360737e-09	3.358420e+01	2.870708e+02
2.060000e-06	4.591641e-06	4.372726e-09	3.298094e+01	2.858418e+02
2.070000e-06	4.506030e-06	4.340632e-09	3.236601e+01	2.845948e+02
2.080000e-06	4.418690e-06	4.326072e-09	3.173867e+01	2.834646e+02
2.090000e-06	4.329767e-06	4.302140e-09	3.109995e+01	2.825006e+02
2.100000e-06	4.239483e-06	4.301177e-09	3.045145e+01	2.816374e+02
2.110000e-06	4.147783e-06	4.273055e-09	2.979279e+01	2.807313e+02
2.120000e-06	4.054666e-06	4.244723e-09	2.912394e+01	2.796417e+02
2.130000e-06	3.960034e-06	4.241078e-09	2.844422e+01	2.783128e+02
2.140000e-06	3.863924e-06	4.232188e-09	2.775388e+01	2.768087e+02
2.150000e-06	3.766520e-06	4.213054e-09	2.705425e+01	2.752800e+02
2.160000e-06	3.667845e-06	4.184130e-09	2.634548e+01	2.738778e+02
2.170000e-06	3.567808e-06	4.174358e-09	2.562693e+01	2.726641e+02
2.180000e-06	3.466405e-06	4.150482e-09	2.489858e+01	2.715679e+02
2.190000e-06	3.363664e-06	4.122499e-09	2.416060e+01	2.704160e+02
2.200000e-06	3.259593e-06	4.100930e-09	2.341308e+01	2.690248e+02
2.210000e-06	3.154371e-06	4.087451e-09	2.265729e+01	2.673033e+02
2.220000e-06	3.048107e-06	4.061449e-09	2.189402e+01	2.653113e+02
2.230000e-06	2.940816e-06	4.029654e-09	2.112336e+01	2.632341e+02
2.240000e-06	2.832479e-06	4.007663e-09	2.034519e+01	2.612863e+02
2.250000e-06	2.723178e-06	3.986917e-09	1.956011e+01	2.595908e+02
2.260000e-06	2.612903e-06	3.958717e-09	1.876802e+01	2.581026e+02
2.270000e-06	2.501588e-06	3.926048e-09	1.796846e+01	2.566212e+02
2.280000e-06	2.389301e-06	3.898495e-09	1.716192e+01	2.548907e+02
2.290000e-06	2.276062e-06	3.864343e-09	1.634855e+01	2.527381e+02
2.300000e-06	2.161926e-06	3.829621e-09	1.552873e+01	2.501734e+02
2.310000e-06	2.047042e-06	3.797074e-09	1.470354e+01	2.473932e+02
2.320000e-06	1.931410e-06	3.763803e-09	1.387297e+01	2.446800e+02
2.330000e-06	1.814935e-06	3.723353e-09	1.303635e+01	2.422435e+02
2.340000e-06	1.697787e-06	3.682198e-09	1.219490e+01	2.400920e+02
2.350000e-06	1.580081e-06	3.644775e-09	1.134944e+01	2.380056e+02
2.360000e-06	1.461735e-06	3.606831e-09	1.049938e+01	2.356361e+02
2.370000e-06	1.342750e-06	3.564444e-09	9.644733e+00	2.326874e+02
2.380000e-06	1.223258e-06	3.516425e-09	8.786445e+00	2.290809e+02
2.390000e-06	1.103329e-06	3.464547e-09	7.925016e+00	2.250122e+02
2.400000e-06	9.830277e-07	3.408819e-09	7.060914e+00	2.208544e+02
2.410000e-06	8.624178e-07	3.352260e-09	6.194594e+00	2.169474e+02
2.420000e-06	7.415681e-07	3.291843e-09	5.326552e+00	2.133787e+02
2.430000e-06	6.205338e-07	3.225054e-09	4.457184e+00	2.098790e+02
2.440000e-06	4.993026e-07	3.153031e-09	3.586402e+00	2.059025e+02
2.450000e-06	3.779060e-07	3.077900e-09	2.714432e+00	2.008710e+02
2.460000e-06	2.563776e-07	2.995230e-09	1.841515e+00	1.944614e+02
2.470000e-06	1.347550e-07	2.898323e-09	9.679209e-01	1.867767e+02
2.480000e-06	1.308009e-08	2.785315e-09	9.395199e-02	1.782798e+02
2.490000e-06	-1.086189e-07	2.653721e-09	-7.801902e-01	1.694757e+02
2.500000e-06	-2.302778e-07	2.502864e-09	-1.654045e+00	1.604661e+02
2.510000e-06	-3.518634e-07	2.329543e-09	-2.527372e+00	1.505867e+02
2.520000e-06	-4.733515e-07	2.122500e-09	-3.400000e+00	1.383380e+02
2.530000e-06	-5.947266e-07	1.867997e-09	-4.271816e+00	1.217130e+02
2.540000e-06	-7.159160e-07	1.549677e-09	-5.142298e+00	9.885890e+01
2.550000e-06	-8.368437e-07	1.143771e-09	-6.010900e+00	6.884498e+01
2.560000e-06	-9.574593e-07	6.195654e-10	-6.877260e+00	3.223611e+01
2.570000e-06	-1.077774e-06	-2.667337e-11	-7.741456e+00	-8.783480e+00
2.580000e-06	-1.197798e-06	-7.316076e-10	-8.603571e+00	-5.082848e+01
2.590000e-06	-1.317363e-06	-1.378905e-09	-9.462387e+00	-9.015640e+01
2.600000e-06	-1.436278e-06	-1.880604e-09	-1.031653e+01	-1.236499e+02
2.610000e-06	-1.554545e-06	-2.233077e-09	-1.116602e+01	-1.495927e+02
2.620000e-06	-1.672187e-06	-2.482644e-09	-1.201102e+01	-1.679738e+02
2.630000e-06	-1.789087e-06	-2.673596e-09	-1.285070e+01	-1.802393e+02
2.640000e-06	-1.905165e-06	-2.827580e-09	-1.368446e+01	-1.886220e+02
2.650000e-06	-2.020385e-06	-2.957092e-09	-1.451207e+01	-1.953261e+02
2.660000e-06	-2.134732e-06	-3.071057e-09	-1.533340e+01	-2.018758e+02
2.670000e-06	-2.248138e-06	-3.173295e-09	-1.614798e+01	-2.088383e+02
2.680000e-06	-2.360572e-06	-3.265925e-09	-1.695557e+01	-2.159610e+02
2.690000e-06	-2.472040e-06	-3.349690e-09	-1.775622e+01	-2.225932e+02
2.700000e-06	-2.582500e-06	-3.425882e-09	-1.854964e+01	-2.281650e+02
2.710000e-06	-2.691974e-06	-3.495308e-09	-1.933597e+01	-2.325088e+02
2.720000e-06	-2.800566e-06	-3.558164e-09	-2.011597e+01	-2.359121e+02
2.730000e-06	-2.908262e-06	-3.617098e-09	-2.088953e+01	-2.389274e+02
2.740000e-06	-3.015017e-06	-3.674094e-09	-2.165634e+01	-2.420728e+02
2.750000e-06	-3.120816e-06	-3.727615e-09	-2.241627e+01	-2.455894e+02
2.760000e-06	-3.225588e-06	-3.777798e-09	-2.316883e+01	-2.493689e+02
2.770000e-06	-3.329160e-06	-3.825115e-09	-2.391277e+01	-2.530676e+02
2.780000e-06	-3.431368e-06	-3.869728e-09	-2.464691e+01	-2.563264e+02
2.790000e-06	-3.532252e-06	-3.911346e-09	-2.537154e+01	-2.589714e+02
2.800000e-06	-3.631899e-06	-3.952191e-09	-2.608729e+01	-2.610958e+02
2.810000e-06	-3.730338e-06	-3.993769e-09	-2.679436e+01	-2.629901e+02
2.820000e-06	-3.827608e-06	-4.033733e-09	-2.749303e+01	-2.649737e+02
2.830000e-06	-3.923609e-06	-4.070497e-09	-2.818259e+01	-2.672240e+02
2.840000e-06	-4.018165e-06	-4.104876e-09	-2.886177e+01	-2.696945e+02
2.850000e-06	-4.111196e-06	-4.136664e-09	-2.952999e+01	-2.721593e+02
2.860000e-06	-4.202765e-06	-4.166723e-09	-3.018772e+01	-2.743506e+02
2.870000e-06	-4.292923e-06	-4.197127e-09	-3.083531e+01	-2.761107e+02
2.880000e-06	-4.381572e-06	-4.227523e-09	-3.147205e+01	-2.774752e+02
2.890000e-06	-4.468586e-06	-4.256553e-09	-3.209706e+01	-2.786477e+02
2.900000e-06	-4.553936e-06	-4.283736e-09	-3.271012e+01	-2.798840e+02
2.910000e-06	-4.637717e-06	-4.309780e-09	-3.331190e+01	-2.813525e+02
2.920000e-06	-4.719933e-06	-4.333871e-09	-3.390244e+01	-2.830479e+02
2.930000e-06	-4.800465e-06	-4.355405e-09	-3.448089e+01	-2.848006e+02
2.940000e-06	-4.879195e-06	-4.375620e-09	-3.504640e+01	-2.863750e+02
2.950000e-06	-4.955922e-06	-4.395928e-09	-3.559751e+01	-2.875993e+02
2.960000e-06	-5.030673e-06	-4.415768e-09	-3.613443e+01	-2.884574e+02
2.970000e-06	-5.103588e-06	-4.433201e-09	-3.665817e+01	-2.890937e+02
2.980000e-06	-5.174552e-06	-4.447660e-09	-3.716789e+01	-2.897333e+02
2.990000e-06	-5.243494e-06	-4.461881e-09	-3.766309e+01	-2.905597e+02
3.000000e-06	-5.310533e-06	-4.477192e-09	-3.814462e+01	-2.916206e+02
3.010000e-06	-5.375800e-06	-4.491707e-09	-3.861342e+01	-2.928074e+02
3.020000e-06	-5.439217e-06	-4.503207e-09	-3.906893e+01	-2.939199e+02
3.030000e-06	-5.500574e-06	-4.514028e-09	-3.950965e+01	-2.947784e+02
3.040000e-06	-5.559870e-06	-4.525033e-09	-3.993556e+01	-2.953205e+02
3.050000e-06	-5.617216e-06	-4.534164e-09	-4.034747e+01	-2.956340e+02
3.060000e-06	-5.672665e-06	-4.541551e-09	-4.074575e+01	-2.959074e+02
3.070000e-06	-5.725962e-06	-4.551749e-09	-4.112857e+01	-2.963274e+02
3.080000e-06	-5.776803e-06	-4.562627e-09	-4.149375e+01	-2.969803e+02
3.090000e-06	-5.825205e-06	-4.572196e-09	-4.184141e+01	-2.978085e+02
3.100000e-06	-5.871448e-06	-4.580479e-09	-4.217357e+01	-2.986446e+02
3.110000e-06	-5.915853e-06	-4.587960e-09	-4.249252e+01	-2.993040e+02
3.120000e-06	-5.958408e-06	-4.595202e-09	-4.279819e+01	-2.996842e+02
3.130000e-06	-5.999036e-06	-4.600982e-09	-4.309001e+01	-2.998187e+02
3.140000e-06	-6.037583e-06	-4.606293e-09	-4.336689e+01	-2.998570e+02
3.150000e-06	-6.073889e-06	-4.611206e-09	-4.362767e+01	-2.999842e+02
3.160000e-06	-6.108036e-06	-4.615556e-09	-4.387294e+01	-3.003225e+02
3.170000e-06	-6.140065e-06	-4.618913e-09	-4.410300e+01	-3.008686e+02
3.180000e-06	-6.169797e-06	-4.623770e-09	-4.431656e+01	-3.014989e+02
3.190000e-06	-6.197239e-06	-4.630495e-09	-4.451367e+01	-3.020376e+02
3.200000e-06	-6.222555e-06	-4.637492e-09	-4.469551e+01	-3.023500e+02
3.210000e-06	-6.245679e-06	-4.641512e-09	-4.486161e+01	-3.024118e+02
3.220000e-06	-6.266521e-06	-4.642372e-09	-4.501131e+01	-3.023167e+02
3.230000e-06	-6.285143e-06	-4.642921e-09	-4.514507e+01	-3.022218e+02
3.240000e-06	-6.301541e-06	-4.644577e-09	-4.526285e+01	-3.022615e+02
3.250000e-06	-6.315490e-06	-4.645220e-09	-4.536305e+01	-3.024767e+02
3.260000e-06	-6.326918e-06	-4.645468e-09	-4.544513e+01	-3.027983e+02
3.270000e-06	-6.335991e-06	-4.646884e-09	-4.551030e+01	-3.030898e+02
3.280000e-06	-6.342805e-06	-4.648934e-09	-4.555924e+01	-3.032269e+02
3.290000e-06	-6.347308e-06	-4.649940e-09	-4.559159e+01	-3.031669e+02
3.300000e-06	-6.349608e-06	-4.650498e-09	-4.560811e+01	-3.029711e+02
3.310000e-06	-6.349789e-06	-4.652847e-09	-4.560941e+01	-3.027680e+02
