# Temperatura_=_20.0
# Concentracion g/m^3_=_8200.0
# C_Vs_to_Am_M_A/Vsm_=_65563218390.804596
# pendiente_HvsI_1/m_=_3716.3
# ordenada_HvsI_A/m_=_1297.0
# frecuencia_Hz_=_302599.6485963733

Tiempo_(s)	Campo_(V.s)	Magnetizacion_(V.s)	Campo_(kA/m)	Magnetizacion_(A/m)
0.000000e+00	-7.939500e-06	-5.942315e-09	-5.756662e+01	-3.899523e+02
1.000000e-08	-7.937122e-06	-5.949520e-09	-5.754938e+01	-3.900707e+02
2.000000e-08	-7.932021e-06	-5.944838e-09	-5.751240e+01	-3.900927e+02
3.000000e-08	-7.924335e-06	-5.941189e-09	-5.745667e+01	-3.899695e+02
4.000000e-08	-7.913899e-06	-5.941543e-09	-5.738100e+01	-3.897076e+02
5.000000e-08	-7.900610e-06	-5.938399e-09	-5.728465e+01	-3.893703e+02
6.000000e-08	-7.884427e-06	-5.929210e-09	-5.716731e+01	-3.890504e+02
7.000000e-08	-7.865674e-06	-5.918982e-09	-5.703134e+01	-3.888247e+02
8.000000e-08	-7.844705e-06	-5.901028e-09	-5.687930e+01	-3.887146e+02
9.000000e-08	-7.821157e-06	-5.967515e-09	-5.670856e+01	-3.886717e+02
1.000000e-07	-7.794478e-06	-5.994366e-09	-5.651512e+01	-3.885985e+02
1.100000e-07	-7.764681e-06	-5.911200e-09	-5.629907e+01	-3.883935e+02
1.200000e-07	-7.732084e-06	-5.884772e-09	-5.606272e+01	-3.880011e+02
1.300000e-07	-7.696713e-06	-5.906023e-09	-5.580626e+01	-3.874404e+02
1.400000e-07	-7.658810e-06	-5.914973e-09	-5.553144e+01	-3.867977e+02
1.500000e-07	-7.618651e-06	-5.853231e-09	-5.524026e+01	-3.861866e+02
1.600000e-07	-7.576184e-06	-5.838903e-09	-5.493234e+01	-3.856931e+02
1.700000e-07	-7.531183e-06	-5.944354e-09	-5.460606e+01	-3.853336e+02
1.800000e-07	-7.483515e-06	-5.821971e-09	-5.426044e+01	-3.850457e+02
1.900000e-07	-7.433060e-06	-5.864127e-09	-5.389460e+01	-3.847164e+02
2.000000e-07	-7.379687e-06	-5.920834e-09	-5.350761e+01	-3.842351e+02
2.100000e-07	-7.323505e-06	-5.801368e-09	-5.310026e+01	-3.835439e+02
2.200000e-07	-7.264630e-06	-5.849838e-09	-5.267337e+01	-3.826636e+02
2.300000e-07	-7.203148e-06	-5.793360e-09	-5.222759e+01	-3.816803e+02
2.400000e-07	-7.139015e-06	-5.793220e-09	-5.176258e+01	-3.807026e+02
2.500000e-07	-7.072085e-06	-5.779442e-09	-5.127729e+01	-3.798094e+02
2.600000e-07	-7.002490e-06	-5.787687e-09	-5.077269e+01	-3.790136e+02
2.700000e-07	-6.930208e-06	-5.781149e-09	-5.024859e+01	-3.782603e+02
2.800000e-07	-6.855141e-06	-5.726808e-09	-4.970430e+01	-3.774566e+02
2.900000e-07	-6.777366e-06	-5.732837e-09	-4.914039e+01	-3.765193e+02
3.000000e-07	-6.696907e-06	-5.703534e-09	-4.855701e+01	-3.754152e+02
3.100000e-07	-6.613935e-06	-5.718405e-09	-4.795540e+01	-3.741743e+02
3.200000e-07	-6.528700e-06	-5.691667e-09	-4.733739e+01	-3.728710e+02
3.300000e-07	-6.441167e-06	-5.645936e-09	-4.670272e+01	-3.715845e+02
3.400000e-07	-6.351259e-06	-5.648272e-09	-4.605083e+01	-3.703584e+02
3.500000e-07	-6.259037e-06	-5.630121e-09	-4.538216e+01	-3.691793e+02
3.600000e-07	-6.164586e-06	-5.607603e-09	-4.469733e+01	-3.679864e+02
3.700000e-07	-6.067983e-06	-5.570055e-09	-4.399689e+01	-3.667029e+02
3.800000e-07	-5.969158e-06	-5.558981e-09	-4.328034e+01	-3.652743e+02
3.900000e-07	-5.868103e-06	-5.544947e-09	-4.254763e+01	-3.636941e+02
4.000000e-07	-5.764959e-06	-5.504973e-09	-4.179976e+01	-3.620031e+02
4.100000e-07	-5.659834e-06	-5.473007e-09	-4.103754e+01	-3.602662e+02
4.200000e-07	-5.552689e-06	-5.464862e-09	-4.026067e+01	-3.585379e+02
4.300000e-07	-5.443572e-06	-5.450012e-09	-3.946950e+01	-3.568361e+02
4.400000e-07	-5.332485e-06	-5.391721e-09	-3.866404e+01	-3.551349e+02
4.500000e-07	-5.219341e-06	-5.361426e-09	-3.784367e+01	-3.533800e+02
4.600000e-07	-5.104156e-06	-5.362439e-09	-3.700851e+01	-3.515163e+02
4.700000e-07	-4.987060e-06	-5.331205e-09	-3.615948e+01	-3.495132e+02
4.800000e-07	-4.868164e-06	-5.275588e-09	-3.529741e+01	-3.473746e+02
4.900000e-07	-4.747468e-06	-5.248696e-09	-3.442228e+01	-3.451304e+02
5.000000e-07	-4.625009e-06	-5.230899e-09	-3.353438e+01	-3.428159e+02
5.100000e-07	-4.500823e-06	-5.176734e-09	-3.263394e+01	-3.404513e+02
5.200000e-07	-4.375042e-06	-5.128037e-09	-3.172195e+01	-3.380318e+02
5.300000e-07	-4.247701e-06	-5.106570e-09	-3.079864e+01	-3.355320e+02
5.400000e-07	-4.118810e-06	-5.072530e-09	-2.986409e+01	-3.329212e+02
5.500000e-07	-3.988439e-06	-5.011689e-09	-2.891882e+01	-3.301773e+02
5.600000e-07	-3.856480e-06	-4.965904e-09	-2.796203e+01	-3.272939e+02
5.700000e-07	-3.722948e-06	-4.935227e-09	-2.699383e+01	-3.242743e+02
5.800000e-07	-3.587998e-06	-4.884189e-09	-2.601536e+01	-3.211206e+02
5.900000e-07	-3.451699e-06	-4.828686e-09	-2.502710e+01	-3.178240e+02
6.000000e-07	-3.314054e-06	-4.782407e-09	-2.402908e+01	-3.143645e+02
6.100000e-07	-3.175025e-06	-4.726571e-09	-2.302103e+01	-3.107205e+02
6.200000e-07	-3.034600e-06	-4.654166e-09	-2.200286e+01	-3.068813e+02
6.300000e-07	-2.892906e-06	-4.592764e-09	-2.097548e+01	-3.028549e+02
6.400000e-07	-2.750152e-06	-4.539601e-09	-1.994042e+01	-2.986621e+02
6.500000e-07	-2.606381e-06	-4.471126e-09	-1.889799e+01	-2.943203e+02
6.600000e-07	-2.461670e-06	-4.398610e-09	-1.784874e+01	-2.898244e+02
6.700000e-07	-2.316127e-06	-4.331951e-09	-1.679345e+01	-2.851368e+02
6.800000e-07	-2.169705e-06	-4.257397e-09	-1.573179e+01	-2.801943e+02
6.900000e-07	-2.022532e-06	-4.168272e-09	-1.466469e+01	-2.749286e+02
7.000000e-07	-1.874819e-06	-4.081544e-09	-1.359368e+01	-2.692913e+02
7.100000e-07	-1.726519e-06	-3.994717e-09	-1.251840e+01	-2.632663e+02
7.200000e-07	-1.577585e-06	-3.896505e-09	-1.143854e+01	-2.568603e+02
7.300000e-07	-1.428157e-06	-3.789542e-09	-1.035508e+01	-2.500747e+02
7.400000e-07	-1.278313e-06	-3.680077e-09	-9.268612e+00	-2.428711e+02
7.500000e-07	-1.128075e-06	-3.562027e-09	-8.179290e+00	-2.351523e+02
7.600000e-07	-9.774256e-07	-3.428637e-09	-7.086982e+00	-2.267711e+02
7.700000e-07	-8.263727e-07	-3.286778e-09	-5.991749e+00	-2.175661e+02
7.800000e-07	-6.749994e-07	-3.134768e-09	-4.894192e+00	-2.074043e+02
7.900000e-07	-5.233750e-07	-2.967548e-09	-3.794815e+00	-1.962034e+02
8.000000e-07	-3.715533e-07	-2.781855e-09	-2.694007e+00	-1.839115e+02
8.100000e-07	-2.195478e-07	-2.578905e-09	-1.591866e+00	-1.704417e+02
8.200000e-07	-6.744411e-08	-2.350857e-09	-4.890144e-01	-1.555886e+02
8.300000e-07	8.469493e-08	-2.091658e-09	6.140942e-01	-1.389720e+02
8.400000e-07	2.368522e-07	-1.798301e-09	1.717335e+00	-1.200525e+02
8.500000e-07	3.889217e-07	-1.464207e-09	2.819940e+00	-9.824230e+01
8.600000e-07	5.408623e-07	-1.085675e-09	3.921610e+00	-7.309467e+01
8.700000e-07	6.926429e-07	-6.562656e-10	5.022119e+00	-4.451497e+01
8.800000e-07	8.441812e-07	-1.781823e-10	6.120872e+00	-1.291695e+01
8.900000e-07	9.954609e-07	3.371895e-10	7.217750e+00	2.074486e+01
9.000000e-07	1.146334e-06	8.648247e-10	8.311677e+00	5.509666e+01
9.100000e-07	1.296701e-06	1.377021e-09	9.401942e+00	8.859643e+01
9.200000e-07	1.446678e-06	1.848315e-09	1.048937e+01	1.198418e+02
9.300000e-07	1.596201e-06	2.265899e-09	1.157351e+01	1.478391e+02
9.400000e-07	1.745140e-06	2.627914e-09	1.265342e+01	1.721512e+02
9.500000e-07	1.893453e-06	2.939468e-09	1.372879e+01	1.928855e+02
9.600000e-07	2.041088e-06	3.209734e-09	1.479924e+01	2.105419e+02
9.700000e-07	2.187996e-06	3.444330e-09	1.586442e+01	2.257853e+02
9.800000e-07	2.334089e-06	3.652505e-09	1.692369e+01	2.392289e+02
9.900000e-07	2.479294e-06	3.836205e-09	1.797652e+01	2.512969e+02
1.000000e-06	2.623614e-06	3.997322e-09	1.902294e+01	2.621979e+02
1.010000e-06	2.766927e-06	4.141408e-09	2.006205e+01	2.719897e+02
1.020000e-06	2.909128e-06	4.271191e-09	2.109310e+01	2.806874e+02
1.030000e-06	3.050159e-06	4.387526e-09	2.211567e+01	2.883551e+02
1.040000e-06	3.189931e-06	4.490425e-09	2.312911e+01	2.951427e+02
1.050000e-06	3.328478e-06	4.583973e-09	2.413366e+01	3.012607e+02
1.060000e-06	3.465743e-06	4.671384e-09	2.512893e+01	3.069171e+02
1.070000e-06	3.601602e-06	4.751448e-09	2.611399e+01	3.122555e+02
1.080000e-06	3.736090e-06	4.825083e-09	2.708913e+01	3.173259e+02
1.090000e-06	3.869315e-06	4.895205e-09	2.805509e+01	3.221008e+02
1.100000e-06	4.001174e-06	4.959018e-09	2.901116e+01	3.265236e+02
1.110000e-06	4.131607e-06	5.016911e-09	2.995688e+01	3.305606e+02
1.120000e-06	4.260544e-06	5.072298e-09	3.089176e+01	3.342314e+02
1.130000e-06	4.387912e-06	5.125102e-09	3.181526e+01	3.376044e+02
1.140000e-06	4.513813e-06	5.172343e-09	3.272813e+01	3.407653e+02
1.150000e-06	4.638242e-06	5.214272e-09	3.363032e+01	3.437779e+02
1.160000e-06	4.761092e-06	5.257180e-09	3.452107e+01	3.466613e+02
1.170000e-06	4.882215e-06	5.298179e-09	3.539929e+01	3.493935e+02
1.180000e-06	5.001551e-06	5.334776e-09	3.626456e+01	3.519376e+02
1.190000e-06	5.119082e-06	5.368882e-09	3.711673e+01	3.542738e+02
1.200000e-06	5.234691e-06	5.401724e-09	3.795497e+01	3.564190e+02
1.210000e-06	5.348294e-06	5.432031e-09	3.877867e+01	3.584221e+02
1.220000e-06	5.459848e-06	5.461104e-09	3.958751e+01	3.603401e+02
1.230000e-06	5.569422e-06	5.492326e-09	4.038199e+01	3.622091e+02
1.240000e-06	5.677071e-06	5.522222e-09	4.116252e+01	3.640263e+02
1.250000e-06	5.782639e-06	5.546852e-09	4.192796e+01	3.657561e+02
1.260000e-06	5.886013e-06	5.567892e-09	4.267749e+01	3.673540e+02
1.270000e-06	5.987259e-06	5.589656e-09	4.341159e+01	3.687972e+02
1.280000e-06	6.086314e-06	5.612112e-09	4.412980e+01	3.701033e+02
1.290000e-06	6.183044e-06	5.634175e-09	4.483116e+01	3.713257e+02
1.300000e-06	6.277513e-06	5.654287e-09	4.551612e+01	3.725293e+02
1.310000e-06	6.369805e-06	5.672151e-09	4.618530e+01	3.737570e+02
1.320000e-06	6.459811e-06	5.690350e-09	4.683791e+01	3.750073e+02
1.330000e-06	6.547426e-06	5.709528e-09	4.747317e+01	3.762349e+02
1.340000e-06	6.632745e-06	5.728638e-09	4.809179e+01	3.773737e+02
1.350000e-06	6.715734e-06	5.746003e-09	4.869351e+01	3.783726e+02
1.360000e-06	6.796214e-06	5.761753e-09	4.927705e+01	3.792229e+02
1.370000e-06	6.874241e-06	5.775530e-09	4.984279e+01	3.799652e+02
1.380000e-06	6.949772e-06	5.787467e-09	5.039045e+01	3.806708e+02
1.390000e-06	7.022609e-06	5.799612e-09	5.091856e+01	3.814073e+02
1.400000e-06	7.092861e-06	5.813201e-09	5.142793e+01	3.822065e+02
1.410000e-06	7.160689e-06	5.826143e-09	5.191973e+01	3.830503e+02
1.420000e-06	7.225937e-06	5.837012e-09	5.239282e+01	3.838823e+02
1.430000e-06	7.288594e-06	5.850218e-09	5.284712e+01	3.846371e+02
1.440000e-06	7.348781e-06	5.864448e-09	5.328352e+01	3.852734e+02
1.450000e-06	7.406392e-06	5.875174e-09	5.370124e+01	3.857927e+02
1.460000e-06	7.461424e-06	5.881960e-09	5.410026e+01	3.862354e+02
1.470000e-06	7.513610e-06	5.888291e-09	5.447864e+01	3.866578e+02
1.480000e-06	7.562665e-06	5.896608e-09	5.483433e+01	3.871023e+02
1.490000e-06	7.608888e-06	5.904304e-09	5.516947e+01	3.875782e+02
1.500000e-06	7.652513e-06	5.910812e-09	5.548578e+01	3.880609e+02
1.510000e-06	7.693347e-06	5.916914e-09	5.578185e+01	3.885104e+02
1.520000e-06	7.731399e-06	5.922334e-09	5.605776e+01	3.888961e+02
1.530000e-06	7.766806e-06	5.928203e-09	5.631448e+01	3.892142e+02
1.540000e-06	7.799396e-06	5.935055e-09	5.655078e+01	3.894881e+02
1.550000e-06	7.829219e-06	5.941575e-09	5.676701e+01	3.897519e+02
1.560000e-06	7.856349e-06	5.948572e-09	5.696373e+01	3.900265e+02
1.570000e-06	7.880541e-06	5.953880e-09	5.713913e+01	3.903051e+02
1.580000e-06	7.901873e-06	5.956168e-09	5.729380e+01	3.905545e+02
1.590000e-06	7.920485e-06	5.957747e-09	5.742876e+01	3.907351e+02
1.600000e-06	7.936167e-06	5.959035e-09	5.754246e+01	3.908257e+02
1.610000e-06	7.948817e-06	5.960022e-09	5.763418e+01	3.908411e+02
1.620000e-06	7.958362e-06	5.960985e-09	5.770339e+01	3.908284e+02
1.630000e-06	7.964908e-06	5.963248e-09	5.775085e+01	3.908446e+02
1.640000e-06	7.968654e-06	5.967567e-09	5.777801e+01	3.909244e+02
1.650000e-06	7.969585e-06	5.975602e-09	5.778476e+01	3.910578e+02
1.660000e-06	7.967784e-06	5.970153e-09	5.777170e+01	3.911892e+02
1.670000e-06	7.963340e-06	5.965498e-09	5.773948e+01	3.912420e+02
1.680000e-06	7.956129e-06	5.966090e-09	5.768720e+01	3.911574e+02
1.690000e-06	7.946293e-06	5.962882e-09	5.761588e+01	3.909266e+02
1.700000e-06	7.933754e-06	5.959234e-09	5.752496e+01	3.906004e+02
1.710000e-06	7.918373e-06	5.963191e-09	5.741344e+01	3.902680e+02
1.720000e-06	7.900555e-06	5.976619e-09	5.728425e+01	3.900146e+02
1.730000e-06	7.880477e-06	5.977787e-09	5.713867e+01	3.898779e+02
1.740000e-06	7.857720e-06	5.874755e-09	5.697367e+01	3.898265e+02
1.750000e-06	7.831658e-06	5.898872e-09	5.678470e+01	3.897717e+02
1.760000e-06	7.801987e-06	5.960983e-09	5.656956e+01	3.896078e+02
1.770000e-06	7.769146e-06	5.932327e-09	5.633145e+01	3.892640e+02
1.780000e-06	7.733876e-06	5.899067e-09	5.607572e+01	3.887399e+02
1.790000e-06	7.696236e-06	5.972956e-09	5.580280e+01	3.881077e+02
1.800000e-06	7.656378e-06	5.982850e-09	5.551380e+01	3.874791e+02
1.810000e-06	7.614630e-06	5.787644e-09	5.521111e+01	3.869519e+02
1.820000e-06	7.570471e-06	5.965690e-09	5.489092e+01	3.865624e+02
1.830000e-06	7.523539e-06	5.897754e-09	5.455064e+01	3.862665e+02
1.840000e-06	7.473894e-06	5.840224e-09	5.419067e+01	3.859595e+02
1.850000e-06	7.421257e-06	5.938763e-09	5.380902e+01	3.855247e+02
1.860000e-06	7.365712e-06	5.795449e-09	5.340628e+01	3.848877e+02
1.870000e-06	7.307434e-06	5.924729e-09	5.298373e+01	3.840491e+02
1.880000e-06	7.246530e-06	5.845146e-09	5.254214e+01	3.830818e+02
1.890000e-06	7.182979e-06	5.837570e-09	5.208135e+01	3.820938e+02
1.900000e-06	7.116585e-06	5.862668e-09	5.159994e+01	3.811757e+02
1.910000e-06	7.047490e-06	5.755406e-09	5.109897e+01	3.803589e+02
1.920000e-06	6.975672e-06	5.830015e-09	5.057824e+01	3.796034e+02
1.930000e-06	6.901167e-06	5.763490e-09	5.003803e+01	3.788218e+02
1.940000e-06	6.823965e-06	5.817720e-09	4.947826e+01	3.779239e+02
1.950000e-06	6.744003e-06	5.765754e-09	4.889848e+01	3.768616e+02
1.960000e-06	6.661555e-06	5.712711e-09	4.830068e+01	3.756494e+02
1.970000e-06	6.576708e-06	5.742533e-09	4.768548e+01	3.743542e+02
1.980000e-06	6.489360e-06	5.664911e-09	4.705215e+01	3.730580e+02
1.990000e-06	6.399614e-06	5.693424e-09	4.640143e+01	3.718161e+02
2.000000e-06	6.307708e-06	5.653867e-09	4.573506e+01	3.706300e+02
2.010000e-06	6.213632e-06	5.672196e-09	4.505294e+01	3.694483e+02
2.020000e-06	6.117254e-06	5.629881e-09	4.435414e+01	3.681944e+02
2.030000e-06	6.018636e-06	5.587023e-09	4.363909e+01	3.668053e+02
2.040000e-06	5.917879e-06	5.592292e-09	4.290854e+01	3.652613e+02
2.050000e-06	5.814987e-06	5.577523e-09	4.216250e+01	3.635927e+02
2.060000e-06	5.709993e-06	5.537893e-09	4.140123e+01	3.618616e+02
2.070000e-06	5.603055e-06	5.479063e-09	4.062585e+01	3.601282e+02
2.080000e-06	5.494228e-06	5.492702e-09	3.983679e+01	3.584211e+02
2.090000e-06	5.383445e-06	5.469555e-09	3.903354e+01	3.567246e+02
2.100000e-06	5.270653e-06	5.424620e-09	3.821572e+01	3.549892e+02
2.110000e-06	5.155862e-06	5.388851e-09	3.738341e+01	3.531574e+02
2.120000e-06	5.039141e-06	5.386146e-09	3.653711e+01	3.511906e+02
2.130000e-06	4.920446e-06	5.333700e-09	3.567649e+01	3.490842e+02
2.140000e-06	4.799836e-06	5.281718e-09	3.480198e+01	3.468633e+02
2.150000e-06	4.677484e-06	5.271273e-09	3.391485e+01	3.445641e+02
2.160000e-06	4.553460e-06	5.255558e-09	3.301560e+01	3.422120e+02
2.170000e-06	4.427809e-06	5.196543e-09	3.210455e+01	3.398084e+02
2.180000e-06	4.300547e-06	5.141912e-09	3.118181e+01	3.373322e+02
2.190000e-06	4.171663e-06	5.127187e-09	3.024732e+01	3.347522e+02
2.200000e-06	4.041264e-06	5.088384e-09	2.930184e+01	3.320432e+02
2.210000e-06	3.909367e-06	5.035649e-09	2.834549e+01	3.291950e+02
2.220000e-06	3.775981e-06	4.991404e-09	2.737836e+01	3.262095e+02
2.230000e-06	3.641202e-06	4.957962e-09	2.640112e+01	3.230901e+02
2.240000e-06	3.505026e-06	4.895933e-09	2.541375e+01	3.198312e+02
2.250000e-06	3.367477e-06	4.835165e-09	2.441643e+01	3.164151e+02
2.260000e-06	3.228673e-06	4.788720e-09	2.341001e+01	3.128193e+02
2.270000e-06	3.088629e-06	4.735329e-09	2.239460e+01	3.090294e+02
2.280000e-06	2.947335e-06	4.668768e-09	2.137013e+01	3.050486e+02
2.290000e-06	2.804884e-06	4.609479e-09	2.033727e+01	3.008957e+02
2.300000e-06	2.661403e-06	4.552683e-09	1.929693e+01	2.965909e+02
2.310000e-06	2.516967e-06	4.480240e-09	1.824968e+01	2.921362e+02
2.320000e-06	2.371613e-06	4.404967e-09	1.719576e+01	2.875023e+02
2.330000e-06	2.225535e-06	4.330791e-09	1.613660e+01	2.826306e+02
2.340000e-06	2.078736e-06	4.247337e-09	1.507221e+01	2.774518e+02
2.350000e-06	1.931137e-06	4.157442e-09	1.400202e+01	2.719107e+02
2.360000e-06	1.782822e-06	4.073772e-09	1.292664e+01	2.659829e+02
2.370000e-06	1.633973e-06	3.987716e-09	1.184738e+01	2.596717e+02
2.380000e-06	1.484717e-06	3.884595e-09	1.076518e+01	2.529830e+02
2.390000e-06	1.334981e-06	3.773451e-09	9.679498e+00	2.458911e+02
2.400000e-06	1.184726e-06	3.659791e-09	8.590048e+00	2.383139e+02
2.410000e-06	1.034084e-06	3.532034e-09	7.497794e+00	2.301141e+02
2.420000e-06	8.831593e-07	3.390374e-09	6.403489e+00	2.211298e+02
2.430000e-06	7.319895e-07	3.240052e-09	5.307408e+00	2.112173e+02
2.440000e-06	5.806407e-07	3.080337e-09	4.210029e+00	2.002819e+02
2.450000e-06	4.290877e-07	2.900259e-09	3.111169e+00	1.882686e+02
2.460000e-06	2.773445e-07	2.697454e-09	2.010931e+00	1.751070e+02
2.470000e-06	1.254904e-07	2.473326e-09	9.098884e-01	1.606286e+02
2.480000e-06	-2.641456e-08	2.224323e-09	-1.915231e-01	1.444988e+02
2.490000e-06	-1.783744e-07	1.943536e-09	-1.293332e+00	1.262115e+02
2.500000e-06	-3.303154e-07	1.622178e-09	-2.395005e+00	1.051755e+02
2.510000e-06	-4.821179e-07	1.255961e-09	-3.495674e+00	8.088869e+01
2.520000e-06	-6.337449e-07	8.400706e-10	-4.595070e+00	5.315023e+01
2.530000e-06	-7.852191e-07	3.743549e-10	-5.693358e+00	2.223801e+01
2.540000e-06	-9.365351e-07	-1.362223e-10	-6.790499e+00	-1.102329e+01
2.550000e-06	-1.087553e-06	-6.729012e-10	-7.885480e+00	-4.534527e+01
2.560000e-06	-1.238200e-06	-1.200550e-09	-8.977772e+00	-7.919975e+01
2.570000e-06	-1.388425e-06	-1.691201e-09	-1.006700e+01	-1.111211e+02
2.580000e-06	-1.538093e-06	-2.131062e-09	-1.115219e+01	-1.399937e+02
2.590000e-06	-1.687138e-06	-2.512759e-09	-1.223287e+01	-1.652361e+02
2.600000e-06	-1.835569e-06	-2.841402e-09	-1.330909e+01	-1.868292e+02
2.610000e-06	-1.983337e-06	-3.127956e-09	-1.438050e+01	-2.051947e+02
2.620000e-06	-2.130325e-06	-3.378496e-09	-1.544627e+01	-2.209783e+02
2.630000e-06	-2.276546e-06	-3.595581e-09	-1.650646e+01	-2.348229e+02
2.640000e-06	-2.421904e-06	-3.783510e-09	-1.756041e+01	-2.472069e+02
2.650000e-06	-2.566252e-06	-3.950944e-09	-1.860702e+01	-2.583896e+02
2.660000e-06	-2.709632e-06	-4.102052e-09	-1.964663e+01	-2.684570e+02
2.670000e-06	-2.851982e-06	-4.238578e-09	-2.067876e+01	-2.774248e+02
2.680000e-06	-2.993174e-06	-4.362786e-09	-2.170249e+01	-2.853389e+02
2.690000e-06	-3.133068e-06	-4.473412e-09	-2.271681e+01	-2.923278e+02
2.700000e-06	-3.271710e-06	-4.571392e-09	-2.372206e+01	-2.985919e+02
2.710000e-06	-3.409158e-06	-4.661262e-09	-2.471865e+01	-3.043464e+02
2.720000e-06	-3.545332e-06	-4.745309e-09	-2.570600e+01	-3.097554e+02
2.730000e-06	-3.680265e-06	-4.823590e-09	-2.668436e+01	-3.148926e+02
2.740000e-06	-3.813902e-06	-4.896747e-09	-2.765331e+01	-3.197461e+02
2.750000e-06	-3.946057e-06	-4.966516e-09	-2.861152e+01	-3.242612e+02
2.760000e-06	-4.076782e-06	-5.030942e-09	-2.955937e+01	-3.283946e+02
2.770000e-06	-4.206198e-06	-5.089482e-09	-3.049771e+01	-3.321516e+02
2.780000e-06	-4.334148e-06	-5.146914e-09	-3.142544e+01	-3.355906e+02
2.790000e-06	-4.460635e-06	-5.200822e-09	-3.234255e+01	-3.387966e+02
2.800000e-06	-4.585596e-06	-5.247560e-09	-3.324861e+01	-3.418421e+02
2.810000e-06	-4.708894e-06	-5.291444e-09	-3.414260e+01	-3.447581e+02
2.820000e-06	-4.830583e-06	-5.335538e-09	-3.502492e+01	-3.475311e+02
2.830000e-06	-4.950514e-06	-5.374736e-09	-3.589450e+01	-3.501248e+02
2.840000e-06	-5.068514e-06	-5.408319e-09	-3.675008e+01	-3.525125e+02
2.850000e-06	-5.184442e-06	-5.443435e-09	-3.759063e+01	-3.547014e+02
2.860000e-06	-5.298243e-06	-5.478419e-09	-3.841576e+01	-3.567339e+02
2.870000e-06	-5.409959e-06	-5.507742e-09	-3.922578e+01	-3.586681e+02
2.880000e-06	-5.519599e-06	-5.534867e-09	-4.002074e+01	-3.605475e+02
2.890000e-06	-5.627336e-06	-5.563452e-09	-4.080191e+01	-3.623796e+02
2.900000e-06	-5.733205e-06	-5.588714e-09	-4.156953e+01	-3.641351e+02
2.910000e-06	-5.836956e-06	-5.610491e-09	-4.232179e+01	-3.657690e+02
2.920000e-06	-5.938473e-06	-5.633268e-09	-4.305786e+01	-3.672504e+02
2.930000e-06	-6.037845e-06	-5.656302e-09	-4.377837e+01	-3.685864e+02
2.940000e-06	-6.135109e-06	-5.675520e-09	-4.448360e+01	-3.698231e+02
2.950000e-06	-6.230122e-06	-5.691472e-09	-4.517250e+01	-3.710256e+02
2.960000e-06	-6.322799e-06	-5.710295e-09	-4.584447e+01	-3.722450e+02
2.970000e-06	-6.413217e-06	-5.729366e-09	-4.650007e+01	-3.734919e+02
2.980000e-06	-6.501395e-06	-5.746316e-09	-4.713941e+01	-3.747307e+02
2.990000e-06	-6.587136e-06	-5.762696e-09	-4.776110e+01	-3.758972e+02
3.000000e-06	-6.670475e-06	-5.777127e-09	-4.836536e+01	-3.769335e+02
3.010000e-06	-6.751513e-06	-5.788583e-09	-4.895293e+01	-3.778184e+02
3.020000e-06	-6.830002e-06	-5.798101e-09	-4.952203e+01	-3.785812e+02
3.030000e-06	-6.905793e-06	-5.809276e-09	-5.007157e+01	-3.792884e+02
3.040000e-06	-6.979054e-06	-5.820466e-09	-5.060276e+01	-3.800119e+02
3.050000e-06	-7.049812e-06	-5.830374e-09	-5.111580e+01	-3.807947e+02
3.060000e-06	-7.117995e-06	-5.840963e-09	-5.161017e+01	-3.816311e+02
3.070000e-06	-7.183703e-06	-5.853004e-09	-5.208660e+01	-3.824720e+02
3.080000e-06	-7.246888e-06	-5.864137e-09	-5.254473e+01	-3.832509e+02
3.090000e-06	-7.307428e-06	-5.874016e-09	-5.298368e+01	-3.839181e+02
3.100000e-06	-7.365389e-06	-5.880537e-09	-5.340394e+01	-3.844636e+02
3.110000e-06	-7.420689e-06	-5.886695e-09	-5.380491e+01	-3.849198e+02
3.120000e-06	-7.473125e-06	-5.891855e-09	-5.418510e+01	-3.853418e+02
3.130000e-06	-7.522544e-06	-5.898603e-09	-5.454342e+01	-3.857780e+02
3.140000e-06	-7.569041e-06	-5.905662e-09	-5.488056e+01	-3.862467e+02
3.150000e-06	-7.613042e-06	-5.910936e-09	-5.519959e+01	-3.867309e+02
3.160000e-06	-7.654605e-06	-5.916258e-09	-5.550095e+01	-3.871919e+02
3.170000e-06	-7.693438e-06	-5.921321e-09	-5.578251e+01	-3.875946e+02
3.180000e-06	-7.729463e-06	-5.927497e-09	-5.604372e+01	-3.879278e+02
3.190000e-06	-7.762815e-06	-5.932081e-09	-5.628554e+01	-3.882092e+02
3.200000e-06	-7.793350e-06	-5.936403e-09	-5.650694e+01	-3.884721e+02
3.210000e-06	-7.820947e-06	-5.939336e-09	-5.670704e+01	-3.887430e+02
3.220000e-06	-7.845740e-06	-5.940989e-09	-5.688680e+01	-3.890224e+02
3.230000e-06	-7.867670e-06	-5.942105e-09	-5.704581e+01	-3.892826e+02
3.240000e-06	-7.886802e-06	-5.943339e-09	-5.718453e+01	-3.894830e+02
3.250000e-06	-7.903145e-06	-5.944193e-09	-5.730303e+01	-3.895958e+02
3.260000e-06	-7.916350e-06	-5.945646e-09	-5.739878e+01	-3.896261e+02
3.270000e-06	-7.926468e-06	-5.946663e-09	-5.747214e+01	-3.896145e+02
3.280000e-06	-7.933660e-06	-5.947308e-09	-5.752428e+01	-3.896184e+02
3.290000e-06	-7.938054e-06	-5.946947e-09	-5.755614e+01	-3.896808e+02
3.300000e-06	-7.939792e-06	-5.943429e-09	-5.756874e+01	-3.898040e+02
