# Temperatura_=_20.0
# Concentracion g/m^3_=_8200.0
# C_Vs_to_Am_M_A/Vsm_=_65563218390.804596
# pendiente_HvsI_1/m_=_3716.3
# ordenada_HvsI_A/m_=_1297.0
# frecuencia_Hz_=_302598.9534701262

Tiempo_(s)	Campo_(V.s)	Magnetizacion_(V.s)	Campo_(kA/m)	Magnetizacion_(A/m)
0.000000e+00	-7.937416e-06	-5.670072e-09	-5.754411e+01	-3.707666e+02
1.000000e-08	-7.932733e-06	-5.668121e-09	-5.751016e+01	-3.707187e+02
2.000000e-08	-7.925503e-06	-5.666821e-09	-5.745774e+01	-3.705683e+02
3.000000e-08	-7.915554e-06	-5.664353e-09	-5.738562e+01	-3.703342e+02
4.000000e-08	-7.902766e-06	-5.660630e-09	-5.729291e+01	-3.700641e+02
5.000000e-08	-7.887057e-06	-5.658556e-09	-5.717902e+01	-3.698132e+02
6.000000e-08	-7.868696e-06	-5.655927e-09	-5.704591e+01	-3.696170e+02
7.000000e-08	-7.848119e-06	-5.653958e-09	-5.689673e+01	-3.694724e+02
8.000000e-08	-7.825061e-06	-5.665324e-09	-5.672956e+01	-3.693358e+02
9.000000e-08	-7.798968e-06	-5.659015e-09	-5.654040e+01	-3.691428e+02
1.000000e-07	-7.769709e-06	-5.646518e-09	-5.632828e+01	-3.688402e+02
1.100000e-07	-7.737546e-06	-5.637956e-09	-5.609510e+01	-3.684160e+02
1.200000e-07	-7.702603e-06	-5.625964e-09	-5.584178e+01	-3.679111e+02
1.300000e-07	-7.665106e-06	-5.617785e-09	-5.556994e+01	-3.674065e+02
1.400000e-07	-7.625301e-06	-5.600417e-09	-5.528136e+01	-3.669883e+02
1.500000e-07	-7.583141e-06	-5.595017e-09	-5.497572e+01	-3.667076e+02
1.600000e-07	-7.538518e-06	-5.609823e-09	-5.465221e+01	-3.665513e+02
1.700000e-07	-7.491215e-06	-5.594514e-09	-5.430928e+01	-3.664415e+02
1.800000e-07	-7.441086e-06	-5.601459e-09	-5.394585e+01	-3.662623e+02
1.900000e-07	-7.388065e-06	-5.599414e-09	-5.356147e+01	-3.659055e+02
2.000000e-07	-7.332251e-06	-5.561418e-09	-5.315683e+01	-3.653145e+02
2.100000e-07	-7.273795e-06	-5.532900e-09	-5.273304e+01	-3.645073e+02
2.200000e-07	-7.212731e-06	-5.501850e-09	-5.229034e+01	-3.635672e+02
2.300000e-07	-7.149061e-06	-5.504127e-09	-5.182875e+01	-3.626070e+02
2.400000e-07	-7.082671e-06	-5.508352e-09	-5.134744e+01	-3.617208e+02
2.500000e-07	-7.013565e-06	-5.510796e-09	-5.084644e+01	-3.609456e+02
2.600000e-07	-6.941710e-06	-5.491319e-09	-5.032551e+01	-3.602489e+02
2.700000e-07	-6.867015e-06	-5.473809e-09	-4.978400e+01	-3.595468e+02
2.800000e-07	-6.789628e-06	-5.459334e-09	-4.922296e+01	-3.587427e+02
2.900000e-07	-6.709603e-06	-5.437004e-09	-4.864280e+01	-3.577694e+02
3.000000e-07	-6.627058e-06	-5.430434e-09	-4.804437e+01	-3.566154e+02
3.100000e-07	-6.542226e-06	-5.410760e-09	-4.742936e+01	-3.553246e+02
3.200000e-07	-6.455083e-06	-5.386548e-09	-4.679760e+01	-3.539722e+02
3.300000e-07	-6.365591e-06	-5.367784e-09	-4.614881e+01	-3.526287e+02
3.400000e-07	-6.273761e-06	-5.354041e-09	-4.548306e+01	-3.513296e+02
3.500000e-07	-6.179631e-06	-5.331327e-09	-4.480064e+01	-3.500642e+02
3.600000e-07	-6.083265e-06	-5.305947e-09	-4.410202e+01	-3.487855e+02
3.700000e-07	-5.984663e-06	-5.286521e-09	-4.338718e+01	-3.474359e+02
3.800000e-07	-5.883903e-06	-5.263608e-09	-4.265670e+01	-3.459739e+02
3.900000e-07	-5.781031e-06	-5.235197e-09	-4.191090e+01	-3.443903e+02
4.000000e-07	-5.676128e-06	-5.206805e-09	-4.115039e+01	-3.427061e+02
4.100000e-07	-5.569215e-06	-5.187622e-09	-4.037530e+01	-3.409569e+02
4.200000e-07	-5.460275e-06	-5.160687e-09	-3.958551e+01	-3.391717e+02
4.300000e-07	-5.349393e-06	-5.125603e-09	-3.878165e+01	-3.373581e+02
4.400000e-07	-5.236521e-06	-5.096628e-09	-3.796335e+01	-3.355005e+02
4.500000e-07	-5.121628e-06	-5.072723e-09	-3.713041e+01	-3.335699e+02
4.600000e-07	-5.004794e-06	-5.036257e-09	-3.628340e+01	-3.315402e+02
4.700000e-07	-4.886134e-06	-4.997950e-09	-3.542314e+01	-3.294005e+02
4.800000e-07	-4.765673e-06	-4.971168e-09	-3.454984e+01	-3.271578e+02
4.900000e-07	-4.643423e-06	-4.941723e-09	-3.366355e+01	-3.248288e+02
5.000000e-07	-4.519483e-06	-4.901094e-09	-3.276502e+01	-3.224274e+02
5.100000e-07	-4.393959e-06	-4.858943e-09	-3.185501e+01	-3.199531e+02
5.200000e-07	-4.266802e-06	-4.822560e-09	-3.093315e+01	-3.173884e+02
5.300000e-07	-4.138072e-06	-4.779248e-09	-2.999990e+01	-3.147054e+02
5.400000e-07	-4.007824e-06	-4.729683e-09	-2.905564e+01	-3.118773e+02
5.500000e-07	-3.876029e-06	-4.684702e-09	-2.810016e+01	-3.088892e+02
5.600000e-07	-3.742795e-06	-4.643355e-09	-2.713425e+01	-3.057415e+02
5.700000e-07	-3.608100e-06	-4.592504e-09	-2.615775e+01	-3.024462e+02
5.800000e-07	-3.471991e-06	-4.533837e-09	-2.517099e+01	-2.990164e+02
5.900000e-07	-3.334599e-06	-4.478173e-09	-2.417494e+01	-2.954569e+02
6.000000e-07	-3.195883e-06	-4.419770e-09	-2.316928e+01	-2.917595e+02
6.100000e-07	-3.055762e-06	-4.355338e-09	-2.215345e+01	-2.879050e+02
6.200000e-07	-2.914302e-06	-4.295010e-09	-2.112790e+01	-2.838705e+02
6.300000e-07	-2.771671e-06	-4.238677e-09	-2.009386e+01	-2.796364e+02
6.400000e-07	-2.627975e-06	-4.173867e-09	-1.905211e+01	-2.751890e+02
6.500000e-07	-2.483355e-06	-4.098420e-09	-1.800365e+01	-2.705188e+02
6.600000e-07	-2.337938e-06	-4.020809e-09	-1.694942e+01	-2.656149e+02
6.700000e-07	-2.191729e-06	-3.941713e-09	-1.588944e+01	-2.604604e+02
6.800000e-07	-2.044736e-06	-3.855411e-09	-1.482378e+01	-2.550314e+02
6.900000e-07	-1.897025e-06	-3.765760e-09	-1.375292e+01	-2.492995e+02
7.000000e-07	-1.748710e-06	-3.675536e-09	-1.267767e+01	-2.432366e+02
7.100000e-07	-1.599886e-06	-3.581033e-09	-1.159874e+01	-2.368154e+02
7.200000e-07	-1.450625e-06	-3.477627e-09	-1.051664e+01	-2.300057e+02
7.300000e-07	-1.300968e-06	-3.367629e-09	-9.431668e+00	-2.227671e+02
7.400000e-07	-1.150908e-06	-3.251153e-09	-8.343774e+00	-2.150410e+02
7.500000e-07	-1.000408e-06	-3.122835e-09	-7.252685e+00	-2.067499e+02
7.600000e-07	-8.494490e-07	-2.983443e-09	-6.158274e+00	-1.978041e+02
7.700000e-07	-6.980792e-07	-2.833208e-09	-5.060885e+00	-1.881129e+02
7.800000e-07	-5.464326e-07	-2.672378e-09	-3.961488e+00	-1.775953e+02
7.900000e-07	-3.946210e-07	-2.498189e-09	-2.860895e+00	-1.661784e+02
8.000000e-07	-2.427103e-07	-2.310505e-09	-1.759584e+00	-1.537822e+02
8.100000e-07	-9.062036e-08	-2.106734e-09	-6.569730e-01	-1.402949e+02
8.200000e-07	6.158628e-08	-1.880956e-09	4.464838e-01	-1.255504e+02
8.300000e-07	2.137138e-07	-1.631709e-09	1.549367e+00	-1.093271e+02
8.400000e-07	3.657841e-07	-1.358065e-09	2.651835e+00	-9.137810e+01
8.500000e-07	5.177941e-07	-1.056757e-09	3.753867e+00	-7.149628e+01
8.600000e-07	6.696575e-07	-7.234026e-10	4.854835e+00	-4.959858e+01
8.700000e-07	8.212734e-07	-3.600927e-10	5.954009e+00	-2.580402e+01
8.800000e-07	9.725717e-07	2.555097e-11	7.050881e+00	-4.759099e-01
8.900000e-07	1.123502e-06	4.266503e-10	8.145085e+00	2.579260e+01
9.000000e-07	1.273997e-06	8.318137e-10	9.236130e+00	5.225294e+01
9.100000e-07	1.423973e-06	1.223927e-09	1.032342e+01	7.811843e+01
9.200000e-07	1.573462e-06	1.593042e-09	1.140717e+01	1.026921e+02
9.300000e-07	1.722494e-06	1.935934e-09	1.248762e+01	1.254692e+02
9.400000e-07	1.870954e-06	2.247851e-09	1.356391e+01	1.461870e+02
9.500000e-07	2.018729e-06	2.528376e-09	1.463524e+01	1.648143e+02
9.600000e-07	2.165736e-06	2.782212e-09	1.570099e+01	1.814909e+02
9.700000e-07	2.311943e-06	3.011772e-09	1.676096e+01	1.964450e+02
9.800000e-07	2.457326e-06	3.215896e-09	1.781495e+01	2.099156e+02
9.900000e-07	2.601796e-06	3.396966e-09	1.886231e+01	2.221029e+02
1.000000e-06	2.745250e-06	3.560423e-09	1.990232e+01	2.331536e+02
1.010000e-06	2.887619e-06	3.711336e-09	2.093445e+01	2.431741e+02
1.020000e-06	3.028918e-06	3.849664e-09	2.195883e+01	2.522543e+02
1.030000e-06	3.169024e-06	3.974064e-09	2.297456e+01	2.604883e+02
1.040000e-06	3.307760e-06	4.086527e-09	2.398036e+01	2.679807e+02
1.050000e-06	3.445166e-06	4.189904e-09	2.497652e+01	2.748395e+02
1.060000e-06	3.581282e-06	4.284851e-09	2.596332e+01	2.811627e+02
1.070000e-06	3.716033e-06	4.373337e-09	2.694023e+01	2.870269e+02
1.080000e-06	3.849501e-06	4.455672e-09	2.790784e+01	2.924854e+02
1.090000e-06	3.981672e-06	4.529768e-09	2.886604e+01	2.975741e+02
1.100000e-06	4.112323e-06	4.599493e-09	2.981322e+01	3.023211e+02
1.110000e-06	4.241441e-06	4.665639e-09	3.074930e+01	3.067548e+02
1.120000e-06	4.369067e-06	4.726838e-09	3.167455e+01	3.109044e+02
1.130000e-06	4.495220e-06	4.782698e-09	3.258912e+01	3.147961e+02
1.140000e-06	4.619908e-06	4.834422e-09	3.349308e+01	3.184473e+02
1.150000e-06	4.742970e-06	4.885323e-09	3.438524e+01	3.218650e+02
1.160000e-06	4.864294e-06	4.933166e-09	3.526481e+01	3.250503e+02
1.170000e-06	4.983900e-06	4.977506e-09	3.613192e+01	3.280062e+02
1.180000e-06	5.101736e-06	5.018206e-09	3.698620e+01	3.307464e+02
1.190000e-06	5.217668e-06	5.053916e-09	3.782668e+01	3.332979e+02
1.200000e-06	5.331545e-06	5.087084e-09	3.865226e+01	3.356953e+02
1.210000e-06	5.443376e-06	5.118603e-09	3.946299e+01	3.379710e+02
1.220000e-06	5.553284e-06	5.150201e-09	4.025980e+01	3.401437e+02
1.230000e-06	5.661301e-06	5.182066e-09	4.104290e+01	3.422142e+02
1.240000e-06	5.767223e-06	5.212730e-09	4.181080e+01	3.441689e+02
1.250000e-06	5.870898e-06	5.240300e-09	4.256242e+01	3.459911e+02
1.260000e-06	5.972446e-06	5.264894e-09	4.329861e+01	3.476741e+02
1.270000e-06	6.071828e-06	5.288057e-09	4.401910e+01	3.492284e+02
1.280000e-06	6.168856e-06	5.310466e-09	4.472253e+01	3.506809e+02
1.290000e-06	6.263594e-06	5.331174e-09	4.540936e+01	3.520646e+02
1.300000e-06	6.356199e-06	5.349801e-09	4.608072e+01	3.534049e+02
1.310000e-06	6.446534e-06	5.369515e-09	4.673562e+01	3.547096e+02
1.320000e-06	6.534475e-06	5.390514e-09	4.737317e+01	3.559679e+02
1.330000e-06	6.620123e-06	5.410742e-09	4.799409e+01	3.571577e+02
1.340000e-06	6.703514e-06	5.429594e-09	4.859866e+01	3.582589e+02
1.350000e-06	6.784500e-06	5.446406e-09	4.918578e+01	3.592656e+02
1.360000e-06	6.862985e-06	5.461155e-09	4.975478e+01	3.601896e+02
1.370000e-06	6.938901e-06	5.474750e-09	5.030515e+01	3.610563e+02
1.380000e-06	7.012174e-06	5.487489e-09	5.083636e+01	3.618925e+02
1.390000e-06	7.082904e-06	5.500319e-09	5.134913e+01	3.627152e+02
1.400000e-06	7.151201e-06	5.512732e-09	5.184427e+01	3.635254e+02
1.410000e-06	7.216899e-06	5.523870e-09	5.232056e+01	3.643097e+02
1.420000e-06	7.279935e-06	5.535955e-09	5.277755e+01	3.650498e+02
1.430000e-06	7.340554e-06	5.548547e-09	5.321702e+01	3.657322e+02
1.440000e-06	7.398676e-06	5.560970e-09	5.363839e+01	3.663550e+02
1.450000e-06	7.454114e-06	5.571627e-09	5.404030e+01	3.669273e+02
1.460000e-06	7.506721e-06	5.579996e-09	5.442169e+01	3.674625e+02
1.470000e-06	7.556247e-06	5.586714e-09	5.478074e+01	3.679707e+02
1.480000e-06	7.602837e-06	5.592618e-09	5.511850e+01	3.684535e+02
1.490000e-06	7.646810e-06	5.598306e-09	5.543730e+01	3.689053e+02
1.500000e-06	7.688060e-06	5.603286e-09	5.573635e+01	3.693190e+02
1.510000e-06	7.726526e-06	5.608505e-09	5.601521e+01	3.696926e+02
1.520000e-06	7.762384e-06	5.615725e-09	5.627518e+01	3.700319e+02
1.530000e-06	7.795470e-06	5.624077e-09	5.651504e+01	3.703478e+02
1.540000e-06	7.825729e-06	5.631434e-09	5.673441e+01	3.706485e+02
1.550000e-06	7.853243e-06	5.636991e-09	5.693388e+01	3.709327e+02
1.560000e-06	7.877837e-06	5.640973e-09	5.711218e+01	3.711882e+02
1.570000e-06	7.899602e-06	5.643839e-09	5.726997e+01	3.713971e+02
1.580000e-06	7.918686e-06	5.646052e-09	5.740832e+01	3.715467e+02
1.590000e-06	7.934878e-06	5.647968e-09	5.752571e+01	3.716393e+02
1.600000e-06	7.948027e-06	5.649232e-09	5.762103e+01	3.716946e+02
1.610000e-06	7.958066e-06	5.650729e-09	5.769382e+01	3.717424e+02
1.620000e-06	7.965072e-06	5.652605e-09	5.774461e+01	3.718078e+02
1.630000e-06	7.969269e-06	5.655496e-09	5.777504e+01	3.718962e+02
1.640000e-06	7.970610e-06	5.659553e-09	5.778476e+01	3.719871e+02
1.650000e-06	7.969185e-06	5.659477e-09	5.777443e+01	3.720401e+02
1.660000e-06	7.965192e-06	5.657713e-09	5.774548e+01	3.720133e+02
1.670000e-06	7.958471e-06	5.654309e-09	5.769675e+01	3.718846e+02
1.680000e-06	7.949011e-06	5.650096e-09	5.762817e+01	3.716652e+02
1.690000e-06	7.936854e-06	5.646455e-09	5.754004e+01	3.713982e+02
1.700000e-06	7.921930e-06	5.644347e-09	5.743184e+01	3.711391e+02
1.710000e-06	7.904495e-06	5.644777e-09	5.730544e+01	3.709301e+02
1.720000e-06	7.884781e-06	5.634651e-09	5.716252e+01	3.707770e+02
1.730000e-06	7.862442e-06	5.621613e-09	5.700057e+01	3.706439e+02
1.740000e-06	7.836882e-06	5.624968e-09	5.681527e+01	3.704684e+02
1.750000e-06	7.807703e-06	5.619397e-09	5.660373e+01	3.701921e+02
1.760000e-06	7.775248e-06	5.611378e-09	5.636843e+01	3.697924e+02
1.770000e-06	7.740305e-06	5.610577e-09	5.611511e+01	3.692990e+02
1.780000e-06	7.703096e-06	5.630268e-09	5.584536e+01	3.687867e+02
1.790000e-06	7.663639e-06	5.615018e-09	5.555930e+01	3.683441e+02
1.800000e-06	7.622148e-06	5.586418e-09	5.525850e+01	3.680326e+02
1.810000e-06	7.578294e-06	5.609375e-09	5.494057e+01	3.678544e+02
1.820000e-06	7.531679e-06	5.578621e-09	5.460263e+01	3.677438e+02
1.830000e-06	7.482396e-06	5.583814e-09	5.424534e+01	3.675896e+02
1.840000e-06	7.430220e-06	5.594515e-09	5.386708e+01	3.672780e+02
1.850000e-06	7.375112e-06	5.597744e-09	5.346756e+01	3.667384e+02
1.860000e-06	7.317241e-06	5.622919e-09	5.304801e+01	3.659724e+02
1.870000e-06	7.256691e-06	5.592923e-09	5.260904e+01	3.650516e+02
1.880000e-06	7.193529e-06	5.580874e-09	5.215114e+01	3.640866e+02
1.890000e-06	7.127592e-06	5.546996e-09	5.167310e+01	3.631791e+02
1.900000e-06	7.058889e-06	5.530734e-09	5.117503e+01	3.623807e+02
1.910000e-06	6.987429e-06	5.523004e-09	5.065696e+01	3.616731e+02
1.920000e-06	6.913247e-06	5.516017e-09	5.011917e+01	3.609806e+02
1.930000e-06	6.836304e-06	5.524887e-09	4.956135e+01	3.602057e+02
1.940000e-06	6.756622e-06	5.495333e-09	4.898367e+01	3.592718e+02
1.950000e-06	6.674516e-06	5.476493e-09	4.838843e+01	3.581545e+02
1.960000e-06	6.589962e-06	5.449738e-09	4.777543e+01	3.568873e+02
1.970000e-06	6.502884e-06	5.435376e-09	4.714414e+01	3.555416e+02
1.980000e-06	6.413452e-06	5.414551e-09	4.649578e+01	3.541917e+02
1.990000e-06	6.321833e-06	5.397516e-09	4.583158e+01	3.528825e+02
2.000000e-06	6.228005e-06	5.384598e-09	4.515135e+01	3.516131e+02
2.010000e-06	6.131899e-06	5.355090e-09	4.445460e+01	3.503422e+02
2.020000e-06	6.033589e-06	5.333973e-09	4.374188e+01	3.490122e+02
2.030000e-06	5.933127e-06	5.313242e-09	4.301356e+01	3.475764e+02
2.040000e-06	5.830492e-06	5.302818e-09	4.226948e+01	3.460180e+02
2.050000e-06	5.725837e-06	5.268297e-09	4.151076e+01	3.443526e+02
2.060000e-06	5.619325e-06	5.240425e-09	4.073858e+01	3.426144e+02
2.070000e-06	5.510869e-06	5.219157e-09	3.995230e+01	3.408355e+02
2.080000e-06	5.400387e-06	5.194353e-09	3.915134e+01	3.390288e+02
2.090000e-06	5.287873e-06	5.160342e-09	3.833564e+01	3.371829e+02
2.100000e-06	5.173383e-06	5.132466e-09	3.750562e+01	3.352705e+02
2.110000e-06	5.056922e-06	5.109182e-09	3.666131e+01	3.332637e+02
2.120000e-06	4.938462e-06	5.070167e-09	3.580251e+01	3.311476e+02
2.130000e-06	4.818144e-06	5.031442e-09	3.493024e+01	3.289258e+02
2.140000e-06	4.696086e-06	5.001213e-09	3.404535e+01	3.266139e+02
2.150000e-06	4.572339e-06	4.974327e-09	3.314821e+01	3.242275e+02
2.160000e-06	4.446894e-06	4.929342e-09	3.223877e+01	3.217698e+02
2.170000e-06	4.319765e-06	4.887919e-09	3.131712e+01	3.192268e+02
2.180000e-06	4.191079e-06	4.852854e-09	3.038418e+01	3.165717e+02
2.190000e-06	4.060939e-06	4.813042e-09	2.944071e+01	3.137766e+02
2.200000e-06	3.929326e-06	4.760634e-09	2.848655e+01	3.108233e+02
2.210000e-06	3.796226e-06	4.712437e-09	2.752161e+01	3.077091e+02
2.220000e-06	3.661680e-06	4.670002e-09	2.654619e+01	3.044443e+02
2.230000e-06	3.525684e-06	4.622282e-09	2.556025e+01	3.010426e+02
2.240000e-06	3.388329e-06	4.571763e-09	2.456446e+01	2.975113e+02
2.250000e-06	3.249758e-06	4.519449e-09	2.355986e+01	2.938448e+02
2.260000e-06	3.109899e-06	4.460081e-09	2.254592e+01	2.900259e+02
2.270000e-06	2.968704e-06	4.392163e-09	2.152230e+01	2.860320e+02
2.280000e-06	2.826370e-06	4.326612e-09	2.049042e+01	2.818421e+02
2.290000e-06	2.682932e-06	4.262345e-09	1.945053e+01	2.774413e+02
2.300000e-06	2.538502e-06	4.194860e-09	1.840345e+01	2.728197e+02
2.310000e-06	2.393245e-06	4.122316e-09	1.735038e+01	2.679672e+02
2.320000e-06	2.247268e-06	4.046635e-09	1.629209e+01	2.628683e+02
2.330000e-06	2.100631e-06	3.963059e-09	1.522901e+01	2.575004e+02
2.340000e-06	1.953268e-06	3.870474e-09	1.416066e+01	2.518360e+02
2.350000e-06	1.805210e-06	3.777352e-09	1.308728e+01	2.458464e+02
2.360000e-06	1.656511e-06	3.684894e-09	1.200926e+01	2.395043e+02
2.370000e-06	1.507334e-06	3.585424e-09	1.092776e+01	2.327809e+02
2.380000e-06	1.357774e-06	3.476645e-09	9.843495e+00	2.256385e+02
2.390000e-06	1.207730e-06	3.360807e-09	8.755713e+00	2.180229e+02
2.400000e-06	1.057208e-06	3.236050e-09	7.664471e+00	2.098603e+02
2.410000e-06	9.063485e-07	3.100568e-09	6.570781e+00	2.010626e+02
2.420000e-06	7.551846e-07	2.953894e-09	5.474883e+00	1.915385e+02
2.430000e-06	6.037801e-07	2.798737e-09	4.377241e+00	1.812044e+02
2.440000e-06	4.521764e-07	2.631200e-09	3.278156e+00	1.699864e+02
2.450000e-06	3.003538e-07	2.446333e-09	2.177484e+00	1.578080e+02
2.460000e-06	1.483721e-07	2.243912e-09	1.075658e+00	1.445665e+02
2.470000e-06	-3.717603e-09	2.020069e-09	-2.695162e-02	1.301085e+02
2.480000e-06	-1.558446e-07	1.774181e-09	-1.129831e+00	1.142228e+02
2.490000e-06	-3.079204e-07	1.504381e-09	-2.232340e+00	9.666372e+01
2.500000e-06	-4.599125e-07	1.210563e-09	-3.334240e+00	7.720871e+01
2.510000e-06	-6.117714e-07	8.889117e-10	-4.435176e+00	5.574090e+01
2.520000e-06	-7.633687e-07	5.346795e-10	-5.534216e+00	3.233084e+01
2.530000e-06	-9.146533e-07	1.505697e-10	-6.630988e+00	7.288566e+00
2.540000e-06	-1.065608e-06	-2.550296e-10	-7.725372e+00	-1.883765e+01
2.550000e-06	-1.216160e-06	-6.653701e-10	-8.816830e+00	-4.532373e+01
2.560000e-06	-1.366275e-06	-1.066067e-09	-9.905120e+00	-7.138016e+01
2.570000e-06	-1.515930e-06	-1.447269e-09	-1.099008e+01	-9.628080e+01
2.580000e-06	-1.665066e-06	-1.800840e-09	-1.207128e+01	-1.194734e+02
2.590000e-06	-1.813638e-06	-2.124488e-09	-1.314839e+01	-1.406423e+02
2.600000e-06	-1.961554e-06	-2.418283e-09	-1.422073e+01	-1.597103e+02
2.610000e-06	-2.108694e-06	-2.683546e-09	-1.528746e+01	-1.767873e+02
2.620000e-06	-2.255035e-06	-2.921713e-09	-1.634839e+01	-1.920897e+02
2.630000e-06	-2.400580e-06	-3.133366e-09	-1.740356e+01	-2.058595e+02
2.640000e-06	-2.545234e-06	-3.322261e-09	-1.845225e+01	-2.183075e+02
2.650000e-06	-2.688796e-06	-3.494570e-09	-1.949304e+01	-2.295918e+02
2.660000e-06	-2.831197e-06	-3.654336e-09	-2.052541e+01	-2.398252e+02
2.670000e-06	-2.972500e-06	-3.800610e-09	-2.154982e+01	-2.490993e+02
2.680000e-06	-3.112589e-06	-3.932410e-09	-2.256543e+01	-2.575060e+02
2.690000e-06	-3.251399e-06	-4.049596e-09	-2.357176e+01	-2.651480e+02
2.700000e-06	-3.389045e-06	-4.154041e-09	-2.456966e+01	-2.721338e+02
2.710000e-06	-3.525447e-06	-4.250830e-09	-2.555853e+01	-2.785643e+02
2.720000e-06	-3.660436e-06	-4.342728e-09	-2.653717e+01	-2.845216e+02
2.730000e-06	-3.794082e-06	-4.429556e-09	-2.750606e+01	-2.900635e+02
2.740000e-06	-3.926467e-06	-4.510973e-09	-2.846582e+01	-2.952288e+02
2.750000e-06	-4.057450e-06	-4.586980e-09	-2.941541e+01	-3.000467e+02
2.760000e-06	-4.187009e-06	-4.657711e-09	-3.035468e+01	-3.045450e+02
2.770000e-06	-4.315211e-06	-4.724187e-09	-3.128411e+01	-3.087530e+02
2.780000e-06	-4.441930e-06	-4.786418e-09	-3.220279e+01	-3.126980e+02
2.790000e-06	-4.567116e-06	-4.844544e-09	-3.311035e+01	-3.163997e+02
2.800000e-06	-4.690683e-06	-4.899631e-09	-3.400617e+01	-3.198673e+02
2.810000e-06	-4.812577e-06	-4.951761e-09	-3.488988e+01	-3.231022e+02
2.820000e-06	-4.932803e-06	-4.998852e-09	-3.576148e+01	-3.261065e+02
2.830000e-06	-5.051075e-06	-5.040439e-09	-3.661892e+01	-3.288910e+02
2.840000e-06	-5.167266e-06	-5.081082e-09	-3.746128e+01	-3.314800e+02
2.850000e-06	-5.281409e-06	-5.122233e-09	-3.828878e+01	-3.339074e+02
2.860000e-06	-5.393466e-06	-5.160741e-09	-3.910116e+01	-3.362069e+02
2.870000e-06	-5.503485e-06	-5.195289e-09	-3.989877e+01	-3.384010e+02
2.880000e-06	-5.611557e-06	-5.228193e-09	-4.068226e+01	-3.404941e+02
2.890000e-06	-5.717718e-06	-5.259170e-09	-4.145190e+01	-3.424750e+02
2.900000e-06	-5.821813e-06	-5.285451e-09	-4.220656e+01	-3.443266e+02
2.910000e-06	-5.923683e-06	-5.311515e-09	-4.294509e+01	-3.460391e+02
2.920000e-06	-6.023383e-06	-5.338339e-09	-4.366789e+01	-3.476190e+02
2.930000e-06	-6.120991e-06	-5.362363e-09	-4.437553e+01	-3.490905e+02
2.940000e-06	-6.216364e-06	-5.384118e-09	-4.506695e+01	-3.504863e+02
2.950000e-06	-6.309409e-06	-5.405487e-09	-4.574150e+01	-3.518344e+02
2.960000e-06	-6.400221e-06	-5.425763e-09	-4.639987e+01	-3.531471e+02
2.970000e-06	-6.488811e-06	-5.443140e-09	-4.704212e+01	-3.544169e+02
2.980000e-06	-6.574935e-06	-5.459596e-09	-4.766649e+01	-3.556232e+02
2.990000e-06	-6.658574e-06	-5.475351e-09	-4.827285e+01	-3.567445e+02
3.000000e-06	-6.739983e-06	-5.489566e-09	-4.886304e+01	-3.577709e+02
3.010000e-06	-6.818899e-06	-5.503458e-09	-4.943517e+01	-3.587108e+02
3.020000e-06	-6.895069e-06	-5.518413e-09	-4.998738e+01	-3.595872e+02
3.030000e-06	-6.968668e-06	-5.531331e-09	-5.052095e+01	-3.604279e+02
3.040000e-06	-7.039774e-06	-5.542358e-09	-5.103645e+01	-3.612528e+02
3.050000e-06	-7.108359e-06	-5.553292e-09	-5.153367e+01	-3.620663e+02
3.060000e-06	-7.174464e-06	-5.565211e-09	-5.201291e+01	-3.628577e+02
3.070000e-06	-7.238078e-06	-5.577793e-09	-5.247410e+01	-3.636086e+02
3.080000e-06	-7.299075e-06	-5.587198e-09	-5.291631e+01	-3.643039e+02
3.090000e-06	-7.357431e-06	-5.594328e-09	-5.333938e+01	-3.649390e+02
3.100000e-06	-7.413189e-06	-5.602066e-09	-5.374361e+01	-3.655209e+02
3.110000e-06	-7.466145e-06	-5.609670e-09	-5.412752e+01	-3.660629e+02
3.120000e-06	-7.516030e-06	-5.617643e-09	-5.448918e+01	-3.665763e+02
3.130000e-06	-7.562930e-06	-5.626355e-09	-5.482919e+01	-3.670648e+02
3.140000e-06	-7.607268e-06	-5.635532e-09	-5.515063e+01	-3.675238e+02
3.150000e-06	-7.649184e-06	-5.643139e-09	-5.545451e+01	-3.679460e+02
3.160000e-06	-7.688465e-06	-5.648519e-09	-5.573928e+01	-3.683278e+02
3.170000e-06	-7.725002e-06	-5.652807e-09	-5.600417e+01	-3.686736e+02
3.180000e-06	-7.758808e-06	-5.655307e-09	-5.624925e+01	-3.689935e+02
3.190000e-06	-7.789755e-06	-5.658298e-09	-5.647361e+01	-3.692971e+02
3.200000e-06	-7.817815e-06	-5.661851e-09	-5.667703e+01	-3.695855e+02
3.210000e-06	-7.843088e-06	-5.664931e-09	-5.686026e+01	-3.698485e+02
3.220000e-06	-7.865521e-06	-5.667595e-09	-5.702289e+01	-3.700687e+02
3.230000e-06	-7.885092e-06	-5.669535e-09	-5.716477e+01	-3.702313e+02
3.240000e-06	-7.901796e-06	-5.669931e-09	-5.728587e+01	-3.703350e+02
3.250000e-06	-7.915450e-06	-5.670126e-09	-5.738487e+01	-3.703958e+02
3.260000e-06	-7.926060e-06	-5.669851e-09	-5.746178e+01	-3.704426e+02
3.270000e-06	-7.933795e-06	-5.668523e-09	-5.751786e+01	-3.705028e+02
3.280000e-06	-7.938658e-06	-5.667594e-09	-5.755311e+01	-3.705871e+02
3.290000e-06	-7.940763e-06	-5.667775e-09	-5.756837e+01	-3.706804e+02
3.300000e-06	-7.940141e-06	-5.669582e-09	-5.756386e+01	-3.707452e+02
