# Temperatura_=_20.0
# Concentracion g/m^3_=_6600.0
# C_Vs_to_Am_M_A/Vsm_=_65563218390.804596
# pendiente_HvsI_1/m_=_3716.3
# ordenada_HvsI_A/m_=_1297.0
# frecuencia_Hz_=_301442.043843707

Tiempo_(s)	Campo_(V.s)	Magnetizacion_(V.s)	Campo_(kA/m)	Magnetizacion_(A/m)
0.000000e+00	-3.216388e-06	-3.920557e-09	-2.355014e+01	-2.548497e+02
1.000000e-08	-3.215238e-06	-3.924432e-09	-2.354173e+01	-2.551006e+02
2.000000e-08	-3.212701e-06	-3.926905e-09	-2.352315e+01	-2.553289e+02
3.000000e-08	-3.209113e-06	-3.929117e-09	-2.349688e+01	-2.555283e+02
4.000000e-08	-3.204650e-06	-3.931686e-09	-2.346420e+01	-2.556847e+02
5.000000e-08	-3.199143e-06	-3.932797e-09	-2.342388e+01	-2.557801e+02
6.000000e-08	-3.192566e-06	-3.928174e-09	-2.337573e+01	-2.557998e+02
7.000000e-08	-3.185077e-06	-3.917426e-09	-2.332089e+01	-2.557387e+02
8.000000e-08	-3.176505e-06	-3.930844e-09	-2.325812e+01	-2.556060e+02
9.000000e-08	-3.166289e-06	-3.960674e-09	-2.318333e+01	-2.554230e+02
1.000000e-07	-3.154351e-06	-3.959099e-09	-2.309592e+01	-2.552165e+02
1.100000e-07	-3.141173e-06	-3.890944e-09	-2.299943e+01	-2.550080e+02
1.200000e-07	-3.127140e-06	-3.841539e-09	-2.289668e+01	-2.548043e+02
1.300000e-07	-3.111928e-06	-3.933501e-09	-2.278530e+01	-2.545932e+02
1.400000e-07	-3.095319e-06	-3.964153e-09	-2.266369e+01	-2.543472e+02
1.500000e-07	-3.077867e-06	-3.841772e-09	-2.253590e+01	-2.540338e+02
1.600000e-07	-3.059671e-06	-3.882420e-09	-2.240268e+01	-2.536299e+02
1.700000e-07	-3.040335e-06	-3.942260e-09	-2.226110e+01	-2.531339e+02
1.800000e-07	-3.019952e-06	-3.815348e-09	-2.211186e+01	-2.525699e+02
1.900000e-07	-2.998846e-06	-3.815107e-09	-2.195732e+01	-2.519835e+02
2.000000e-07	-2.976697e-06	-3.898624e-09	-2.179515e+01	-2.514270e+02
2.100000e-07	-2.953400e-06	-3.792807e-09	-2.162457e+01	-2.509421e+02
2.200000e-07	-2.929316e-06	-3.763529e-09	-2.144823e+01	-2.505439e+02
2.300000e-07	-2.904120e-06	-3.868520e-09	-2.126374e+01	-2.502132e+02
2.400000e-07	-2.877450e-06	-3.817794e-09	-2.106847e+01	-2.499001e+02
2.500000e-07	-2.849713e-06	-3.773072e-09	-2.086538e+01	-2.495375e+02
2.600000e-07	-2.821061e-06	-3.802584e-09	-2.065559e+01	-2.490601e+02
2.700000e-07	-2.791305e-06	-3.768377e-09	-2.043772e+01	-2.484236e+02
2.800000e-07	-2.760556e-06	-3.755463e-09	-2.021258e+01	-2.476161e+02
2.900000e-07	-2.729027e-06	-3.757383e-09	-1.998172e+01	-2.466603e+02
3.000000e-07	-2.696722e-06	-3.728518e-09	-1.974519e+01	-2.456046e+02
3.100000e-07	-2.663299e-06	-3.737724e-09	-1.950047e+01	-2.445077e+02
3.200000e-07	-2.628608e-06	-3.688875e-09	-1.924647e+01	-2.434210e+02
3.300000e-07	-2.592963e-06	-3.632476e-09	-1.898548e+01	-2.423751e+02
3.400000e-07	-2.556557e-06	-3.682099e-09	-1.871891e+01	-2.413737e+02
3.500000e-07	-2.519238e-06	-3.677851e-09	-1.844567e+01	-2.403958e+02
3.600000e-07	-2.480921e-06	-3.612808e-09	-1.816511e+01	-2.394065e+02
3.700000e-07	-2.441739e-06	-3.613503e-09	-1.787822e+01	-2.383702e+02
3.800000e-07	-2.401933e-06	-3.622048e-09	-1.758677e+01	-2.372633e+02
3.900000e-07	-2.361418e-06	-3.590204e-09	-1.729012e+01	-2.360821e+02
4.000000e-07	-2.319759e-06	-3.558220e-09	-1.698510e+01	-2.348429e+02
4.100000e-07	-2.276904e-06	-3.534297e-09	-1.667132e+01	-2.335750e+02
4.200000e-07	-2.233229e-06	-3.534116e-09	-1.635153e+01	-2.323091e+02
4.300000e-07	-2.188925e-06	-3.516983e-09	-1.602714e+01	-2.310648e+02
4.400000e-07	-2.143912e-06	-3.479190e-09	-1.569756e+01	-2.298425e+02
4.500000e-07	-2.098119e-06	-3.479016e-09	-1.536226e+01	-2.286210e+02
4.600000e-07	-2.051567e-06	-3.477213e-09	-1.502142e+01	-2.273643e+02
4.700000e-07	-2.004332e-06	-3.427564e-09	-1.467557e+01	-2.260334e+02
4.800000e-07	-1.956503e-06	-3.388567e-09	-1.432537e+01	-2.245997e+02
4.900000e-07	-1.907815e-06	-3.395103e-09	-1.396888e+01	-2.230552e+02
5.000000e-07	-1.858004e-06	-3.376618e-09	-1.360416e+01	-2.214153e+02
5.100000e-07	-1.807175e-06	-3.327394e-09	-1.323200e+01	-2.197126e+02
5.200000e-07	-1.755619e-06	-3.300219e-09	-1.285451e+01	-2.179838e+02
5.300000e-07	-1.703457e-06	-3.289574e-09	-1.247258e+01	-2.162554e+02
5.400000e-07	-1.650662e-06	-3.264066e-09	-1.208602e+01	-2.145322e+02
5.500000e-07	-1.597275e-06	-3.231176e-09	-1.169512e+01	-2.127952e+02
5.600000e-07	-1.543313e-06	-3.207967e-09	-1.130002e+01	-2.110091e+02
5.700000e-07	-1.488794e-06	-3.180452e-09	-1.090083e+01	-2.091359e+02
5.800000e-07	-1.433703e-06	-3.140182e-09	-1.049746e+01	-2.071514e+02
5.900000e-07	-1.378188e-06	-3.105142e-09	-1.009099e+01	-2.050550e+02
6.000000e-07	-1.322380e-06	-3.079917e-09	-9.682366e+00	-2.028704e+02
6.100000e-07	-1.266216e-06	-3.044433e-09	-9.271135e+00	-2.006359e+02
6.200000e-07	-1.209602e-06	-3.007244e-09	-8.856611e+00	-1.983873e+02
6.300000e-07	-1.152366e-06	-2.979828e-09	-8.437539e+00	-1.961415e+02
6.400000e-07	-1.094344e-06	-2.948753e-09	-8.012706e+00	-1.938871e+02
6.500000e-07	-1.035666e-06	-2.909370e-09	-7.583067e+00	-1.915858e+02
6.600000e-07	-9.765511e-07	-2.870802e-09	-7.150232e+00	-1.891858e+02
6.700000e-07	-9.171112e-07	-2.830104e-09	-6.715018e+00	-1.866405e+02
6.800000e-07	-8.575168e-07	-2.781997e-09	-6.278673e+00	-1.839265e+02
6.900000e-07	-7.978280e-07	-2.737824e-09	-5.841635e+00	-1.810514e+02
7.000000e-07	-7.379317e-07	-2.696537e-09	-5.403079e+00	-1.780509e+02
7.100000e-07	-6.778374e-07	-2.650214e-09	-4.963074e+00	-1.749732e+02
7.200000e-07	-6.175972e-07	-2.601567e-09	-4.521999e+00	-1.718587e+02
7.300000e-07	-5.571767e-07	-2.557244e-09	-4.079605e+00	-1.687230e+02
7.400000e-07	-4.965490e-07	-2.510911e-09	-3.635694e+00	-1.655493e+02
7.500000e-07	-4.356960e-07	-2.456128e-09	-3.190133e+00	-1.622937e+02
7.600000e-07	-3.746754e-07	-2.400279e-09	-2.743345e+00	-1.589011e+02
7.700000e-07	-3.135559e-07	-2.346345e-09	-2.295833e+00	-1.553254e+02
7.800000e-07	-2.523160e-07	-2.289322e-09	-1.847439e+00	-1.515452e+02
7.900000e-07	-1.909893e-07	-2.225290e-09	-1.398409e+00	-1.475696e+02
8.000000e-07	-1.296095e-07	-2.161213e-09	-9.489905e-01	-1.434314e+02
8.100000e-07	-6.815734e-08	-2.097803e-09	-4.990428e-01	-1.391712e+02
8.200000e-07	-6.666920e-09	-2.031314e-09	-4.881468e-02	-1.348182e+02
8.300000e-07	5.481366e-08	-1.962461e-09	4.013414e-01	-1.303762e+02
8.400000e-07	1.162659e-07	-1.891883e-09	8.512902e-01	-1.258198e+02
8.500000e-07	1.776536e-07	-1.819308e-09	1.300766e+00	-1.211014e+02
8.600000e-07	2.390056e-07	-1.742186e-09	1.749981e+00	-1.161673e+02
8.700000e-07	3.003021e-07	-1.661225e-09	2.198789e+00	-1.109748e+02
8.800000e-07	3.615110e-07	-1.577064e-09	2.646956e+00	-1.055046e+02
8.900000e-07	4.225872e-07	-1.489050e-09	3.094151e+00	-9.976399e+01
9.000000e-07	4.834202e-07	-1.396753e-09	3.539565e+00	-9.377863e+01
9.100000e-07	5.440320e-07	-1.301179e-09	3.983361e+00	-8.757857e+01
9.200000e-07	6.044518e-07	-1.204733e-09	4.425750e+00	-8.118229e+01
9.300000e-07	6.646747e-07	-1.105966e-09	4.866697e+00	-7.458591e+01
9.400000e-07	7.246763e-07	-1.001542e-09	5.306024e+00	-6.776119e+01
9.500000e-07	7.844830e-07	-8.902159e-10	5.743924e+00	-6.066296e+01
9.600000e-07	8.441467e-07	-7.743020e-10	6.180777e+00	-5.324289e+01
9.700000e-07	9.037032e-07	-6.565720e-10	6.616846e+00	-4.546459e+01
9.800000e-07	9.630721e-07	-5.345138e-10	7.051540e+00	-3.731469e+01
9.900000e-07	1.022064e-06	-4.051977e-10	7.483476e+00	-2.880635e+01
1.000000e-06	1.080436e-06	-2.708296e-10	7.910868e+00	-1.997475e+01
1.010000e-06	1.138106e-06	-1.322800e-10	8.333128e+00	-1.086696e+01
1.020000e-06	1.195112e-06	1.055163e-11	8.750521e+00	-1.530453e+00
1.030000e-06	1.251484e-06	1.567172e-10	9.163270e+00	7.995141e+00
1.040000e-06	1.307436e-06	3.048631e-10	9.572946e+00	1.768015e+01
1.050000e-06	1.363085e-06	4.552723e-10	9.980406e+00	2.750050e+01
1.060000e-06	1.418423e-06	6.082080e-10	1.038559e+01	3.742917e+01
1.070000e-06	1.473325e-06	7.624300e-10	1.078758e+01	4.742732e+01
1.080000e-06	1.527681e-06	9.165472e-10	1.118556e+01	5.743909e+01
1.090000e-06	1.581547e-06	1.068009e-09	1.157997e+01	6.739252e+01
1.100000e-06	1.634890e-06	1.215050e-09	1.197054e+01	7.720664e+01
1.110000e-06	1.687629e-06	1.360522e-09	1.235669e+01	8.680234e+01
1.120000e-06	1.739755e-06	1.503874e-09	1.273836e+01	9.611303e+01
1.130000e-06	1.791193e-06	1.640217e-09	1.311498e+01	1.050916e+02
1.140000e-06	1.841829e-06	1.768328e-09	1.348573e+01	1.137115e+02
1.150000e-06	1.891455e-06	1.894441e-09	1.384909e+01	1.219617e+02
1.160000e-06	1.940049e-06	2.018155e-09	1.420489e+01	1.298394e+02
1.170000e-06	1.987942e-06	2.131396e-09	1.455556e+01	1.373427e+02
1.180000e-06	2.035244e-06	2.236043e-09	1.490190e+01	1.444667e+02
1.190000e-06	2.081881e-06	2.337046e-09	1.524337e+01	1.512056e+02
1.200000e-06	2.127836e-06	2.433623e-09	1.557985e+01	1.575577e+02
1.210000e-06	2.173057e-06	2.525172e-09	1.591095e+01	1.635320e+02
1.220000e-06	2.217512e-06	2.611807e-09	1.623645e+01	1.691517e+02
1.230000e-06	2.261349e-06	2.692362e-09	1.655742e+01	1.744528e+02
1.240000e-06	2.304685e-06	2.766622e-09	1.687473e+01	1.794769e+02
1.250000e-06	2.347077e-06	2.835609e-09	1.718512e+01	1.842613e+02
1.260000e-06	2.388203e-06	2.903874e-09	1.748624e+01	1.888298e+02
1.270000e-06	2.428333e-06	2.970676e-09	1.778007e+01	1.931882e+02
1.280000e-06	2.467651e-06	3.031727e-09	1.806795e+01	1.973261e+02
1.290000e-06	2.506132e-06	3.088273e-09	1.834970e+01	2.012252e+02
1.300000e-06	2.543779e-06	3.141310e-09	1.862535e+01	2.048701e+02
1.310000e-06	2.580588e-06	3.188709e-09	1.889487e+01	2.082580e+02
1.320000e-06	2.616619e-06	3.231741e-09	1.915869e+01	2.114031e+02
1.330000e-06	2.651946e-06	3.272522e-09	1.941734e+01	2.143341e+02
1.340000e-06	2.686219e-06	3.311590e-09	1.966829e+01	2.170865e+02
1.350000e-06	2.719194e-06	3.348373e-09	1.990973e+01	2.196926e+02
1.360000e-06	2.751129e-06	3.383370e-09	2.014356e+01	2.221738e+02
1.370000e-06	2.782220e-06	3.418133e-09	2.037120e+01	2.245374e+02
1.380000e-06	2.812421e-06	3.451951e-09	2.059233e+01	2.267797e+02
1.390000e-06	2.841667e-06	3.483632e-09	2.080647e+01	2.288924e+02
1.400000e-06	2.869985e-06	3.511428e-09	2.101381e+01	2.308704e+02
1.410000e-06	2.897524e-06	3.536462e-09	2.121545e+01	2.327170e+02
1.420000e-06	2.924071e-06	3.560921e-09	2.140982e+01	2.344445e+02
1.430000e-06	2.949233e-06	3.584435e-09	2.159406e+01	2.360705e+02
1.440000e-06	2.973150e-06	3.606517e-09	2.176918e+01	2.376130e+02
1.450000e-06	2.996013e-06	3.626984e-09	2.193658e+01	2.390844e+02
1.460000e-06	3.017859e-06	3.646316e-09	2.209653e+01	2.404899e+02
1.470000e-06	3.038712e-06	3.665119e-09	2.224921e+01	2.418278e+02
1.480000e-06	3.058676e-06	3.685288e-09	2.239539e+01	2.430933e+02
1.490000e-06	3.077742e-06	3.706591e-09	2.253499e+01	2.442824e+02
1.500000e-06	3.095671e-06	3.725070e-09	2.266627e+01	2.453943e+02
1.510000e-06	3.112481e-06	3.740075e-09	2.278935e+01	2.464323e+02
1.520000e-06	3.128218e-06	3.754134e-09	2.290457e+01	2.474018e+02
1.530000e-06	3.142722e-06	3.766460e-09	2.301077e+01	2.483083e+02
1.540000e-06	3.155966e-06	3.777837e-09	2.310774e+01	2.491558e+02
1.550000e-06	3.168049e-06	3.791558e-09	2.319621e+01	2.499463e+02
1.560000e-06	3.178865e-06	3.805935e-09	2.327541e+01	2.506805e+02
1.570000e-06	3.188202e-06	3.818337e-09	2.334377e+01	2.513595e+02
1.580000e-06	3.196271e-06	3.829022e-09	2.340285e+01	2.519851e+02
1.590000e-06	3.203341e-06	3.837671e-09	2.345462e+01	2.525596e+02
1.600000e-06	3.209311e-06	3.844897e-09	2.349833e+01	2.530850e+02
1.610000e-06	3.214144e-06	3.852799e-09	2.353371e+01	2.535624e+02
1.620000e-06	3.218038e-06	3.860597e-09	2.356222e+01	2.539920e+02
1.630000e-06	3.220895e-06	3.867205e-09	2.358314e+01	2.543748e+02
1.640000e-06	3.222332e-06	3.875025e-09	2.359366e+01	2.547139e+02
1.650000e-06	3.222487e-06	3.883774e-09	2.359480e+01	2.550155e+02
1.660000e-06	3.221639e-06	3.888726e-09	2.358859e+01	2.552873e+02
1.670000e-06	3.219799e-06	3.888900e-09	2.357512e+01	2.555356e+02
1.680000e-06	3.216937e-06	3.891074e-09	2.355417e+01	2.557608e+02
1.690000e-06	3.213200e-06	3.896028e-09	2.352681e+01	2.559555e+02
1.700000e-06	3.208656e-06	3.900730e-09	2.349353e+01	2.561047e+02
1.710000e-06	3.202913e-06	3.904643e-09	2.345149e+01	2.561905e+02
1.720000e-06	3.195796e-06	3.915579e-09	2.339937e+01	2.561991e+02
1.730000e-06	3.187663e-06	3.912015e-09	2.333982e+01	2.561274e+02
1.740000e-06	3.178593e-06	3.867316e-09	2.327341e+01	2.559864e+02
1.750000e-06	3.168007e-06	3.846378e-09	2.319590e+01	2.557989e+02
1.760000e-06	3.155444e-06	3.896029e-09	2.310392e+01	2.555916e+02
1.770000e-06	3.141368e-06	3.963290e-09	2.300085e+01	2.553842e+02
1.780000e-06	3.126856e-06	3.894339e-09	2.289460e+01	2.551811e+02
1.790000e-06	3.111881e-06	3.823239e-09	2.278496e+01	2.549674e+02
1.800000e-06	3.095451e-06	3.929778e-09	2.266466e+01	2.547142e+02
1.810000e-06	3.077779e-06	3.910197e-09	2.253526e+01	2.543893e+02
1.820000e-06	3.059544e-06	3.774798e-09	2.240175e+01	2.539723e+02
1.830000e-06	3.040342e-06	3.873471e-09	2.226115e+01	2.534649e+02
1.840000e-06	3.020000e-06	3.946537e-09	2.211221e+01	2.528951e+02
1.850000e-06	2.998773e-06	3.792304e-09	2.195679e+01	2.523103e+02
1.860000e-06	2.976277e-06	3.823543e-09	2.179207e+01	2.517624e+02
1.870000e-06	2.952409e-06	3.918249e-09	2.161731e+01	2.512902e+02
1.880000e-06	2.927568e-06	3.791434e-09	2.143543e+01	2.509041e+02
1.890000e-06	2.901606e-06	3.788253e-09	2.124534e+01	2.505800e+02
1.900000e-06	2.874436e-06	3.866881e-09	2.104640e+01	2.502646e+02
1.910000e-06	2.846437e-06	3.796962e-09	2.084139e+01	2.498897e+02
1.920000e-06	2.817439e-06	3.798802e-09	2.062907e+01	2.493921e+02
1.930000e-06	2.787224e-06	3.803461e-09	2.040784e+01	2.487315e+02
1.940000e-06	2.755942e-06	3.760995e-09	2.017879e+01	2.479012e+02
1.950000e-06	2.723548e-06	3.790331e-09	1.994161e+01	2.469282e+02
1.960000e-06	2.690225e-06	3.722342e-09	1.969762e+01	2.458635e+02
1.970000e-06	2.656123e-06	3.695430e-09	1.944793e+01	2.447657e+02
1.980000e-06	2.621056e-06	3.784924e-09	1.919117e+01	2.436840e+02
1.990000e-06	2.585230e-06	3.690584e-09	1.892886e+01	2.426454e+02
2.000000e-06	2.548632e-06	3.621331e-09	1.866089e+01	2.416495e+02
2.010000e-06	2.510814e-06	3.695052e-09	1.838399e+01	2.406728e+02
2.020000e-06	2.471770e-06	3.639316e-09	1.809811e+01	2.396793e+02
2.030000e-06	2.431850e-06	3.591493e-09	1.780582e+01	2.386344e+02
2.040000e-06	2.391239e-06	3.614671e-09	1.750847e+01	2.375171e+02
2.050000e-06	2.349833e-06	3.612140e-09	1.720530e+01	2.363266e+02
2.060000e-06	2.307636e-06	3.603586e-09	1.689633e+01	2.350818e+02
2.070000e-06	2.264662e-06	3.531803e-09	1.658169e+01	2.338129e+02
2.080000e-06	2.220988e-06	3.515398e-09	1.626190e+01	2.325497e+02
2.090000e-06	2.176766e-06	3.556025e-09	1.593811e+01	2.313096e+02
2.100000e-06	2.131883e-06	3.493643e-09	1.560948e+01	2.300895e+02
2.110000e-06	2.086131e-06	3.447164e-09	1.527449e+01	2.288659e+02
2.120000e-06	2.039570e-06	3.470117e-09	1.493357e+01	2.276014e+02
2.130000e-06	1.992347e-06	3.468630e-09	1.458781e+01	2.262576e+02
2.140000e-06	1.944353e-06	3.421006e-09	1.423640e+01	2.248085e+02
2.150000e-06	1.895556e-06	3.374255e-09	1.387911e+01	2.232494e+02
2.160000e-06	1.846004e-06	3.381183e-09	1.351630e+01	2.215987e+02
2.170000e-06	1.795763e-06	3.359036e-09	1.314844e+01	2.198906e+02
2.180000e-06	1.744879e-06	3.301788e-09	1.277587e+01	2.181611e+02
2.190000e-06	1.693353e-06	3.290563e-09	1.239860e+01	2.164342e+02
2.200000e-06	1.641243e-06	3.277020e-09	1.201705e+01	2.147111e+02
2.210000e-06	1.588437e-06	3.239287e-09	1.163041e+01	2.129700e+02
2.220000e-06	1.534694e-06	3.195545e-09	1.123691e+01	2.111741e+02
2.230000e-06	1.480002e-06	3.177208e-09	1.083646e+01	2.092865e+02
2.240000e-06	1.424590e-06	3.171285e-09	1.043074e+01	2.072859e+02
2.250000e-06	1.368741e-06	3.125267e-09	1.002182e+01	2.051754e+02
2.260000e-06	1.312569e-06	3.085006e-09	9.610532e+00	2.029817e+02
2.270000e-06	1.255993e-06	3.059581e-09	9.196287e+00	2.007437e+02
2.280000e-06	1.198974e-06	3.018435e-09	8.778795e+00	1.984955e+02
2.290000e-06	1.141536e-06	2.980105e-09	8.358241e+00	1.962504e+02
2.300000e-06	1.083747e-06	2.947159e-09	7.935116e+00	1.939926e+02
2.310000e-06	1.025641e-06	2.916178e-09	7.509667e+00	1.916809e+02
2.320000e-06	9.671866e-07	2.879768e-09	7.081666e+00	1.892631e+02
2.330000e-06	9.083521e-07	2.841726e-09	6.650884e+00	1.866949e+02
2.340000e-06	8.491395e-07	2.808947e-09	6.217335e+00	1.839571e+02
2.350000e-06	7.896127e-07	2.763210e-09	5.781484e+00	1.810619e+02
2.360000e-06	7.298654e-07	2.711668e-09	5.344019e+00	1.780479e+02
2.370000e-06	6.699965e-07	2.663581e-09	4.905663e+00	1.749633e+02
2.380000e-06	6.100349e-07	2.614305e-09	4.466629e+00	1.718460e+02
2.390000e-06	5.499554e-07	2.566672e-09	4.026732e+00	1.687071e+02
2.400000e-06	4.897769e-07	2.518910e-09	3.586109e+00	1.655253e+02
2.410000e-06	4.295010e-07	2.470293e-09	3.144773e+00	1.622540e+02
2.420000e-06	3.690728e-07	2.416052e-09	2.702323e+00	1.588381e+02
2.430000e-06	3.085420e-07	2.361074e-09	2.259121e+00	1.552343e+02
2.440000e-06	2.479774e-07	2.311506e-09	1.815672e+00	1.514254e+02
2.450000e-06	1.873008e-07	2.254601e-09	1.371402e+00	1.474246e+02
2.460000e-06	1.264926e-07	2.188162e-09	9.261690e-01	1.432671e+02
2.470000e-06	6.566420e-08	2.118828e-09	4.807882e-01	1.389927e+02
2.480000e-06	4.815871e-09	2.051219e-09	3.526144e-02	1.346279e+02
2.490000e-06	-5.611871e-08	1.984677e-09	-4.108969e-01	1.301723e+02
2.500000e-06	-1.170120e-07	1.917195e-09	-8.567526e-01	1.255964e+02
2.510000e-06	-1.777940e-07	1.846873e-09	-1.301794e+00	1.208509e+02
2.520000e-06	-2.385106e-07	1.771148e-09	-1.746356e+00	1.158825e+02
2.530000e-06	-2.992069e-07	1.691060e-09	-2.190770e+00	1.106513e+02
2.540000e-06	-3.598625e-07	1.607871e-09	-2.634886e+00	1.051420e+02
2.550000e-06	-4.203366e-07	1.521455e-09	-3.077672e+00	9.936503e+01
2.560000e-06	-4.806560e-07	1.430260e-09	-3.519327e+00	9.334774e+01
2.570000e-06	-5.408960e-07	1.335061e-09	-3.960399e+00	8.711943e+01
2.580000e-06	-6.010251e-07	1.237376e-09	-4.400660e+00	8.069585e+01
2.590000e-06	-6.610520e-07	1.136435e-09	-4.840172e+00	7.406956e+01
2.600000e-06	-7.209548e-07	1.030530e-09	-5.278776e+00	6.720924e+01
2.610000e-06	-7.806936e-07	9.221483e-10	-5.716178e+00	6.006834e+01
2.620000e-06	-8.402398e-07	8.099656e-10	-6.152172e+00	5.259934e+01
2.630000e-06	-8.994639e-07	6.903794e-10	-6.585806e+00	4.476862e+01
2.640000e-06	-9.582505e-07	5.644406e-10	-7.016237e+00	3.656657e+01
2.650000e-06	-1.016629e-06	4.343981e-10	-7.443677e+00	2.800996e+01
2.660000e-06	-1.074689e-06	3.001933e-10	-7.868788e+00	1.913637e+01
2.670000e-06	-1.132370e-06	1.601401e-10	-8.291123e+00	9.993579e+00
2.680000e-06	-1.189583e-06	1.548655e-11	-8.710036e+00	6.283374e-01
2.690000e-06	-1.246319e-06	-1.310414e-10	-9.125449e+00	-8.921176e+00
2.700000e-06	-1.302659e-06	-2.777703e-10	-9.537969e+00	-1.862649e+01
2.710000e-06	-1.358717e-06	-4.262591e-10	-9.948422e+00	-2.846369e+01
2.720000e-06	-1.414466e-06	-5.778621e-10	-1.035661e+01	-3.840457e+01
2.730000e-06	-1.469753e-06	-7.301923e-10	-1.076142e+01	-4.840804e+01
2.740000e-06	-1.524298e-06	-8.825285e-10	-1.116079e+01	-5.841572e+01
2.750000e-06	-1.577931e-06	-1.035556e-09	-1.155349e+01	-6.835382e+01
2.760000e-06	-1.630753e-06	-1.186726e-09	-1.194025e+01	-7.814094e+01
2.770000e-06	-1.682932e-06	-1.331717e-09	-1.232230e+01	-8.769913e+01
2.780000e-06	-1.734492e-06	-1.471438e-09	-1.269981e+01	-9.696430e+01
2.790000e-06	-1.785392e-06	-1.609122e-09	-1.307251e+01	-1.058924e+02
2.800000e-06	-1.835652e-06	-1.741160e-09	-1.344051e+01	-1.144593e+02
2.810000e-06	-1.885182e-06	-1.865700e-09	-1.380316e+01	-1.226560e+02
2.820000e-06	-1.933714e-06	-1.986046e-09	-1.415851e+01	-1.304799e+02
2.830000e-06	-1.981259e-06	-2.101589e-09	-1.450663e+01	-1.379289e+02
2.840000e-06	-2.028096e-06	-2.209290e-09	-1.484956e+01	-1.449977e+02
2.850000e-06	-2.074330e-06	-2.309109e-09	-1.518808e+01	-1.516808e+02
2.860000e-06	-2.119915e-06	-2.404188e-09	-1.552185e+01	-1.579776e+02
2.870000e-06	-2.164816e-06	-2.495484e-09	-1.585062e+01	-1.638990e+02
2.880000e-06	-2.209110e-06	-2.582227e-09	-1.617493e+01	-1.694704e+02
2.890000e-06	-2.252822e-06	-2.665117e-09	-1.649499e+01	-1.747289e+02
2.900000e-06	-2.295823e-06	-2.743150e-09	-1.680984e+01	-1.797162e+02
2.910000e-06	-2.338074e-06	-2.815856e-09	-1.711920e+01	-1.844682e+02
2.920000e-06	-2.379530e-06	-2.885957e-09	-1.742274e+01	-1.890063e+02
2.930000e-06	-2.420157e-06	-2.954631e-09	-1.772020e+01	-1.933337e+02
2.940000e-06	-2.460095e-06	-3.019659e-09	-1.801263e+01	-1.974382e+02
2.950000e-06	-2.499215e-06	-3.080377e-09	-1.829906e+01	-2.013012e+02
2.960000e-06	-2.537154e-06	-3.138023e-09	-1.857685e+01	-2.049087e+02
2.970000e-06	-2.573914e-06	-3.193181e-09	-1.884600e+01	-2.082603e+02
2.980000e-06	-2.609803e-06	-3.243644e-09	-1.910878e+01	-2.113723e+02
2.990000e-06	-2.644864e-06	-3.290133e-09	-1.936549e+01	-2.142751e+02
3.000000e-06	-2.679001e-06	-3.336314e-09	-1.961544e+01	-2.170043e+02
3.010000e-06	-2.712176e-06	-3.380192e-09	-1.985834e+01	-2.195911e+02
3.020000e-06	-2.744500e-06	-3.419203e-09	-2.009502e+01	-2.220549e+02
3.030000e-06	-2.776017e-06	-3.456074e-09	-2.032578e+01	-2.244012e+02
3.040000e-06	-2.806371e-06	-3.490540e-09	-2.054803e+01	-2.266250e+02
3.050000e-06	-2.835434e-06	-3.523105e-09	-2.076083e+01	-2.287181e+02
3.060000e-06	-2.863535e-06	-3.554400e-09	-2.096658e+01	-2.306765e+02
3.070000e-06	-2.890768e-06	-3.583923e-09	-2.116599e+01	-2.325047e+02
3.080000e-06	-2.916967e-06	-3.611743e-09	-2.135781e+01	-2.342160e+02
3.090000e-06	-2.942097e-06	-3.637889e-09	-2.154181e+01	-2.358286e+02
3.100000e-06	-2.966347e-06	-3.663695e-09	-2.171937e+01	-2.373599e+02
3.110000e-06	-2.989754e-06	-3.687515e-09	-2.189075e+01	-2.388213e+02
3.120000e-06	-3.011868e-06	-3.709919e-09	-2.205267e+01	-2.402169e+02
3.130000e-06	-3.032651e-06	-3.730121e-09	-2.220484e+01	-2.415443e+02
3.140000e-06	-3.052466e-06	-3.746346e-09	-2.234992e+01	-2.427986e+02
3.150000e-06	-3.071339e-06	-3.762407e-09	-2.248811e+01	-2.439762e+02
3.160000e-06	-3.089176e-06	-3.780130e-09	-2.261871e+01	-2.450768e+02
3.170000e-06	-3.106021e-06	-3.797160e-09	-2.274205e+01	-2.461041e+02
3.180000e-06	-3.121872e-06	-3.812077e-09	-2.285811e+01	-2.470639e+02
3.190000e-06	-3.136411e-06	-3.824552e-09	-2.296456e+01	-2.479613e+02
3.200000e-06	-3.149469e-06	-3.836798e-09	-2.306017e+01	-2.488001e+02
3.210000e-06	-3.161189e-06	-3.849112e-09	-2.314599e+01	-2.495820e+02
3.220000e-06	-3.171705e-06	-3.859959e-09	-2.322298e+01	-2.503078e+02
3.230000e-06	-3.181096e-06	-3.867848e-09	-2.329174e+01	-2.509786e+02
3.240000e-06	-3.189513e-06	-3.874649e-09	-2.335337e+01	-2.515962e+02
3.250000e-06	-3.196994e-06	-3.883229e-09	-2.340814e+01	-2.521632e+02
3.260000e-06	-3.203135e-06	-3.892327e-09	-2.345311e+01	-2.526813e+02
3.270000e-06	-3.207902e-06	-3.899798e-09	-2.348801e+01	-2.531514e+02
3.280000e-06	-3.211607e-06	-3.904662e-09	-2.351514e+01	-2.535737e+02
3.290000e-06	-3.214289e-06	-3.907875e-09	-2.353478e+01	-2.539495e+02
3.300000e-06	-3.215916e-06	-3.912022e-09	-2.354669e+01	-2.542823e+02
3.310000e-06	-3.216530e-06	-3.916561e-09	-2.355119e+01	-2.545788e+02
