# Temperatura_=_20.0
# Concentracion g/m^3_=_6600.0
# C_Vs_to_Am_M_A/Vsm_=_65563218390.804596
# pendiente_HvsI_1/m_=_3716.3
# ordenada_HvsI_A/m_=_1297.0
# frecuencia_Hz_=_301441.2448563098

Tiempo_(s)	Campo_(V.s)	Magnetizacion_(V.s)	Campo_(kA/m)	Magnetizacion_(A/m)
0.000000e+00	-3.216776e-06	-3.828728e-09	-2.355466e+01	-2.483701e+02
1.000000e-08	-3.215908e-06	-3.832344e-09	-2.354830e+01	-2.486781e+02
2.000000e-08	-3.213688e-06	-3.836348e-09	-2.353204e+01	-2.489546e+02
3.000000e-08	-3.210299e-06	-3.839135e-09	-2.350723e+01	-2.491742e+02
4.000000e-08	-3.206022e-06	-3.840570e-09	-2.347590e+01	-2.493198e+02
5.000000e-08	-3.200765e-06	-3.842632e-09	-2.343742e+01	-2.493898e+02
6.000000e-08	-3.194411e-06	-3.845801e-09	-2.339089e+01	-2.493977e+02
7.000000e-08	-3.187109e-06	-3.851429e-09	-2.333742e+01	-2.493655e+02
8.000000e-08	-3.178818e-06	-3.839374e-09	-2.327671e+01	-2.493131e+02
9.000000e-08	-3.169036e-06	-3.821270e-09	-2.320508e+01	-2.492488e+02
1.000000e-07	-3.157499e-06	-3.821150e-09	-2.312060e+01	-2.491668e+02
1.100000e-07	-3.144595e-06	-3.858691e-09	-2.302611e+01	-2.490508e+02
1.200000e-07	-3.130754e-06	-3.874828e-09	-2.292476e+01	-2.488830e+02
1.300000e-07	-3.115775e-06	-3.809617e-09	-2.281507e+01	-2.486527e+02
1.400000e-07	-3.099440e-06	-3.772451e-09	-2.269547e+01	-2.483624e+02
1.500000e-07	-3.082204e-06	-3.861585e-09	-2.256926e+01	-2.480265e+02
1.600000e-07	-3.064263e-06	-3.792067e-09	-2.243789e+01	-2.476649e+02
1.700000e-07	-3.045239e-06	-3.738023e-09	-2.229858e+01	-2.472957e+02
1.800000e-07	-3.025128e-06	-3.855023e-09	-2.215132e+01	-2.469284e+02
1.900000e-07	-3.004196e-06	-3.815184e-09	-2.199805e+01	-2.465633e+02
2.000000e-07	-2.982310e-06	-3.735283e-09	-2.183779e+01	-2.461940e+02
2.100000e-07	-2.959343e-06	-3.787204e-09	-2.166961e+01	-2.458128e+02
2.200000e-07	-2.935494e-06	-3.762793e-09	-2.149498e+01	-2.454141e+02
2.300000e-07	-2.910578e-06	-3.666277e-09	-2.131254e+01	-2.449942e+02
2.400000e-07	-2.884267e-06	-3.730621e-09	-2.111987e+01	-2.445479e+02
2.500000e-07	-2.856762e-06	-3.773290e-09	-2.091847e+01	-2.440642e+02
2.600000e-07	-2.828294e-06	-3.755064e-09	-2.071002e+01	-2.435242e+02
2.700000e-07	-2.798831e-06	-3.721058e-09	-2.049427e+01	-2.429049e+02
2.800000e-07	-2.768397e-06	-3.654202e-09	-2.027142e+01	-2.421871e+02
2.900000e-07	-2.737149e-06	-3.660882e-09	-2.004261e+01	-2.413645e+02
3.000000e-07	-2.705107e-06	-3.705743e-09	-1.980799e+01	-2.404495e+02
3.100000e-07	-2.671941e-06	-3.635652e-09	-1.956513e+01	-2.394720e+02
3.200000e-07	-2.637508e-06	-3.629018e-09	-1.931300e+01	-2.384702e+02
3.300000e-07	-2.602068e-06	-3.663632e-09	-1.905349e+01	-2.374769e+02
3.400000e-07	-2.565790e-06	-3.572012e-09	-1.878785e+01	-2.365063e+02
3.500000e-07	-2.528624e-06	-3.568916e-09	-1.851570e+01	-2.355480e+02
3.600000e-07	-2.490505e-06	-3.615009e-09	-1.823657e+01	-2.345714e+02
3.700000e-07	-2.451548e-06	-3.564948e-09	-1.795132e+01	-2.335379e+02
3.800000e-07	-2.411966e-06	-3.509039e-09	-1.766148e+01	-2.324173e+02
3.900000e-07	-2.371719e-06	-3.531108e-09	-1.736677e+01	-2.312008e+02
4.000000e-07	-2.330406e-06	-3.525659e-09	-1.706426e+01	-2.299048e+02
4.100000e-07	-2.287905e-06	-3.479797e-09	-1.675305e+01	-2.285644e+02
4.200000e-07	-2.244493e-06	-3.438283e-09	-1.643516e+01	-2.272189e+02
4.300000e-07	-2.200365e-06	-3.421393e-09	-1.611204e+01	-2.258956e+02
4.400000e-07	-2.155494e-06	-3.423632e-09	-1.578348e+01	-2.245992e+02
4.500000e-07	-2.109846e-06	-3.395987e-09	-1.544922e+01	-2.233107e+02
4.600000e-07	-2.063480e-06	-3.383811e-09	-1.510971e+01	-2.219959e+02
4.700000e-07	-2.016428e-06	-3.372752e-09	-1.476517e+01	-2.206195e+02
4.800000e-07	-1.968770e-06	-3.329571e-09	-1.441620e+01	-2.191582e+02
4.900000e-07	-1.920427e-06	-3.275421e-09	-1.406221e+01	-2.176081e+02
5.000000e-07	-1.871036e-06	-3.275459e-09	-1.370055e+01	-2.159833e+02
5.100000e-07	-1.820502e-06	-3.274239e-09	-1.333052e+01	-2.143064e+02
5.200000e-07	-1.769125e-06	-3.229314e-09	-1.295432e+01	-2.125977e+02
5.300000e-07	-1.717056e-06	-3.196372e-09	-1.257304e+01	-2.108655e+02
5.400000e-07	-1.664368e-06	-3.175040e-09	-1.218724e+01	-2.091040e+02
5.500000e-07	-1.611110e-06	-3.147802e-09	-1.179726e+01	-2.072967e+02
5.600000e-07	-1.557270e-06	-3.119553e-09	-1.140302e+01	-2.054248e+02
5.700000e-07	-1.502857e-06	-3.101928e-09	-1.100458e+01	-2.034761e+02
5.800000e-07	-1.447893e-06	-3.063586e-09	-1.060211e+01	-2.014494e+02
5.900000e-07	-1.392526e-06	-3.018042e-09	-1.019669e+01	-1.993544e+02
6.000000e-07	-1.336865e-06	-2.986586e-09	-9.789112e+00	-1.972067e+02
6.100000e-07	-1.280807e-06	-2.961733e-09	-9.378633e+00	-1.950202e+02
6.200000e-07	-1.224231e-06	-2.923150e-09	-8.964357e+00	-1.928009e+02
6.300000e-07	-1.166988e-06	-2.880716e-09	-8.545199e+00	-1.905438e+02
6.400000e-07	-1.108953e-06	-2.855643e-09	-8.120245e+00	-1.882338e+02
6.500000e-07	-1.050334e-06	-2.824536e-09	-7.691009e+00	-1.858497e+02
6.600000e-07	-9.913534e-07	-2.782673e-09	-7.259126e+00	-1.833704e+02
6.700000e-07	-9.320547e-07	-2.736222e-09	-6.824915e+00	-1.807791e+02
6.800000e-07	-8.725083e-07	-2.693015e-09	-6.388890e+00	-1.780676e+02
6.900000e-07	-8.128316e-07	-2.644058e-09	-5.951911e+00	-1.752369e+02
7.000000e-07	-7.530183e-07	-2.598222e-09	-5.513932e+00	-1.722961e+02
7.100000e-07	-6.929908e-07	-2.561394e-09	-5.074384e+00	-1.692592e+02
7.200000e-07	-6.327838e-07	-2.517460e-09	-4.633522e+00	-1.661403e+02
7.300000e-07	-5.724122e-07	-2.465751e-09	-4.191454e+00	-1.629488e+02
7.400000e-07	-5.117823e-07	-2.412543e-09	-3.747495e+00	-1.596853e+02
7.500000e-07	-4.509355e-07	-2.363708e-09	-3.301948e+00	-1.563395e+02
7.600000e-07	-3.899956e-07	-2.311059e-09	-2.855720e+00	-1.528921e+02
7.700000e-07	-3.289418e-07	-2.255567e-09	-2.408657e+00	-1.493197e+02
7.800000e-07	-2.677921e-07	-2.196098e-09	-1.960892e+00	-1.456019e+02
7.900000e-07	-2.065589e-07	-2.136816e-09	-1.512515e+00	-1.417276e+02
8.000000e-07	-1.452149e-07	-2.074506e-09	-1.063328e+00	-1.376986e+02
8.100000e-07	-8.383675e-08	-2.007771e-09	-6.138897e-01	-1.335268e+02
8.200000e-07	-2.244572e-08	-1.943123e-09	-1.643575e-01	-1.292278e+02
8.300000e-07	3.894889e-08	-1.877357e-09	2.852009e-01	-1.248110e+02
8.400000e-07	1.003607e-07	-1.808144e-09	7.348853e-01	-1.202716e+02
8.500000e-07	1.617862e-07	-1.734675e-09	1.184670e+00	-1.155884e+02
8.600000e-07	2.231348e-07	-1.661268e-09	1.633891e+00	-1.107281e+02
8.700000e-07	2.844008e-07	-1.582334e-09	2.082508e+00	-1.056557e+02
8.800000e-07	3.456086e-07	-1.497914e-09	2.530698e+00	-1.003469e+02
8.900000e-07	4.067059e-07	-1.411432e-09	2.978080e+00	-9.479566e+01
9.000000e-07	4.676716e-07	-1.326252e-09	3.424498e+00	-8.901531e+01
9.100000e-07	5.284290e-07	-1.235634e-09	3.869390e+00	-8.303043e+01
9.200000e-07	5.888786e-07	-1.138108e-09	4.312029e+00	-7.686342e+01
9.300000e-07	6.491277e-07	-1.043164e-09	4.753199e+00	-7.052149e+01
9.400000e-07	7.091903e-07	-9.459636e-10	5.193004e+00	-6.398962e+01
9.500000e-07	7.690276e-07	-8.414102e-10	5.631159e+00	-5.723327e+01
9.600000e-07	8.287274e-07	-7.299641e-10	6.068307e+00	-5.020982e+01
9.700000e-07	8.882927e-07	-6.187505e-10	6.504470e+00	-4.288444e+01
9.800000e-07	9.476709e-07	-5.036680e-10	6.939264e+00	-3.524351e+01
9.900000e-07	1.006778e-06	-3.815803e-10	7.372072e+00	-2.730037e+01
1.000000e-06	1.065463e-06	-2.580907e-10	7.801789e+00	-1.909105e+01
1.010000e-06	1.123531e-06	-1.322674e-10	8.226988e+00	-1.066240e+01
1.020000e-06	1.180860e-06	-1.081808e-12	8.646774e+00	-2.058053e+00
1.030000e-06	1.237463e-06	1.321400e-10	9.061247e+00	6.691466e+00
1.040000e-06	1.293474e-06	2.623653e-10	9.471387e+00	1.557037e+01
1.050000e-06	1.349139e-06	3.989554e-10	9.878988e+00	2.457081e+01
1.060000e-06	1.404534e-06	5.427303e-10	1.028462e+01	3.368120e+01
1.070000e-06	1.459525e-06	6.849706e-10	1.068729e+01	4.287531e+01
1.080000e-06	1.514002e-06	8.227306e-10	1.108619e+01	5.210729e+01
1.090000e-06	1.567965e-06	9.628576e-10	1.148133e+01	6.131455e+01
1.100000e-06	1.621419e-06	1.100651e-09	1.187275e+01	7.042705e+01
1.110000e-06	1.674291e-06	1.232021e-09	1.225990e+01	7.937884e+01
1.120000e-06	1.726582e-06	1.365003e-09	1.264280e+01	8.811680e+01
1.130000e-06	1.778267e-06	1.497130e-09	1.302126e+01	9.660375e+01
1.140000e-06	1.829181e-06	1.621003e-09	1.339407e+01	1.048156e+02
1.150000e-06	1.879085e-06	1.738391e-09	1.375949e+01	1.127354e+02
1.160000e-06	1.927924e-06	1.856427e-09	1.411711e+01	1.203480e+02
1.170000e-06	1.975956e-06	1.968439e-09	1.446882e+01	1.276379e+02
1.180000e-06	2.023415e-06	2.071942e-09	1.481634e+01	1.345923e+02
1.190000e-06	2.070260e-06	2.170399e-09	1.515936e+01	1.412055e+02
1.200000e-06	2.116341e-06	2.264728e-09	1.549678e+01	1.474832e+02
1.210000e-06	2.161678e-06	2.354911e-09	1.582876e+01	1.534430e+02
1.220000e-06	2.206286e-06	2.441713e-09	1.615540e+01	1.591103e+02
1.230000e-06	2.250232e-06	2.525379e-09	1.647719e+01	1.645115e+02
1.240000e-06	2.293656e-06	2.602757e-09	1.679516e+01	1.696663e+02
1.250000e-06	2.336333e-06	2.672719e-09	1.710766e+01	1.745838e+02
1.260000e-06	2.377816e-06	2.740353e-09	1.741142e+01	1.792632e+02
1.270000e-06	2.418155e-06	2.807866e-09	1.770680e+01	1.836980e+02
1.280000e-06	2.457675e-06	2.870915e-09	1.799618e+01	1.878827e+02
1.290000e-06	2.496387e-06	2.928835e-09	1.827965e+01	1.918184e+02
1.300000e-06	2.534244e-06	2.983854e-09	1.855685e+01	1.955145e+02
1.310000e-06	2.571260e-06	3.032297e-09	1.882790e+01	1.989875e+02
1.320000e-06	2.607446e-06	3.075200e-09	1.909287e+01	2.022574e+02
1.330000e-06	2.642888e-06	3.117868e-09	1.935239e+01	2.053433e+02
1.340000e-06	2.677432e-06	3.159082e-09	1.960534e+01	2.082611e+02
1.350000e-06	2.710727e-06	3.197606e-09	1.984914e+01	2.110226e+02
1.360000e-06	2.742898e-06	3.235412e-09	2.008471e+01	2.136367e+02
1.370000e-06	2.774215e-06	3.271879e-09	2.031402e+01	2.161107e+02
1.380000e-06	2.804647e-06	3.306518e-09	2.053686e+01	2.184508e+02
1.390000e-06	2.834139e-06	3.338422e-09	2.075282e+01	2.206622e+02
1.400000e-06	2.862689e-06	3.366883e-09	2.096187e+01	2.227487e+02
1.410000e-06	2.890415e-06	3.393178e-09	2.116489e+01	2.247137e+02
1.420000e-06	2.917210e-06	3.418382e-09	2.136110e+01	2.265614e+02
1.430000e-06	2.942701e-06	3.444420e-09	2.154776e+01	2.282995e+02
1.440000e-06	2.966904e-06	3.469106e-09	2.172498e+01	2.299395e+02
1.450000e-06	2.990024e-06	3.491152e-09	2.189427e+01	2.314963e+02
1.460000e-06	3.012141e-06	3.511328e-09	2.205623e+01	2.329839e+02
1.470000e-06	3.033236e-06	3.532370e-09	2.221069e+01	2.344114e+02
1.480000e-06	3.053368e-06	3.553451e-09	2.235810e+01	2.357790e+02
1.490000e-06	3.072643e-06	3.573824e-09	2.249925e+01	2.370779e+02
1.500000e-06	3.090874e-06	3.592387e-09	2.263274e+01	2.382942e+02
1.510000e-06	3.107952e-06	3.607320e-09	2.275780e+01	2.394159e+02
1.520000e-06	3.123952e-06	3.620539e-09	2.287495e+01	2.404397e+02
1.530000e-06	3.138763e-06	3.633387e-09	2.298341e+01	2.413745e+02
1.540000e-06	3.152323e-06	3.646829e-09	2.308270e+01	2.422397e+02
1.550000e-06	3.164716e-06	3.660941e-09	2.317344e+01	2.430577e+02
1.560000e-06	3.175913e-06	3.675669e-09	2.325544e+01	2.438448e+02
1.570000e-06	3.185686e-06	3.689058e-09	2.332700e+01	2.446043e+02
1.580000e-06	3.194089e-06	3.699860e-09	2.338853e+01	2.453249e+02
1.590000e-06	3.201433e-06	3.709917e-09	2.344230e+01	2.459862e+02
1.600000e-06	3.207674e-06	3.719581e-09	2.348801e+01	2.465685e+02
1.610000e-06	3.212808e-06	3.727558e-09	2.352560e+01	2.470630e+02
1.620000e-06	3.216960e-06	3.733335e-09	2.355600e+01	2.474775e+02
1.630000e-06	3.220067e-06	3.738163e-09	2.357875e+01	2.478342e+02
1.640000e-06	3.221829e-06	3.746356e-09	2.359165e+01	2.481609e+02
1.650000e-06	3.222259e-06	3.754237e-09	2.359480e+01	2.484797e+02
1.660000e-06	3.221654e-06	3.758188e-09	2.359037e+01	2.487973e+02
1.670000e-06	3.220055e-06	3.761602e-09	2.357866e+01	2.491029e+02
1.680000e-06	3.217452e-06	3.764085e-09	2.355960e+01	2.493733e+02
1.690000e-06	3.213915e-06	3.767496e-09	2.353370e+01	2.495837e+02
1.700000e-06	3.209518e-06	3.771391e-09	2.350150e+01	2.497188e+02
1.710000e-06	3.204132e-06	3.773858e-09	2.346207e+01	2.497792e+02
1.720000e-06	3.197473e-06	3.771735e-09	2.341331e+01	2.497806e+02
1.730000e-06	3.189658e-06	3.764797e-09	2.335608e+01	2.497450e+02
1.740000e-06	3.180874e-06	3.792216e-09	2.329176e+01	2.496913e+02
1.750000e-06	3.170723e-06	3.788561e-09	2.321743e+01	2.496257e+02
1.760000e-06	3.158710e-06	3.768405e-09	2.312947e+01	2.495405e+02
1.770000e-06	3.145037e-06	3.724447e-09	2.302935e+01	2.494187e+02
1.780000e-06	3.130677e-06	3.761982e-09	2.292419e+01	2.492429e+02
1.790000e-06	3.115951e-06	3.829460e-09	2.281637e+01	2.490041e+02
1.800000e-06	3.099981e-06	3.710482e-09	2.269943e+01	2.487068e+02
1.810000e-06	3.082596e-06	3.741875e-09	2.257213e+01	2.483665e+02
1.820000e-06	3.064482e-06	3.837063e-09	2.243949e+01	2.480034e+02
1.830000e-06	3.045567e-06	3.729370e-09	2.230098e+01	2.476346e+02
1.840000e-06	3.025539e-06	3.682505e-09	2.215433e+01	2.472684e+02
1.850000e-06	3.004561e-06	3.805018e-09	2.200072e+01	2.469037e+02
1.860000e-06	2.982441e-06	3.778687e-09	2.183874e+01	2.465337e+02
1.870000e-06	2.958886e-06	3.704425e-09	2.166627e+01	2.461508e+02
1.880000e-06	2.934264e-06	3.809070e-09	2.148598e+01	2.457498e+02
1.890000e-06	2.908610e-06	3.793088e-09	2.129812e+01	2.453271e+02
1.900000e-06	2.881696e-06	3.686547e-09	2.110105e+01	2.448770e+02
1.910000e-06	2.853830e-06	3.708510e-09	2.089700e+01	2.443870e+02
1.920000e-06	2.825073e-06	3.710837e-09	2.068643e+01	2.438377e+02
1.930000e-06	2.795153e-06	3.748555e-09	2.046734e+01	2.432059e+02
1.940000e-06	2.764125e-06	3.755950e-09	2.024015e+01	2.424736e+02
1.950000e-06	2.732046e-06	3.645734e-09	2.000525e+01	2.416371e+02
1.960000e-06	2.698900e-06	3.703067e-09	1.976253e+01	2.407116e+02
1.970000e-06	2.664921e-06	3.698356e-09	1.951373e+01	2.397288e+02
1.980000e-06	2.630093e-06	3.570564e-09	1.925870e+01	2.387271e+02
1.990000e-06	2.594399e-06	3.662674e-09	1.899733e+01	2.377373e+02
2.000000e-06	2.557965e-06	3.702276e-09	1.873055e+01	2.367701e+02
2.010000e-06	2.520498e-06	3.556457e-09	1.845620e+01	2.358120e+02
2.020000e-06	2.481793e-06	3.581672e-09	1.817278e+01	2.348302e+02
2.030000e-06	2.442058e-06	3.607808e-09	1.788183e+01	2.337863e+02
2.040000e-06	2.401495e-06	3.526083e-09	1.758480e+01	2.326525e+02
2.050000e-06	2.360270e-06	3.523820e-09	1.728294e+01	2.314235e+02
2.060000e-06	2.318338e-06	3.530481e-09	1.697589e+01	2.301193e+02
2.070000e-06	2.275583e-06	3.538567e-09	1.666282e+01	2.287765e+02
2.080000e-06	2.232101e-06	3.493248e-09	1.634443e+01	2.274335e+02
2.090000e-06	2.188003e-06	3.432910e-09	1.602152e+01	2.261148e+02
2.100000e-06	2.143338e-06	3.460974e-09	1.569447e+01	2.248218e+02
2.110000e-06	2.097851e-06	3.434406e-09	1.536139e+01	2.235324e+02
2.120000e-06	2.051510e-06	3.372640e-09	1.502206e+01	2.222113e+02
2.130000e-06	2.004501e-06	3.376599e-09	1.467784e+01	2.208243e+02
2.140000e-06	1.956778e-06	3.391607e-09	1.432839e+01	2.193507e+02
2.150000e-06	1.908282e-06	3.357263e-09	1.397328e+01	2.177893e+02
2.160000e-06	1.858965e-06	3.300499e-09	1.361216e+01	2.161562e+02
2.170000e-06	1.808967e-06	3.285378e-09	1.324605e+01	2.144742e+02
2.180000e-06	1.758324e-06	3.270468e-09	1.287522e+01	2.127625e+02
2.190000e-06	1.706960e-06	3.220846e-09	1.249911e+01	2.110274e+02
2.200000e-06	1.655000e-06	3.212056e-09	1.211864e+01	2.092610e+02
2.210000e-06	1.602401e-06	3.197689e-09	1.173348e+01	2.074461e+02
2.220000e-06	1.548918e-06	3.147407e-09	1.134186e+01	2.055644e+02
2.230000e-06	1.494424e-06	3.110116e-09	1.094283e+01	2.036048e+02
2.240000e-06	1.439154e-06	3.083387e-09	1.053812e+01	2.015681e+02
2.250000e-06	1.383417e-06	3.070755e-09	1.012999e+01	1.994651e+02
2.260000e-06	1.327325e-06	3.034780e-09	9.719261e+00	1.973117e+02
2.270000e-06	1.270839e-06	2.997183e-09	9.305640e+00	1.951210e+02
2.280000e-06	1.213925e-06	2.969284e-09	8.888891e+00	1.928974e+02
2.290000e-06	1.156605e-06	2.919676e-09	8.469172e+00	1.906344e+02
2.300000e-06	1.098919e-06	2.881693e-09	8.046768e+00	1.883157e+02
2.310000e-06	1.040898e-06	2.859498e-09	7.621912e+00	1.859198e+02
2.320000e-06	9.824901e-07	2.827239e-09	7.194226e+00	1.834259e+02
2.330000e-06	9.236972e-07	2.781365e-09	6.763718e+00	1.808183e+02
2.340000e-06	8.645815e-07	2.739074e-09	6.330847e+00	1.780900e+02
2.350000e-06	8.051366e-07	2.705938e-09	5.895565e+00	1.752434e+02
2.360000e-06	7.454374e-07	2.658781e-09	5.458421e+00	1.722885e+02
2.370000e-06	6.855721e-07	2.599996e-09	5.020061e+00	1.692396e+02
2.380000e-06	6.255806e-07	2.553741e-09	4.580777e+00	1.661105e+02
2.390000e-06	5.654790e-07	2.510594e-09	4.140686e+00	1.629095e+02
2.400000e-06	5.052496e-07	2.459537e-09	3.699661e+00	1.596356e+02
2.410000e-06	4.449231e-07	2.405342e-09	3.257923e+00	1.562772e+02
2.420000e-06	3.845066e-07	2.354842e-09	2.815527e+00	1.528140e+02
2.430000e-06	3.240149e-07	2.302512e-09	2.372580e+00	1.492225e+02
2.440000e-06	2.635103e-07	2.238691e-09	1.929538e+00	1.454832e+02
2.450000e-06	2.029318e-07	2.182279e-09	1.485956e+00	1.415870e+02
2.460000e-06	1.421712e-07	2.132184e-09	1.041040e+00	1.375372e+02
2.470000e-06	8.132966e-08	2.069361e-09	5.955316e-01	1.333469e+02
2.480000e-06	2.050599e-08	1.993716e-09	1.501539e-01	1.290313e+02
2.490000e-06	-4.033171e-08	1.922315e-09	-2.953266e-01	1.245982e+02
2.500000e-06	-1.011861e-07	1.859107e-09	-7.409291e-01	1.200405e+02
2.510000e-06	-1.619751e-07	1.787516e-09	-1.186053e+00	1.153347e+02
2.520000e-06	-2.227009e-07	1.710839e-09	-1.630714e+00	1.104467e+02
2.530000e-06	-2.834378e-07	1.636861e-09	-2.075457e+00	1.053423e+02
2.540000e-06	-3.441214e-07	1.558187e-09	-2.519808e+00	9.999923e+01
2.550000e-06	-4.046347e-07	1.469237e-09	-2.962914e+00	9.441461e+01
2.560000e-06	-4.650200e-07	1.380344e-09	-3.405082e+00	8.860398e+01
2.570000e-06	-5.253197e-07	1.293870e-09	-3.846623e+00	8.259248e+01
2.580000e-06	-5.855230e-07	1.198682e-09	-4.287457e+00	7.640108e+01
2.590000e-06	-6.456442e-07	1.096847e-09	-4.727692e+00	7.003402e+01
2.600000e-06	-7.056769e-07	9.974841e-10	-5.167277e+00	6.347309e+01
2.610000e-06	-7.655515e-07	8.969847e-10	-5.605705e+00	5.668173e+01
2.620000e-06	-8.251203e-07	7.864909e-10	-6.041894e+00	4.961746e+01
2.630000e-06	-8.843440e-07	6.715314e-10	-6.475557e+00	4.224777e+01
2.640000e-06	-9.432250e-07	5.569696e-10	-6.906709e+00	3.456278e+01
2.650000e-06	-1.001744e-06	4.375481e-10	-7.335209e+00	2.657955e+01
2.660000e-06	-1.059946e-06	3.099500e-10	-7.761392e+00	1.833652e+01
2.670000e-06	-1.117775e-06	1.798552e-10	-8.184838e+00	9.880875e+00
2.680000e-06	-1.175086e-06	4.651363e-11	-8.604499e+00	1.254836e+00
2.690000e-06	-1.231923e-06	-9.176640e-11	-9.020683e+00	-7.513291e+00
2.700000e-06	-1.288344e-06	-2.271886e-10	-9.433823e+00	-1.640944e+01
2.710000e-06	-1.344423e-06	-3.605051e-10	-9.844458e+00	-2.542599e+01
2.720000e-06	-1.400233e-06	-4.996539e-10	-1.025313e+01	-3.454983e+01
2.730000e-06	-1.455626e-06	-6.442248e-10	-1.065874e+01	-4.375207e+01
2.740000e-06	-1.510321e-06	-7.855319e-10	-1.105923e+01	-5.298410e+01
2.750000e-06	-1.564138e-06	-9.257695e-10	-1.145331e+01	-6.218158e+01
2.760000e-06	-1.617108e-06	-1.068482e-09	-1.184117e+01	-7.127439e+01
2.770000e-06	-1.669399e-06	-1.205308e-09	-1.222407e+01	-8.019796e+01
2.780000e-06	-1.721111e-06	-1.333806e-09	-1.260273e+01	-8.890143e+01
2.790000e-06	-1.772217e-06	-1.463543e-09	-1.297696e+01	-9.734977e+01
2.800000e-06	-1.822721e-06	-1.593726e-09	-1.334676e+01	-1.055203e+02
2.810000e-06	-1.872558e-06	-1.714367e-09	-1.371170e+01	-1.133966e+02
2.820000e-06	-1.921482e-06	-1.830773e-09	-1.406994e+01	-1.209635e+02
2.830000e-06	-1.969287e-06	-1.946947e-09	-1.441999e+01	-1.282056e+02
2.840000e-06	-2.016240e-06	-2.053839e-09	-1.476380e+01	-1.351108e+02
2.850000e-06	-2.062640e-06	-2.148842e-09	-1.510356e+01	-1.416748e+02
2.860000e-06	-2.108427e-06	-2.240162e-09	-1.543883e+01	-1.479053e+02
2.870000e-06	-2.153522e-06	-2.332514e-09	-1.576904e+01	-1.538211e+02
2.880000e-06	-2.198001e-06	-2.422728e-09	-1.609473e+01	-1.594483e+02
2.890000e-06	-2.241914e-06	-2.508060e-09	-1.641628e+01	-1.648128e+02
2.900000e-06	-2.285147e-06	-2.588195e-09	-1.673285e+01	-1.699328e+02
2.910000e-06	-2.327620e-06	-2.662840e-09	-1.704386e+01	-1.748160e+02
2.920000e-06	-2.369285e-06	-2.733910e-09	-1.734895e+01	-1.794603e+02
2.930000e-06	-2.410127e-06	-2.802998e-09	-1.764801e+01	-1.838591e+02
2.940000e-06	-2.450261e-06	-2.868206e-09	-1.794189e+01	-1.880075e+02
2.950000e-06	-2.489577e-06	-2.929003e-09	-1.822978e+01	-1.919076e+02
2.960000e-06	-2.527680e-06	-2.988307e-09	-1.850879e+01	-1.955701e+02
2.970000e-06	-2.564625e-06	-3.046587e-09	-1.877932e+01	-1.990123e+02
2.980000e-06	-2.600760e-06	-3.100171e-09	-1.904391e+01	-2.022543e+02
2.990000e-06	-2.636095e-06	-3.148939e-09	-1.930265e+01	-2.053148e+02
3.000000e-06	-2.670523e-06	-3.197540e-09	-1.955475e+01	-2.082090e+02
3.010000e-06	-2.703981e-06	-3.242620e-09	-1.979974e+01	-2.109484e+02
3.020000e-06	-2.736532e-06	-3.282773e-09	-2.003810e+01	-2.135415e+02
3.030000e-06	-2.768266e-06	-3.321420e-09	-2.027047e+01	-2.159955e+02
3.040000e-06	-2.798951e-06	-3.359680e-09	-2.049515e+01	-2.183164e+02
3.050000e-06	-2.828342e-06	-3.394755e-09	-2.071037e+01	-2.205091e+02
3.060000e-06	-2.856684e-06	-3.427414e-09	-2.091790e+01	-2.225775e+02
3.070000e-06	-2.884185e-06	-3.459525e-09	-2.111927e+01	-2.245249e+02
3.080000e-06	-2.910641e-06	-3.488651e-09	-2.131299e+01	-2.263559e+02
3.090000e-06	-2.936003e-06	-3.515367e-09	-2.149871e+01	-2.280786e+02
3.100000e-06	-2.960477e-06	-3.542607e-09	-2.167792e+01	-2.297052e+02
3.110000e-06	-2.984076e-06	-3.569200e-09	-2.185072e+01	-2.312507e+02
3.120000e-06	-3.006477e-06	-3.592662e-09	-2.201475e+01	-2.327289e+02
3.130000e-06	-3.027582e-06	-3.614324e-09	-2.216929e+01	-2.341475e+02
3.140000e-06	-3.047670e-06	-3.634079e-09	-2.231638e+01	-2.355054e+02
3.150000e-06	-3.066792e-06	-3.651516e-09	-2.245640e+01	-2.367929e+02
3.160000e-06	-3.084835e-06	-3.670334e-09	-2.258852e+01	-2.379957e+02
3.170000e-06	-3.101859e-06	-3.692268e-09	-2.271318e+01	-2.391028e+02
3.180000e-06	-3.117921e-06	-3.710682e-09	-2.283079e+01	-2.401125e+02
3.190000e-06	-3.132832e-06	-3.721804e-09	-2.293997e+01	-2.410355e+02
3.200000e-06	-3.146284e-06	-3.731154e-09	-2.303848e+01	-2.418921e+02
3.210000e-06	-3.158373e-06	-3.744189e-09	-2.312700e+01	-2.427043e+02
3.220000e-06	-3.169263e-06	-3.757510e-09	-2.320674e+01	-2.434870e+02
3.230000e-06	-3.179005e-06	-3.768219e-09	-2.327807e+01	-2.442415e+02
3.240000e-06	-3.187787e-06	-3.777559e-09	-2.334238e+01	-2.449544e+02
3.250000e-06	-3.195533e-06	-3.785978e-09	-2.339910e+01	-2.456049e+02
3.260000e-06	-3.201928e-06	-3.793360e-09	-2.344593e+01	-2.461743e+02
3.270000e-06	-3.206980e-06	-3.801461e-09	-2.348292e+01	-2.466560e+02
3.280000e-06	-3.211000e-06	-3.808239e-09	-2.351236e+01	-2.470601e+02
3.290000e-06	-3.214010e-06	-3.813580e-09	-2.353439e+01	-2.474102e+02
3.300000e-06	-3.215881e-06	-3.818302e-09	-2.354810e+01	-2.477342e+02
3.310000e-06	-3.216710e-06	-3.823437e-09	-2.355417e+01	-2.480523e+02
