# Temperatura_=_20.0
# Concentracion g/m^3_=_6600.0
# C_Vs_to_Am_M_A/Vsm_=_65563218390.804596
# pendiente_HvsI_1/m_=_3716.3
# ordenada_HvsI_A/m_=_1297.0
# frecuencia_Hz_=_302608.48680785595

Tiempo_(s)	Campo_(V.s)	Magnetizacion_(V.s)	Campo_(kA/m)	Magnetizacion_(A/m)
0.000000e+00	-8.025256e-06	-5.120608e-09	-5.756134e+01	-3.353463e+02
1.000000e-08	-8.023059e-06	-5.123731e-09	-5.754559e+01	-3.352857e+02
2.000000e-08	-8.018129e-06	-5.126066e-09	-5.751022e+01	-3.352805e+02
3.000000e-08	-8.010661e-06	-5.124724e-09	-5.745666e+01	-3.353344e+02
4.000000e-08	-8.000364e-06	-5.123606e-09	-5.738280e+01	-3.354062e+02
5.000000e-08	-7.987113e-06	-5.121480e-09	-5.728776e+01	-3.354323e+02
6.000000e-08	-7.970976e-06	-5.117691e-09	-5.717202e+01	-3.353625e+02
7.000000e-08	-7.952259e-06	-5.115167e-09	-5.703777e+01	-3.351912e+02
8.000000e-08	-7.931294e-06	-5.098658e-09	-5.688740e+01	-3.349636e+02
9.000000e-08	-7.907731e-06	-5.116993e-09	-5.671839e+01	-3.347530e+02
1.000000e-07	-7.881053e-06	-5.164100e-09	-5.652705e+01	-3.346214e+02
1.100000e-07	-7.851267e-06	-5.122952e-09	-5.631340e+01	-3.345833e+02
1.200000e-07	-7.818583e-06	-5.089267e-09	-5.607898e+01	-3.345944e+02
1.300000e-07	-7.783033e-06	-5.105452e-09	-5.582399e+01	-3.345720e+02
1.400000e-07	-7.744926e-06	-5.119880e-09	-5.555067e+01	-3.344386e+02
1.500000e-07	-7.704542e-06	-5.103567e-09	-5.526102e+01	-3.341637e+02
1.600000e-07	-7.661810e-06	-5.055413e-09	-5.495452e+01	-3.337830e+02
1.700000e-07	-7.616494e-06	-5.103039e-09	-5.462948e+01	-3.333830e+02
1.800000e-07	-7.568435e-06	-5.069387e-09	-5.428478e+01	-3.330571e+02
1.900000e-07	-7.517525e-06	-5.045761e-09	-5.391963e+01	-3.328565e+02
2.000000e-07	-7.463722e-06	-5.122551e-09	-5.353372e+01	-3.327617e+02
2.100000e-07	-7.407093e-06	-5.065815e-09	-5.312755e+01	-3.326890e+02
2.200000e-07	-7.347734e-06	-5.061814e-09	-5.270180e+01	-3.325304e+02
2.300000e-07	-7.285821e-06	-5.050904e-09	-5.225773e+01	-3.322055e+02
2.400000e-07	-7.221252e-06	-5.028487e-09	-5.179461e+01	-3.316990e+02
2.500000e-07	-7.153861e-06	-5.046670e-09	-5.131124e+01	-3.310658e+02
2.600000e-07	-7.083804e-06	-5.036050e-09	-5.080876e+01	-3.303990e+02
2.700000e-07	-7.010970e-06	-5.042215e-09	-5.028635e+01	-3.297820e+02
2.800000e-07	-6.935244e-06	-4.995065e-09	-4.974321e+01	-3.292470e+02
2.900000e-07	-6.856742e-06	-4.990743e-09	-4.918015e+01	-3.287633e+02
3.000000e-07	-6.775520e-06	-4.982471e-09	-4.859758e+01	-3.282606e+02
3.100000e-07	-6.691897e-06	-4.982725e-09	-4.799779e+01	-3.276719e+02
3.200000e-07	-6.606064e-06	-4.998479e-09	-4.738216e+01	-3.269729e+02
3.300000e-07	-6.517842e-06	-4.961089e-09	-4.674938e+01	-3.261952e+02
3.400000e-07	-6.427201e-06	-4.951215e-09	-4.609925e+01	-3.254053e+02
3.500000e-07	-6.334265e-06	-4.937666e-09	-4.543267e+01	-3.246638e+02
3.600000e-07	-6.239038e-06	-4.934419e-09	-4.474965e+01	-3.239865e+02
3.700000e-07	-6.141463e-06	-4.910424e-09	-4.404979e+01	-3.233313e+02
3.800000e-07	-6.041610e-06	-4.895689e-09	-4.333359e+01	-3.226202e+02
3.900000e-07	-5.939627e-06	-4.892907e-09	-4.260212e+01	-3.217827e+02
4.000000e-07	-5.835504e-06	-4.868674e-09	-4.185529e+01	-3.207988e+02
4.100000e-07	-5.729285e-06	-4.849564e-09	-4.109343e+01	-3.197139e+02
4.200000e-07	-5.621076e-06	-4.844285e-09	-4.031730e+01	-3.186168e+02
4.300000e-07	-5.510918e-06	-4.849180e-09	-3.952719e+01	-3.175905e+02
4.400000e-07	-5.398710e-06	-4.813439e-09	-3.872238e+01	-3.166631e+02
4.500000e-07	-5.284353e-06	-4.787994e-09	-3.790215e+01	-3.157860e+02
4.600000e-07	-5.167960e-06	-4.785180e-09	-3.706732e+01	-3.148552e+02
4.700000e-07	-5.049724e-06	-4.774748e-09	-3.621927e+01	-3.137653e+02
4.800000e-07	-4.929669e-06	-4.740547e-09	-3.535817e+01	-3.124681e+02
4.900000e-07	-4.807807e-06	-4.717091e-09	-3.448411e+01	-3.110044e+02
5.000000e-07	-4.684196e-06	-4.710070e-09	-3.359751e+01	-3.094876e+02
5.100000e-07	-4.558908e-06	-4.683918e-09	-3.269888e+01	-3.080457e+02
5.200000e-07	-4.432002e-06	-4.659064e-09	-3.178864e+01	-3.067512e+02
5.300000e-07	-4.303373e-06	-4.646131e-09	-3.086605e+01	-3.055761e+02
5.400000e-07	-4.173152e-06	-4.628464e-09	-2.993204e+01	-3.043976e+02
5.500000e-07	-4.041414e-06	-4.590185e-09	-2.898714e+01	-3.030562e+02
5.600000e-07	-3.908105e-06	-4.559600e-09	-2.803098e+01	-3.014360e+02
5.700000e-07	-3.773313e-06	-4.539882e-09	-2.706418e+01	-2.995256e+02
5.800000e-07	-3.637048e-06	-4.514024e-09	-2.608682e+01	-2.974266e+02
5.900000e-07	-3.499345e-06	-4.482353e-09	-2.509914e+01	-2.953014e+02
6.000000e-07	-3.360219e-06	-4.454482e-09	-2.410125e+01	-2.932864e+02
6.100000e-07	-3.219635e-06	-4.423093e-09	-2.309291e+01	-2.914152e+02
6.200000e-07	-3.077610e-06	-4.383710e-09	-2.207423e+01	-2.895949e+02
6.300000e-07	-2.934300e-06	-4.351346e-09	-2.104634e+01	-2.876488e+02
6.400000e-07	-2.789959e-06	-4.320301e-09	-2.001105e+01	-2.854075e+02
6.500000e-07	-2.644707e-06	-4.281942e-09	-1.896922e+01	-2.827990e+02
6.600000e-07	-2.498588e-06	-4.237365e-09	-1.792118e+01	-2.798890e+02
6.700000e-07	-2.351609e-06	-4.197312e-09	-1.686697e+01	-2.768477e+02
6.800000e-07	-2.203785e-06	-4.156279e-09	-1.580670e+01	-2.738552e+02
6.900000e-07	-2.055229e-06	-4.109909e-09	-1.474118e+01	-2.709963e+02
7.000000e-07	-1.906035e-06	-4.064423e-09	-1.367109e+01	-2.681997e+02
7.100000e-07	-1.756268e-06	-4.013268e-09	-1.259687e+01	-2.652601e+02
7.200000e-07	-1.605916e-06	-3.955036e-09	-1.151847e+01	-2.619337e+02
7.300000e-07	-1.454975e-06	-3.893515e-09	-1.043584e+01	-2.580608e+02
7.400000e-07	-1.303520e-06	-3.835061e-09	-9.349529e+00	-2.536471e+02
7.500000e-07	-1.151597e-06	-3.771407e-09	-8.259859e+00	-2.488560e+02
7.600000e-07	-9.992177e-07	-3.695112e-09	-7.166913e+00	-2.439074e+02
7.700000e-07	-8.464672e-07	-3.613346e-09	-6.071306e+00	-2.389318e+02
7.800000e-07	-6.934222e-07	-3.530585e-09	-4.973588e+00	-2.338554e+02
7.900000e-07	-5.401183e-07	-3.444211e-09	-3.874012e+00	-2.283842e+02
8.000000e-07	-3.866488e-07	-3.344922e-09	-2.773248e+00	-2.221038e+02
8.100000e-07	-2.330723e-07	-3.233583e-09	-1.671717e+00	-2.146501e+02
8.200000e-07	-7.939651e-08	-3.108667e-09	-5.694734e-01	-2.058583e+02
8.300000e-07	7.434359e-08	-2.964301e-09	5.332312e-01	-1.957986e+02
8.400000e-07	2.280583e-07	-2.798843e-09	1.635754e+00	-1.846554e+02
8.500000e-07	3.817107e-07	-2.611072e-09	2.737830e+00	-1.724864e+02
8.600000e-07	5.353310e-07	-2.395926e-09	3.839675e+00	-1.589735e+02
8.700000e-07	6.888431e-07	-2.142872e-09	4.940744e+00	-1.433023e+02
8.800000e-07	8.421497e-07	-1.841091e-09	6.040339e+00	-1.242717e+02
8.900000e-07	9.951943e-07	-1.483717e-09	7.138056e+00	-1.006425e+02
9.000000e-07	1.147913e-06	-1.063736e-09	8.233437e+00	-7.162204e+01
9.100000e-07	1.300209e-06	-5.623090e-10	9.325780e+00	-3.730897e+01
9.200000e-07	1.452008e-06	2.357283e-11	1.041456e+01	1.090332e+00
9.300000e-07	1.603265e-06	6.606068e-10	1.149946e+01	4.138478e+01
9.400000e-07	1.753912e-06	1.285716e-09	1.257997e+01	8.085071e+01
9.500000e-07	1.903898e-06	1.837339e-09	1.365575e+01	1.168736e+02
9.600000e-07	2.053150e-06	2.283488e-09	1.472627e+01	1.475652e+02
9.700000e-07	2.201565e-06	2.627297e-09	1.579078e+01	1.721480e+02
9.800000e-07	2.349127e-06	2.897201e-09	1.684917e+01	1.909909e+02
9.900000e-07	2.495864e-06	3.118836e-09	1.790164e+01	2.053072e+02
1.000000e-06	2.641725e-06	3.305699e-09	1.894784e+01	2.166517e+02
1.010000e-06	2.786603e-06	3.465981e-09	1.998697e+01	2.264113e+02
1.020000e-06	2.930468e-06	3.605975e-09	2.101885e+01	2.354653e+02
1.030000e-06	3.073253e-06	3.730725e-09	2.204298e+01	2.441044e+02
1.040000e-06	3.214708e-06	3.841744e-09	2.305757e+01	2.521859e+02
1.050000e-06	3.354807e-06	3.941825e-09	2.406244e+01	2.594136e+02
1.060000e-06	3.493660e-06	4.032935e-09	2.505836e+01	2.655997e+02
1.070000e-06	3.631267e-06	4.116115e-09	2.604535e+01	2.707996e+02
1.080000e-06	3.767526e-06	4.192382e-09	2.702267e+01	2.752872e+02
1.090000e-06	3.902329e-06	4.262609e-09	2.798955e+01	2.794149e+02
1.100000e-06	4.035637e-06	4.324627e-09	2.894570e+01	2.834491e+02
1.110000e-06	4.167448e-06	4.379399e-09	2.989112e+01	2.874698e+02
1.120000e-06	4.297837e-06	4.430858e-09	3.082634e+01	2.913759e+02
1.130000e-06	4.426773e-06	4.479128e-09	3.175114e+01	2.949810e+02
1.140000e-06	4.554129e-06	4.521814e-09	3.266460e+01	2.981385e+02
1.150000e-06	4.679939e-06	4.561321e-09	3.356698e+01	3.008277e+02
1.160000e-06	4.804118e-06	4.600782e-09	3.445765e+01	3.031614e+02
1.170000e-06	4.926621e-06	4.636855e-09	3.533631e+01	3.053198e+02
1.180000e-06	5.047446e-06	4.668733e-09	3.620293e+01	3.074527e+02
1.190000e-06	5.166405e-06	4.697669e-09	3.705616e+01	3.096075e+02
1.200000e-06	5.283362e-06	4.724913e-09	3.789505e+01	3.117179e+02
1.210000e-06	5.398285e-06	4.748613e-09	3.871933e+01	3.136575e+02
1.220000e-06	5.511222e-06	4.770900e-09	3.952938e+01	3.153218e+02
1.230000e-06	5.622108e-06	4.791941e-09	4.032471e+01	3.166937e+02
1.240000e-06	5.730938e-06	4.809769e-09	4.110529e+01	3.178574e+02
1.250000e-06	5.837773e-06	4.827059e-09	4.187157e+01	3.189535e+02
1.260000e-06	5.942450e-06	4.846176e-09	4.262237e+01	3.201047e+02
1.270000e-06	6.044949e-06	4.864973e-09	4.335754e+01	3.213517e+02
1.280000e-06	6.145265e-06	4.881319e-09	4.407706e+01	3.226355e+02
1.290000e-06	6.243300e-06	4.896048e-09	4.478022e+01	3.238333e+02
1.300000e-06	6.338971e-06	4.909810e-09	4.546642e+01	3.248285e+02
1.310000e-06	6.432303e-06	4.920771e-09	4.613585e+01	3.255761e+02
1.320000e-06	6.523391e-06	4.929745e-09	4.678918e+01	3.261286e+02
1.330000e-06	6.612145e-06	4.941167e-09	4.742577e+01	3.266100e+02
1.340000e-06	6.698528e-06	4.954676e-09	4.804535e+01	3.271531e+02
1.350000e-06	6.782559e-06	4.966943e-09	4.864807e+01	3.278333e+02
1.360000e-06	6.864207e-06	4.978343e-09	4.923369e+01	3.286335e+02
1.370000e-06	6.943367e-06	4.989007e-09	4.980147e+01	3.294583e+02
1.380000e-06	7.019913e-06	4.999471e-09	5.035050e+01	3.301864e+02
1.390000e-06	7.093805e-06	5.008016e-09	5.088049e+01	3.307346e+02
1.400000e-06	7.165055e-06	5.014547e-09	5.139153e+01	3.310986e+02
1.410000e-06	7.233754e-06	5.021523e-09	5.188428e+01	3.313515e+02
1.420000e-06	7.299917e-06	5.029412e-09	5.235883e+01	3.316026e+02
1.430000e-06	7.363466e-06	5.037954e-09	5.281464e+01	3.319408e+02
1.440000e-06	7.424519e-06	5.044333e-09	5.325255e+01	3.323912e+02
1.450000e-06	7.483030e-06	5.049429e-09	5.367221e+01	3.329084e+02
1.460000e-06	7.538856e-06	5.054770e-09	5.407262e+01	3.334059e+02
1.470000e-06	7.591838e-06	5.060741e-09	5.445264e+01	3.338049e+02
1.480000e-06	7.641702e-06	5.068046e-09	5.481029e+01	3.340752e+02
1.490000e-06	7.688583e-06	5.074432e-09	5.514655e+01	3.342467e+02
1.500000e-06	7.732780e-06	5.079145e-09	5.546355e+01	3.343882e+02
1.510000e-06	7.774221e-06	5.081281e-09	5.576079e+01	3.345668e+02
1.520000e-06	7.812865e-06	5.083456e-09	5.603796e+01	3.348115e+02
1.530000e-06	7.848853e-06	5.087888e-09	5.629609e+01	3.351005e+02
1.540000e-06	7.882002e-06	5.093592e-09	5.653385e+01	3.353782e+02
1.550000e-06	7.912292e-06	5.097532e-09	5.675111e+01	3.355902e+02
1.560000e-06	7.939864e-06	5.099376e-09	5.694887e+01	3.357151e+02
1.570000e-06	7.964485e-06	5.101704e-09	5.712546e+01	3.357762e+02
1.580000e-06	7.986227e-06	5.104481e-09	5.728141e+01	3.358264e+02
1.590000e-06	8.005289e-06	5.107652e-09	5.741813e+01	3.359155e+02
1.600000e-06	8.021456e-06	5.111966e-09	5.753408e+01	3.360609e+02
1.610000e-06	8.034528e-06	5.115948e-09	5.762784e+01	3.362370e+02
1.620000e-06	8.044403e-06	5.117981e-09	5.769868e+01	3.363905e+02
1.630000e-06	8.051228e-06	5.119662e-09	5.774763e+01	3.364722e+02
1.640000e-06	8.055267e-06	5.121278e-09	5.777660e+01	3.364665e+02
1.650000e-06	8.056405e-06	5.123036e-09	5.778476e+01	3.364013e+02
1.660000e-06	8.054757e-06	5.120259e-09	5.777294e+01	3.363325e+02
1.670000e-06	8.050529e-06	5.115064e-09	5.774262e+01	3.363109e+02
1.680000e-06	8.043542e-06	5.119200e-09	5.769250e+01	3.363521e+02
1.690000e-06	8.033827e-06	5.123522e-09	5.762282e+01	3.364249e+02
1.700000e-06	8.021305e-06	5.124940e-09	5.753301e+01	3.364680e+02
1.710000e-06	8.005978e-06	5.127605e-09	5.742307e+01	3.364246e+02
1.720000e-06	7.988197e-06	5.130601e-09	5.729554e+01	3.362760e+02
1.730000e-06	7.968130e-06	5.140119e-09	5.715160e+01	3.360558e+02
1.740000e-06	7.945404e-06	5.075798e-09	5.698860e+01	3.358337e+02
1.750000e-06	7.919311e-06	5.068544e-09	5.680145e+01	3.356785e+02
1.760000e-06	7.889489e-06	5.126022e-09	5.658755e+01	3.356187e+02
1.770000e-06	7.856414e-06	5.121708e-09	5.635032e+01	3.356241e+02
1.780000e-06	7.820977e-06	5.095566e-09	5.609615e+01	3.356181e+02
1.790000e-06	7.783195e-06	5.110425e-09	5.582515e+01	3.355175e+02
1.800000e-06	7.743158e-06	5.154051e-09	5.553799e+01	3.352769e+02
1.810000e-06	7.701168e-06	5.039666e-09	5.523681e+01	3.349157e+02
1.820000e-06	7.656659e-06	5.109673e-09	5.491757e+01	3.345109e+02
1.830000e-06	7.609395e-06	5.142536e-09	5.457857e+01	3.341590e+02
1.840000e-06	7.559358e-06	5.059420e-09	5.421968e+01	3.339257e+02
1.850000e-06	7.506188e-06	5.138217e-09	5.383831e+01	3.338100e+02
1.860000e-06	7.450133e-06	5.044800e-09	5.343626e+01	3.337416e+02
1.870000e-06	7.391451e-06	5.100722e-09	5.301536e+01	3.336137e+02
1.880000e-06	7.330053e-06	5.106012e-09	5.257498e+01	3.333345e+02
1.890000e-06	7.265912e-06	5.058585e-09	5.211493e+01	3.328705e+02
1.900000e-06	7.198934e-06	5.102001e-09	5.163453e+01	3.322606e+02
1.910000e-06	7.129127e-06	5.026546e-09	5.113383e+01	3.315929e+02
1.920000e-06	7.056552e-06	5.088564e-09	5.061329e+01	3.309578e+02
1.930000e-06	6.981297e-06	5.046032e-09	5.007352e+01	3.304025e+02
1.940000e-06	6.903236e-06	5.062719e-09	4.951363e+01	3.299115e+02
1.950000e-06	6.822521e-06	5.056716e-09	4.893470e+01	3.294204e+02
1.960000e-06	6.739398e-06	4.982113e-09	4.833850e+01	3.288574e+02
1.970000e-06	6.653661e-06	5.017261e-09	4.772355e+01	3.281849e+02
1.980000e-06	6.565396e-06	4.980416e-09	4.709046e+01	3.274211e+02
1.990000e-06	6.474863e-06	5.014156e-09	4.644111e+01	3.266272e+02
2.000000e-06	6.382102e-06	4.982788e-09	4.577578e+01	3.258697e+02
2.010000e-06	6.287024e-06	4.985530e-09	4.509383e+01	3.251779e+02
2.020000e-06	6.189733e-06	4.970057e-09	4.439601e+01	3.245235e+02
2.030000e-06	6.090241e-06	4.932629e-09	4.368240e+01	3.238338e+02
2.040000e-06	5.988481e-06	4.944162e-09	4.295253e+01	3.230320e+02
2.050000e-06	5.884578e-06	4.936118e-09	4.220728e+01	3.220827e+02
2.060000e-06	5.778653e-06	4.926137e-09	4.144753e+01	3.210155e+02
2.070000e-06	5.670793e-06	4.875881e-09	4.067390e+01	3.199122e+02
2.080000e-06	5.560962e-06	4.881490e-09	3.988613e+01	3.188626e+02
2.090000e-06	5.449116e-06	4.872783e-09	3.908392e+01	3.179117e+02
2.100000e-06	5.335167e-06	4.854216e-09	3.826662e+01	3.170301e+02
2.110000e-06	5.219088e-06	4.829033e-09	3.743403e+01	3.161235e+02
2.120000e-06	5.101039e-06	4.827178e-09	3.658732e+01	3.150806e+02
2.130000e-06	4.981121e-06	4.802509e-09	3.572721e+01	3.138348e+02
2.140000e-06	4.859390e-06	4.767071e-09	3.485409e+01	3.124040e+02
2.150000e-06	4.735907e-06	4.761024e-09	3.396841e+01	3.108875e+02
2.160000e-06	4.610659e-06	4.750871e-09	3.307006e+01	3.094165e+02
2.170000e-06	4.483651e-06	4.722423e-09	3.215909e+01	3.080833e+02
2.180000e-06	4.355014e-06	4.688117e-09	3.123645e+01	3.068865e+02
2.190000e-06	4.224876e-06	4.684232e-09	3.030302e+01	3.057234e+02
2.200000e-06	4.093224e-06	4.667656e-09	2.935875e+01	3.044365e+02
2.210000e-06	3.960024e-06	4.641458e-09	2.840337e+01	3.028915e+02
2.220000e-06	3.825369e-06	4.611422e-09	2.743755e+01	3.010478e+02
2.230000e-06	3.689263e-06	4.589813e-09	2.646133e+01	2.989815e+02
2.240000e-06	3.551716e-06	4.553316e-09	2.547477e+01	2.968472e+02
2.250000e-06	3.412744e-06	4.519928e-09	2.447799e+01	2.947963e+02
2.260000e-06	3.272344e-06	4.497982e-09	2.347097e+01	2.928929e+02
2.270000e-06	3.130693e-06	4.473510e-09	2.245497e+01	2.910742e+02
2.280000e-06	2.987892e-06	4.436679e-09	2.143073e+01	2.891772e+02
2.290000e-06	2.843985e-06	4.397031e-09	2.039855e+01	2.870213e+02
2.300000e-06	2.699019e-06	4.363208e-09	1.935878e+01	2.845035e+02
2.310000e-06	2.553112e-06	4.322840e-09	1.831226e+01	2.816555e+02
2.320000e-06	2.406303e-06	4.281795e-09	1.725926e+01	2.786283e+02
2.330000e-06	2.258686e-06	4.238126e-09	1.620048e+01	2.756102e+02
2.340000e-06	2.110322e-06	4.191504e-09	1.513634e+01	2.727179e+02
2.350000e-06	1.961189e-06	4.143559e-09	1.406668e+01	2.699207e+02
2.360000e-06	1.811393e-06	4.096148e-09	1.299226e+01	2.670400e+02
2.370000e-06	1.661096e-06	4.047075e-09	1.191425e+01	2.638303e+02
2.380000e-06	1.510344e-06	3.992177e-09	1.083298e+01	2.601003e+02
2.390000e-06	1.359131e-06	3.931264e-09	9.748398e+00	2.558113e+02
2.400000e-06	1.207485e-06	3.865980e-09	8.660712e+00	2.510934e+02
2.410000e-06	1.055405e-06	3.795679e-09	7.569918e+00	2.461658e+02
2.420000e-06	9.029274e-07	3.720171e-09	6.476269e+00	2.411945e+02
2.430000e-06	7.501780e-07	3.639807e-09	5.380670e+00	2.361628e+02
2.440000e-06	5.972157e-07	3.551691e-09	4.283544e+00	2.308268e+02
2.450000e-06	4.440173e-07	3.450072e-09	3.184725e+00	2.247877e+02
2.460000e-06	2.906621e-07	3.337047e-09	2.084781e+00	2.176520e+02
2.470000e-06	1.371696e-07	3.214335e-09	9.838521e-01	2.091962e+02
2.480000e-06	-1.644041e-08	3.077885e-09	-1.179192e-01	1.994369e+02
2.490000e-06	-1.700521e-07	2.921101e-09	-1.219703e+00	1.885493e+02
2.500000e-06	-3.235556e-07	2.738352e-09	-2.320710e+00	1.766481e+02
2.510000e-06	-4.770008e-07	2.527578e-09	-3.421300e+00	1.635279e+02
2.520000e-06	-6.303401e-07	2.285270e-09	-4.521129e+00	1.484977e+02
2.530000e-06	-7.834524e-07	2.003262e-09	-5.619331e+00	1.304292e+02
2.540000e-06	-9.362516e-07	1.666271e-09	-6.715287e+00	1.080497e+02
2.550000e-06	-1.088725e-06	1.261592e-09	-7.808904e+00	8.040844e+01
2.560000e-06	-1.240872e-06	7.795923e-10	-8.900184e+00	4.734915e+01
2.570000e-06	-1.392574e-06	2.131072e-10	-9.988272e+00	9.798701e+00
2.580000e-06	-1.543796e-06	-4.190528e-10	-1.107291e+01	-3.026696e+01
2.590000e-06	-1.694495e-06	-1.059750e-09	-1.215380e+01	-7.020119e+01
2.600000e-06	-1.844586e-06	-1.644112e-09	-1.323034e+01	-1.072995e+02
2.610000e-06	-1.993979e-06	-2.131186e-09	-1.430186e+01	-1.394439e+02
2.620000e-06	-2.142619e-06	-2.513661e-09	-1.536799e+01	-1.655615e+02
2.630000e-06	-2.290446e-06	-2.809103e-09	-1.642828e+01	-1.857512e+02
2.640000e-06	-2.437388e-06	-3.043952e-09	-1.748222e+01	-2.010576e+02
2.650000e-06	-2.583405e-06	-3.241286e-09	-1.852953e+01	-2.130011e+02
2.660000e-06	-2.728423e-06	-3.412056e-09	-1.956968e+01	-2.230514e+02
2.670000e-06	-2.872357e-06	-3.560348e-09	-2.060205e+01	-2.322330e+02
2.680000e-06	-3.015162e-06	-3.692367e-09	-2.162633e+01	-2.409768e+02
2.690000e-06	-3.156787e-06	-3.811498e-09	-2.264213e+01	-2.492248e+02
2.700000e-06	-3.297165e-06	-3.917180e-09	-2.364899e+01	-2.566916e+02
2.710000e-06	-3.436236e-06	-4.011039e-09	-2.464649e+01	-2.631435e+02
2.720000e-06	-3.573957e-06	-4.094395e-09	-2.563429e+01	-2.685712e+02
2.730000e-06	-3.710312e-06	-4.172313e-09	-2.661230e+01	-2.732042e+02
2.740000e-06	-3.845347e-06	-4.245257e-09	-2.758085e+01	-2.773914e+02
2.750000e-06	-3.979054e-06	-4.311654e-09	-2.853986e+01	-2.814337e+02
2.760000e-06	-4.111342e-06	-4.371958e-09	-2.948870e+01	-2.854615e+02
2.770000e-06	-4.242192e-06	-4.427864e-09	-3.042723e+01	-2.894127e+02
2.780000e-06	-4.371548e-06	-4.482837e-09	-3.135503e+01	-2.931107e+02
2.790000e-06	-4.499314e-06	-4.534045e-09	-3.227144e+01	-2.963880e+02
2.800000e-06	-4.625585e-06	-4.579058e-09	-3.317712e+01	-2.991885e+02
2.810000e-06	-4.750310e-06	-4.621029e-09	-3.407171e+01	-3.015954e+02
2.820000e-06	-4.873318e-06	-4.663064e-09	-3.495399e+01	-3.037810e+02
2.830000e-06	-4.994550e-06	-4.700983e-09	-3.582353e+01	-3.059114e+02
2.840000e-06	-5.113998e-06	-4.731626e-09	-3.668027e+01	-3.080633e+02
2.850000e-06	-5.231578e-06	-4.762714e-09	-3.752362e+01	-3.101959e+02
2.860000e-06	-5.346955e-06	-4.793365e-09	-3.835117e+01	-3.121905e+02
2.870000e-06	-5.460061e-06	-4.818065e-09	-3.916242e+01	-3.139296e+02
2.880000e-06	-5.571047e-06	-4.840552e-09	-3.995847e+01	-3.153706e+02
2.890000e-06	-5.679981e-06	-4.864365e-09	-4.073980e+01	-3.165744e+02
2.900000e-06	-5.786976e-06	-4.887418e-09	-4.150722e+01	-3.176741e+02
2.910000e-06	-5.891940e-06	-4.907629e-09	-4.226008e+01	-3.188040e+02
2.920000e-06	-5.994767e-06	-4.927617e-09	-4.299761e+01	-3.200292e+02
2.930000e-06	-6.095409e-06	-4.945848e-09	-4.371947e+01	-3.213141e+02
2.940000e-06	-6.193779e-06	-4.960999e-09	-4.442503e+01	-3.225461e+02
2.950000e-06	-6.289893e-06	-4.974304e-09	-4.511441e+01	-3.236001e+02
2.960000e-06	-6.383747e-06	-4.986398e-09	-4.578758e+01	-3.244087e+02
2.970000e-06	-6.475334e-06	-4.996806e-09	-4.644449e+01	-3.250005e+02
2.980000e-06	-6.564612e-06	-5.007330e-09	-4.708484e+01	-3.254866e+02
2.990000e-06	-6.651492e-06	-5.019133e-09	-4.770799e+01	-3.260043e+02
3.000000e-06	-6.735922e-06	-5.027616e-09	-4.831357e+01	-3.266483e+02
3.010000e-06	-6.817934e-06	-5.033551e-09	-4.890180e+01	-3.274254e+02
3.020000e-06	-6.897461e-06	-5.041218e-09	-4.947221e+01	-3.282557e+02
3.030000e-06	-6.974363e-06	-5.050881e-09	-5.002379e+01	-3.290185e+02
3.040000e-06	-7.048660e-06	-5.058983e-09	-5.055668e+01	-3.296158e+02
3.050000e-06	-7.120377e-06	-5.065738e-09	-5.107108e+01	-3.300218e+02
3.060000e-06	-7.189505e-06	-5.072834e-09	-5.156690e+01	-3.302929e+02
3.070000e-06	-7.256101e-06	-5.078126e-09	-5.204456e+01	-3.305347e+02
3.080000e-06	-7.320123e-06	-5.080815e-09	-5.250376e+01	-3.308461e+02
3.090000e-06	-7.381545e-06	-5.085095e-09	-5.294431e+01	-3.312705e+02
3.100000e-06	-7.440389e-06	-5.091063e-09	-5.336637e+01	-3.317785e+02
3.110000e-06	-7.496519e-06	-5.095348e-09	-5.376896e+01	-3.322897e+02
3.120000e-06	-7.549800e-06	-5.098896e-09	-5.415112e+01	-3.327188e+02
3.130000e-06	-7.600059e-06	-5.104288e-09	-5.451161e+01	-3.330209e+02
3.140000e-06	-7.647284e-06	-5.110242e-09	-5.485033e+01	-3.332119e+02
3.150000e-06	-7.691862e-06	-5.113471e-09	-5.517007e+01	-3.333540e+02
3.160000e-06	-7.734008e-06	-5.114864e-09	-5.547236e+01	-3.335190e+02
3.170000e-06	-7.773476e-06	-5.117139e-09	-5.575544e+01	-3.337475e+02
3.180000e-06	-7.810082e-06	-5.120049e-09	-5.601800e+01	-3.340300e+02
3.190000e-06	-7.843968e-06	-5.121737e-09	-5.626105e+01	-3.343167e+02
3.200000e-06	-7.875011e-06	-5.123217e-09	-5.648371e+01	-3.345490e+02
3.210000e-06	-7.903081e-06	-5.125532e-09	-5.668504e+01	-3.346954e+02
3.220000e-06	-7.928369e-06	-5.126499e-09	-5.686642e+01	-3.347685e+02
3.230000e-06	-7.950777e-06	-5.126926e-09	-5.702714e+01	-3.348162e+02
3.240000e-06	-7.970289e-06	-5.128491e-09	-5.716709e+01	-3.348926e+02
3.250000e-06	-7.987005e-06	-5.130074e-09	-5.728699e+01	-3.350250e+02
3.260000e-06	-8.000624e-06	-5.129611e-09	-5.738467e+01	-3.351981e+02
3.270000e-06	-8.011094e-06	-5.128121e-09	-5.745977e+01	-3.353628e+02
3.280000e-06	-8.018672e-06	-5.128103e-09	-5.751412e+01	-3.354659e+02
3.290000e-06	-8.023377e-06	-5.128868e-09	-5.754786e+01	-3.354813e+02
3.300000e-06	-8.025311e-06	-5.126483e-09	-5.756174e+01	-3.354266e+02
