# Temperatura_=_20.0
# Concentracion g/m^3_=_6600.0
# C_Vs_to_Am_M_A/Vsm_=_65563218390.804596
# pendiente_HvsI_1/m_=_3716.3
# ordenada_HvsI_A/m_=_1297.0
# frecuencia_Hz_=_302603.48829924397

Tiempo_(s)	Campo_(V.s)	Magnetizacion_(V.s)	Campo_(kA/m)	Magnetizacion_(A/m)
0.000000e+00	-7.964017e-06	-5.175456e-09	-5.755841e+01	-3.385217e+02
1.000000e-08	-7.961495e-06	-5.176054e-09	-5.754019e+01	-3.384332e+02
2.000000e-08	-7.956280e-06	-5.175126e-09	-5.750250e+01	-3.384540e+02
3.000000e-08	-7.948523e-06	-5.174154e-09	-5.744643e+01	-3.385631e+02
4.000000e-08	-7.938003e-06	-5.172936e-09	-5.737040e+01	-3.386848e+02
5.000000e-08	-7.924534e-06	-5.171375e-09	-5.727306e+01	-3.387276e+02
6.000000e-08	-7.908134e-06	-5.168422e-09	-5.715453e+01	-3.386343e+02
7.000000e-08	-7.889185e-06	-5.163686e-09	-5.701758e+01	-3.384145e+02
8.000000e-08	-7.867991e-06	-5.151529e-09	-5.686440e+01	-3.381407e+02
9.000000e-08	-7.844198e-06	-5.165731e-09	-5.669245e+01	-3.379101e+02
1.000000e-07	-7.817287e-06	-5.181396e-09	-5.649795e+01	-3.377906e+02
1.100000e-07	-7.787279e-06	-5.161568e-09	-5.628107e+01	-3.377821e+02
1.200000e-07	-7.754388e-06	-5.148415e-09	-5.604336e+01	-3.378129e+02
1.300000e-07	-7.718714e-06	-5.150780e-09	-5.578553e+01	-3.377763e+02
1.400000e-07	-7.680567e-06	-5.155531e-09	-5.550984e+01	-3.375864e+02
1.500000e-07	-7.640185e-06	-5.135958e-09	-5.521798e+01	-3.372257e+02
1.600000e-07	-7.597458e-06	-5.119312e-09	-5.490918e+01	-3.367555e+02
1.700000e-07	-7.552161e-06	-5.143402e-09	-5.458180e+01	-3.362850e+02
1.800000e-07	-7.504200e-06	-5.122696e-09	-5.423517e+01	-3.359122e+02
1.900000e-07	-7.453407e-06	-5.145677e-09	-5.386808e+01	-3.356708e+02
2.000000e-07	-7.399615e-06	-5.152151e-09	-5.347931e+01	-3.355094e+02
2.100000e-07	-7.343010e-06	-5.102077e-09	-5.307020e+01	-3.353181e+02
2.200000e-07	-7.283798e-06	-5.090548e-09	-5.264226e+01	-3.349865e+02
2.300000e-07	-7.222017e-06	-5.051105e-09	-5.219575e+01	-3.344657e+02
2.400000e-07	-7.157588e-06	-5.064288e-09	-5.173010e+01	-3.337978e+02
2.500000e-07	-7.090378e-06	-5.089819e-09	-5.124436e+01	-3.330978e+02
2.600000e-07	-7.020446e-06	-5.092051e-09	-5.073894e+01	-3.324949e+02
2.700000e-07	-6.947791e-06	-5.074627e-09	-5.021383e+01	-3.320642e+02
2.800000e-07	-6.872288e-06	-5.050462e-09	-4.966815e+01	-3.317844e+02
2.900000e-07	-6.794003e-06	-5.050687e-09	-4.910236e+01	-3.315452e+02
3.000000e-07	-6.713055e-06	-5.038175e-09	-4.851733e+01	-3.312016e+02
3.100000e-07	-6.629646e-06	-5.039117e-09	-4.791450e+01	-3.306478e+02
3.200000e-07	-6.543995e-06	-5.035262e-09	-4.729548e+01	-3.298715e+02
3.300000e-07	-6.456023e-06	-5.015638e-09	-4.665968e+01	-3.289609e+02
3.400000e-07	-6.365663e-06	-5.000461e-09	-4.600662e+01	-3.280581e+02
3.500000e-07	-6.273044e-06	-4.986169e-09	-4.533723e+01	-3.272855e+02
3.600000e-07	-6.178170e-06	-4.978936e-09	-4.465155e+01	-3.266809e+02
3.700000e-07	-6.081033e-06	-4.960211e-09	-4.394951e+01	-3.261778e+02
3.800000e-07	-5.981667e-06	-4.949335e-09	-4.323136e+01	-3.256403e+02
3.900000e-07	-5.880083e-06	-4.945961e-09	-4.249718e+01	-3.249345e+02
4.000000e-07	-5.776401e-06	-4.928243e-09	-4.174783e+01	-3.239990e+02
4.100000e-07	-5.670680e-06	-4.909111e-09	-4.098376e+01	-3.228763e+02
4.200000e-07	-5.562963e-06	-4.901614e-09	-4.020526e+01	-3.216894e+02
4.300000e-07	-5.453296e-06	-4.885712e-09	-3.941266e+01	-3.205746e+02
4.400000e-07	-5.341667e-06	-4.851078e-09	-3.860588e+01	-3.196080e+02
4.500000e-07	-5.228039e-06	-4.838971e-09	-3.778465e+01	-3.187645e+02
4.600000e-07	-5.112340e-06	-4.842151e-09	-3.694846e+01	-3.179310e+02
4.700000e-07	-4.994686e-06	-4.825061e-09	-3.609814e+01	-3.169685e+02
4.800000e-07	-4.875281e-06	-4.796824e-09	-3.523517e+01	-3.157871e+02
4.900000e-07	-4.754096e-06	-4.779685e-09	-3.435932e+01	-3.143946e+02
5.000000e-07	-4.631131e-06	-4.761616e-09	-3.347062e+01	-3.128913e+02
5.100000e-07	-4.506487e-06	-4.730500e-09	-3.256978e+01	-3.114127e+02
5.200000e-07	-4.380195e-06	-4.711617e-09	-3.165702e+01	-3.100517e+02
5.300000e-07	-4.252351e-06	-4.702074e-09	-3.073306e+01	-3.088032e+02
5.400000e-07	-4.122929e-06	-4.676559e-09	-2.979769e+01	-3.075620e+02
5.500000e-07	-3.991897e-06	-4.642388e-09	-2.885068e+01	-3.061772e+02
5.600000e-07	-3.859279e-06	-4.619928e-09	-2.789220e+01	-3.045341e+02
5.700000e-07	-3.725136e-06	-4.597667e-09	-2.692271e+01	-3.026183e+02
5.800000e-07	-3.589662e-06	-4.562264e-09	-2.594360e+01	-3.005265e+02
5.900000e-07	-3.452902e-06	-4.530922e-09	-2.495519e+01	-2.984144e+02
6.000000e-07	-3.314774e-06	-4.505299e-09	-2.395690e+01	-2.964103e+02
6.100000e-07	-3.175275e-06	-4.469508e-09	-2.294869e+01	-2.945397e+02
6.200000e-07	-3.034403e-06	-4.429637e-09	-2.193057e+01	-2.927045e+02
6.300000e-07	-2.892196e-06	-4.400538e-09	-2.090279e+01	-2.907301e+02
6.400000e-07	-2.748828e-06	-4.369963e-09	-1.986663e+01	-2.884582e+02
6.500000e-07	-2.604471e-06	-4.327291e-09	-1.882332e+01	-2.858335e+02
6.600000e-07	-2.459236e-06	-4.286750e-09	-1.777366e+01	-2.829368e+02
6.700000e-07	-2.313140e-06	-4.250992e-09	-1.671778e+01	-2.799421e+02
6.800000e-07	-2.166227e-06	-4.207491e-09	-1.565599e+01	-2.770167e+02
6.900000e-07	-2.018582e-06	-4.157000e-09	-1.458892e+01	-2.742188e+02
7.000000e-07	-1.870317e-06	-4.109910e-09	-1.351736e+01	-2.714486e+02
7.100000e-07	-1.721476e-06	-4.060035e-09	-1.244164e+01	-2.684859e+02
7.200000e-07	-1.572055e-06	-4.001544e-09	-1.136173e+01	-2.650964e+02
7.300000e-07	-1.422132e-06	-3.941044e-09	-1.027819e+01	-2.611541e+02
7.400000e-07	-1.271826e-06	-3.881542e-09	-9.191883e+00	-2.567080e+02
7.500000e-07	-1.121212e-06	-3.815648e-09	-8.103348e+00	-2.519513e+02
7.600000e-07	-9.702066e-07	-3.740140e-09	-7.011983e+00	-2.471000e+02
7.700000e-07	-8.187796e-07	-3.663102e-09	-5.917573e+00	-2.422405e+02
7.800000e-07	-6.670610e-07	-3.582614e-09	-4.821056e+00	-2.372297e+02
7.900000e-07	-5.150929e-07	-3.492131e-09	-3.722736e+00	-2.317102e+02
8.000000e-07	-3.629262e-07	-3.388666e-09	-2.622980e+00	-2.252430e+02
8.100000e-07	-2.106274e-07	-3.273434e-09	-1.522269e+00	-2.174963e+02
8.200000e-07	-5.817134e-08	-3.143807e-09	-4.204223e-01	-2.083846e+02
8.300000e-07	9.436383e-08	-2.994297e-09	6.819966e-01	-1.980655e+02
8.400000e-07	2.468954e-07	-2.825924e-09	1.784390e+00	-1.867652e+02
8.500000e-07	3.993803e-07	-2.635712e-09	2.886445e+00	-1.744950e+02
8.600000e-07	5.517975e-07	-2.414786e-09	3.988011e+00	-1.607921e+02
8.700000e-07	7.040428e-07	-2.151342e-09	5.088335e+00	-1.446348e+02
8.800000e-07	8.560043e-07	-1.836701e-09	6.186608e+00	-1.246265e+02
8.900000e-07	1.007695e-06	-1.462652e-09	7.282925e+00	-9.942897e+01
9.000000e-07	1.158992e-06	-1.013473e-09	8.376393e+00	-6.831100e+01
9.100000e-07	1.309833e-06	-4.713235e-10	9.466568e+00	-3.160319e+01
9.200000e-07	1.460228e-06	1.572067e-10	1.055352e+01	9.135637e+00
9.300000e-07	1.610134e-06	8.267471e-10	1.163694e+01	5.134007e+01
9.400000e-07	1.759487e-06	1.469262e-09	1.271636e+01	9.200188e+01
9.500000e-07	1.908256e-06	2.021586e-09	1.379156e+01	1.283960e+02
9.600000e-07	2.056345e-06	2.456349e-09	1.486184e+01	1.587233e+02
9.700000e-07	2.203609e-06	2.785870e-09	1.592616e+01	1.824543e+02
9.800000e-07	2.350023e-06	3.043304e-09	1.698434e+01	2.002736e+02
9.900000e-07	2.495611e-06	3.254990e-09	1.803655e+01	2.136739e+02
1.000000e-06	2.640306e-06	3.432862e-09	1.908231e+01	2.243729e+02
1.010000e-06	2.783957e-06	3.587583e-09	2.012052e+01	2.337763e+02
1.020000e-06	2.926545e-06	3.724299e-09	2.115105e+01	2.426658e+02
1.030000e-06	3.068007e-06	3.845501e-09	2.217344e+01	2.511851e+02
1.040000e-06	3.208173e-06	3.952766e-09	2.318646e+01	2.590677e+02
1.050000e-06	3.347019e-06	4.047794e-09	2.418994e+01	2.659674e+02
1.060000e-06	3.484616e-06	4.134760e-09	2.518440e+01	2.717299e+02
1.070000e-06	3.620845e-06	4.213533e-09	2.616896e+01	2.764988e+02
1.080000e-06	3.755678e-06	4.284310e-09	2.714345e+01	2.806425e+02
1.090000e-06	3.889267e-06	4.349943e-09	2.810894e+01	2.845686e+02
1.100000e-06	4.021436e-06	4.410079e-09	2.906416e+01	2.885385e+02
1.110000e-06	4.152062e-06	4.465350e-09	3.000824e+01	2.925750e+02
1.120000e-06	4.281274e-06	4.517267e-09	3.094209e+01	2.964987e+02
1.130000e-06	4.408967e-06	4.564459e-09	3.186497e+01	3.000597e+02
1.140000e-06	4.535163e-06	4.605674e-09	3.277703e+01	3.030878e+02
1.150000e-06	4.659942e-06	4.643563e-09	3.367884e+01	3.055834e+02
1.160000e-06	4.783073e-06	4.679512e-09	3.456875e+01	3.077087e+02
1.170000e-06	4.904455e-06	4.711407e-09	3.544602e+01	3.096958e+02
1.180000e-06	5.024070e-06	4.741551e-09	3.631051e+01	3.117267e+02
1.190000e-06	5.141824e-06	4.771097e-09	3.716155e+01	3.138499e+02
1.200000e-06	5.257633e-06	4.798438e-09	3.799854e+01	3.159745e+02
1.210000e-06	5.371424e-06	4.821210e-09	3.882094e+01	3.179377e+02
1.220000e-06	5.483152e-06	4.841082e-09	3.962843e+01	3.196038e+02
1.230000e-06	5.592937e-06	4.862012e-09	4.042188e+01	3.209410e+02
1.240000e-06	5.700875e-06	4.881830e-09	4.120199e+01	3.220361e+02
1.250000e-06	5.806780e-06	4.899536e-09	4.196740e+01	3.230456e+02
1.260000e-06	5.910448e-06	4.916499e-09	4.271664e+01	3.241121e+02
1.270000e-06	6.011916e-06	4.932712e-09	4.344998e+01	3.252934e+02
1.280000e-06	6.111183e-06	4.947869e-09	4.416741e+01	3.265414e+02
1.290000e-06	6.208101e-06	4.962529e-09	4.486787e+01	3.277378e+02
1.300000e-06	6.302678e-06	4.977201e-09	4.555141e+01	3.287641e+02
1.310000e-06	6.395041e-06	4.990785e-09	4.621894e+01	3.295673e+02
1.320000e-06	6.485114e-06	5.002936e-09	4.686993e+01	3.301858e+02
1.330000e-06	6.572786e-06	5.015684e-09	4.750356e+01	3.307251e+02
1.340000e-06	6.658189e-06	5.028469e-09	4.812079e+01	3.312986e+02
1.350000e-06	6.741286e-06	5.039174e-09	4.872136e+01	3.319685e+02
1.360000e-06	6.821924e-06	5.048708e-09	4.930416e+01	3.327177e+02
1.370000e-06	6.900070e-06	5.057593e-09	4.986894e+01	3.334659e+02
1.380000e-06	6.975595e-06	5.066553e-09	5.041478e+01	3.341189e+02
1.390000e-06	7.048478e-06	5.076486e-09	5.094153e+01	3.346221e+02
1.400000e-06	7.118898e-06	5.086615e-09	5.145048e+01	3.349890e+02
1.410000e-06	7.186822e-06	5.094605e-09	5.194139e+01	3.352907e+02
1.420000e-06	7.252078e-06	5.100722e-09	5.241301e+01	3.356144e+02
1.430000e-06	7.314820e-06	5.105785e-09	5.286647e+01	3.360155e+02
1.440000e-06	7.375170e-06	5.111144e-09	5.330264e+01	3.364895e+02
1.450000e-06	7.432907e-06	5.117014e-09	5.371992e+01	3.369791e+02
1.460000e-06	7.487964e-06	5.124222e-09	5.411783e+01	3.374097e+02
1.470000e-06	7.540184e-06	5.132954e-09	5.449524e+01	3.377323e+02
1.480000e-06	7.589346e-06	5.139663e-09	5.485055e+01	3.379502e+02
1.490000e-06	7.635632e-06	5.143210e-09	5.518508e+01	3.381131e+02
1.500000e-06	7.679247e-06	5.144947e-09	5.550030e+01	3.382863e+02
1.510000e-06	7.720086e-06	5.147377e-09	5.579545e+01	3.385110e+02
1.520000e-06	7.758146e-06	5.150082e-09	5.607053e+01	3.387809e+02
1.530000e-06	7.793528e-06	5.152865e-09	5.632624e+01	3.390469e+02
1.540000e-06	7.826113e-06	5.156075e-09	5.656174e+01	3.392484e+02
1.550000e-06	7.855945e-06	5.159161e-09	5.677734e+01	3.393510e+02
1.560000e-06	7.883011e-06	5.162345e-09	5.697296e+01	3.393687e+02
1.570000e-06	7.907122e-06	5.164794e-09	5.714722e+01	3.393578e+02
1.580000e-06	7.928398e-06	5.167261e-09	5.730098e+01	3.393854e+02
1.590000e-06	7.946921e-06	5.170547e-09	5.743486e+01	3.394896e+02
1.600000e-06	7.962517e-06	5.173934e-09	5.754757e+01	3.396561e+02
1.610000e-06	7.975049e-06	5.174257e-09	5.763814e+01	3.398244e+02
1.620000e-06	7.984424e-06	5.173264e-09	5.770590e+01	3.399209e+02
1.630000e-06	7.990858e-06	5.173582e-09	5.775241e+01	3.399018e+02
1.640000e-06	7.994533e-06	5.175895e-09	5.777896e+01	3.397799e+02
1.650000e-06	7.995335e-06	5.178126e-09	5.778476e+01	3.396209e+02
1.660000e-06	7.993441e-06	5.174888e-09	5.777107e+01	3.395093e+02
1.670000e-06	7.988890e-06	5.175872e-09	5.773818e+01	3.395016e+02
1.680000e-06	7.981571e-06	5.179986e-09	5.768528e+01	3.395936e+02
1.690000e-06	7.971571e-06	5.182042e-09	5.761301e+01	3.397205e+02
1.700000e-06	7.958779e-06	5.180532e-09	5.752056e+01	3.397900e+02
1.710000e-06	7.943219e-06	5.179098e-09	5.740810e+01	3.397322e+02
1.720000e-06	7.925223e-06	5.181756e-09	5.727804e+01	3.395388e+02
1.730000e-06	7.904876e-06	5.182971e-09	5.713098e+01	3.392690e+02
1.740000e-06	7.881785e-06	5.152348e-09	5.696410e+01	3.390187e+02
1.750000e-06	7.855369e-06	5.157024e-09	5.677318e+01	3.388679e+02
1.760000e-06	7.825317e-06	5.173149e-09	5.655599e+01	3.388355e+02
1.770000e-06	7.792174e-06	5.166162e-09	5.631645e+01	3.388655e+02
1.780000e-06	7.756701e-06	5.158613e-09	5.606008e+01	3.388551e+02
1.790000e-06	7.718877e-06	5.181921e-09	5.578672e+01	3.387079e+02
1.800000e-06	7.678887e-06	5.168340e-09	5.549769e+01	3.383866e+02
1.810000e-06	7.636924e-06	5.124403e-09	5.519441e+01	3.379340e+02
1.820000e-06	7.592429e-06	5.177465e-09	5.487284e+01	3.374524e+02
1.830000e-06	7.545190e-06	5.129732e-09	5.453142e+01	3.370483e+02
1.840000e-06	7.495148e-06	5.128143e-09	5.416975e+01	3.367751e+02
1.850000e-06	7.442041e-06	5.136782e-09	5.378594e+01	3.366022e+02
1.860000e-06	7.386104e-06	5.103364e-09	5.338166e+01	3.364293e+02
1.870000e-06	7.327562e-06	5.172919e-09	5.295855e+01	3.361402e+02
1.880000e-06	7.266384e-06	5.135885e-09	5.251640e+01	3.356659e+02
1.890000e-06	7.202424e-06	5.117156e-09	5.205414e+01	3.350256e+02
1.900000e-06	7.135636e-06	5.091242e-09	5.157145e+01	3.343203e+02
1.910000e-06	7.066121e-06	5.067506e-09	5.106904e+01	3.336825e+02
1.920000e-06	6.993814e-06	5.104428e-09	5.054646e+01	3.332062e+02
1.930000e-06	6.918790e-06	5.080750e-09	5.000424e+01	3.328957e+02
1.940000e-06	6.840997e-06	5.101831e-09	4.944200e+01	3.326594e+02
1.950000e-06	6.760589e-06	5.063459e-09	4.886087e+01	3.323540e+02
1.960000e-06	6.677786e-06	5.031098e-09	4.826242e+01	3.318576e+02
1.970000e-06	6.592448e-06	5.036857e-09	4.764566e+01	3.311318e+02
1.980000e-06	6.504589e-06	5.030516e-09	4.701067e+01	3.302419e+02
1.990000e-06	6.414407e-06	5.051166e-09	4.635891e+01	3.293231e+02
2.000000e-06	6.322104e-06	5.020891e-09	4.569180e+01	3.285098e+02
2.010000e-06	6.227483e-06	5.017997e-09	4.500794e+01	3.278651e+02
2.020000e-06	6.130524e-06	4.991781e-09	4.430719e+01	3.273472e+02
2.030000e-06	6.031425e-06	4.970116e-09	4.359098e+01	3.268318e+02
2.040000e-06	5.930183e-06	4.979620e-09	4.285927e+01	3.261772e+02
2.050000e-06	5.826773e-06	4.978221e-09	4.211189e+01	3.252987e+02
2.060000e-06	5.721336e-06	4.957174e-09	4.134987e+01	3.242130e+02
2.070000e-06	5.614061e-06	4.928044e-09	4.057455e+01	3.230281e+02
2.080000e-06	5.504842e-06	4.929332e-09	3.978519e+01	3.218842e+02
2.090000e-06	5.393557e-06	4.910453e-09	3.898090e+01	3.208783e+02
2.100000e-06	5.280207e-06	4.883575e-09	3.816169e+01	3.200114e+02
2.110000e-06	5.164914e-06	4.869696e-09	3.732843e+01	3.191883e+02
2.120000e-06	5.047661e-06	4.864628e-09	3.648101e+01	3.182692e+02
2.130000e-06	4.928380e-06	4.836394e-09	3.561892e+01	3.171454e+02
2.140000e-06	4.807256e-06	4.817717e-09	3.474353e+01	3.157988e+02
2.150000e-06	4.684481e-06	4.819301e-09	3.385619e+01	3.143101e+02
2.160000e-06	4.560029e-06	4.799428e-09	3.295674e+01	3.128132e+02
2.170000e-06	4.433843e-06	4.757498e-09	3.204476e+01	3.114184e+02
2.180000e-06	4.306004e-06	4.734420e-09	3.112082e+01	3.101479e+02
2.190000e-06	4.176552e-06	4.729126e-09	3.018523e+01	3.089180e+02
2.200000e-06	4.045592e-06	4.704027e-09	2.923874e+01	3.075822e+02
2.210000e-06	3.913215e-06	4.672659e-09	2.828202e+01	3.060092e+02
2.220000e-06	3.779371e-06	4.652558e-09	2.731469e+01	3.041559e+02
2.230000e-06	3.644043e-06	4.629062e-09	2.633663e+01	3.020939e+02
2.240000e-06	3.507306e-06	4.589729e-09	2.534839e+01	2.999718e+02
2.250000e-06	3.369246e-06	4.565306e-09	2.435059e+01	2.979329e+02
2.260000e-06	3.229924e-06	4.549713e-09	2.334366e+01	2.960332e+02
2.270000e-06	3.089305e-06	4.517300e-09	2.232736e+01	2.942034e+02
2.280000e-06	2.947384e-06	4.470738e-09	2.130165e+01	2.922805e+02
2.290000e-06	2.804372e-06	4.434798e-09	2.026806e+01	2.900928e+02
2.300000e-06	2.660345e-06	4.404044e-09	1.922714e+01	2.875534e+02
2.310000e-06	2.515309e-06	4.361671e-09	1.817892e+01	2.847102e+02
2.320000e-06	2.369425e-06	4.318122e-09	1.712457e+01	2.817216e+02
2.330000e-06	2.222812e-06	4.278215e-09	1.606495e+01	2.787673e+02
2.340000e-06	2.075501e-06	4.233683e-09	1.500029e+01	2.759401e+02
2.350000e-06	1.927507e-06	4.185252e-09	1.393069e+01	2.731799e+02
2.360000e-06	1.778833e-06	4.140393e-09	1.285618e+01	2.702884e+02
2.370000e-06	1.629550e-06	4.092570e-09	1.177726e+01	2.670230e+02
2.380000e-06	1.479787e-06	4.036039e-09	1.069488e+01	2.632210e+02
2.390000e-06	1.329587e-06	3.973746e-09	9.609340e+00	2.588864e+02
2.400000e-06	1.178933e-06	3.908472e-09	8.520516e+00	2.541849e+02
2.410000e-06	1.027866e-06	3.840704e-09	7.428704e+00	2.493412e+02
2.420000e-06	8.764471e-07	3.766087e-09	6.334355e+00	2.444869e+02
2.430000e-06	7.247214e-07	3.681953e-09	5.237786e+00	2.395401e+02
2.440000e-06	5.727500e-07	3.590790e-09	4.139442e+00	2.341884e+02
2.450000e-06	4.205820e-07	3.490205e-09	3.039676e+00	2.279961e+02
2.460000e-06	2.682257e-07	3.378912e-09	1.938550e+00	2.205877e+02
2.470000e-06	1.157284e-07	3.254546e-09	8.364048e-01	2.118098e+02
2.480000e-06	-3.683640e-08	3.115146e-09	-2.662280e-01	2.017691e+02
2.490000e-06	-1.894084e-07	2.954855e-09	-1.368913e+00	1.906990e+02
2.500000e-06	-3.419358e-07	2.765854e-09	-2.471276e+00	1.786924e+02
2.510000e-06	-4.943796e-07	2.547174e-09	-3.573035e+00	1.654221e+02
2.520000e-06	-6.466710e-07	2.297012e-09	-4.673691e+00	1.500000e+02
2.530000e-06	-7.987719e-07	2.005201e-09	-5.772972e+00	1.310908e+02
2.540000e-06	-9.505710e-07	1.651857e-09	-6.870071e+00	1.072917e+02
2.550000e-06	-1.101920e-06	1.222251e-09	-7.963914e+00	7.766944e+01
2.560000e-06	-1.252825e-06	7.060470e-10	-9.054553e+00	4.225974e+01
2.570000e-06	-1.403300e-06	9.927498e-11	-1.014208e+01	2.319544e+00
2.580000e-06	-1.553305e-06	-5.680658e-10	-1.122622e+01	-3.979568e+01
2.590000e-06	-1.702800e-06	-1.232416e-09	-1.230667e+01	-8.112266e+01
2.600000e-06	-1.851687e-06	-1.824785e-09	-1.338272e+01	-1.187978e+02
2.610000e-06	-1.999822e-06	-2.305046e-09	-1.445333e+01	-1.507437e+02
2.620000e-06	-2.147162e-06	-2.672151e-09	-1.551820e+01	-1.761028e+02
2.630000e-06	-2.293736e-06	-2.952421e-09	-1.657754e+01	-1.952828e+02
2.640000e-06	-2.439480e-06	-3.178501e-09	-1.763088e+01	-2.096257e+02
2.650000e-06	-2.584283e-06	-3.368715e-09	-1.867741e+01	-2.208490e+02
2.660000e-06	-2.728060e-06	-3.531769e-09	-1.971653e+01	-2.304766e+02
2.670000e-06	-2.870742e-06	-3.676230e-09	-2.074774e+01	-2.394591e+02
2.680000e-06	-3.012298e-06	-3.805076e-09	-2.177081e+01	-2.480858e+02
2.690000e-06	-3.152638e-06	-3.916975e-09	-2.278509e+01	-2.561630e+02
2.700000e-06	-3.291654e-06	-4.014629e-09	-2.378980e+01	-2.633343e+02
2.710000e-06	-3.429433e-06	-4.103658e-09	-2.478557e+01	-2.693797e+02
2.720000e-06	-3.565951e-06	-4.186725e-09	-2.577223e+01	-2.743690e+02
2.730000e-06	-3.701080e-06	-4.261695e-09	-2.674885e+01	-2.786292e+02
2.740000e-06	-3.834881e-06	-4.329452e-09	-2.771587e+01	-2.825775e+02
2.750000e-06	-3.967314e-06	-4.391922e-09	-2.867301e+01	-2.865251e+02
2.760000e-06	-4.098299e-06	-4.450844e-09	-2.961967e+01	-2.905561e+02
2.770000e-06	-4.227929e-06	-4.506645e-09	-3.055655e+01	-2.945319e+02
2.780000e-06	-4.356211e-06	-4.559641e-09	-3.148368e+01	-2.982053e+02
2.790000e-06	-4.482939e-06	-4.609309e-09	-3.239959e+01	-3.013744e+02
2.800000e-06	-4.608062e-06	-4.654106e-09	-3.330389e+01	-3.039937e+02
2.810000e-06	-4.731557e-06	-4.694987e-09	-3.419643e+01	-3.061909e+02
2.820000e-06	-4.853392e-06	-4.733574e-09	-3.507696e+01	-3.081921e+02
2.830000e-06	-4.973505e-06	-4.767173e-09	-3.594506e+01	-3.102020e+02
2.840000e-06	-5.091725e-06	-4.796834e-09	-3.679948e+01	-3.123064e+02
2.850000e-06	-5.207899e-06	-4.827615e-09	-3.763910e+01	-3.144452e+02
2.860000e-06	-5.321900e-06	-4.856337e-09	-3.846302e+01	-3.164646e+02
2.870000e-06	-5.433780e-06	-4.881341e-09	-3.927161e+01	-3.182134e+02
2.880000e-06	-5.543640e-06	-4.906147e-09	-4.006560e+01	-3.196293e+02
2.890000e-06	-5.651571e-06	-4.930548e-09	-4.084565e+01	-3.207722e+02
2.900000e-06	-5.757582e-06	-4.952524e-09	-4.161182e+01	-3.217882e+02
2.910000e-06	-5.861502e-06	-4.973516e-09	-4.236289e+01	-3.228313e+02
2.920000e-06	-5.963201e-06	-4.992982e-09	-4.309790e+01	-3.239850e+02
2.930000e-06	-6.062702e-06	-5.007892e-09	-4.381702e+01	-3.252262e+02
2.940000e-06	-6.160114e-06	-5.019810e-09	-4.452105e+01	-3.264484e+02
2.950000e-06	-6.255307e-06	-5.033160e-09	-4.520904e+01	-3.275261e+02
2.960000e-06	-6.348120e-06	-5.047900e-09	-4.587982e+01	-3.283854e+02
2.970000e-06	-6.438644e-06	-5.060971e-09	-4.653407e+01	-3.290425e+02
2.980000e-06	-6.526946e-06	-5.073338e-09	-4.717226e+01	-3.295906e+02
2.990000e-06	-6.612857e-06	-5.085061e-09	-4.779316e+01	-3.301474e+02
3.000000e-06	-6.696291e-06	-5.093732e-09	-4.839617e+01	-3.307921e+02
3.010000e-06	-6.777429e-06	-5.099529e-09	-4.898258e+01	-3.315277e+02
3.020000e-06	-6.856086e-06	-5.105774e-09	-4.955105e+01	-3.322859e+02
3.030000e-06	-6.932028e-06	-5.112740e-09	-5.009991e+01	-3.329706e+02
3.040000e-06	-7.005365e-06	-5.118262e-09	-5.062994e+01	-3.335132e+02
3.050000e-06	-7.076188e-06	-5.124541e-09	-5.114180e+01	-3.339098e+02
3.060000e-06	-7.144432e-06	-5.132502e-09	-5.163502e+01	-3.342198e+02
3.070000e-06	-7.210184e-06	-5.140418e-09	-5.211023e+01	-3.345314e+02
3.080000e-06	-7.273454e-06	-5.146874e-09	-5.256751e+01	-3.349115e+02
3.090000e-06	-7.334110e-06	-5.151528e-09	-5.300588e+01	-3.353715e+02
3.100000e-06	-7.392138e-06	-5.155151e-09	-5.342527e+01	-3.358647e+02
3.110000e-06	-7.447456e-06	-5.158110e-09	-5.382507e+01	-3.363168e+02
3.120000e-06	-7.499927e-06	-5.161261e-09	-5.420430e+01	-3.366689e+02
3.130000e-06	-7.549351e-06	-5.165502e-09	-5.456150e+01	-3.369101e+02
3.140000e-06	-7.595780e-06	-5.169027e-09	-5.489705e+01	-3.370810e+02
3.150000e-06	-7.639676e-06	-5.170948e-09	-5.521430e+01	-3.372468e+02
3.160000e-06	-7.681156e-06	-5.174872e-09	-5.551409e+01	-3.374577e+02
3.170000e-06	-7.719891e-06	-5.180667e-09	-5.579404e+01	-3.377200e+02
3.180000e-06	-7.755811e-06	-5.184615e-09	-5.605364e+01	-3.379934e+02
3.190000e-06	-7.789030e-06	-5.185460e-09	-5.629373e+01	-3.382163e+02
3.200000e-06	-7.819361e-06	-5.184835e-09	-5.651294e+01	-3.383449e+02
3.210000e-06	-7.846792e-06	-5.182481e-09	-5.671119e+01	-3.383802e+02
3.220000e-06	-7.871510e-06	-5.180805e-09	-5.688984e+01	-3.383704e+02
3.230000e-06	-7.893374e-06	-5.181732e-09	-5.704786e+01	-3.383835e+02
3.240000e-06	-7.912404e-06	-5.183944e-09	-5.718539e+01	-3.384682e+02
3.250000e-06	-7.928613e-06	-5.184491e-09	-5.730254e+01	-3.386239e+02
3.260000e-06	-7.941697e-06	-5.183776e-09	-5.739710e+01	-3.387993e+02
3.270000e-06	-7.951664e-06	-5.183860e-09	-5.746914e+01	-3.389202e+02
3.280000e-06	-7.958725e-06	-5.183445e-09	-5.752017e+01	-3.389317e+02
3.290000e-06	-7.962933e-06	-5.181385e-09	-5.755058e+01	-3.388314e+02
3.300000e-06	-7.964442e-06	-5.177844e-09	-5.756149e+01	-3.386743e+02
