# Temperatura_=_20.0
# Concentracion g/m^3_=_6600.0
# C_Vs_to_Am_M_A/Vsm_=_65563218390.804596
# pendiente_HvsI_1/m_=_3716.3
# ordenada_HvsI_A/m_=_1297.0
# frecuencia_Hz_=_302601.66851049656

Tiempo_(s)	Campo_(V.s)	Magnetizacion_(V.s)	Campo_(kA/m)	Magnetizacion_(A/m)
0.000000e+00	-7.958429e-06	-4.536884e-09	-5.756616e+01	-2.961642e+02
1.000000e-08	-7.955635e-06	-4.537601e-09	-5.754595e+01	-2.961898e+02
2.000000e-08	-7.950195e-06	-4.535892e-09	-5.750659e+01	-2.963991e+02
3.000000e-08	-7.942155e-06	-4.535706e-09	-5.744844e+01	-2.966456e+02
4.000000e-08	-7.931329e-06	-4.534744e-09	-5.737013e+01	-2.967503e+02
5.000000e-08	-7.917641e-06	-4.531549e-09	-5.727112e+01	-2.966004e+02
6.000000e-08	-7.901081e-06	-4.526289e-09	-5.715134e+01	-2.962141e+02
7.000000e-08	-7.881994e-06	-4.516817e-09	-5.701328e+01	-2.957354e+02
8.000000e-08	-7.860665e-06	-4.504305e-09	-5.685900e+01	-2.953600e+02
9.000000e-08	-7.836670e-06	-4.538001e-09	-5.668543e+01	-2.952311e+02
1.000000e-07	-7.809499e-06	-4.543951e-09	-5.648889e+01	-2.953598e+02
1.100000e-07	-7.779242e-06	-4.512638e-09	-5.627003e+01	-2.956150e+02
1.200000e-07	-7.746151e-06	-4.506774e-09	-5.603068e+01	-2.957884e+02
1.300000e-07	-7.710311e-06	-4.512072e-09	-5.577143e+01	-2.957029e+02
1.400000e-07	-7.672008e-06	-4.510768e-09	-5.549438e+01	-2.953057e+02
1.500000e-07	-7.631469e-06	-4.478588e-09	-5.520114e+01	-2.946986e+02
1.600000e-07	-7.588582e-06	-4.487884e-09	-5.489092e+01	-2.940859e+02
1.700000e-07	-7.543055e-06	-4.495904e-09	-5.456161e+01	-2.936680e+02
1.800000e-07	-7.494821e-06	-4.451839e-09	-5.421271e+01	-2.935358e+02
1.900000e-07	-7.443795e-06	-4.506304e-09	-5.384363e+01	-2.936200e+02
2.000000e-07	-7.389784e-06	-4.498128e-09	-5.345294e+01	-2.937255e+02
2.100000e-07	-7.332937e-06	-4.461274e-09	-5.304175e+01	-2.936299e+02
2.200000e-07	-7.273456e-06	-4.472380e-09	-5.261150e+01	-2.931986e+02
2.300000e-07	-7.211440e-06	-4.416162e-09	-5.216292e+01	-2.924541e+02
2.400000e-07	-7.146789e-06	-4.420599e-09	-5.169528e+01	-2.915647e+02
2.500000e-07	-7.079376e-06	-4.432703e-09	-5.120766e+01	-2.907585e+02
2.600000e-07	-7.009286e-06	-4.450403e-09	-5.070067e+01	-2.902073e+02
2.700000e-07	-6.936457e-06	-4.426230e-09	-5.017387e+01	-2.899410e+02
2.800000e-07	-6.860827e-06	-4.404041e-09	-4.962681e+01	-2.898359e+02
2.900000e-07	-6.782453e-06	-4.411040e-09	-4.905990e+01	-2.896823e+02
3.000000e-07	-6.701423e-06	-4.393204e-09	-4.847379e+01	-2.892931e+02
3.100000e-07	-6.617977e-06	-4.398406e-09	-4.787019e+01	-2.885983e+02
3.200000e-07	-6.532276e-06	-4.382720e-09	-4.725029e+01	-2.876747e+02
3.300000e-07	-6.444239e-06	-4.369175e-09	-4.661348e+01	-2.866986e+02
3.400000e-07	-6.353781e-06	-4.354521e-09	-4.595916e+01	-2.858485e+02
3.500000e-07	-6.261037e-06	-4.343653e-09	-4.528832e+01	-2.852116e+02
3.600000e-07	-6.166099e-06	-4.340046e-09	-4.460159e+01	-2.847433e+02
3.700000e-07	-6.068843e-06	-4.322573e-09	-4.389811e+01	-2.842994e+02
3.800000e-07	-5.969310e-06	-4.313557e-09	-4.317815e+01	-2.837209e+02
3.900000e-07	-5.867629e-06	-4.302232e-09	-4.244265e+01	-2.829232e+02
4.000000e-07	-5.763887e-06	-4.283936e-09	-4.169226e+01	-2.819392e+02
4.100000e-07	-5.658120e-06	-4.267529e-09	-4.092720e+01	-2.808943e+02
4.200000e-07	-5.550339e-06	-4.270526e-09	-4.014758e+01	-2.799286e+02
4.300000e-07	-5.440619e-06	-4.256867e-09	-3.935394e+01	-2.791119e+02
4.400000e-07	-5.328950e-06	-4.220133e-09	-3.854619e+01	-2.784004e+02
4.500000e-07	-5.215216e-06	-4.205020e-09	-3.772352e+01	-2.776613e+02
4.600000e-07	-5.099367e-06	-4.208912e-09	-3.688554e+01	-2.767504e+02
4.700000e-07	-4.981617e-06	-4.192901e-09	-3.603382e+01	-2.756005e+02
4.800000e-07	-4.862143e-06	-4.166606e-09	-3.516961e+01	-2.742660e+02
4.900000e-07	-4.740887e-06	-4.157257e-09	-3.429253e+01	-2.728978e+02
5.000000e-07	-4.617847e-06	-4.143634e-09	-3.340253e+01	-2.716589e+02
5.100000e-07	-4.493136e-06	-4.114351e-09	-3.250045e+01	-2.706268e+02
5.200000e-07	-4.366855e-06	-4.093960e-09	-3.158702e+01	-2.697391e+02
5.300000e-07	-4.238965e-06	-4.085983e-09	-3.066195e+01	-2.688171e+02
5.400000e-07	-4.109516e-06	-4.060419e-09	-2.972560e+01	-2.676569e+02
5.500000e-07	-3.978554e-06	-4.028719e-09	-2.877830e+01	-2.661424e+02
5.600000e-07	-3.846046e-06	-4.012186e-09	-2.781982e+01	-2.643156e+02
5.700000e-07	-3.712046e-06	-3.996919e-09	-2.685055e+01	-2.623626e+02
5.800000e-07	-3.576649e-06	-3.966204e-09	-2.587118e+01	-2.605177e+02
5.900000e-07	-3.439927e-06	-3.936590e-09	-2.488222e+01	-2.589345e+02
6.000000e-07	-3.301765e-06	-3.912657e-09	-2.388284e+01	-2.575942e+02
6.100000e-07	-3.162170e-06	-3.878046e-09	-2.287310e+01	-2.563047e+02
6.200000e-07	-3.021229e-06	-3.841412e-09	-2.185363e+01	-2.547966e+02
6.300000e-07	-2.879043e-06	-3.817643e-09	-2.082515e+01	-2.528674e+02
6.400000e-07	-2.735747e-06	-3.794058e-09	-1.978863e+01	-2.504968e+02
6.500000e-07	-2.591412e-06	-3.756646e-09	-1.874461e+01	-2.478664e+02
6.600000e-07	-2.446160e-06	-3.721901e-09	-1.769395e+01	-2.452665e+02
6.700000e-07	-2.300076e-06	-3.693922e-09	-1.663727e+01	-2.429349e+02
6.800000e-07	-2.153190e-06	-3.660840e-09	-1.557479e+01	-2.409137e+02
6.900000e-07	-2.005648e-06	-3.619633e-09	-1.450757e+01	-2.390054e+02
7.000000e-07	-1.857557e-06	-3.577468e-09	-1.343637e+01	-2.368601e+02
7.100000e-07	-1.708877e-06	-3.531362e-09	-1.236092e+01	-2.341551e+02
7.200000e-07	-1.559612e-06	-3.478058e-09	-1.128123e+01	-2.307717e+02
7.300000e-07	-1.409872e-06	-3.427350e-09	-1.019811e+01	-2.268701e+02
7.400000e-07	-1.259722e-06	-3.379722e-09	-9.112021e+00	-2.228088e+02
7.500000e-07	-1.109117e-06	-3.327353e-09	-8.022636e+00	-2.189412e+02
7.600000e-07	-9.580901e-07	-3.265172e-09	-6.930207e+00	-2.153898e+02
7.700000e-07	-8.066823e-07	-3.199318e-09	-5.835021e+00	-2.119246e+02
7.800000e-07	-6.549337e-07	-3.130563e-09	-4.737369e+00	-2.080242e+02
7.900000e-07	-5.029901e-07	-3.052713e-09	-3.638307e+00	-2.031048e+02
8.000000e-07	-3.509110e-07	-2.963344e-09	-2.538265e+00	-1.968043e+02
8.100000e-07	-1.986810e-07	-2.861602e-09	-1.437130e+00	-1.891635e+02
8.200000e-07	-4.635891e-08	-2.746379e-09	-3.353306e-01	-1.805747e+02
8.300000e-07	1.059993e-07	-2.612245e-09	7.667304e-01	-1.714835e+02
8.400000e-07	2.583546e-07	-2.455787e-09	1.868771e+00	-1.619551e+02
8.500000e-07	4.106617e-07	-2.270579e-09	2.970463e+00	-1.513164e+02
8.600000e-07	5.628580e-07	-2.048238e-09	4.071353e+00	-1.380826e+02
8.700000e-07	7.148920e-07	-1.772671e-09	5.171069e+00	-1.202784e+02
8.800000e-07	8.667323e-07	-1.423970e-09	6.269384e+00	-9.609107e+01
8.900000e-07	1.018298e-06	-9.824721e-10	7.365712e+00	-6.463383e+01
9.000000e-07	1.169490e-06	-4.261974e-10	8.459339e+00	-2.651750e+01
9.100000e-07	1.320248e-06	2.456605e-10	9.549826e+00	1.602546e+01
9.200000e-07	1.470549e-06	9.676455e-10	1.063700e+01	5.955883e+01
9.300000e-07	1.620321e-06	1.619173e-09	1.172036e+01	1.002874e+02
9.400000e-07	1.769502e-06	2.122385e-09	1.279944e+01	1.350416e+02
9.500000e-07	1.918090e-06	2.481667e-09	1.387423e+01	1.620573e+02
9.600000e-07	2.066039e-06	2.738019e-09	1.494440e+01	1.812842e+02
9.700000e-07	2.213191e-06	2.930796e-09	1.600880e+01	1.941424e+02
9.800000e-07	2.359507e-06	3.086937e-09	1.706716e+01	2.028566e+02
9.900000e-07	2.504902e-06	3.219864e-09	1.811885e+01	2.096449e+02
1.000000e-06	2.649306e-06	3.331323e-09	1.916337e+01	2.160689e+02
1.010000e-06	2.792753e-06	3.427095e-09	2.020098e+01	2.227537e+02
1.020000e-06	2.935148e-06	3.512683e-09	2.123098e+01	2.295166e+02
1.030000e-06	3.076415e-06	3.589835e-09	2.225281e+01	2.357751e+02
1.040000e-06	3.216415e-06	3.659120e-09	2.326548e+01	2.410099e+02
1.050000e-06	3.355040e-06	3.722478e-09	2.426820e+01	2.450742e+02
1.060000e-06	3.492364e-06	3.780913e-09	2.526152e+01	2.482423e+02
1.070000e-06	3.628401e-06	3.834203e-09	2.624552e+01	2.510270e+02
1.080000e-06	3.763094e-06	3.883464e-09	2.721980e+01	2.538961e+02
1.090000e-06	3.896461e-06	3.928877e-09	2.818449e+01	2.570500e+02
1.100000e-06	4.028436e-06	3.969313e-09	2.913912e+01	2.603653e+02
1.110000e-06	4.158918e-06	4.004598e-09	3.008294e+01	2.635132e+02
1.120000e-06	4.287950e-06	4.039638e-09	3.101628e+01	2.661713e+02
1.130000e-06	4.415545e-06	4.072360e-09	3.193921e+01	2.682090e+02
1.140000e-06	4.541625e-06	4.100195e-09	3.285120e+01	2.697499e+02
1.150000e-06	4.666154e-06	4.126331e-09	3.375196e+01	2.710919e+02
1.160000e-06	4.789055e-06	4.153278e-09	3.464095e+01	2.725392e+02
1.170000e-06	4.910222e-06	4.178324e-09	3.551739e+01	2.742428e+02
1.180000e-06	5.029624e-06	4.199264e-09	3.638106e+01	2.761352e+02
1.190000e-06	5.147194e-06	4.218126e-09	3.723149e+01	2.779866e+02
1.200000e-06	5.262775e-06	4.236937e-09	3.806753e+01	2.795457e+02
1.210000e-06	5.376291e-06	4.253901e-09	3.888863e+01	2.806832e+02
1.220000e-06	5.487759e-06	4.270034e-09	3.969492e+01	2.814613e+02
1.230000e-06	5.597337e-06	4.286160e-09	4.048754e+01	2.820949e+02
1.240000e-06	5.705001e-06	4.300392e-09	4.126631e+01	2.828316e+02
1.250000e-06	5.810541e-06	4.314268e-09	4.202972e+01	2.838186e+02
1.260000e-06	5.913899e-06	4.327863e-09	4.277735e+01	2.850286e+02
1.270000e-06	6.015092e-06	4.339837e-09	4.350931e+01	2.862829e+02
1.280000e-06	6.114038e-06	4.350471e-09	4.422502e+01	2.873545e+02
1.290000e-06	6.210666e-06	4.361422e-09	4.492397e+01	2.880939e+02
1.300000e-06	6.305037e-06	4.372040e-09	4.560658e+01	2.885080e+02
1.310000e-06	6.397168e-06	4.380906e-09	4.627300e+01	2.887526e+02
1.320000e-06	6.486999e-06	4.389955e-09	4.692278e+01	2.890457e+02
1.330000e-06	6.574509e-06	4.401498e-09	4.755577e+01	2.895502e+02
1.340000e-06	6.659719e-06	4.413106e-09	4.817213e+01	2.902912e+02
1.350000e-06	6.742590e-06	4.421697e-09	4.877156e+01	2.911502e+02
1.360000e-06	6.823009e-06	4.428818e-09	4.935326e+01	2.919360e+02
1.370000e-06	6.900932e-06	4.436306e-09	4.991691e+01	2.924925e+02
1.380000e-06	6.976298e-06	4.443855e-09	5.046206e+01	2.927822e+02
1.390000e-06	7.048978e-06	4.451714e-09	5.098778e+01	2.929027e+02
1.400000e-06	7.119144e-06	4.459949e-09	5.149531e+01	2.930284e+02
1.410000e-06	7.186823e-06	4.467563e-09	5.198486e+01	2.933124e+02
1.420000e-06	7.251844e-06	4.474108e-09	5.245518e+01	2.938037e+02
1.430000e-06	7.314334e-06	4.479154e-09	5.290719e+01	2.944239e+02
1.440000e-06	7.374398e-06	4.483614e-09	5.334166e+01	2.950145e+02
1.450000e-06	7.431874e-06	4.488180e-09	5.375740e+01	2.954280e+02
1.460000e-06	7.486663e-06	4.492755e-09	5.415371e+01	2.956103e+02
1.470000e-06	7.538546e-06	4.497196e-09	5.452899e+01	2.956290e+02
1.480000e-06	7.587335e-06	4.501344e-09	5.488190e+01	2.956341e+02
1.490000e-06	7.633288e-06	4.505029e-09	5.521430e+01	2.957726e+02
1.500000e-06	7.676600e-06	4.509990e-09	5.552759e+01	2.961049e+02
1.510000e-06	7.717129e-06	4.514754e-09	5.582075e+01	2.965714e+02
1.520000e-06	7.754919e-06	4.517451e-09	5.609410e+01	2.970250e+02
1.530000e-06	7.790055e-06	4.519899e-09	5.634825e+01	2.973135e+02
1.540000e-06	7.822335e-06	4.522374e-09	5.658174e+01	2.973647e+02
1.550000e-06	7.851844e-06	4.525037e-09	5.679519e+01	2.972275e+02
1.560000e-06	7.878571e-06	4.527201e-09	5.698852e+01	2.970456e+02
1.570000e-06	7.902322e-06	4.528324e-09	5.716032e+01	2.969790e+02
1.580000e-06	7.923315e-06	4.529421e-09	5.731217e+01	2.971153e+02
1.590000e-06	7.941567e-06	4.530951e-09	5.744419e+01	2.974211e+02
1.600000e-06	7.956905e-06	4.533439e-09	5.755513e+01	2.977595e+02
1.610000e-06	7.969197e-06	4.535175e-09	5.764405e+01	2.979654e+02
1.620000e-06	7.978342e-06	4.535644e-09	5.771020e+01	2.979373e+02
1.630000e-06	7.984572e-06	4.536117e-09	5.775526e+01	2.976941e+02
1.640000e-06	7.988035e-06	4.537189e-09	5.778031e+01	2.973671e+02
1.650000e-06	7.988650e-06	4.538576e-09	5.778476e+01	2.971285e+02
1.660000e-06	7.986538e-06	4.532552e-09	5.776948e+01	2.970969e+02
1.670000e-06	7.981742e-06	4.532379e-09	5.773479e+01	2.972701e+02
1.680000e-06	7.974206e-06	4.534618e-09	5.768028e+01	2.975240e+02
1.690000e-06	7.964058e-06	4.534699e-09	5.760688e+01	2.976784e+02
1.700000e-06	7.951133e-06	4.535502e-09	5.751338e+01	2.975957e+02
1.710000e-06	7.935393e-06	4.536827e-09	5.739953e+01	2.972586e+02
1.720000e-06	7.917254e-06	4.543486e-09	5.726832e+01	2.967845e+02
1.730000e-06	7.896855e-06	4.531758e-09	5.712077e+01	2.963656e+02
1.740000e-06	7.873646e-06	4.488414e-09	5.695289e+01	2.961676e+02
1.750000e-06	7.846960e-06	4.513496e-09	5.675986e+01	2.962388e+02
1.760000e-06	7.816672e-06	4.532766e-09	5.654078e+01	2.964801e+02
1.770000e-06	7.783401e-06	4.519675e-09	5.630012e+01	2.966932e+02
1.780000e-06	7.747821e-06	4.519130e-09	5.604275e+01	2.966828e+02
1.790000e-06	7.709850e-06	4.559273e-09	5.576810e+01	2.963593e+02
1.800000e-06	7.669747e-06	4.509239e-09	5.547802e+01	2.957875e+02
1.810000e-06	7.627696e-06	4.478153e-09	5.517385e+01	2.951548e+02
1.820000e-06	7.583003e-06	4.549029e-09	5.485057e+01	2.946735e+02
1.830000e-06	7.535552e-06	4.458898e-09	5.450734e+01	2.944695e+02
1.840000e-06	7.485341e-06	4.505114e-09	5.414415e+01	2.945139e+02
1.850000e-06	7.432041e-06	4.490451e-09	5.375861e+01	2.946355e+02
1.860000e-06	7.375906e-06	4.448109e-09	5.335256e+01	2.946074e+02
1.870000e-06	7.317174e-06	4.529067e-09	5.292773e+01	2.942641e+02
1.880000e-06	7.255849e-06	4.481747e-09	5.248414e+01	2.935863e+02
1.890000e-06	7.191751e-06	4.504792e-09	5.202050e+01	2.927117e+02
1.900000e-06	7.124828e-06	4.452199e-09	5.153643e+01	2.918640e+02
1.910000e-06	7.055143e-06	4.438360e-09	5.103237e+01	2.912394e+02
1.920000e-06	6.982702e-06	4.460456e-09	5.050838e+01	2.909076e+02
1.930000e-06	6.907627e-06	4.418256e-09	4.996533e+01	2.907798e+02
1.940000e-06	6.829713e-06	4.466749e-09	4.940175e+01	2.906582e+02
1.950000e-06	6.749118e-06	4.419618e-09	4.881878e+01	2.903396e+02
1.960000e-06	6.666153e-06	4.412604e-09	4.821866e+01	2.897191e+02
1.970000e-06	6.580676e-06	4.401393e-09	4.760038e+01	2.888382e+02
1.980000e-06	6.492685e-06	4.393709e-09	4.696391e+01	2.878563e+02
1.990000e-06	6.402371e-06	4.412166e-09	4.631064e+01	2.869612e+02
2.000000e-06	6.309894e-06	4.372357e-09	4.564172e+01	2.862696e+02
2.010000e-06	6.215153e-06	4.375950e-09	4.495642e+01	2.857695e+02
2.020000e-06	6.118151e-06	4.339445e-09	4.425477e+01	2.853350e+02
2.030000e-06	6.019018e-06	4.334431e-09	4.353771e+01	2.848018e+02
2.040000e-06	5.917784e-06	4.341237e-09	4.280545e+01	2.840601e+02
2.050000e-06	5.814380e-06	4.344552e-09	4.205749e+01	2.831130e+02
2.060000e-06	5.708860e-06	4.317620e-09	4.129422e+01	2.820686e+02
2.070000e-06	5.601452e-06	4.287132e-09	4.051730e+01	2.810721e+02
2.080000e-06	5.492156e-06	4.292109e-09	3.972672e+01	2.802173e+02
2.090000e-06	5.380876e-06	4.276116e-09	3.892180e+01	2.794891e+02
2.100000e-06	5.267520e-06	4.257386e-09	3.810185e+01	2.787711e+02
2.110000e-06	5.152176e-06	4.243550e-09	3.726753e+01	2.779133e+02
2.120000e-06	5.034887e-06	4.237137e-09	3.641913e+01	2.768224e+02
2.130000e-06	4.915556e-06	4.198844e-09	3.555597e+01	2.755221e+02
2.140000e-06	4.794378e-06	4.179890e-09	3.467945e+01	2.741453e+02
2.150000e-06	4.671557e-06	4.185590e-09	3.379104e+01	2.728616e+02
2.160000e-06	4.547071e-06	4.176659e-09	3.289059e+01	2.717774e+02
2.170000e-06	4.420868e-06	4.140667e-09	3.197771e+01	2.708665e+02
2.180000e-06	4.293020e-06	4.120861e-09	3.105295e+01	2.699727e+02
2.190000e-06	4.163619e-06	4.112698e-09	3.011694e+01	2.688877e+02
2.200000e-06	4.032732e-06	4.086142e-09	2.917019e+01	2.674640e+02
2.210000e-06	3.900363e-06	4.054853e-09	2.821272e+01	2.657019e+02
2.220000e-06	3.766523e-06	4.036458e-09	2.724461e+01	2.637577e+02
2.230000e-06	3.631181e-06	4.017480e-09	2.626563e+01	2.618657e+02
2.240000e-06	3.494360e-06	3.985680e-09	2.527595e+01	2.602108e+02
2.250000e-06	3.356221e-06	3.969011e-09	2.427674e+01	2.588215e+02
2.260000e-06	3.216889e-06	3.956196e-09	2.326891e+01	2.575434e+02
2.270000e-06	3.076357e-06	3.928603e-09	2.225239e+01	2.561136e+02
2.280000e-06	2.934553e-06	3.886375e-09	2.122667e+01	2.542994e+02
2.290000e-06	2.791585e-06	3.856047e-09	2.019253e+01	2.520288e+02
2.300000e-06	2.647550e-06	3.828461e-09	1.915067e+01	2.494374e+02
2.310000e-06	2.502535e-06	3.793318e-09	1.810173e+01	2.468021e+02
2.320000e-06	2.356711e-06	3.758306e-09	1.704693e+01	2.443897e+02
2.330000e-06	2.210206e-06	3.722132e-09	1.598721e+01	2.423001e+02
2.340000e-06	2.062950e-06	3.681673e-09	1.492206e+01	2.403926e+02
2.350000e-06	1.914921e-06	3.640768e-09	1.385130e+01	2.383408e+02
2.360000e-06	1.766281e-06	3.605224e-09	1.277614e+01	2.357967e+02
2.370000e-06	1.617170e-06	3.566587e-09	1.169756e+01	2.325782e+02
2.380000e-06	1.467569e-06	3.518425e-09	1.061545e+01	2.287770e+02
2.390000e-06	1.317477e-06	3.464397e-09	9.529781e+00	2.247177e+02
2.400000e-06	1.166912e-06	3.406798e-09	8.440690e+00	2.207774e+02
2.410000e-06	1.015897e-06	3.344866e-09	7.348345e+00	2.171538e+02
2.420000e-06	8.645234e-07	3.277803e-09	6.253406e+00	2.137070e+02
2.430000e-06	7.128969e-07	3.208284e-09	5.156638e+00	2.099722e+02
2.440000e-06	5.610574e-07	3.133480e-09	4.058329e+00	2.053541e+02
2.450000e-06	4.090619e-07	3.047914e-09	2.958891e+00	1.994116e+02
2.460000e-06	2.568852e-07	2.950807e-09	1.858142e+00	1.920789e+02
2.470000e-06	1.044692e-07	2.840039e-09	7.556630e-01	1.836799e+02
2.480000e-06	-4.803387e-08	2.713046e-09	-3.474461e-01	1.746853e+02
2.490000e-06	-2.004574e-07	2.561784e-09	-1.449980e+00	1.652960e+02
2.500000e-06	-3.527925e-07	2.379680e-09	-2.551874e+00	1.550443e+02
2.510000e-06	-5.050620e-07	2.164091e-09	-3.653294e+00	1.426340e+02
2.520000e-06	-6.571816e-07	1.906716e-09	-4.753629e+00	1.261615e+02
2.530000e-06	-8.090900e-07	1.587664e-09	-5.852437e+00	1.037011e+02
2.540000e-06	-9.607248e-07	1.177699e-09	-6.949266e+00	7.406829e+01
2.550000e-06	-1.112015e-06	6.537921e-10	-8.043601e+00	3.746728e+01
2.560000e-06	-1.262885e-06	1.117495e-11	-9.134901e+00	-4.256564e+00
2.570000e-06	-1.413285e-06	-7.092139e-10	-1.022280e+01	-4.790156e+01
2.580000e-06	-1.563179e-06	-1.400506e-09	-1.130704e+01	-8.966942e+01
2.590000e-06	-1.712496e-06	-1.959402e-09	-1.238709e+01	-1.261475e+02
2.600000e-06	-1.861164e-06	-2.366148e-09	-1.346246e+01	-1.551700e+02
2.610000e-06	-2.009130e-06	-2.657563e-09	-1.453276e+01	-1.762599e+02
2.620000e-06	-2.156343e-06	-2.870321e-09	-1.559760e+01	-1.905197e+02
2.630000e-06	-2.302735e-06	-3.033736e-09	-1.665650e+01	-2.000488e+02
2.640000e-06	-2.448274e-06	-3.169531e-09	-1.770924e+01	-2.071390e+02
2.650000e-06	-2.592922e-06	-3.287700e-09	-1.875553e+01	-2.135586e+02
2.660000e-06	-2.736566e-06	-3.389054e-09	-1.979456e+01	-2.201697e+02
2.670000e-06	-2.879031e-06	-3.478355e-09	-2.082506e+01	-2.269609e+02
2.680000e-06	-3.020273e-06	-3.559938e-09	-2.184671e+01	-2.334042e+02
2.690000e-06	-3.160339e-06	-3.634635e-09	-2.285986e+01	-2.389267e+02
2.700000e-06	-3.299185e-06	-3.703616e-09	-2.386418e+01	-2.432730e+02
2.710000e-06	-3.436796e-06	-3.766611e-09	-2.485957e+01	-2.466223e+02
2.720000e-06	-3.573122e-06	-3.825187e-09	-2.584567e+01	-2.494529e+02
2.730000e-06	-3.708083e-06	-3.879141e-09	-2.682189e+01	-2.522697e+02
2.740000e-06	-3.841723e-06	-3.929010e-09	-2.778855e+01	-2.553527e+02
2.750000e-06	-3.974027e-06	-3.973798e-09	-2.874556e+01	-2.586542e+02
2.760000e-06	-4.104884e-06	-4.011972e-09	-2.969209e+01	-2.618786e+02
2.770000e-06	-4.234335e-06	-4.046648e-09	-3.062845e+01	-2.646816e+02
2.780000e-06	-4.362404e-06	-4.081699e-09	-3.155482e+01	-2.668729e+02
2.790000e-06	-4.488933e-06	-4.116244e-09	-3.247006e+01	-2.685148e+02
2.800000e-06	-4.613871e-06	-4.148087e-09	-3.337378e+01	-2.698756e+02
2.810000e-06	-4.737192e-06	-4.178432e-09	-3.426580e+01	-2.712748e+02
2.820000e-06	-4.858876e-06	-4.206320e-09	-3.514598e+01	-2.729127e+02
2.830000e-06	-4.978820e-06	-4.228403e-09	-3.601358e+01	-2.747755e+02
2.840000e-06	-5.096789e-06	-4.247468e-09	-3.686689e+01	-2.766631e+02
2.850000e-06	-5.212739e-06	-4.268769e-09	-3.770560e+01	-2.783146e+02
2.860000e-06	-5.326585e-06	-4.288992e-09	-3.852909e+01	-2.795598e+02
2.870000e-06	-5.438258e-06	-4.304626e-09	-3.933686e+01	-2.804124e+02
2.880000e-06	-5.547882e-06	-4.320837e-09	-4.012981e+01	-2.810582e+02
2.890000e-06	-5.655576e-06	-4.339120e-09	-4.090880e+01	-2.817499e+02
2.900000e-06	-5.761327e-06	-4.356305e-09	-4.167374e+01	-2.826702e+02
2.910000e-06	-5.864993e-06	-4.372355e-09	-4.242359e+01	-2.838371e+02
2.920000e-06	-5.966478e-06	-4.387108e-09	-4.315767e+01	-2.851024e+02
2.930000e-06	-6.065794e-06	-4.400864e-09	-4.387605e+01	-2.862391e+02
2.940000e-06	-6.162952e-06	-4.411964e-09	-4.457883e+01	-2.870681e+02
2.950000e-06	-6.257853e-06	-4.420982e-09	-4.526528e+01	-2.875541e+02
2.960000e-06	-6.350459e-06	-4.429478e-09	-4.593514e+01	-2.878216e+02
2.970000e-06	-6.440844e-06	-4.436675e-09	-4.658893e+01	-2.880837e+02
2.980000e-06	-6.528963e-06	-4.444759e-09	-4.722632e+01	-2.885273e+02
2.990000e-06	-6.614673e-06	-4.453498e-09	-4.784629e+01	-2.892159e+02
3.000000e-06	-6.697927e-06	-4.461185e-09	-4.844849e+01	-2.900627e+02
3.010000e-06	-6.778795e-06	-4.467696e-09	-4.903344e+01	-2.908851e+02
3.020000e-06	-6.857153e-06	-4.474733e-09	-4.960024e+01	-2.915084e+02
3.030000e-06	-6.932842e-06	-4.480736e-09	-5.014772e+01	-2.918610e+02
3.040000e-06	-7.005928e-06	-4.483924e-09	-5.067638e+01	-2.920094e+02
3.050000e-06	-7.076455e-06	-4.487224e-09	-5.118653e+01	-2.921172e+02
3.060000e-06	-7.144455e-06	-4.492784e-09	-5.167839e+01	-2.923525e+02
3.070000e-06	-7.209994e-06	-4.498614e-09	-5.215246e+01	-2.927951e+02
3.080000e-06	-7.272986e-06	-4.503744e-09	-5.260810e+01	-2.933967e+02
3.090000e-06	-7.333346e-06	-4.508583e-09	-5.304471e+01	-2.940111e+02
3.100000e-06	-7.391057e-06	-4.514172e-09	-5.346215e+01	-2.944791e+02
3.110000e-06	-7.446104e-06	-4.518948e-09	-5.386033e+01	-2.947178e+02
3.120000e-06	-7.498334e-06	-4.521852e-09	-5.423813e+01	-2.947658e+02
3.130000e-06	-7.547478e-06	-4.524644e-09	-5.459360e+01	-2.947593e+02
3.140000e-06	-7.593723e-06	-4.526631e-09	-5.492811e+01	-2.948548e+02
3.150000e-06	-7.637480e-06	-4.528636e-09	-5.524462e+01	-2.951401e+02
3.160000e-06	-7.678723e-06	-4.532247e-09	-5.554295e+01	-2.955850e+02
3.170000e-06	-7.717203e-06	-4.536675e-09	-5.582129e+01	-2.960580e+02
3.180000e-06	-7.752914e-06	-4.540231e-09	-5.607960e+01	-2.963993e+02
3.190000e-06	-7.785955e-06	-4.540506e-09	-5.631859e+01	-2.965105e+02
3.200000e-06	-7.816130e-06	-4.539925e-09	-5.653686e+01	-2.964100e+02
3.210000e-06	-7.843401e-06	-4.539598e-09	-5.673412e+01	-2.962238e+02
3.220000e-06	-7.867916e-06	-4.541701e-09	-5.691144e+01	-2.961165e+02
3.230000e-06	-7.889553e-06	-4.544087e-09	-5.706795e+01	-2.962007e+02
3.240000e-06	-7.908315e-06	-4.544645e-09	-5.720367e+01	-2.964743e+02
3.250000e-06	-7.924185e-06	-4.544387e-09	-5.731846e+01	-2.968210e+02
3.260000e-06	-7.936961e-06	-4.543078e-09	-5.741087e+01	-2.970740e+02
3.270000e-06	-7.946759e-06	-4.542746e-09	-5.748175e+01	-2.971082e+02
3.280000e-06	-7.953718e-06	-4.542036e-09	-5.753208e+01	-2.969105e+02
3.290000e-06	-7.957820e-06	-4.540926e-09	-5.756175e+01	-2.965887e+02
3.300000e-06	-7.959148e-06	-4.538380e-09	-5.757136e+01	-2.963137e+02
