# Temperatura_=_20.0
# Concentracion g/m^3_=_8200.0
# C_Vs_to_Am_M_A/Vsm_=_65563218390.804596
# pendiente_HvsI_1/m_=_3716.3
# ordenada_HvsI_A/m_=_1297.0
# frecuencia_Hz_=_301457.12203995255

Tiempo_(s)	Campo_(V.s)	Magnetizacion_(V.s)	Campo_(kA/m)	Magnetizacion_(A/m)
0.000000e+00	-3.220232e-06	-8.890255e-11	-2.354847e+01	-5.969435e+00
1.000000e-08	-3.219655e-06	-9.268821e-11	-2.354425e+01	-5.992640e+00
2.000000e-08	-3.217746e-06	-9.648085e-11	-2.353029e+01	-6.017954e+00
3.000000e-08	-3.214610e-06	-9.858647e-11	-2.350736e+01	-6.045096e+00
4.000000e-08	-3.210554e-06	-9.852778e-11	-2.347770e+01	-6.073580e+00
5.000000e-08	-3.205558e-06	-9.545384e-11	-2.344117e+01	-6.102683e+00
6.000000e-08	-3.199521e-06	-9.009550e-11	-2.339702e+01	-6.131444e+00
7.000000e-08	-3.192434e-06	-7.599410e-11	-2.334519e+01	-6.158668e+00
8.000000e-08	-3.184379e-06	-6.584103e-11	-2.328629e+01	-6.182959e+00
9.000000e-08	-3.174954e-06	-1.179462e-10	-2.321737e+01	-6.202771e+00
1.000000e-07	-3.163765e-06	-1.630123e-10	-2.313555e+01	-6.216478e+00
1.100000e-07	-3.151098e-06	-1.373481e-10	-2.304292e+01	-6.222454e+00
1.200000e-07	-3.137438e-06	1.040136e-11	-2.294303e+01	-6.219170e+00
1.300000e-07	-3.122820e-06	-4.926601e-12	-2.283613e+01	-6.205280e+00
1.400000e-07	-3.106858e-06	-2.231184e-10	-2.271941e+01	-6.179708e+00
1.500000e-07	-3.089734e-06	-1.157715e-10	-2.259418e+01	-6.141716e+00
1.600000e-07	-3.071940e-06	1.682959e-11	-2.246406e+01	-6.090957e+00
1.700000e-07	-3.053203e-06	-1.723236e-10	-2.232704e+01	-6.027492e+00
1.800000e-07	-3.033271e-06	-1.329107e-10	-2.218129e+01	-5.951789e+00
1.900000e-07	-3.012528e-06	6.742251e-11	-2.202960e+01	-5.864685e+00
2.000000e-07	-2.990931e-06	-1.279015e-10	-2.187167e+01	-5.767329e+00
2.100000e-07	-2.968181e-06	-1.674955e-10	-2.170531e+01	-5.661099e+00
2.200000e-07	-2.944513e-06	4.319570e-11	-2.153223e+01	-5.547505e+00
2.300000e-07	-2.919901e-06	-1.040628e-10	-2.135225e+01	-5.428090e+00
2.400000e-07	-2.893856e-06	-1.748760e-10	-2.116179e+01	-5.304327e+00
2.500000e-07	-2.866527e-06	7.825919e-12	-2.096194e+01	-5.177539e+00
2.600000e-07	-2.838296e-06	-6.300764e-11	-2.075550e+01	-5.048824e+00
2.700000e-07	-2.809131e-06	-1.287301e-10	-2.054223e+01	-4.919016e+00
2.800000e-07	-2.778975e-06	-3.452985e-11	-2.032171e+01	-4.788670e+00
2.900000e-07	-2.747914e-06	-7.735185e-11	-2.009457e+01	-4.658075e+00
3.000000e-07	-2.716040e-06	-7.819110e-11	-1.986149e+01	-4.527293e+00
3.100000e-07	-2.683120e-06	-5.824621e-11	-1.962075e+01	-4.396222e+00
3.200000e-07	-2.648907e-06	-1.030185e-10	-1.937057e+01	-4.264671e+00
3.300000e-07	-2.613638e-06	-4.411363e-11	-1.911266e+01	-4.132444e+00
3.400000e-07	-2.577560e-06	-1.504827e-11	-1.884883e+01	-3.999412e+00
3.500000e-07	-2.540610e-06	-1.012557e-10	-1.857862e+01	-3.865587e+00
3.600000e-07	-2.502666e-06	-7.705441e-11	-1.830115e+01	-3.731167e+00
3.700000e-07	-2.463832e-06	-1.986897e-11	-1.801717e+01	-3.596556e+00
3.800000e-07	-2.424349e-06	-5.616021e-11	-1.772845e+01	-3.462364e+00
3.900000e-07	-2.384248e-06	-6.822853e-11	-1.743520e+01	-3.329371e+00
4.000000e-07	-2.343186e-06	-4.861076e-11	-1.713493e+01	-3.198472e+00
4.100000e-07	-2.300874e-06	-2.227463e-11	-1.682552e+01	-3.070604e+00
4.200000e-07	-2.257600e-06	-3.883238e-11	-1.650907e+01	-2.946658e+00
4.300000e-07	-2.213648e-06	-6.901072e-11	-1.618766e+01	-2.827389e+00
4.400000e-07	-2.168975e-06	-4.963469e-11	-1.586099e+01	-2.713339e+00
4.500000e-07	-2.123542e-06	-1.045970e-11	-1.552875e+01	-2.604771e+00
4.600000e-07	-2.077337e-06	-3.352802e-11	-1.519087e+01	-2.501630e+00
4.700000e-07	-2.030401e-06	-6.537408e-11	-1.484764e+01	-2.403527e+00
4.800000e-07	-1.982861e-06	-2.570017e-11	-1.449999e+01	-2.309766e+00
4.900000e-07	-1.934594e-06	-9.077772e-12	-1.414704e+01	-2.219386e+00
5.000000e-07	-1.885301e-06	-4.900620e-11	-1.378657e+01	-2.131244e+00
5.100000e-07	-1.834901e-06	-5.139663e-11	-1.341801e+01	-2.044106e+00
5.200000e-07	-1.783636e-06	-6.050819e-12	-1.304313e+01	-1.956758e+00
5.300000e-07	-1.731754e-06	-1.391732e-11	-1.266373e+01	-1.868106e+00
5.400000e-07	-1.679202e-06	-4.258823e-11	-1.227944e+01	-1.777281e+00
5.500000e-07	-1.626017e-06	-3.018086e-11	-1.189052e+01	-1.683714e+00
5.600000e-07	-1.572261e-06	-8.850167e-12	-1.149741e+01	-1.587183e+00
5.700000e-07	-1.517865e-06	-2.075355e-11	-1.109964e+01	-1.487834e+00
5.800000e-07	-1.462920e-06	-3.240391e-11	-1.069784e+01	-1.386163e+00
5.900000e-07	-1.407626e-06	-1.298372e-11	-1.029349e+01	-1.282962e+00
6.000000e-07	-1.352069e-06	-1.023399e-11	-9.887226e+00	-1.179242e+00
6.100000e-07	-1.296109e-06	-2.101398e-11	-9.478011e+00	-1.076121e+00
6.200000e-07	-1.239599e-06	-1.738815e-11	-9.064770e+00	-9.747194e-01
6.300000e-07	-1.182461e-06	-6.787776e-12	-8.646940e+00	-8.760321e-01
6.400000e-07	-1.124641e-06	-1.322402e-11	-8.224118e+00	-7.808266e-01
6.500000e-07	-1.066196e-06	-1.853749e-11	-7.796729e+00	-6.895534e-01
6.600000e-07	-1.007261e-06	-9.595593e-12	-7.365763e+00	-6.022870e-01
6.700000e-07	-9.479982e-07	-5.873229e-12	-6.932392e+00	-5.187021e-01
6.800000e-07	-8.885385e-07	-9.559613e-12	-6.497583e+00	-4.380868e-01
6.900000e-07	-8.289309e-07	-9.356123e-12	-6.061693e+00	-3.593917e-01
7.000000e-07	-7.691567e-07	-4.597727e-12	-5.624584e+00	-2.813118e-01
7.100000e-07	-7.091754e-07	-4.611964e-12	-5.185961e+00	-2.023926e-01
7.200000e-07	-6.489217e-07	-8.304136e-13	-4.745346e+00	-1.211502e-01
7.300000e-07	-5.883897e-07	3.239524e-12	-4.302696e+00	-3.619501e-02
7.400000e-07	-5.276482e-07	-2.275799e-13	-3.858514e+00	5.365254e-02
7.500000e-07	-4.667422e-07	-4.043499e-12	-3.413128e+00	1.492666e-01
7.600000e-07	-4.056741e-07	3.459666e-13	-2.966558e+00	2.511479e-01
7.700000e-07	-3.444516e-07	5.504469e-12	-2.518858e+00	3.593913e-01
7.800000e-07	-2.830964e-07	2.838454e-12	-2.070188e+00	4.736896e-01
7.900000e-07	-2.217018e-07	4.497650e-12	-1.621230e+00	5.933755e-01
8.000000e-07	-1.603078e-07	9.661693e-12	-1.172277e+00	7.174956e-01
8.100000e-07	-9.881483e-08	1.266678e-11	-7.225996e-01	8.449098e-01
8.200000e-07	-3.724525e-08	1.369366e-11	-2.723620e-01	9.744060e-01
8.300000e-07	2.430549e-08	1.790729e-11	1.777378e-01	1.104819e+00
8.400000e-07	8.579987e-08	2.019297e-11	6.274256e-01	1.235144e+00
8.500000e-07	1.472819e-07	1.811413e-11	1.077023e+00	1.364627e+00
8.600000e-07	2.087705e-07	1.812841e-11	1.526668e+00	1.492834e+00
8.700000e-07	2.702326e-07	1.996647e-11	1.976120e+00	1.619681e+00
8.800000e-07	3.316417e-07	2.369239e-11	2.425184e+00	1.745433e+00
8.900000e-07	3.929696e-07	2.529667e-11	2.873654e+00	1.870661e+00
9.000000e-07	4.541730e-07	2.673023e-11	3.321214e+00	1.996173e+00
9.100000e-07	5.152171e-07	2.810127e-11	3.767609e+00	2.122914e+00
9.200000e-07	5.760544e-07	3.030218e-11	4.212492e+00	2.251858e+00
9.300000e-07	6.366525e-07	3.092847e-11	4.655625e+00	2.383885e+00
9.400000e-07	6.969970e-07	3.137324e-11	5.096904e+00	2.519680e+00
9.500000e-07	7.570369e-07	3.427623e-11	5.535956e+00	2.659636e+00
9.600000e-07	8.168102e-07	3.777661e-11	5.973058e+00	2.803795e+00
9.700000e-07	8.764208e-07	3.867202e-11	6.408970e+00	2.951811e+00
9.800000e-07	9.359197e-07	3.772385e-11	6.844066e+00	3.102958e+00
9.900000e-07	9.952671e-07	4.166820e-11	7.278053e+00	3.256172e+00
1.000000e-06	1.054311e-06	4.749327e-11	7.709820e+00	3.410119e+00
1.010000e-06	1.112879e-06	5.058413e-11	8.138113e+00	3.563298e+00
1.020000e-06	1.170701e-06	5.109987e-11	8.560939e+00	3.714146e+00
1.030000e-06	1.227659e-06	5.404093e-11	8.977460e+00	3.861161e+00
1.040000e-06	1.283928e-06	5.781317e-11	9.388931e+00	4.003009e+00
1.050000e-06	1.339742e-06	5.998959e-11	9.797082e+00	4.138622e+00
1.060000e-06	1.395283e-06	6.404568e-11	1.020324e+01	4.267261e+00
1.070000e-06	1.450501e-06	6.778914e-11	1.060703e+01	4.388559e+00
1.080000e-06	1.505286e-06	7.070885e-11	1.100765e+01	4.502519e+00
1.090000e-06	1.559484e-06	7.211899e-11	1.140398e+01	4.609484e+00
1.100000e-06	1.613110e-06	7.413901e-11	1.179613e+01	4.710075e+00
1.110000e-06	1.666283e-06	7.599590e-11	1.218497e+01	4.805106e+00
1.120000e-06	1.718904e-06	7.916879e-11	1.256977e+01	4.895477e+00
1.130000e-06	1.770876e-06	8.330690e-11	1.294982e+01	4.982075e+00
1.140000e-06	1.822176e-06	8.429537e-11	1.332496e+01	5.065666e+00
1.150000e-06	1.872599e-06	8.460063e-11	1.369369e+01	5.146811e+00
1.160000e-06	1.921846e-06	8.788179e-11	1.405381e+01	5.225803e+00
1.170000e-06	1.970046e-06	9.213770e-11	1.440629e+01	5.302633e+00
1.180000e-06	2.017624e-06	9.314269e-11	1.475420e+01	5.376987e+00
1.190000e-06	2.064618e-06	9.499686e-11	1.509785e+01	5.448277e+00
1.200000e-06	2.110898e-06	9.827285e-11	1.543629e+01	5.515698e+00
1.210000e-06	2.156477e-06	9.886742e-11	1.576959e+01	5.578310e+00
1.220000e-06	2.201254e-06	9.532302e-11	1.609703e+01	5.635135e+00
1.230000e-06	2.245242e-06	9.434298e-11	1.641870e+01	5.685255e+00
1.240000e-06	2.288717e-06	9.683972e-11	1.673662e+01	5.727909e+00
1.250000e-06	2.331598e-06	9.803468e-11	1.705019e+01	5.762578e+00
1.260000e-06	2.373359e-06	9.829590e-11	1.735558e+01	5.789044e+00
1.270000e-06	2.413857e-06	1.007250e-10	1.765172e+01	5.807427e+00
1.280000e-06	2.453467e-06	1.023497e-10	1.794138e+01	5.818189e+00
1.290000e-06	2.492329e-06	9.995963e-11	1.822556e+01	5.822113e+00
1.300000e-06	2.530406e-06	9.856820e-11	1.850400e+01	5.820252e+00
1.310000e-06	2.567625e-06	9.951772e-11	1.877617e+01	5.813857e+00
1.320000e-06	2.603934e-06	9.934983e-11	1.904170e+01	5.804289e+00
1.330000e-06	2.639571e-06	9.864826e-11	1.930230e+01	5.792931e+00
1.340000e-06	2.674428e-06	9.995454e-11	1.955719e+01	5.781095e+00
1.350000e-06	2.708032e-06	1.012932e-10	1.980293e+01	5.769942e+00
1.360000e-06	2.740393e-06	1.016317e-10	2.003957e+01	5.760417e+00
1.370000e-06	2.771823e-06	1.025262e-10	2.026941e+01	5.753207e+00
1.380000e-06	2.802367e-06	1.030693e-10	2.049276e+01	5.748723e+00
1.390000e-06	2.831983e-06	1.010093e-10	2.070934e+01	5.747102e+00
1.400000e-06	2.860672e-06	9.911976e-11	2.091913e+01	5.748235e+00
1.410000e-06	2.888519e-06	1.003697e-10	2.112277e+01	5.751812e+00
1.420000e-06	2.915508e-06	1.012450e-10	2.132013e+01	5.757378e+00
1.430000e-06	2.941296e-06	1.010533e-10	2.150871e+01	5.764393e+00
1.440000e-06	2.965771e-06	1.021749e-10	2.168769e+01	5.772300e+00
1.450000e-06	2.989166e-06	1.043030e-10	2.185877e+01	5.780574e+00
1.460000e-06	3.011584e-06	1.048750e-10	2.202270e+01	5.788773e+00
1.470000e-06	3.033002e-06	1.033527e-10	2.217932e+01	5.796564e+00
1.480000e-06	3.053418e-06	1.020722e-10	2.232862e+01	5.803743e+00
1.490000e-06	3.072959e-06	1.016138e-10	2.247152e+01	5.810234e+00
1.500000e-06	3.091546e-06	1.015839e-10	2.260744e+01	5.816076e+00
1.510000e-06	3.108889e-06	1.027996e-10	2.273426e+01	5.821403e+00
1.520000e-06	3.124999e-06	1.055452e-10	2.285206e+01	5.826414e+00
1.530000e-06	3.139945e-06	1.071755e-10	2.296136e+01	5.831345e+00
1.540000e-06	3.153739e-06	1.066753e-10	2.306223e+01	5.836443e+00
1.550000e-06	3.166410e-06	1.057111e-10	2.315489e+01	5.841946e+00
1.560000e-06	3.177916e-06	1.040411e-10	2.323903e+01	5.848068e+00
1.570000e-06	3.188052e-06	1.007294e-10	2.331315e+01	5.854997e+00
1.580000e-06	3.196706e-06	9.756452e-11	2.337644e+01	5.862899e+00
1.590000e-06	3.204171e-06	9.709946e-11	2.343102e+01	5.871924e+00
1.600000e-06	3.210637e-06	9.814014e-11	2.347831e+01	5.882220e+00
1.610000e-06	3.215996e-06	9.849729e-11	2.351750e+01	5.893940e+00
1.620000e-06	3.220296e-06	9.824955e-11	2.354894e+01	5.907254e+00
1.630000e-06	3.223668e-06	9.970998e-11	2.357360e+01	5.922339e+00
1.640000e-06	3.225835e-06	1.017374e-10	2.358945e+01	5.939373e+00
1.650000e-06	3.226567e-06	1.028574e-10	2.359480e+01	5.958512e+00
1.660000e-06	3.226156e-06	1.037277e-10	2.359179e+01	5.979855e+00
1.670000e-06	3.224760e-06	1.035984e-10	2.358159e+01	6.003408e+00
1.680000e-06	3.222331e-06	1.048819e-10	2.356382e+01	6.029042e+00
1.690000e-06	3.218947e-06	1.056629e-10	2.353908e+01	6.056447e+00
1.700000e-06	3.214700e-06	1.058840e-10	2.350802e+01	6.085105e+00
1.710000e-06	3.209500e-06	1.081226e-10	2.346999e+01	6.114261e+00
1.720000e-06	3.203057e-06	1.159930e-10	2.342288e+01	6.142917e+00
1.730000e-06	3.195401e-06	1.446116e-10	2.336690e+01	6.169848e+00
1.740000e-06	3.186772e-06	1.056107e-10	2.330379e+01	6.193634e+00
1.750000e-06	3.176946e-06	3.769023e-11	2.323194e+01	6.212711e+00
1.760000e-06	3.165343e-06	3.072225e-11	2.314709e+01	6.225448e+00
1.770000e-06	3.151845e-06	1.811258e-10	2.304838e+01	6.230229e+00
1.780000e-06	3.137468e-06	2.202739e-10	2.294325e+01	6.225544e+00
1.790000e-06	3.122915e-06	8.694282e-12	2.283683e+01	6.210080e+00
1.800000e-06	3.107297e-06	3.534544e-11	2.272261e+01	6.182807e+00
1.810000e-06	3.090070e-06	2.398358e-10	2.259664e+01	6.143040e+00
1.820000e-06	3.072044e-06	6.836624e-11	2.246482e+01	6.090488e+00
1.830000e-06	3.053354e-06	-2.019930e-11	2.232815e+01	6.025274e+00
1.840000e-06	3.033478e-06	2.817860e-10	2.218280e+01	5.947920e+00
1.850000e-06	3.012689e-06	1.685659e-10	2.203078e+01	5.859311e+00
1.860000e-06	2.990861e-06	-5.989469e-11	2.187116e+01	5.760636e+00
1.870000e-06	2.967516e-06	1.761432e-10	2.170045e+01	5.653296e+00
1.880000e-06	2.943047e-06	1.414688e-10	2.152151e+01	5.538814e+00
1.890000e-06	2.917630e-06	-6.055369e-11	2.133565e+01	5.418726e+00
1.900000e-06	2.890946e-06	1.565448e-10	2.114052e+01	5.294492e+00
1.910000e-06	2.863232e-06	1.502459e-10	2.093786e+01	5.167403e+00
1.920000e-06	2.834722e-06	9.799341e-12	2.072937e+01	5.038524e+00
1.930000e-06	2.805060e-06	1.221970e-10	2.051246e+01	4.908649e+00
1.940000e-06	2.774215e-06	7.370348e-11	2.028690e+01	4.778292e+00
1.950000e-06	2.742290e-06	4.663008e-11	2.005345e+01	4.647708e+00
1.960000e-06	2.709267e-06	1.376725e-10	1.981196e+01	4.516930e+00
1.970000e-06	2.675440e-06	3.090576e-12	1.956459e+01	4.385840e+00
1.980000e-06	2.640814e-06	4.932175e-11	1.931139e+01	4.254241e+00
1.990000e-06	2.605234e-06	1.600029e-10	1.905120e+01	4.121940e+00
2.000000e-06	2.568896e-06	-9.776764e-12	1.878547e+01	3.988827e+00
2.010000e-06	2.531666e-06	2.750729e-11	1.851322e+01	3.854938e+00
2.020000e-06	2.493168e-06	1.149148e-10	1.823170e+01	3.720497e+00
2.030000e-06	2.453558e-06	3.212333e-11	1.794205e+01	3.585941e+00
2.040000e-06	2.413113e-06	3.068245e-11	1.764628e+01	3.451906e+00
2.050000e-06	2.371992e-06	4.148214e-11	1.734558e+01	3.319191e+00
2.060000e-06	2.330229e-06	7.423125e-11	1.704018e+01	3.188705e+00
2.070000e-06	2.287635e-06	6.088448e-11	1.672870e+01	3.061382e+00
2.080000e-06	2.244224e-06	-3.289664e-11	1.641126e+01	2.938098e+00
2.090000e-06	2.200222e-06	2.713058e-11	1.608948e+01	2.819584e+00
2.100000e-06	2.155668e-06	9.018573e-11	1.576368e+01	2.706346e+00
2.110000e-06	2.110311e-06	2.782102e-11	1.543199e+01	2.598601e+00
2.120000e-06	2.064013e-06	3.089544e-12	1.509343e+01	2.496247e+00
2.130000e-06	2.017001e-06	3.835511e-11	1.474965e+01	2.398851e+00
2.140000e-06	1.969355e-06	7.267224e-11	1.440123e+01	2.305673e+00
2.150000e-06	1.920865e-06	5.202338e-12	1.404664e+01	2.215723e+00
2.160000e-06	1.871538e-06	-2.279700e-11	1.368593e+01	2.127838e+00
2.170000e-06	1.821553e-06	5.883934e-11	1.332041e+01	2.040779e+00
2.180000e-06	1.770974e-06	3.510329e-11	1.295054e+01	1.953344e+00
2.190000e-06	1.719745e-06	-1.423711e-11	1.257592e+01	1.864465e+00
2.200000e-06	1.667863e-06	6.829002e-12	1.219652e+01	1.773313e+00
2.210000e-06	1.615339e-06	3.791468e-11	1.181243e+01	1.679364e+00
2.220000e-06	1.561980e-06	2.493576e-11	1.142223e+01	1.582449e+00
2.230000e-06	1.507691e-06	-1.355410e-11	1.102524e+01	1.482767e+00
2.240000e-06	1.452580e-06	1.364330e-11	1.062223e+01	1.380860e+00
2.250000e-06	1.396851e-06	3.163342e-11	1.021470e+01	1.277556e+00
2.260000e-06	1.340762e-06	-7.120986e-12	9.804542e+00	1.173888e+00
2.270000e-06	1.284346e-06	-1.014937e-11	9.391993e+00	1.070983e+00
2.280000e-06	1.227489e-06	6.815196e-12	8.976211e+00	9.699490e-01
2.290000e-06	1.170151e-06	3.397436e-12	8.556917e+00	8.717553e-01
2.300000e-06	1.112396e-06	-1.031678e-11	8.134576e+00	7.771290e-01
2.310000e-06	1.054326e-06	-1.094000e-11	7.709932e+00	6.864696e-01
2.320000e-06	9.959613e-07	3.363873e-12	7.283130e+00	5.997951e-01
2.330000e-06	9.372322e-07	-5.738999e-12	6.853663e+00	5.167233e-01
2.340000e-06	8.780879e-07	-9.941259e-12	6.421161e+00	4.364902e-01
2.350000e-06	8.185718e-07	-3.926304e-12	5.985940e+00	3.580043e-01
2.360000e-06	7.588218e-07	-1.196280e-11	5.549008e+00	2.799323e-01
2.370000e-06	6.989244e-07	-1.348979e-11	5.110999e+00	2.008079e-01
2.380000e-06	6.389224e-07	-1.169715e-11	4.672224e+00	1.191531e-01
2.390000e-06	5.788141e-07	-1.223682e-11	4.232673e+00	3.360176e-02
2.400000e-06	5.185855e-07	-1.710007e-11	3.792241e+00	-5.698748e-02
2.410000e-06	4.582533e-07	-1.763205e-11	3.351052e+00	-1.534388e-01
2.420000e-06	3.978427e-07	-1.370608e-11	2.909290e+00	-2.561961e-01
2.430000e-06	3.373073e-07	-1.991738e-11	2.466615e+00	-3.652955e-01
2.440000e-06	2.766489e-07	-2.254656e-11	2.023040e+00	-4.803752e-01
2.450000e-06	2.159417e-07	-1.920815e-11	1.579109e+00	-6.007218e-01
2.460000e-06	1.551810e-07	-2.239672e-11	1.134786e+00	-7.253486e-01
2.470000e-06	9.432175e-08	-3.070168e-11	6.897432e-01	-8.530979e-01
2.480000e-06	3.338474e-08	-3.424141e-11	2.441314e-01	-9.827572e-01
2.490000e-06	-2.749515e-08	-3.337658e-11	-2.010628e-01	-1.113178e+00
2.500000e-06	-8.834907e-08	-3.447599e-11	-6.460670e-01	-1.243385e+00
2.510000e-06	-1.492293e-07	-3.645312e-11	-1.091263e+00	-1.372668e+00
2.520000e-06	-2.101090e-07	-3.656424e-11	-1.536456e+00	-1.500640e+00
2.530000e-06	-2.709322e-07	-3.653570e-11	-1.981236e+00	-1.627270e+00
2.540000e-06	-3.316270e-07	-3.816218e-11	-2.425077e+00	-1.752869e+00
2.550000e-06	-3.921990e-07	-4.063760e-11	-2.868019e+00	-1.878047e+00
2.560000e-06	-4.526238e-07	-4.366767e-11	-3.309886e+00	-2.003638e+00
2.570000e-06	-5.129130e-07	-4.693181e-11	-3.750760e+00	-2.130599e+00
2.580000e-06	-5.731135e-07	-5.163460e-11	-4.190986e+00	-2.259895e+00
2.590000e-06	-6.332372e-07	-5.450375e-11	-4.630650e+00	-2.392388e+00
2.600000e-06	-6.932625e-07	-5.453361e-11	-5.069595e+00	-2.528724e+00
2.610000e-06	-7.531982e-07	-5.395064e-11	-5.507885e+00	-2.669251e+00
2.620000e-06	-8.129670e-07	-5.719747e-11	-5.944954e+00	-2.813954e+00
2.630000e-06	-8.724146e-07	-6.369501e-11	-6.379674e+00	-2.962434e+00
2.640000e-06	-9.314758e-07	-6.568978e-11	-6.811569e+00	-3.113912e+00
2.650000e-06	-9.901568e-07	-6.587479e-11	-7.240683e+00	-3.267280e+00
2.660000e-06	-1.048455e-06	-7.032210e-11	-7.667001e+00	-3.421176e+00
2.670000e-06	-1.106375e-06	-7.476478e-11	-8.090546e+00	-3.574080e+00
2.680000e-06	-1.163882e-06	-7.437334e-11	-8.511077e+00	-3.724433e+00
2.690000e-06	-1.220891e-06	-7.404285e-11	-8.927963e+00	-3.870750e+00
2.700000e-06	-1.277425e-06	-7.584614e-11	-9.341378e+00	-4.011729e+00
2.710000e-06	-1.333637e-06	-7.569577e-11	-9.752439e+00	-4.146346e+00
2.720000e-06	-1.389587e-06	-7.374830e-11	-1.016159e+01	-4.273913e+00
2.730000e-06	-1.445160e-06	-7.514508e-11	-1.056797e+01	-4.394118e+00
2.740000e-06	-1.500085e-06	-7.922362e-11	-1.096961e+01	-4.507013e+00
2.750000e-06	-1.554139e-06	-8.202314e-11	-1.136489e+01	-4.612987e+00
2.760000e-06	-1.607325e-06	-8.489870e-11	-1.175382e+01	-4.712695e+00
2.770000e-06	-1.659801e-06	-8.729170e-11	-1.213757e+01	-4.806967e+00
2.780000e-06	-1.711688e-06	-8.684619e-11	-1.251700e+01	-4.896710e+00
2.790000e-06	-1.762900e-06	-8.381762e-11	-1.289149e+01	-4.982799e+00
2.800000e-06	-1.813500e-06	-8.127385e-11	-1.326152e+01	-5.065975e+00
2.810000e-06	-1.863590e-06	-7.988113e-11	-1.362781e+01	-5.146765e+00
2.820000e-06	-1.912857e-06	-8.060385e-11	-1.398808e+01	-5.225419e+00
2.830000e-06	-1.960933e-06	-8.442971e-11	-1.433964e+01	-5.301885e+00
2.840000e-06	-2.008113e-06	-8.867095e-11	-1.468466e+01	-5.375806e+00
2.850000e-06	-2.054774e-06	-9.014946e-11	-1.502587e+01	-5.446560e+00
2.860000e-06	-2.100849e-06	-9.048181e-11	-1.536280e+01	-5.513316e+00
2.870000e-06	-2.146172e-06	-9.177200e-11	-1.569424e+01	-5.575125e+00
2.880000e-06	-2.190775e-06	-9.166307e-11	-1.602040e+01	-5.631009e+00
2.890000e-06	-2.234823e-06	-8.973644e-11	-1.634251e+01	-5.680067e+00
2.900000e-06	-2.278153e-06	-8.883652e-11	-1.665937e+01	-5.721569e+00
2.910000e-06	-2.320724e-06	-9.000411e-11	-1.697067e+01	-5.755036e+00
2.920000e-06	-2.362596e-06	-9.005404e-11	-1.727687e+01	-5.780295e+00
2.930000e-06	-2.403642e-06	-8.972415e-11	-1.757702e+01	-5.797516e+00
2.940000e-06	-2.443975e-06	-9.160778e-11	-1.787197e+01	-5.807209e+00
2.950000e-06	-2.483610e-06	-9.204753e-11	-1.816180e+01	-5.810201e+00
2.960000e-06	-2.522096e-06	-9.113127e-11	-1.844324e+01	-5.807575e+00
2.970000e-06	-2.559267e-06	-9.185671e-11	-1.871506e+01	-5.800605e+00
2.980000e-06	-2.595569e-06	-9.285836e-11	-1.898052e+01	-5.790660e+00
2.990000e-06	-2.631158e-06	-9.174786e-11	-1.924077e+01	-5.779120e+00
3.000000e-06	-2.665844e-06	-9.018366e-11	-1.949442e+01	-5.767278e+00
3.010000e-06	-2.699563e-06	-9.050884e-11	-1.974100e+01	-5.756269e+00
3.020000e-06	-2.732377e-06	-8.983918e-11	-1.998095e+01	-5.747002e+00
3.030000e-06	-2.764382e-06	-8.762846e-11	-2.021500e+01	-5.740126e+00
3.040000e-06	-2.795335e-06	-8.739695e-11	-2.044134e+01	-5.736012e+00
3.050000e-06	-2.824964e-06	-8.736273e-11	-2.065801e+01	-5.734759e+00
3.060000e-06	-2.853521e-06	-8.649184e-11	-2.086684e+01	-5.736228e+00
3.070000e-06	-2.881235e-06	-8.496007e-11	-2.106950e+01	-5.740083e+00
3.080000e-06	-2.907948e-06	-8.325966e-11	-2.126484e+01	-5.745853e+00
3.090000e-06	-2.933543e-06	-8.270127e-11	-2.145201e+01	-5.752994e+00
3.100000e-06	-2.958220e-06	-8.209593e-11	-2.163247e+01	-5.760947e+00
3.110000e-06	-2.982067e-06	-8.227643e-11	-2.180685e+01	-5.769199e+00
3.120000e-06	-3.004716e-06	-8.271941e-11	-2.197247e+01	-5.777319e+00
3.130000e-06	-3.026016e-06	-8.361713e-11	-2.212823e+01	-5.784996e+00
3.140000e-06	-3.046253e-06	-8.477744e-11	-2.227622e+01	-5.792041e+00
3.150000e-06	-3.065575e-06	-8.580291e-11	-2.241752e+01	-5.798398e+00
3.160000e-06	-3.083915e-06	-8.626673e-11	-2.255163e+01	-5.804120e+00
3.170000e-06	-3.101225e-06	-8.609373e-11	-2.267821e+01	-5.809352e+00
3.180000e-06	-3.117587e-06	-8.522979e-11	-2.279787e+01	-5.814300e+00
3.190000e-06	-3.132831e-06	-8.322481e-11	-2.290934e+01	-5.819203e+00
3.200000e-06	-3.146587e-06	-8.186424e-11	-2.300993e+01	-5.824308e+00
3.210000e-06	-3.158907e-06	-8.347959e-11	-2.310002e+01	-5.829850e+00
3.220000e-06	-3.170034e-06	-8.577532e-11	-2.318139e+01	-5.836040e+00
3.230000e-06	-3.180054e-06	-8.656266e-11	-2.325466e+01	-5.843062e+00
3.240000e-06	-3.189040e-06	-8.600508e-11	-2.332037e+01	-5.851079e+00
3.250000e-06	-3.197065e-06	-8.491186e-11	-2.337906e+01	-5.860239e+00
3.260000e-06	-3.203888e-06	-8.544854e-11	-2.342895e+01	-5.870692e+00
3.270000e-06	-3.209301e-06	-8.754784e-11	-2.346854e+01	-5.882593e+00
3.280000e-06	-3.213527e-06	-9.021019e-11	-2.349944e+01	-5.896112e+00
3.290000e-06	-3.216755e-06	-9.073615e-11	-2.352305e+01	-5.911428e+00
3.300000e-06	-3.218906e-06	-8.905882e-11	-2.353878e+01	-5.928718e+00
3.310000e-06	-3.219961e-06	-8.832013e-11	-2.354649e+01	-5.948130e+00
