# Temperatura_=_20.0
# Concentracion g/m^3_=_4600.0
# C_Vs_to_Am_M_A/Vsm_=_65563218390.804596
# pendiente_HvsI_1/m_=_3716.3
# ordenada_HvsI_A/m_=_1297.0
# frecuencia_Hz_=_302583.47151615267

Tiempo_(s)	Campo_(V.s)	Magnetizacion_(V.s)	Campo_(kA/m)	Magnetizacion_(A/m)
0.000000e+00	-8.049162e-06	-4.021249e-09	-5.757046e+01	-2.626343e+02
1.000000e-08	-8.046338e-06	-4.022173e-09	-5.755026e+01	-2.628462e+02
2.000000e-08	-8.040817e-06	-4.018274e-09	-5.751077e+01	-2.630565e+02
3.000000e-08	-8.032652e-06	-4.017581e-09	-5.745237e+01	-2.631155e+02
4.000000e-08	-8.021640e-06	-4.020505e-09	-5.737361e+01	-2.629444e+02
5.000000e-08	-8.007744e-06	-4.021709e-09	-5.727422e+01	-2.625793e+02
6.000000e-08	-7.990954e-06	-4.018686e-09	-5.715414e+01	-2.621513e+02
7.000000e-08	-7.971644e-06	-4.011211e-09	-5.701603e+01	-2.618146e+02
8.000000e-08	-7.950158e-06	-3.995246e-09	-5.686235e+01	-2.616613e+02
9.000000e-08	-7.925946e-06	-4.021890e-09	-5.668917e+01	-2.616721e+02
1.000000e-07	-7.898520e-06	-4.028733e-09	-5.649301e+01	-2.617289e+02
1.100000e-07	-7.867977e-06	-3.994422e-09	-5.627456e+01	-2.616830e+02
1.200000e-07	-7.834515e-06	-3.986946e-09	-5.603523e+01	-2.614401e+02
1.300000e-07	-7.798278e-06	-3.999694e-09	-5.577605e+01	-2.610164e+02
1.400000e-07	-7.759570e-06	-4.013644e-09	-5.549920e+01	-2.605310e+02
1.500000e-07	-7.718511e-06	-3.978800e-09	-5.520553e+01	-2.601422e+02
1.600000e-07	-7.675100e-06	-3.949901e-09	-5.489504e+01	-2.599586e+02
1.700000e-07	-7.629134e-06	-3.972329e-09	-5.456627e+01	-2.599776e+02
1.800000e-07	-7.580343e-06	-3.903867e-09	-5.421730e+01	-2.600831e+02
1.900000e-07	-7.528672e-06	-3.932862e-09	-5.384773e+01	-2.601059e+02
2.000000e-07	-7.474032e-06	-3.948212e-09	-5.345693e+01	-2.599124e+02
2.100000e-07	-7.416528e-06	-3.920648e-09	-5.304564e+01	-2.594733e+02
2.200000e-07	-7.356365e-06	-3.978476e-09	-5.261533e+01	-2.588734e+02
2.300000e-07	-7.293670e-06	-3.942870e-09	-5.216692e+01	-2.582569e+02
2.400000e-07	-7.228282e-06	-3.926386e-09	-5.169923e+01	-2.577391e+02
2.500000e-07	-7.160100e-06	-3.900135e-09	-5.121158e+01	-2.573344e+02
2.600000e-07	-7.089231e-06	-3.914541e-09	-5.070469e+01	-2.569426e+02
2.700000e-07	-7.015524e-06	-3.889274e-09	-5.017751e+01	-2.564040e+02
2.800000e-07	-6.938979e-06	-3.849883e-09	-4.963004e+01	-2.555946e+02
2.900000e-07	-6.859611e-06	-3.858404e-09	-4.906237e+01	-2.545071e+02
3.000000e-07	-6.777572e-06	-3.837561e-09	-4.847560e+01	-2.532721e+02
3.100000e-07	-6.693231e-06	-3.827494e-09	-4.787236e+01	-2.521018e+02
3.200000e-07	-6.606633e-06	-3.809466e-09	-4.725298e+01	-2.511841e+02
3.300000e-07	-6.517599e-06	-3.805831e-09	-4.661618e+01	-2.505806e+02
3.400000e-07	-6.426126e-06	-3.799889e-09	-4.596193e+01	-2.501869e+02
3.500000e-07	-6.332342e-06	-3.789926e-09	-4.529116e+01	-2.497772e+02
3.600000e-07	-6.236203e-06	-3.780546e-09	-4.460353e+01	-2.491149e+02
3.700000e-07	-6.137807e-06	-3.758884e-09	-4.389977e+01	-2.480728e+02
3.800000e-07	-6.037272e-06	-3.742037e-09	-4.318071e+01	-2.466984e+02
3.900000e-07	-5.934517e-06	-3.725149e-09	-4.244577e+01	-2.451906e+02
4.000000e-07	-5.829548e-06	-3.705793e-09	-4.169500e+01	-2.437970e+02
4.100000e-07	-5.722570e-06	-3.688354e-09	-4.092985e+01	-2.426852e+02
4.200000e-07	-5.613679e-06	-3.681023e-09	-4.015102e+01	-2.418564e+02
4.300000e-07	-5.502779e-06	-3.663946e-09	-3.935783e+01	-2.411470e+02
4.400000e-07	-5.389695e-06	-3.632283e-09	-3.854901e+01	-2.403170e+02
4.500000e-07	-5.274507e-06	-3.609491e-09	-3.772514e+01	-2.391793e+02
4.600000e-07	-5.157405e-06	-3.601517e-09	-3.688759e+01	-2.376989e+02
4.700000e-07	-5.038472e-06	-3.586216e-09	-3.603694e+01	-2.360095e+02
4.800000e-07	-4.917693e-06	-3.565828e-09	-3.517308e+01	-2.343372e+02
4.900000e-07	-4.795021e-06	-3.555444e-09	-3.429569e+01	-2.328736e+02
5.000000e-07	-4.670663e-06	-3.540640e-09	-3.340624e+01	-2.316682e+02
5.100000e-07	-4.544683e-06	-3.503851e-09	-3.250518e+01	-2.305996e+02
5.200000e-07	-4.417037e-06	-3.469008e-09	-3.159221e+01	-2.294437e+02
5.300000e-07	-4.287709e-06	-3.448860e-09	-3.066721e+01	-2.280014e+02
5.400000e-07	-4.156790e-06	-3.423646e-09	-2.973084e+01	-2.262156e+02
5.500000e-07	-4.024364e-06	-3.397604e-09	-2.878368e+01	-2.242094e+02
5.600000e-07	-3.890340e-06	-3.380539e-09	-2.782509e+01	-2.222214e+02
5.700000e-07	-3.754798e-06	-3.365021e-09	-2.685565e+01	-2.204708e+02
5.800000e-07	-3.617776e-06	-3.337616e-09	-2.587561e+01	-2.190252e+02
5.900000e-07	-3.479230e-06	-3.310434e-09	-2.488469e+01	-2.177480e+02
6.000000e-07	-3.339297e-06	-3.285855e-09	-2.388384e+01	-2.163600e+02
6.100000e-07	-3.198037e-06	-3.253788e-09	-2.287349e+01	-2.145865e+02
6.200000e-07	-3.055363e-06	-3.215254e-09	-2.185304e+01	-2.123128e+02
6.300000e-07	-2.911422e-06	-3.181427e-09	-2.082352e+01	-2.096586e+02
6.400000e-07	-2.766467e-06	-3.151503e-09	-1.978675e+01	-2.069250e+02
6.500000e-07	-2.620617e-06	-3.112982e-09	-1.874358e+01	-2.044350e+02
6.600000e-07	-2.473968e-06	-3.074851e-09	-1.769470e+01	-2.023489e+02
6.700000e-07	-2.326470e-06	-3.039106e-09	-1.663974e+01	-2.005601e+02
6.800000e-07	-2.178126e-06	-3.002549e-09	-1.557873e+01	-1.987331e+02
6.900000e-07	-2.029049e-06	-2.963312e-09	-1.451248e+01	-1.964769e+02
7.000000e-07	-1.879342e-06	-2.924235e-09	-1.344172e+01	-1.935625e+02
7.100000e-07	-1.729025e-06	-2.883462e-09	-1.236660e+01	-1.900670e+02
7.200000e-07	-1.578116e-06	-2.836151e-09	-1.128724e+01	-1.863520e+02
7.300000e-07	-1.426657e-06	-2.787221e-09	-1.020396e+01	-1.828737e+02
7.400000e-07	-1.274631e-06	-2.738490e-09	-9.116616e+00	-1.799130e+02
7.500000e-07	-1.122166e-06	-2.687812e-09	-8.026128e+00	-1.773723e+02
7.600000e-07	-9.693366e-07	-2.630716e-09	-6.933039e+00	-1.747628e+02
7.700000e-07	-8.160980e-07	-2.568817e-09	-5.837022e+00	-1.714144e+02
7.800000e-07	-6.625462e-07	-2.501692e-09	-4.738765e+00	-1.668172e+02
7.900000e-07	-5.087805e-07	-2.431352e-09	-3.638978e+00	-1.609168e+02
8.000000e-07	-3.548282e-07	-2.354416e-09	-2.537857e+00	-1.541825e+02
8.100000e-07	-2.008043e-07	-2.265047e-09	-1.436223e+00	-1.473618e+02
8.200000e-07	-4.669876e-08	-2.160767e-09	-3.340061e-01	-1.409909e+02
8.300000e-07	1.074559e-07	-2.037222e-09	7.685626e-01	-1.348720e+02
8.400000e-07	2.615828e-07	-1.890810e-09	1.870933e+00	-1.277853e+02
8.500000e-07	4.156599e-07	-1.712038e-09	2.972947e+00	-1.176350e+02
8.600000e-07	5.696258e-07	-1.489334e-09	4.074165e+00	-1.020519e+02
8.700000e-07	7.234294e-07	-1.195145e-09	5.174224e+00	-7.927015e+01
8.800000e-07	8.770544e-07	-7.892090e-10	6.273004e+00	-4.894653e+01
8.900000e-07	1.030483e-06	-2.340069e-10	7.370379e+00	-1.257791e+01
9.000000e-07	1.183609e-06	4.463426e-10	8.465591e+00	2.669215e+01
9.100000e-07	1.336314e-06	1.107900e-09	9.557791e+00	6.485153e+01
9.200000e-07	1.488392e-06	1.602640e-09	1.064551e+01	9.812213e+01
9.300000e-07	1.639773e-06	1.918406e-09	1.172824e+01	1.239915e+02
9.400000e-07	1.790507e-06	2.125841e-09	1.280634e+01	1.418044e+02
9.500000e-07	1.940616e-06	2.278082e-09	1.387998e+01	1.527190e+02
9.600000e-07	2.090021e-06	2.400630e-09	1.494857e+01	1.590834e+02
9.700000e-07	2.238614e-06	2.505032e-09	1.601136e+01	1.635069e+02
9.800000e-07	2.386423e-06	2.598724e-09	1.706854e+01	1.679943e+02
9.900000e-07	2.533375e-06	2.684841e-09	1.811959e+01	1.734558e+02
1.000000e-06	2.679424e-06	2.763034e-09	1.916419e+01	1.797211e+02
1.010000e-06	2.824550e-06	2.834812e-09	2.020218e+01	1.859686e+02
1.020000e-06	2.968572e-06	2.898347e-09	2.123228e+01	1.913237e+02
1.030000e-06	3.111414e-06	2.957530e-09	2.225394e+01	1.953423e+02
1.040000e-06	3.252992e-06	3.011579e-09	2.326655e+01	1.981884e+02
1.050000e-06	3.393255e-06	3.059842e-09	2.426976e+01	2.004774e+02
1.060000e-06	3.532221e-06	3.107341e-09	2.526370e+01	2.029140e+02
1.070000e-06	3.669845e-06	3.153124e-09	2.624803e+01	2.059317e+02
1.080000e-06	3.806073e-06	3.198517e-09	2.722239e+01	2.095129e+02
1.090000e-06	3.940900e-06	3.242452e-09	2.818672e+01	2.132575e+02
1.100000e-06	4.074353e-06	3.281940e-09	2.914122e+01	2.166384e+02
1.110000e-06	4.206364e-06	3.317496e-09	3.008541e+01	2.192940e+02
1.120000e-06	4.336866e-06	3.352201e-09	3.101880e+01	2.212067e+02
1.130000e-06	4.465869e-06	3.386970e-09	3.194148e+01	2.226855e+02
1.140000e-06	4.593290e-06	3.417996e-09	3.285284e+01	2.241806e+02
1.150000e-06	4.719125e-06	3.444736e-09	3.375286e+01	2.260397e+02
1.160000e-06	4.843379e-06	3.471990e-09	3.464156e+01	2.283372e+02
1.170000e-06	4.965966e-06	3.499336e-09	3.551835e+01	2.308592e+02
1.180000e-06	5.086825e-06	3.525674e-09	3.638278e+01	2.332411e+02
1.190000e-06	5.205828e-06	3.551081e-09	3.723393e+01	2.351737e+02
1.200000e-06	5.322872e-06	3.576032e-09	3.807107e+01	2.365658e+02
1.210000e-06	5.437852e-06	3.600050e-09	3.889344e+01	2.375803e+02
1.220000e-06	5.550649e-06	3.623023e-09	3.970021e+01	2.385328e+02
1.230000e-06	5.661328e-06	3.644111e-09	4.049183e+01	2.397139e+02
1.240000e-06	5.770077e-06	3.662632e-09	4.126964e+01	2.412356e+02
1.250000e-06	5.876854e-06	3.680005e-09	4.203334e+01	2.429803e+02
1.260000e-06	5.981395e-06	3.697469e-09	4.278106e+01	2.446765e+02
1.270000e-06	6.083685e-06	3.715714e-09	4.351268e+01	2.460534e+02
1.280000e-06	6.183788e-06	3.732989e-09	4.422865e+01	2.469891e+02
1.290000e-06	6.281524e-06	3.750020e-09	4.492769e+01	2.475739e+02
1.300000e-06	6.376847e-06	3.765727e-09	4.560947e+01	2.480565e+02
1.310000e-06	6.469910e-06	3.778954e-09	4.627509e+01	2.487084e+02
1.320000e-06	6.560709e-06	3.792947e-09	4.692451e+01	2.496802e+02
1.330000e-06	6.649102e-06	3.807878e-09	4.755673e+01	2.509264e+02
1.340000e-06	6.735211e-06	3.822075e-09	4.817262e+01	2.522378e+02
1.350000e-06	6.819074e-06	3.835188e-09	4.877243e+01	2.533587e+02
1.360000e-06	6.900453e-06	3.848263e-09	4.935449e+01	2.541254e+02
1.370000e-06	6.979271e-06	3.860371e-09	4.991822e+01	2.545501e+02
1.380000e-06	7.055464e-06	3.870827e-09	5.046318e+01	2.548094e+02
1.390000e-06	7.129007e-06	3.880959e-09	5.098918e+01	2.551450e+02
1.400000e-06	7.199959e-06	3.889988e-09	5.149666e+01	2.557334e+02
1.410000e-06	7.268339e-06	3.899500e-09	5.198573e+01	2.565948e+02
1.420000e-06	7.334124e-06	3.908643e-09	5.245625e+01	2.575877e+02
1.430000e-06	7.397300e-06	3.918012e-09	5.290812e+01	2.584902e+02
1.440000e-06	7.458008e-06	3.927895e-09	5.334232e+01	2.591210e+02
1.450000e-06	7.516150e-06	3.935700e-09	5.375817e+01	2.594347e+02
1.460000e-06	7.571616e-06	3.942657e-09	5.415488e+01	2.595414e+02
1.470000e-06	7.624205e-06	3.949321e-09	5.453102e+01	2.596435e+02
1.480000e-06	7.673594e-06	3.955355e-09	5.488427e+01	2.599246e+02
1.490000e-06	7.720029e-06	3.961497e-09	5.521639e+01	2.604528e+02
1.500000e-06	7.763804e-06	3.967574e-09	5.552948e+01	2.611494e+02
1.510000e-06	7.804770e-06	3.971733e-09	5.582248e+01	2.618359e+02
1.520000e-06	7.842935e-06	3.975855e-09	5.609545e+01	2.623339e+02
1.530000e-06	7.878459e-06	3.981567e-09	5.634953e+01	2.625602e+02
1.540000e-06	7.911138e-06	3.987814e-09	5.658327e+01	2.625668e+02
1.550000e-06	7.940963e-06	3.992412e-09	5.679658e+01	2.625073e+02
1.560000e-06	7.967933e-06	3.995291e-09	5.698948e+01	2.625483e+02
1.570000e-06	7.991922e-06	3.997596e-09	5.716106e+01	2.627781e+02
1.580000e-06	8.013145e-06	3.999318e-09	5.731286e+01	2.631612e+02
1.590000e-06	8.031660e-06	4.000660e-09	5.744528e+01	2.635626e+02
1.600000e-06	8.047241e-06	4.003259e-09	5.755672e+01	2.638265e+02
1.610000e-06	8.059723e-06	4.006564e-09	5.764600e+01	2.638647e+02
1.620000e-06	8.068970e-06	4.008126e-09	5.771214e+01	2.637054e+02
1.630000e-06	8.075191e-06	4.010571e-09	5.775663e+01	2.634757e+02
1.640000e-06	8.078598e-06	4.014312e-09	5.778099e+01	2.633293e+02
1.650000e-06	8.079124e-06	4.017996e-09	5.778476e+01	2.633600e+02
1.660000e-06	8.076967e-06	4.011851e-09	5.776933e+01	2.635488e+02
1.670000e-06	8.072154e-06	4.006805e-09	5.773491e+01	2.637751e+02
1.680000e-06	8.064557e-06	4.006571e-09	5.768057e+01	2.638837e+02
1.690000e-06	8.054245e-06	4.006667e-09	5.760681e+01	2.637718e+02
1.700000e-06	8.041102e-06	4.004862e-09	5.751281e+01	2.634460e+02
1.710000e-06	8.025205e-06	4.003786e-09	5.739911e+01	2.630190e+02
1.720000e-06	8.006933e-06	4.006582e-09	5.726843e+01	2.626476e+02
1.730000e-06	7.986282e-06	4.011134e-09	5.712072e+01	2.624460e+02
1.740000e-06	7.962752e-06	3.961128e-09	5.695243e+01	2.624242e+02
1.750000e-06	7.935705e-06	3.970995e-09	5.675897e+01	2.624842e+02
1.760000e-06	7.904996e-06	3.994413e-09	5.653933e+01	2.624766e+02
1.770000e-06	7.871319e-06	3.980195e-09	5.629846e+01	2.622866e+02
1.780000e-06	7.835276e-06	3.952418e-09	5.604067e+01	2.619006e+02
1.790000e-06	7.796836e-06	3.980537e-09	5.576574e+01	2.614162e+02
1.800000e-06	7.756272e-06	3.998370e-09	5.547561e+01	2.609901e+02
1.810000e-06	7.713701e-06	3.931299e-09	5.517113e+01	2.607510e+02
1.820000e-06	7.668493e-06	4.049985e-09	5.484778e+01	2.607268e+02
1.830000e-06	7.620526e-06	4.016904e-09	5.450470e+01	2.608263e+02
1.840000e-06	7.569664e-06	4.007544e-09	5.414092e+01	2.608856e+02
1.850000e-06	7.515690e-06	4.017958e-09	5.375488e+01	2.607541e+02
1.860000e-06	7.458998e-06	3.915386e-09	5.334940e+01	2.603728e+02
1.870000e-06	7.399582e-06	3.981070e-09	5.292443e+01	2.598009e+02
1.880000e-06	7.337478e-06	3.947190e-09	5.248024e+01	2.591755e+02
1.890000e-06	7.272694e-06	3.977251e-09	5.201689e+01	2.586274e+02
1.900000e-06	7.205011e-06	3.969730e-09	5.153279e+01	2.582002e+02
1.910000e-06	7.134463e-06	3.929002e-09	5.102821e+01	2.578196e+02
1.920000e-06	7.061115e-06	3.954490e-09	5.050360e+01	2.573329e+02
1.930000e-06	6.985047e-06	3.891697e-09	4.995953e+01	2.565978e+02
1.940000e-06	6.906223e-06	3.926731e-09	4.939576e+01	2.555730e+02
1.950000e-06	6.824825e-06	3.901097e-09	4.881356e+01	2.543569e+02
1.960000e-06	6.740904e-06	3.891502e-09	4.821333e+01	2.531503e+02
1.970000e-06	6.654365e-06	3.886179e-09	4.759438e+01	2.521578e+02
1.980000e-06	6.565433e-06	3.841533e-09	4.695830e+01	2.514796e+02
1.990000e-06	6.474188e-06	3.844745e-09	4.630569e+01	2.510518e+02
2.000000e-06	6.380670e-06	3.812321e-09	4.563682e+01	2.506704e+02
2.010000e-06	6.284884e-06	3.827893e-09	4.495172e+01	2.500897e+02
2.020000e-06	6.186861e-06	3.802729e-09	4.425063e+01	2.491456e+02
2.030000e-06	6.086599e-06	3.786874e-09	4.353352e+01	2.478406e+02
2.040000e-06	5.984130e-06	3.776673e-09	4.280062e+01	2.463431e+02
2.050000e-06	5.879612e-06	3.760095e-09	4.205307e+01	2.449004e+02
2.060000e-06	5.773060e-06	3.727636e-09	4.129097e+01	2.437112e+02
2.070000e-06	5.664497e-06	3.697447e-09	4.051449e+01	2.428220e+02
2.080000e-06	5.553946e-06	3.703921e-09	3.972379e+01	2.421047e+02
2.090000e-06	5.441427e-06	3.691641e-09	3.891901e+01	2.413271e+02
2.100000e-06	5.326746e-06	3.674002e-09	3.809878e+01	2.402769e+02
2.110000e-06	5.209882e-06	3.652213e-09	3.726292e+01	2.388760e+02
2.120000e-06	5.091115e-06	3.642663e-09	3.641346e+01	2.372197e+02
2.130000e-06	4.970512e-06	3.599032e-09	3.555086e+01	2.355220e+02
2.140000e-06	4.848109e-06	3.564853e-09	3.467539e+01	2.339952e+02
2.150000e-06	4.723893e-06	3.558388e-09	3.378696e+01	2.327308e+02
2.160000e-06	4.597910e-06	3.551614e-09	3.288588e+01	2.316473e+02
2.170000e-06	4.470262e-06	3.522193e-09	3.197290e+01	2.305356e+02
2.180000e-06	4.340986e-06	3.496583e-09	3.104827e+01	2.291777e+02
2.190000e-06	4.210186e-06	3.483438e-09	3.011274e+01	2.274733e+02
2.200000e-06	4.077839e-06	3.455232e-09	2.916615e+01	2.255027e+02
2.210000e-06	3.943867e-06	3.423974e-09	2.820794e+01	2.234867e+02
2.220000e-06	3.808452e-06	3.402614e-09	2.723940e+01	2.216632e+02
2.230000e-06	3.671689e-06	3.383500e-09	2.626122e+01	2.201468e+02
2.240000e-06	3.533506e-06	3.344782e-09	2.527289e+01	2.188506e+02
2.250000e-06	3.393828e-06	3.309089e-09	2.427386e+01	2.175195e+02
2.260000e-06	3.252760e-06	3.283466e-09	2.326490e+01	2.158619e+02
2.270000e-06	3.110468e-06	3.256772e-09	2.224717e+01	2.137117e+02
2.280000e-06	2.967013e-06	3.225499e-09	2.122113e+01	2.111298e+02
2.290000e-06	2.822500e-06	3.201617e-09	2.018752e+01	2.083837e+02
2.300000e-06	2.676978e-06	3.176578e-09	1.914669e+01	2.058091e+02
2.310000e-06	2.530486e-06	3.139790e-09	1.809893e+01	2.036214e+02
2.320000e-06	2.383147e-06	3.098886e-09	1.704511e+01	2.017833e+02
2.330000e-06	2.234997e-06	3.058913e-09	1.598549e+01	2.000046e+02
2.340000e-06	2.085951e-06	3.014917e-09	1.491946e+01	1.978873e+02
2.350000e-06	1.936157e-06	2.971436e-09	1.384808e+01	1.951437e+02
2.360000e-06	1.785816e-06	2.934648e-09	1.277279e+01	1.917689e+02
2.370000e-06	1.634933e-06	2.898301e-09	1.169362e+01	1.880656e+02
2.380000e-06	1.483464e-06	2.855618e-09	1.061026e+01	1.844909e+02
2.390000e-06	1.331566e-06	2.806233e-09	9.523832e+00	1.813936e+02
2.400000e-06	1.179313e-06	2.751173e-09	8.434865e+00	1.787808e+02
2.410000e-06	1.026653e-06	2.691437e-09	7.342987e+00	1.762500e+02
2.420000e-06	8.736381e-07	2.633063e-09	6.248570e+00	1.731469e+02
2.430000e-06	7.204138e-07	2.572642e-09	5.152655e+00	1.688886e+02
2.440000e-06	5.669502e-07	2.503057e-09	4.055029e+00	1.632891e+02
2.450000e-06	4.132637e-07	2.422183e-09	2.955808e+00	1.566974e+02
2.460000e-06	2.594754e-07	2.333731e-09	1.855860e+00	1.498306e+02
2.470000e-06	1.055542e-07	2.236544e-09	7.549609e-01	1.433299e+02
2.480000e-06	-4.842123e-08	2.125669e-09	-3.463258e-01	1.372216e+02
2.490000e-06	-2.024106e-07	1.993088e-09	-1.447713e+00	1.305466e+02
2.500000e-06	-3.564182e-07	1.825845e-09	-2.549229e+00	1.213879e+02
2.510000e-06	-5.102933e-07	1.613947e-09	-3.649799e+00	1.073683e+02
2.520000e-06	-6.639514e-07	1.342489e-09	-4.748816e+00	8.648563e+01
2.530000e-06	-8.174462e-07	9.780051e-10	-5.846665e+00	5.798114e+01
2.540000e-06	-9.706802e-07	4.757540e-10	-6.942649e+00	2.288440e+01
2.550000e-06	-1.123509e-06	-1.748318e-10	-8.035736e+00	-1.601973e+01
2.560000e-06	-1.275929e-06	-8.678867e-10	-9.125894e+00	-5.483937e+01
2.570000e-06	-1.427958e-06	-1.431965e-09	-1.021326e+01	-8.963131e+01
2.580000e-06	-1.579528e-06	-1.804720e-09	-1.129734e+01	-1.174890e+02
2.590000e-06	-1.730526e-06	-2.043120e-09	-1.237734e+01	-1.372710e+02
2.600000e-06	-1.880867e-06	-2.212636e-09	-1.345262e+01	-1.497212e+02
2.610000e-06	-2.030579e-06	-2.348792e-09	-1.452342e+01	-1.569718e+02
2.620000e-06	-2.179558e-06	-2.464964e-09	-1.558897e+01	-1.616565e+02
2.630000e-06	-2.327567e-06	-2.562202e-09	-1.664759e+01	-1.659958e+02
2.640000e-06	-2.474576e-06	-2.646306e-09	-1.769904e+01	-1.711919e+02
2.650000e-06	-2.620673e-06	-2.723791e-09	-1.874398e+01	-1.773174e+02
2.660000e-06	-2.765817e-06	-2.795307e-09	-1.978210e+01	-1.836590e+02
2.670000e-06	-2.909927e-06	-2.861844e-09	-2.081283e+01	-1.893010e+02
2.680000e-06	-3.052931e-06	-2.925875e-09	-2.183565e+01	-1.936613e+02
2.690000e-06	-3.194822e-06	-2.987168e-09	-2.285050e+01	-1.967548e+02
2.700000e-06	-3.335428e-06	-3.043598e-09	-2.385616e+01	-1.991132e+02
2.710000e-06	-3.474613e-06	-3.096973e-09	-2.485167e+01	-2.014563e+02
2.720000e-06	-3.612462e-06	-3.148832e-09	-2.583761e+01	-2.043116e+02
2.730000e-06	-3.748985e-06	-3.196392e-09	-2.681407e+01	-2.077775e+02
2.740000e-06	-3.884180e-06	-3.239720e-09	-2.778103e+01	-2.115307e+02
2.750000e-06	-4.018026e-06	-3.280816e-09	-2.873835e+01	-2.150468e+02
2.760000e-06	-4.150404e-06	-3.318063e-09	-2.968516e+01	-2.178997e+02
2.770000e-06	-4.281281e-06	-3.353462e-09	-3.062124e+01	-2.199794e+02
2.780000e-06	-4.410724e-06	-3.391940e-09	-3.154706e+01	-2.215253e+02
2.790000e-06	-4.538645e-06	-3.430487e-09	-3.246200e+01	-2.229754e+02
2.800000e-06	-4.665023e-06	-3.464128e-09	-3.336590e+01	-2.247239e+02
2.810000e-06	-4.789736e-06	-3.496601e-09	-3.425789e+01	-2.269215e+02
2.820000e-06	-4.912706e-06	-3.528615e-09	-3.513742e+01	-2.294187e+02
2.830000e-06	-5.034011e-06	-3.555769e-09	-3.600503e+01	-2.318699e+02
2.840000e-06	-5.153503e-06	-3.580588e-09	-3.685968e+01	-2.339333e+02
2.850000e-06	-5.270966e-06	-3.606717e-09	-3.769982e+01	-2.354539e+02
2.860000e-06	-5.386252e-06	-3.633267e-09	-3.852438e+01	-2.365360e+02
2.870000e-06	-5.499302e-06	-3.656430e-09	-3.933296e+01	-2.374722e+02
2.880000e-06	-5.610185e-06	-3.677249e-09	-4.012603e+01	-2.385765e+02
2.890000e-06	-5.719027e-06	-3.699128e-09	-4.090451e+01	-2.400151e+02
2.900000e-06	-5.825973e-06	-3.720167e-09	-4.166942e+01	-2.417254e+02
2.910000e-06	-5.930888e-06	-3.739784e-09	-4.241982e+01	-2.434616e+02
2.920000e-06	-6.033609e-06	-3.758508e-09	-4.315451e+01	-2.449371e+02
2.930000e-06	-6.134076e-06	-3.775502e-09	-4.387309e+01	-2.459825e+02
2.940000e-06	-6.232282e-06	-3.789910e-09	-4.457549e+01	-2.466356e+02
2.950000e-06	-6.328269e-06	-3.802714e-09	-4.526202e+01	-2.471160e+02
2.960000e-06	-6.421952e-06	-3.814736e-09	-4.593208e+01	-2.477044e+02
2.970000e-06	-6.513336e-06	-3.826520e-09	-4.658569e+01	-2.485921e+02
2.980000e-06	-6.602431e-06	-3.839197e-09	-4.722293e+01	-2.497840e+02
2.990000e-06	-6.689175e-06	-3.853867e-09	-4.784335e+01	-2.511034e+02
3.000000e-06	-6.773423e-06	-3.867499e-09	-4.844593e+01	-2.522926e+02
3.010000e-06	-6.855270e-06	-3.876609e-09	-4.903132e+01	-2.531537e+02
3.020000e-06	-6.934617e-06	-3.885538e-09	-4.959884e+01	-2.536522e+02
3.030000e-06	-7.011147e-06	-3.896993e-09	-5.014621e+01	-2.539302e+02
3.040000e-06	-7.084996e-06	-3.907042e-09	-5.067441e+01	-2.542251e+02
3.050000e-06	-7.156312e-06	-3.914664e-09	-5.118448e+01	-2.547411e+02
3.060000e-06	-7.225039e-06	-3.923337e-09	-5.167604e+01	-2.555415e+02
3.070000e-06	-7.291239e-06	-3.934342e-09	-5.214952e+01	-2.565208e+02
3.080000e-06	-7.354924e-06	-3.943411e-09	-5.260503e+01	-2.574662e+02
3.090000e-06	-7.415964e-06	-3.948893e-09	-5.304160e+01	-2.581751e+02
3.100000e-06	-7.474380e-06	-3.953637e-09	-5.345941e+01	-2.585629e+02
3.110000e-06	-7.530098e-06	-3.960518e-09	-5.385793e+01	-2.587038e+02
3.120000e-06	-7.582953e-06	-3.971199e-09	-5.423597e+01	-2.587868e+02
3.130000e-06	-7.632752e-06	-3.980446e-09	-5.459215e+01	-2.590106e+02
3.140000e-06	-7.679534e-06	-3.986700e-09	-5.492675e+01	-2.594786e+02
3.150000e-06	-7.723769e-06	-3.990287e-09	-5.524313e+01	-2.601470e+02
3.160000e-06	-7.765559e-06	-3.993662e-09	-5.554203e+01	-2.608542e+02
3.170000e-06	-7.804569e-06	-3.996580e-09	-5.582105e+01	-2.614117e+02
3.180000e-06	-7.840742e-06	-4.001217e-09	-5.607977e+01	-2.617059e+02
3.190000e-06	-7.874201e-06	-4.010248e-09	-5.631908e+01	-2.617554e+02
3.200000e-06	-7.904772e-06	-4.017368e-09	-5.653774e+01	-2.616951e+02
3.210000e-06	-7.932387e-06	-4.019368e-09	-5.673525e+01	-2.616980e+02
3.220000e-06	-7.957209e-06	-4.020358e-09	-5.691278e+01	-2.618786e+02
3.230000e-06	-7.979131e-06	-4.022685e-09	-5.706957e+01	-2.622328e+02
3.240000e-06	-7.998160e-06	-4.023878e-09	-5.720568e+01	-2.626446e+02
3.250000e-06	-8.014371e-06	-4.020548e-09	-5.732162e+01	-2.629546e+02
3.260000e-06	-8.027442e-06	-4.019374e-09	-5.741511e+01	-2.630510e+02
3.270000e-06	-8.037421e-06	-4.022323e-09	-5.748648e+01	-2.629317e+02
3.280000e-06	-8.044442e-06	-4.026061e-09	-5.753670e+01	-2.627043e+02
3.290000e-06	-8.048536e-06	-4.027697e-09	-5.756598e+01	-2.625243e+02
3.300000e-06	-8.049881e-06	-4.024606e-09	-5.757560e+01	-2.625073e+02
