# Temperatura_=_20.0
# Concentracion g/m^3_=_4600.0
# C_Vs_to_Am_M_A/Vsm_=_65563218390.804596
# pendiente_HvsI_1/m_=_3716.3
# ordenada_HvsI_A/m_=_1297.0
# frecuencia_Hz_=_302580.70356433775

Tiempo_(s)	Campo_(V.s)	Magnetizacion_(V.s)	Campo_(kA/m)	Magnetizacion_(A/m)
0.000000e+00	-7.950503e-06	-4.230823e-09	-5.756914e+01	-2.757092e+02
1.000000e-08	-7.947514e-06	-4.230439e-09	-5.754749e+01	-2.759890e+02
2.000000e-08	-7.941875e-06	-4.227019e-09	-5.750666e+01	-2.762749e+02
3.000000e-08	-7.933673e-06	-4.225181e-09	-5.744727e+01	-2.763826e+02
4.000000e-08	-7.922674e-06	-4.223967e-09	-5.736762e+01	-2.762083e+02
5.000000e-08	-7.908723e-06	-4.220120e-09	-5.726661e+01	-2.757879e+02
6.000000e-08	-7.891862e-06	-4.214585e-09	-5.714452e+01	-2.752800e+02
7.000000e-08	-7.872585e-06	-4.205354e-09	-5.700494e+01	-2.748828e+02
8.000000e-08	-7.851106e-06	-4.196062e-09	-5.684941e+01	-2.747283e+02
9.000000e-08	-7.826909e-06	-4.212124e-09	-5.667420e+01	-2.748111e+02
1.000000e-07	-7.799542e-06	-4.216014e-09	-5.647604e+01	-2.749899e+02
1.100000e-07	-7.769075e-06	-4.200370e-09	-5.625543e+01	-2.750621e+02
1.200000e-07	-7.735816e-06	-4.194379e-09	-5.601460e+01	-2.748703e+02
1.300000e-07	-7.699883e-06	-4.196212e-09	-5.575441e+01	-2.743854e+02
1.400000e-07	-7.661495e-06	-4.189921e-09	-5.547644e+01	-2.737206e+02
1.500000e-07	-7.620857e-06	-4.167256e-09	-5.518219e+01	-2.730700e+02
1.600000e-07	-7.577803e-06	-4.181851e-09	-5.487044e+01	-2.726062e+02
1.700000e-07	-7.532140e-06	-4.162240e-09	-5.453979e+01	-2.723901e+02
1.800000e-07	-7.483819e-06	-4.129524e-09	-5.418990e+01	-2.723428e+02
1.900000e-07	-7.432616e-06	-4.156020e-09	-5.381915e+01	-2.722928e+02
2.000000e-07	-7.378507e-06	-4.125490e-09	-5.342735e+01	-2.720703e+02
2.100000e-07	-7.321634e-06	-4.121148e-09	-5.301553e+01	-2.715975e+02
2.200000e-07	-7.262022e-06	-4.143235e-09	-5.258389e+01	-2.709250e+02
2.300000e-07	-7.199819e-06	-4.123190e-09	-5.213348e+01	-2.701942e+02
2.400000e-07	-7.135040e-06	-4.118715e-09	-5.166441e+01	-2.695511e+02
2.500000e-07	-7.067504e-06	-4.107763e-09	-5.117539e+01	-2.690574e+02
2.600000e-07	-6.997270e-06	-4.095388e-09	-5.066683e+01	-2.686534e+02
2.700000e-07	-6.924339e-06	-4.054505e-09	-5.013874e+01	-2.681928e+02
2.800000e-07	-6.848597e-06	-4.037294e-09	-4.959030e+01	-2.675306e+02
2.900000e-07	-6.770073e-06	-4.044394e-09	-4.902171e+01	-2.666145e+02
3.000000e-07	-6.688846e-06	-4.037969e-09	-4.843355e+01	-2.655261e+02
3.100000e-07	-6.605217e-06	-4.035653e-09	-4.782800e+01	-2.644455e+02
3.200000e-07	-6.519384e-06	-4.020695e-09	-4.720649e+01	-2.635558e+02
3.300000e-07	-6.431247e-06	-4.005459e-09	-4.656829e+01	-2.629387e+02
3.400000e-07	-6.340738e-06	-3.983471e-09	-4.591292e+01	-2.625198e+02
3.500000e-07	-6.247910e-06	-3.969634e-09	-4.524076e+01	-2.620979e+02
3.600000e-07	-6.152820e-06	-3.957946e-09	-4.455222e+01	-2.614457e+02
3.700000e-07	-6.055458e-06	-3.944108e-09	-4.384722e+01	-2.604303e+02
3.800000e-07	-5.955848e-06	-3.936670e-09	-4.312596e+01	-2.590884e+02
3.900000e-07	-5.854117e-06	-3.917093e-09	-4.238933e+01	-2.576132e+02
4.000000e-07	-5.750356e-06	-3.889888e-09	-4.163800e+01	-2.562565e+02
4.100000e-07	-5.644567e-06	-3.874639e-09	-4.087199e+01	-2.551956e+02
4.200000e-07	-5.536750e-06	-3.874115e-09	-4.009129e+01	-2.544372e+02
4.300000e-07	-5.426967e-06	-3.854924e-09	-3.929636e+01	-2.538095e+02
4.400000e-07	-5.315231e-06	-3.829431e-09	-3.848729e+01	-2.530505e+02
4.500000e-07	-5.201504e-06	-3.817932e-09	-3.766379e+01	-2.519469e+02
4.600000e-07	-5.085738e-06	-3.801717e-09	-3.682554e+01	-2.504491e+02
4.700000e-07	-4.968021e-06	-3.768875e-09	-3.597315e+01	-2.487000e+02
4.800000e-07	-4.848534e-06	-3.747709e-09	-3.510796e+01	-2.469593e+02
4.900000e-07	-4.727237e-06	-3.745959e-09	-3.422965e+01	-2.454630e+02
5.000000e-07	-4.604202e-06	-3.729219e-09	-3.333877e+01	-2.442925e+02
5.100000e-07	-4.479553e-06	-3.696297e-09	-3.243619e+01	-2.433266e+02
5.200000e-07	-4.353257e-06	-3.672338e-09	-3.152169e+01	-2.423039e+02
5.300000e-07	-4.225363e-06	-3.651541e-09	-3.059561e+01	-2.409653e+02
5.400000e-07	-4.095915e-06	-3.612671e-09	-2.965829e+01	-2.391990e+02
5.500000e-07	-3.964939e-06	-3.582651e-09	-2.870990e+01	-2.371077e+02
5.600000e-07	-3.832408e-06	-3.571311e-09	-2.775025e+01	-2.349581e+02
5.700000e-07	-3.698338e-06	-3.552908e-09	-2.677945e+01	-2.330355e+02
5.800000e-07	-3.562860e-06	-3.522229e-09	-2.579847e+01	-2.314811e+02
5.900000e-07	-3.426075e-06	-3.497583e-09	-2.480801e+01	-2.302020e+02
6.000000e-07	-3.287947e-06	-3.474416e-09	-2.380783e+01	-2.289092e+02
6.100000e-07	-3.148477e-06	-3.434927e-09	-2.279794e+01	-2.272670e+02
6.200000e-07	-3.007691e-06	-3.395717e-09	-2.177852e+01	-2.250778e+02
6.300000e-07	-2.865565e-06	-3.370498e-09	-2.074939e+01	-2.224006e+02
6.400000e-07	-2.722237e-06	-3.342013e-09	-1.971156e+01	-2.195319e+02
6.500000e-07	-2.577934e-06	-3.297711e-09	-1.866667e+01	-2.168525e+02
6.600000e-07	-2.432793e-06	-3.256750e-09	-1.761572e+01	-2.146163e+02
6.700000e-07	-2.286719e-06	-3.223830e-09	-1.655800e+01	-2.127964e+02
6.800000e-07	-2.139792e-06	-3.187448e-09	-1.549411e+01	-2.110771e+02
6.900000e-07	-1.992238e-06	-3.149019e-09	-1.442568e+01	-2.090082e+02
7.000000e-07	-1.844137e-06	-3.113595e-09	-1.335329e+01	-2.062449e+02
7.100000e-07	-1.695518e-06	-3.072513e-09	-1.227715e+01	-2.027458e+02
7.200000e-07	-1.546341e-06	-3.019518e-09	-1.119697e+01	-1.988139e+02
7.300000e-07	-1.396581e-06	-2.965540e-09	-1.011256e+01	-1.949426e+02
7.400000e-07	-1.246359e-06	-2.913434e-09	-9.024811e+00	-1.915363e+02
7.500000e-07	-1.095752e-06	-2.857747e-09	-7.934279e+00	-1.886514e+02
7.600000e-07	-9.447820e-07	-2.796601e-09	-6.841112e+00	-1.859060e+02
7.700000e-07	-7.935814e-07	-2.735136e-09	-5.746277e+00	-1.826282e+02
7.800000e-07	-6.421388e-07	-2.670909e-09	-4.649690e+00	-1.781865e+02
7.900000e-07	-4.904623e-07	-2.597954e-09	-3.551409e+00	-1.723348e+02
8.000000e-07	-3.386125e-07	-2.513708e-09	-2.451874e+00	-1.653720e+02
8.100000e-07	-1.865446e-07	-2.417127e-09	-1.350758e+00	-1.579891e+02
8.200000e-07	-3.433908e-08	-2.307304e-09	-2.486473e-01	-1.508258e+02
8.300000e-07	1.178898e-07	-2.179270e-09	8.536336e-01	-1.439196e+02
8.400000e-07	2.700911e-07	-2.027510e-09	1.955714e+00	-1.363196e+02
8.500000e-07	4.221751e-07	-1.842772e-09	3.056945e+00	-1.261019e+02
8.600000e-07	5.741266e-07	-1.613194e-09	4.157218e+00	-1.108689e+02
8.700000e-07	7.259329e-07	-1.314366e-09	5.256438e+00	-8.859798e+01
8.800000e-07	8.775296e-07	-9.137285e-10	6.354141e+00	-5.852878e+01
8.900000e-07	1.028824e-06	-3.735399e-10	7.449656e+00	-2.172488e+01
9.000000e-07	1.179779e-06	3.080135e-10	8.542714e+00	1.895529e+01
9.100000e-07	1.330395e-06	1.016560e-09	9.633314e+00	5.951816e+01
9.200000e-07	1.480572e-06	1.584862e-09	1.072074e+01	9.591420e+01
9.300000e-07	1.630190e-06	1.961163e-09	1.180412e+01	1.251529e+02
9.400000e-07	1.779146e-06	2.207147e-09	1.288270e+01	1.460513e+02
9.500000e-07	1.927489e-06	2.382717e-09	1.395684e+01	1.593603e+02
9.600000e-07	2.075184e-06	2.521154e-09	1.502629e+01	1.672588e+02
9.700000e-07	2.222127e-06	2.638102e-09	1.609029e+01	1.724477e+02
9.800000e-07	2.368263e-06	2.739952e-09	1.714846e+01	1.772125e+02
9.900000e-07	2.513505e-06	2.832074e-09	1.820015e+01	1.828026e+02
1.000000e-06	2.657762e-06	2.917401e-09	1.924470e+01	1.893120e+02
1.010000e-06	2.800998e-06	2.997551e-09	2.028187e+01	1.960266e+02
1.020000e-06	2.943180e-06	3.068756e-09	2.131140e+01	2.020170e+02
1.030000e-06	3.084134e-06	3.132420e-09	2.233204e+01	2.066842e+02
1.040000e-06	3.223725e-06	3.189889e-09	2.334281e+01	2.100309e+02
1.050000e-06	3.362067e-06	3.242286e-09	2.434454e+01	2.125848e+02
1.060000e-06	3.499182e-06	3.291420e-09	2.533738e+01	2.150698e+02
1.070000e-06	3.634945e-06	3.338269e-09	2.632042e+01	2.180233e+02
1.080000e-06	3.769345e-06	3.385609e-09	2.729361e+01	2.215576e+02
1.090000e-06	3.902444e-06	3.429583e-09	2.825737e+01	2.253648e+02
1.100000e-06	4.034165e-06	3.468428e-09	2.921116e+01	2.289348e+02
1.110000e-06	4.164463e-06	3.505764e-09	3.015463e+01	2.318519e+02
1.120000e-06	4.293291e-06	3.543376e-09	3.108747e+01	2.340097e+02
1.130000e-06	4.420559e-06	3.579667e-09	3.200902e+01	2.356438e+02
1.140000e-06	4.546381e-06	3.611757e-09	3.292008e+01	2.371810e+02
1.150000e-06	4.670668e-06	3.642091e-09	3.382004e+01	2.390025e+02
1.160000e-06	4.793273e-06	3.672576e-09	3.470781e+01	2.412493e+02
1.170000e-06	4.914176e-06	3.699335e-09	3.558326e+01	2.437707e+02
1.180000e-06	5.033298e-06	3.724675e-09	3.644582e+01	2.462292e+02
1.190000e-06	5.150558e-06	3.750918e-09	3.729490e+01	2.482973e+02
1.200000e-06	5.265819e-06	3.776544e-09	3.812950e+01	2.498336e+02
1.210000e-06	5.379013e-06	3.800782e-09	3.894912e+01	2.509483e+02
1.220000e-06	5.490202e-06	3.824899e-09	3.975424e+01	2.519286e+02
1.230000e-06	5.599502e-06	3.847575e-09	4.054567e+01	2.530747e+02
1.240000e-06	5.706817e-06	3.866570e-09	4.132274e+01	2.545371e+02
1.250000e-06	5.812003e-06	3.883635e-09	4.208438e+01	2.562445e+02
1.260000e-06	5.915090e-06	3.902605e-09	4.283083e+01	2.579544e+02
1.270000e-06	6.016028e-06	3.922177e-09	4.356172e+01	2.593948e+02
1.280000e-06	6.114679e-06	3.938083e-09	4.427604e+01	2.604153e+02
1.290000e-06	6.210965e-06	3.953131e-09	4.497324e+01	2.610668e+02
1.300000e-06	6.305054e-06	3.967419e-09	4.565453e+01	2.615685e+02
1.310000e-06	6.396972e-06	3.980488e-09	4.632011e+01	2.621862e+02
1.320000e-06	6.486527e-06	3.993597e-09	4.696857e+01	2.630884e+02
1.330000e-06	6.573718e-06	4.006264e-09	4.759991e+01	2.642610e+02
1.340000e-06	6.658694e-06	4.019920e-09	4.821522e+01	2.655221e+02
1.350000e-06	6.741375e-06	4.031628e-09	4.881391e+01	2.666278e+02
1.360000e-06	6.821540e-06	4.043129e-09	4.939438e+01	2.674068e+02
1.370000e-06	6.899159e-06	4.054218e-09	4.995641e+01	2.678530e+02
1.380000e-06	6.974176e-06	4.065123e-09	5.049961e+01	2.681241e+02
1.390000e-06	7.046596e-06	4.076879e-09	5.102400e+01	2.684535e+02
1.400000e-06	7.116537e-06	4.086206e-09	5.153044e+01	2.690215e+02
1.410000e-06	7.183965e-06	4.094703e-09	5.201868e+01	2.698597e+02
1.420000e-06	7.248757e-06	4.102689e-09	5.248783e+01	2.708372e+02
1.430000e-06	7.310996e-06	4.110897e-09	5.293850e+01	2.717343e+02
1.440000e-06	7.370816e-06	4.119070e-09	5.337166e+01	2.723627e+02
1.450000e-06	7.428074e-06	4.126620e-09	5.378626e+01	2.726656e+02
1.460000e-06	7.482630e-06	4.133574e-09	5.418130e+01	2.727448e+02
1.470000e-06	7.534231e-06	4.139321e-09	5.455493e+01	2.728023e+02
1.480000e-06	7.582754e-06	4.145135e-09	5.490628e+01	2.730300e+02
1.490000e-06	7.628497e-06	4.152194e-09	5.523751e+01	2.735087e+02
1.500000e-06	7.671548e-06	4.158270e-09	5.554924e+01	2.741694e+02
1.510000e-06	7.711830e-06	4.161604e-09	5.584092e+01	2.748375e+02
1.520000e-06	7.749446e-06	4.164378e-09	5.611330e+01	2.753317e+02
1.530000e-06	7.784330e-06	4.168604e-09	5.636589e+01	2.755633e+02
1.540000e-06	7.816362e-06	4.174529e-09	5.659783e+01	2.755814e+02
1.550000e-06	7.845677e-06	4.179780e-09	5.681010e+01	2.755406e+02
1.560000e-06	7.872180e-06	4.184502e-09	5.700200e+01	2.756106e+02
1.570000e-06	7.895697e-06	4.189280e-09	5.717229e+01	2.758800e+02
1.580000e-06	7.916479e-06	4.193201e-09	5.732277e+01	2.763065e+02
1.590000e-06	7.934577e-06	4.196124e-09	5.745381e+01	2.767418e+02
1.600000e-06	7.949748e-06	4.197395e-09	5.756367e+01	2.770161e+02
1.610000e-06	7.961844e-06	4.197368e-09	5.765126e+01	2.770352e+02
1.620000e-06	7.970743e-06	4.197766e-09	5.771570e+01	2.768347e+02
1.630000e-06	7.976691e-06	4.200272e-09	5.775877e+01	2.765625e+02
1.640000e-06	7.979898e-06	4.203681e-09	5.778198e+01	2.763977e+02
1.650000e-06	7.980281e-06	4.206618e-09	5.778476e+01	2.764509e+02
1.660000e-06	7.977985e-06	4.205306e-09	5.776813e+01	2.767009e+02
1.670000e-06	7.973069e-06	4.205867e-09	5.773254e+01	2.770041e+02
1.680000e-06	7.965373e-06	4.206174e-09	5.767681e+01	2.771713e+02
1.690000e-06	7.954966e-06	4.204248e-09	5.760146e+01	2.770705e+02
1.700000e-06	7.941756e-06	4.202830e-09	5.750580e+01	2.767011e+02
1.710000e-06	7.925887e-06	4.204462e-09	5.739090e+01	2.761967e+02
1.720000e-06	7.907709e-06	4.210907e-09	5.725927e+01	2.757557e+02
1.730000e-06	7.887141e-06	4.207280e-09	5.711033e+01	2.755356e+02
1.740000e-06	7.863687e-06	4.180921e-09	5.694051e+01	2.755683e+02
1.750000e-06	7.836719e-06	4.183091e-09	5.674524e+01	2.757420e+02
1.760000e-06	7.806169e-06	4.191974e-09	5.652402e+01	2.758597e+02
1.770000e-06	7.772743e-06	4.186487e-09	5.628199e+01	2.757431e+02
1.780000e-06	7.737049e-06	4.183876e-09	5.602353e+01	2.753265e+02
1.790000e-06	7.699017e-06	4.200786e-09	5.574814e+01	2.746905e+02
1.800000e-06	7.658838e-06	4.167037e-09	5.545721e+01	2.740181e+02
1.810000e-06	7.616569e-06	4.162409e-09	5.515114e+01	2.734970e+02
1.820000e-06	7.571702e-06	4.197449e-09	5.482626e+01	2.732216e+02
1.830000e-06	7.524168e-06	4.151710e-09	5.448207e+01	2.731465e+02
1.840000e-06	7.473813e-06	4.184578e-09	5.411745e+01	2.731155e+02
1.850000e-06	7.420376e-06	4.171940e-09	5.373052e+01	2.729487e+02
1.860000e-06	7.364147e-06	4.145130e-09	5.332337e+01	2.725393e+02
1.870000e-06	7.305243e-06	4.162403e-09	5.289685e+01	2.719062e+02
1.880000e-06	7.243692e-06	4.123085e-09	5.245116e+01	2.711754e+02
1.890000e-06	7.179421e-06	4.137967e-09	5.198577e+01	2.705007e+02
1.900000e-06	7.112369e-06	4.121990e-09	5.150026e+01	2.699710e+02
1.910000e-06	7.042511e-06	4.123639e-09	5.099442e+01	2.695567e+02
1.920000e-06	6.969849e-06	4.136026e-09	5.046828e+01	2.691262e+02
1.930000e-06	6.894559e-06	4.103868e-09	4.992311e+01	2.685247e+02
1.940000e-06	6.816503e-06	4.105176e-09	4.935791e+01	2.676702e+02
1.950000e-06	6.735844e-06	4.061950e-09	4.877386e+01	2.666110e+02
1.960000e-06	6.652765e-06	4.047240e-09	4.817229e+01	2.655100e+02
1.970000e-06	6.567178e-06	4.047496e-09	4.755256e+01	2.645600e+02
1.980000e-06	6.479166e-06	4.039949e-09	4.691527e+01	2.638760e+02
1.990000e-06	6.388844e-06	4.047558e-09	4.626125e+01	2.634233e+02
2.000000e-06	6.296329e-06	4.027572e-09	4.559136e+01	2.630251e+02
2.010000e-06	6.201498e-06	4.015697e-09	4.490469e+01	2.624490e+02
2.020000e-06	6.104448e-06	3.976967e-09	4.420196e+01	2.615287e+02
2.030000e-06	6.005292e-06	3.962759e-09	4.348397e+01	2.602558e+02
2.040000e-06	5.903952e-06	3.974376e-09	4.275018e+01	2.587910e+02
2.050000e-06	5.800464e-06	3.963334e-09	4.200083e+01	2.573834e+02
2.060000e-06	5.694915e-06	3.930372e-09	4.123655e+01	2.562409e+02
2.070000e-06	5.587462e-06	3.906362e-09	4.045849e+01	2.554174e+02
2.080000e-06	5.478104e-06	3.898309e-09	3.966664e+01	2.547808e+02
2.090000e-06	5.366766e-06	3.872040e-09	3.886045e+01	2.540795e+02
2.100000e-06	5.253356e-06	3.858094e-09	3.803925e+01	2.530749e+02
2.110000e-06	5.137904e-06	3.856784e-09	3.720326e+01	2.516698e+02
2.120000e-06	5.020496e-06	3.843449e-09	3.635313e+01	2.499622e+02
2.130000e-06	4.901166e-06	3.798879e-09	3.548906e+01	2.481943e+02
2.140000e-06	4.780019e-06	3.771585e-09	3.461184e+01	2.466221e+02
2.150000e-06	4.657215e-06	3.762529e-09	3.372263e+01	2.453743e+02
2.160000e-06	4.532717e-06	3.737368e-09	3.282115e+01	2.443789e+02
2.170000e-06	4.406489e-06	3.708492e-09	3.190713e+01	2.433980e+02
2.180000e-06	4.278642e-06	3.700920e-09	3.098140e+01	2.421572e+02
2.190000e-06	4.149218e-06	3.692598e-09	3.004425e+01	2.404972e+02
2.200000e-06	4.018290e-06	3.657920e-09	2.909621e+01	2.384671e+02
2.210000e-06	3.885886e-06	3.626575e-09	2.813748e+01	2.363036e+02
2.220000e-06	3.752031e-06	3.604887e-09	2.716824e+01	2.343036e+02
2.230000e-06	3.616703e-06	3.573866e-09	2.618834e+01	2.326568e+02
2.240000e-06	3.479964e-06	3.535264e-09	2.519822e+01	2.313307e+02
2.250000e-06	3.341907e-06	3.516958e-09	2.419856e+01	2.300748e+02
2.260000e-06	3.202617e-06	3.499355e-09	2.318997e+01	2.285473e+02
2.270000e-06	3.062075e-06	3.462146e-09	2.217231e+01	2.265007e+02
2.280000e-06	2.920256e-06	3.423571e-09	2.114541e+01	2.239258e+02
2.290000e-06	2.777384e-06	3.398965e-09	2.011088e+01	2.210696e+02
2.300000e-06	2.633538e-06	3.369961e-09	1.906930e+01	2.183111e+02
2.310000e-06	2.488707e-06	3.330184e-09	1.802059e+01	2.159548e+02
2.320000e-06	2.343027e-06	3.296563e-09	1.696572e+01	2.140511e+02
2.330000e-06	2.196624e-06	3.261994e-09	1.590563e+01	2.123481e+02
2.340000e-06	2.049419e-06	3.214538e-09	1.483973e+01	2.104078e+02
2.350000e-06	1.901519e-06	3.166634e-09	1.376879e+01	2.078365e+02
2.360000e-06	1.753067e-06	3.130695e-09	1.269386e+01	2.045057e+02
2.370000e-06	1.604059e-06	3.093310e-09	1.161490e+01	2.006395e+02
2.380000e-06	1.454481e-06	3.045899e-09	1.053182e+01	1.967071e+02
2.390000e-06	1.304398e-06	2.995737e-09	9.445073e+00	1.931629e+02
2.400000e-06	1.153944e-06	2.943403e-09	8.355641e+00	1.901676e+02
2.410000e-06	1.003094e-06	2.880530e-09	7.263349e+00	1.874442e+02
2.420000e-06	8.518513e-07	2.813193e-09	6.168207e+00	1.843672e+02
2.430000e-06	7.003756e-07	2.748399e-09	5.071379e+00	1.802600e+02
2.440000e-06	5.487195e-07	2.678532e-09	3.973246e+00	1.747546e+02
2.450000e-06	3.968982e-07	2.596477e-09	2.873917e+00	1.680149e+02
2.460000e-06	2.449180e-07	2.504410e-09	1.773437e+00	1.606661e+02
2.470000e-06	9.279149e-08	2.402165e-09	6.718979e-01	1.534125e+02
2.480000e-06	-5.937191e-08	2.283214e-09	-4.299086e-01	1.464897e+02
2.490000e-06	-2.115463e-07	2.140161e-09	-1.531794e+00	1.392109e+02
2.500000e-06	-3.636360e-07	1.965938e-09	-2.633067e+00	1.298671e+02
2.510000e-06	-5.155962e-07	1.750759e-09	-3.733403e+00	1.161090e+02
2.520000e-06	-6.674245e-07	1.476644e-09	-4.832783e+00	9.573202e+01
2.530000e-06	-8.190626e-07	1.114148e-09	-5.930785e+00	6.758907e+01
2.540000e-06	-9.704358e-07	6.227437e-10	-7.026870e+00	3.226474e+01
2.550000e-06	-1.121503e-06	-1.868493e-11	-8.120738e+00	-7.792273e+00
2.560000e-06	-1.272207e-06	-7.407330e-10	-9.211978e+00	-4.878168e+01
2.570000e-06	-1.422452e-06	-1.376007e-09	-1.029989e+01	-8.655749e+01
2.580000e-06	-1.572181e-06	-1.819440e-09	-1.138407e+01	-1.177739e+02
2.590000e-06	-1.721312e-06	-2.103694e-09	-1.246392e+01	-1.407577e+02
2.600000e-06	-1.869820e-06	-2.297654e-09	-1.353926e+01	-1.558015e+02
2.610000e-06	-2.017632e-06	-2.448637e-09	-1.460956e+01	-1.648021e+02
2.620000e-06	-2.164650e-06	-2.578335e-09	-1.567411e+01	-1.704233e+02
2.630000e-06	-2.310885e-06	-2.689834e-09	-1.673299e+01	-1.751299e+02
2.640000e-06	-2.456214e-06	-2.783859e-09	-1.778530e+01	-1.804621e+02
2.650000e-06	-2.600528e-06	-2.866483e-09	-1.883028e+01	-1.867857e+02
2.660000e-06	-2.743826e-06	-2.944363e-09	-1.986789e+01	-1.935378e+02
2.670000e-06	-2.886021e-06	-3.018722e-09	-2.089751e+01	-1.997851e+02
2.680000e-06	-3.027100e-06	-3.088188e-09	-2.191906e+01	-2.048071e+02
2.690000e-06	-3.166966e-06	-3.153712e-09	-2.293182e+01	-2.084502e+02
2.700000e-06	-3.305566e-06	-3.214996e-09	-2.393541e+01	-2.111346e+02
2.710000e-06	-3.442931e-06	-3.270431e-09	-2.493007e+01	-2.135729e+02
2.720000e-06	-3.579001e-06	-3.323452e-09	-2.591534e+01	-2.163797e+02
2.730000e-06	-3.713783e-06	-3.374150e-09	-2.689129e+01	-2.197832e+02
2.740000e-06	-3.847220e-06	-3.422190e-09	-2.785750e+01	-2.235666e+02
2.750000e-06	-3.979235e-06	-3.466430e-09	-2.881341e+01	-2.272428e+02
2.760000e-06	-4.109865e-06	-3.504972e-09	-2.975930e+01	-2.303467e+02
2.770000e-06	-4.239123e-06	-3.542936e-09	-3.069525e+01	-2.326838e+02
2.780000e-06	-4.366891e-06	-3.582609e-09	-3.162041e+01	-2.344119e+02
2.790000e-06	-4.493193e-06	-3.621373e-09	-3.253495e+01	-2.359312e+02
2.800000e-06	-4.617940e-06	-3.655933e-09	-3.343824e+01	-2.376562e+02
2.810000e-06	-4.741017e-06	-3.687777e-09	-3.432943e+01	-2.397996e+02
2.820000e-06	-4.862500e-06	-3.719022e-09	-3.520909e+01	-2.422792e+02
2.830000e-06	-4.982160e-06	-3.747157e-09	-3.607553e+01	-2.447875e+02
2.840000e-06	-5.099801e-06	-3.774473e-09	-3.692737e+01	-2.469754e+02
2.850000e-06	-5.215462e-06	-3.803828e-09	-3.776486e+01	-2.486434e+02
2.860000e-06	-5.328979e-06	-3.830458e-09	-3.858683e+01	-2.498405e+02
2.870000e-06	-5.440288e-06	-3.853950e-09	-3.939281e+01	-2.508231e+02
2.880000e-06	-5.549600e-06	-3.876989e-09	-4.018433e+01	-2.519051e+02
2.890000e-06	-5.656995e-06	-3.899170e-09	-4.096198e+01	-2.532858e+02
2.900000e-06	-5.762478e-06	-3.920105e-09	-4.172577e+01	-2.549494e+02
2.910000e-06	-5.865887e-06	-3.939471e-09	-4.247455e+01	-2.566854e+02
2.920000e-06	-5.967072e-06	-3.958818e-09	-4.320722e+01	-2.582136e+02
2.930000e-06	-6.066100e-06	-3.975474e-09	-4.392428e+01	-2.593420e+02
2.940000e-06	-6.162991e-06	-3.990269e-09	-4.462586e+01	-2.600696e+02
2.950000e-06	-6.257697e-06	-4.006582e-09	-4.531163e+01	-2.605826e+02
2.960000e-06	-6.350118e-06	-4.021776e-09	-4.598084e+01	-2.611490e+02
2.970000e-06	-6.440250e-06	-4.034979e-09	-4.663348e+01	-2.619731e+02
2.980000e-06	-6.528028e-06	-4.047205e-09	-4.726908e+01	-2.630893e+02
2.990000e-06	-6.613361e-06	-4.060504e-09	-4.788697e+01	-2.643506e+02
3.000000e-06	-6.696335e-06	-4.074754e-09	-4.848778e+01	-2.655156e+02
3.010000e-06	-6.777018e-06	-4.085672e-09	-4.907200e+01	-2.663836e+02
3.020000e-06	-6.855138e-06	-4.095015e-09	-4.963766e+01	-2.669030e+02
3.030000e-06	-6.930514e-06	-4.104360e-09	-5.018346e+01	-2.671964e+02
3.040000e-06	-7.003359e-06	-4.113000e-09	-5.071092e+01	-2.674895e+02
3.050000e-06	-7.073684e-06	-4.121642e-09	-5.122014e+01	-2.679876e+02
3.060000e-06	-7.141452e-06	-4.132903e-09	-5.171084e+01	-2.687643e+02
3.070000e-06	-7.206808e-06	-4.144592e-09	-5.218408e+01	-2.697255e+02
3.080000e-06	-7.269663e-06	-4.152806e-09	-5.263922e+01	-2.706631e+02
3.090000e-06	-7.329865e-06	-4.159834e-09	-5.307513e+01	-2.713698e+02
3.100000e-06	-7.387459e-06	-4.166058e-09	-5.349216e+01	-2.717498e+02
3.110000e-06	-7.442317e-06	-4.172306e-09	-5.388939e+01	-2.718677e+02
3.120000e-06	-7.494258e-06	-4.181347e-09	-5.426549e+01	-2.719096e+02
3.130000e-06	-7.543115e-06	-4.189286e-09	-5.461927e+01	-2.720811e+02
3.140000e-06	-7.589033e-06	-4.194615e-09	-5.495175e+01	-2.724972e+02
3.150000e-06	-7.632514e-06	-4.198712e-09	-5.526660e+01	-2.731255e+02
3.160000e-06	-7.673600e-06	-4.202637e-09	-5.556410e+01	-2.738099e+02
3.170000e-06	-7.711931e-06	-4.205378e-09	-5.584165e+01	-2.743603e+02
3.180000e-06	-7.747474e-06	-4.207977e-09	-5.609902e+01	-2.746578e+02
3.190000e-06	-7.780324e-06	-4.214561e-09	-5.633688e+01	-2.747172e+02
3.200000e-06	-7.810291e-06	-4.222203e-09	-5.655387e+01	-2.746734e+02
3.210000e-06	-7.837352e-06	-4.225709e-09	-5.674982e+01	-2.747024e+02
3.220000e-06	-7.861623e-06	-4.228056e-09	-5.692556e+01	-2.749201e+02
3.230000e-06	-7.883045e-06	-4.230965e-09	-5.708068e+01	-2.753176e+02
3.240000e-06	-7.901657e-06	-4.230966e-09	-5.721545e+01	-2.757670e+02
3.250000e-06	-7.917436e-06	-4.229178e-09	-5.732970e+01	-2.760943e+02
3.260000e-06	-7.930088e-06	-4.227846e-09	-5.742131e+01	-2.761786e+02
3.270000e-06	-7.939673e-06	-4.228570e-09	-5.749071e+01	-2.760220e+02
3.280000e-06	-7.946383e-06	-4.229354e-09	-5.753931e+01	-2.757499e+02
3.290000e-06	-7.950256e-06	-4.230754e-09	-5.756735e+01	-2.755431e+02
3.300000e-06	-7.951395e-06	-4.231107e-09	-5.757560e+01	-2.755376e+02
