# Temperatura_=_20.0
# Concentracion g/m^3_=_6200.0
# C_Vs_to_Am_M_A/Vsm_=_65563218390.804596
# pendiente_HvsI_1/m_=_3716.3
# ordenada_HvsI_A/m_=_1297.0
# frecuencia_Hz_=_301438.47050582914

Tiempo_(s)	Campo_(V.s)	Magnetizacion_(V.s)	Campo_(kA/m)	Magnetizacion_(A/m)
0.000000e+00	-3.207646e-06	-3.956425e-09	-2.355119e+01	-2.586523e+02
1.000000e-08	-3.206586e-06	-3.959373e-09	-2.354341e+01	-2.587633e+02
2.000000e-08	-3.204134e-06	-3.960840e-09	-2.352541e+01	-2.588362e+02
3.000000e-08	-3.200593e-06	-3.961346e-09	-2.349941e+01	-2.588762e+02
4.000000e-08	-3.196210e-06	-3.959590e-09	-2.346722e+01	-2.588917e+02
5.000000e-08	-3.190815e-06	-3.955380e-09	-2.342761e+01	-2.588889e+02
6.000000e-08	-3.184278e-06	-3.942946e-09	-2.337962e+01	-2.588685e+02
7.000000e-08	-3.176746e-06	-3.917010e-09	-2.332431e+01	-2.588256e+02
8.000000e-08	-3.168206e-06	-3.944561e-09	-2.326161e+01	-2.587541e+02
9.000000e-08	-3.158103e-06	-4.026901e-09	-2.318743e+01	-2.586508e+02
1.000000e-07	-3.146195e-06	-4.040533e-09	-2.310000e+01	-2.585189e+02
1.100000e-07	-3.133008e-06	-3.902082e-09	-2.300318e+01	-2.583654e+02
1.200000e-07	-3.119050e-06	-3.756465e-09	-2.290070e+01	-2.581945e+02
1.300000e-07	-3.104046e-06	-3.957789e-09	-2.279054e+01	-2.580004e+02
1.400000e-07	-3.087527e-06	-4.121931e-09	-2.266926e+01	-2.577627e+02
1.500000e-07	-3.070024e-06	-3.807131e-09	-2.254074e+01	-2.574503e+02
1.600000e-07	-3.051897e-06	-3.903173e-09	-2.240765e+01	-2.570329e+02
1.700000e-07	-3.032684e-06	-4.090593e-09	-2.226658e+01	-2.564973e+02
1.800000e-07	-3.012408e-06	-3.768030e-09	-2.211771e+01	-2.558605e+02
1.900000e-07	-2.991451e-06	-3.782310e-09	-2.196384e+01	-2.551727e+02
2.000000e-07	-2.969443e-06	-4.036835e-09	-2.180226e+01	-2.545062e+02
2.100000e-07	-2.946197e-06	-3.803495e-09	-2.163158e+01	-2.539328e+02
2.200000e-07	-2.922190e-06	-3.739985e-09	-2.145532e+01	-2.534970e+02
2.300000e-07	-2.897075e-06	-4.043261e-09	-2.127091e+01	-2.531968e+02
2.400000e-07	-2.870499e-06	-3.865800e-09	-2.107579e+01	-2.529802e+02
2.500000e-07	-2.842848e-06	-3.736491e-09	-2.087277e+01	-2.527610e+02
2.600000e-07	-2.814259e-06	-3.898428e-09	-2.066286e+01	-2.524483e+02
2.700000e-07	-2.784728e-06	-3.831853e-09	-2.044604e+01	-2.519789e+02
2.800000e-07	-2.754226e-06	-3.787329e-09	-2.022209e+01	-2.513394e+02
2.900000e-07	-2.722800e-06	-3.863830e-09	-1.999135e+01	-2.505679e+02
3.000000e-07	-2.690589e-06	-3.764841e-09	-1.975485e+01	-2.497374e+02
3.100000e-07	-2.657318e-06	-3.787195e-09	-1.951057e+01	-2.489243e+02
3.200000e-07	-2.622702e-06	-3.796677e-09	-1.925642e+01	-2.481788e+02
3.300000e-07	-2.587070e-06	-3.680461e-09	-1.899479e+01	-2.475077e+02
3.400000e-07	-2.550668e-06	-3.757721e-09	-1.872752e+01	-2.468765e+02
3.500000e-07	-2.513370e-06	-3.810958e-09	-1.845367e+01	-2.462293e+02
3.600000e-07	-2.475180e-06	-3.711534e-09	-1.817328e+01	-2.455163e+02
3.700000e-07	-2.436109e-06	-3.677968e-09	-1.788641e+01	-2.447160e+02
3.800000e-07	-2.396354e-06	-3.748386e-09	-1.759452e+01	-2.438428e+02
3.900000e-07	-2.356015e-06	-3.713811e-09	-1.729834e+01	-2.429366e+02
4.000000e-07	-2.314674e-06	-3.646882e-09	-1.699480e+01	-2.420412e+02
4.100000e-07	-2.272071e-06	-3.638877e-09	-1.668201e+01	-2.411815e+02
4.200000e-07	-2.228540e-06	-3.683502e-09	-1.636239e+01	-2.403506e+02
4.300000e-07	-2.184287e-06	-3.677582e-09	-1.603748e+01	-2.395131e+02
4.400000e-07	-2.139282e-06	-3.611390e-09	-1.570704e+01	-2.386226e+02
4.500000e-07	-2.093589e-06	-3.609020e-09	-1.537156e+01	-2.376432e+02
4.600000e-07	-2.047207e-06	-3.624855e-09	-1.503101e+01	-2.365667e+02
4.700000e-07	-2.000085e-06	-3.586380e-09	-1.468503e+01	-2.354154e+02
4.800000e-07	-1.952376e-06	-3.523659e-09	-1.433474e+01	-2.342313e+02
4.900000e-07	-1.904020e-06	-3.557369e-09	-1.397970e+01	-2.330553e+02
5.000000e-07	-1.854635e-06	-3.568864e-09	-1.361711e+01	-2.319086e+02
5.100000e-07	-1.804135e-06	-3.499475e-09	-1.324633e+01	-2.307830e+02
5.200000e-07	-1.752744e-06	-3.462190e-09	-1.286901e+01	-2.296461e+02
5.300000e-07	-1.700700e-06	-3.484687e-09	-1.248689e+01	-2.284564e+02
5.400000e-07	-1.648040e-06	-3.479416e-09	-1.210025e+01	-2.271818e+02
5.500000e-07	-1.594759e-06	-3.431888e-09	-1.170904e+01	-2.258125e+02
5.600000e-07	-1.540925e-06	-3.414452e-09	-1.131379e+01	-2.243626e+02
5.700000e-07	-1.486491e-06	-3.398090e-09	-1.091412e+01	-2.228608e+02
5.800000e-07	-1.431499e-06	-3.363457e-09	-1.051036e+01	-2.213351e+02
5.900000e-07	-1.376111e-06	-3.325585e-09	-1.010369e+01	-2.198006e+02
6.000000e-07	-1.320381e-06	-3.314249e-09	-9.694508e+00	-2.182539e+02
6.100000e-07	-1.264333e-06	-3.293660e-09	-9.282988e+00	-2.166777e+02
6.200000e-07	-1.207964e-06	-3.261901e-09	-8.869114e+00	-2.150511e+02
6.300000e-07	-1.151085e-06	-3.241127e-09	-8.451500e+00	-2.133592e+02
6.400000e-07	-1.093481e-06	-3.220188e-09	-8.028562e+00	-2.115978e+02
6.500000e-07	-1.035171e-06	-3.191107e-09	-7.600435e+00	-2.097713e+02
6.600000e-07	-9.763189e-07	-3.152001e-09	-7.168332e+00	-2.078849e+02
6.700000e-07	-9.170791e-07	-3.122946e-09	-6.733381e+00	-2.059389e+02
6.800000e-07	-8.575736e-07	-3.089272e-09	-6.296480e+00	-2.039260e+02
6.900000e-07	-7.978869e-07	-3.056220e-09	-5.858248e+00	-2.018361e+02
7.000000e-07	-7.380408e-07	-3.024782e-09	-5.418846e+00	-1.996634e+02
7.100000e-07	-6.780073e-07	-2.990516e-09	-4.978068e+00	-1.974124e+02
7.200000e-07	-6.178073e-07	-2.952220e-09	-4.536067e+00	-1.950976e+02
7.300000e-07	-5.574960e-07	-2.917582e-09	-4.093249e+00	-1.927360e+02
7.400000e-07	-4.970769e-07	-2.888986e-09	-3.649639e+00	-1.903358e+02
7.500000e-07	-4.364704e-07	-2.849571e-09	-3.204654e+00	-1.878868e+02
7.600000e-07	-3.756394e-07	-2.807089e-09	-2.758021e+00	-1.853591e+02
7.700000e-07	-3.146589e-07	-2.763897e-09	-2.310290e+00	-1.827107e+02
7.800000e-07	-2.536277e-07	-2.720020e-09	-1.862187e+00	-1.799024e+02
7.900000e-07	-1.925394e-07	-2.669891e-09	-1.413664e+00	-1.769118e+02
8.000000e-07	-1.313509e-07	-2.621537e-09	-9.644052e-01	-1.737399e+02
8.100000e-07	-7.013254e-08	-2.574438e-09	-5.149274e-01	-1.704066e+02
8.200000e-07	-8.873382e-09	-2.522055e-09	-6.515018e-02	-1.669359e+02
8.300000e-07	5.244469e-08	-2.466142e-09	3.850596e-01	-1.633387e+02
8.400000e-07	1.137587e-07	-2.405304e-09	8.352393e-01	-1.596014e+02
8.500000e-07	1.749977e-07	-2.344319e-09	1.284868e+00	-1.556860e+02
8.600000e-07	2.361650e-07	-2.281121e-09	1.733972e+00	-1.515425e+02
8.700000e-07	2.972968e-07	-2.216671e-09	2.182813e+00	-1.471264e+02
8.800000e-07	3.583031e-07	-2.145196e-09	2.630734e+00	-1.424134e+02
8.900000e-07	4.191421e-07	-2.067725e-09	3.077426e+00	-1.374009e+02
9.000000e-07	4.798661e-07	-1.984957e-09	3.523274e+00	-1.320970e+02
9.100000e-07	5.404263e-07	-1.898930e-09	3.967920e+00	-1.264997e+02
9.200000e-07	6.006960e-07	-1.811083e-09	4.410433e+00	-1.205772e+02
9.300000e-07	6.607501e-07	-1.716039e-09	4.851361e+00	-1.142598e+02
9.400000e-07	7.206982e-07	-1.612463e-09	5.291513e+00	-1.074469e+02
9.500000e-07	7.805150e-07	-1.496754e-09	5.730700e+00	-1.000269e+02
9.600000e-07	8.401961e-07	-1.373353e-09	6.168891e+00	-9.189988e+01
9.700000e-07	8.997152e-07	-1.238965e-09	6.605892e+00	-8.299047e+01
9.800000e-07	9.589865e-07	-1.090813e-09	7.041074e+00	-7.324451e+01
9.900000e-07	1.017804e-06	-9.271984e-10	7.472923e+00	-6.261082e+01
1.000000e-06	1.075913e-06	-7.479427e-10	7.899573e+00	-5.101932e+01
1.010000e-06	1.133289e-06	-5.541597e-10	8.320841e+00	-3.837118e+01
1.020000e-06	1.190049e-06	-3.433019e-10	8.737582e+00	-2.455389e+01
1.030000e-06	1.246278e-06	-1.145818e-10	9.150429e+00	-9.484060e+00
1.040000e-06	1.302145e-06	1.349029e-10	9.560617e+00	6.832593e+00
1.050000e-06	1.357759e-06	4.011492e-10	9.968946e+00	2.424503e+01
1.060000e-06	1.413037e-06	6.793581e-10	1.037480e+01	4.242832e+01
1.070000e-06	1.467753e-06	9.590232e-10	1.077654e+01	6.089951e+01
1.080000e-06	1.521868e-06	1.234980e-09	1.117386e+01	7.908011e+01
1.090000e-06	1.575535e-06	1.498393e-09	1.156790e+01	9.639054e+01
1.100000e-06	1.628763e-06	1.737773e-09	1.195871e+01	1.123501e+02
1.110000e-06	1.681408e-06	1.951662e-09	1.234524e+01	1.266529e+02
1.120000e-06	1.733395e-06	2.140629e-09	1.272694e+01	1.391991e+02
1.130000e-06	1.784758e-06	2.305788e-09	1.310406e+01	1.500747e+02
1.140000e-06	1.835296e-06	2.446346e-09	1.347512e+01	1.594922e+02
1.150000e-06	1.884758e-06	2.571831e-09	1.383828e+01	1.677143e+02
1.160000e-06	1.933228e-06	2.684067e-09	1.419416e+01	1.749853e+02
1.170000e-06	1.981009e-06	2.782146e-09	1.454497e+01	1.814909e+02
1.180000e-06	2.028238e-06	2.867954e-09	1.489173e+01	1.873498e+02
1.190000e-06	2.074826e-06	2.946744e-09	1.523379e+01	1.926328e+02
1.200000e-06	2.120727e-06	3.017707e-09	1.557081e+01	1.973924e+02
1.210000e-06	2.165884e-06	3.080493e-09	1.590236e+01	2.016872e+02
1.220000e-06	2.210290e-06	3.139497e-09	1.622840e+01	2.055920e+02
1.230000e-06	2.254108e-06	3.194177e-09	1.655012e+01	2.091899e+02
1.240000e-06	2.297346e-06	3.242851e-09	1.686758e+01	2.125552e+02
1.250000e-06	2.339572e-06	3.285508e-09	1.717762e+01	2.157366e+02
1.260000e-06	2.380541e-06	3.328308e-09	1.747842e+01	2.187499e+02
1.270000e-06	2.420539e-06	3.370759e-09	1.777209e+01	2.215838e+02
1.280000e-06	2.459820e-06	3.408969e-09	1.806050e+01	2.242151e+02
1.290000e-06	2.498273e-06	3.442776e-09	1.834283e+01	2.266278e+02
1.300000e-06	2.535878e-06	3.475061e-09	1.861893e+01	2.288257e+02
1.310000e-06	2.572684e-06	3.505655e-09	1.888917e+01	2.308355e+02
1.320000e-06	2.608723e-06	3.533851e-09	1.915377e+01	2.326992e+02
1.330000e-06	2.644038e-06	3.560336e-09	1.941306e+01	2.344605e+02
1.340000e-06	2.678268e-06	3.584613e-09	1.966439e+01	2.361516e+02
1.350000e-06	2.711131e-06	3.607699e-09	1.990568e+01	2.377854e+02
1.360000e-06	2.742961e-06	3.629570e-09	2.013938e+01	2.393569e+02
1.370000e-06	2.773976e-06	3.650122e-09	2.036709e+01	2.408505e+02
1.380000e-06	2.804072e-06	3.670358e-09	2.058807e+01	2.422511e+02
1.390000e-06	2.833248e-06	3.690605e-09	2.080229e+01	2.435527e+02
1.400000e-06	2.861543e-06	3.710226e-09	2.101003e+01	2.447619e+02
1.410000e-06	2.889046e-06	3.728020e-09	2.121196e+01	2.458954e+02
1.420000e-06	2.915472e-06	3.745405e-09	2.140599e+01	2.469727e+02
1.430000e-06	2.940465e-06	3.761930e-09	2.158949e+01	2.480083e+02
1.440000e-06	2.964279e-06	3.775907e-09	2.176434e+01	2.490057e+02
1.450000e-06	2.987131e-06	3.788607e-09	2.193213e+01	2.499569e+02
1.460000e-06	3.008947e-06	3.801895e-09	2.209230e+01	2.508465e+02
1.470000e-06	3.029774e-06	3.815351e-09	2.224522e+01	2.516587e+02
1.480000e-06	3.049779e-06	3.828974e-09	2.239210e+01	2.523847e+02
1.490000e-06	3.068929e-06	3.841049e-09	2.253270e+01	2.530280e+02
1.500000e-06	3.086889e-06	3.850510e-09	2.266457e+01	2.536040e+02
1.510000e-06	3.103648e-06	3.858481e-09	2.278762e+01	2.541361e+02
1.520000e-06	3.119267e-06	3.865815e-09	2.290229e+01	2.546477e+02
1.530000e-06	3.133669e-06	3.874109e-09	2.300804e+01	2.551547e+02
1.540000e-06	3.146894e-06	3.882952e-09	2.310513e+01	2.556605e+02
1.550000e-06	3.159001e-06	3.891345e-09	2.319403e+01	2.561556e+02
1.560000e-06	3.169882e-06	3.898531e-09	2.327392e+01	2.566222e+02
1.570000e-06	3.179234e-06	3.905151e-09	2.334258e+01	2.570420e+02
1.580000e-06	3.187292e-06	3.912401e-09	2.340175e+01	2.574033e+02
1.590000e-06	3.194318e-06	3.918974e-09	2.345333e+01	2.577059e+02
1.600000e-06	3.200280e-06	3.924183e-09	2.349711e+01	2.579602e+02
1.610000e-06	3.205183e-06	3.928299e-09	2.353311e+01	2.581831e+02
1.620000e-06	3.209128e-06	3.931807e-09	2.356207e+01	2.583901e+02
1.630000e-06	3.211996e-06	3.936653e-09	2.358313e+01	2.585897e+02
1.640000e-06	3.213405e-06	3.941468e-09	2.359348e+01	2.587802e+02
1.650000e-06	3.213586e-06	3.946309e-09	2.359480e+01	2.589526e+02
1.660000e-06	3.212806e-06	3.948264e-09	2.358908e+01	2.590955e+02
1.670000e-06	3.211006e-06	3.947037e-09	2.357586e+01	2.592012e+02
1.680000e-06	3.208206e-06	3.950226e-09	2.355530e+01	2.592692e+02
1.690000e-06	3.204553e-06	3.953945e-09	2.352848e+01	2.593055e+02
1.700000e-06	3.200089e-06	3.954700e-09	2.349570e+01	2.593184e+02
1.710000e-06	3.194401e-06	3.957625e-09	2.345394e+01	2.593134e+02
1.720000e-06	3.187301e-06	3.980623e-09	2.340181e+01	2.592904e+02
1.730000e-06	3.179254e-06	3.996128e-09	2.334273e+01	2.592440e+02
1.740000e-06	3.170303e-06	3.893670e-09	2.327701e+01	2.591683e+02
1.750000e-06	3.159830e-06	3.849224e-09	2.320012e+01	2.590608e+02
1.760000e-06	3.147320e-06	3.930805e-09	2.310827e+01	2.589256e+02
1.770000e-06	3.133180e-06	4.128855e-09	2.300445e+01	2.587697e+02
1.780000e-06	3.118724e-06	4.007846e-09	2.289831e+01	2.585965e+02
1.790000e-06	3.103870e-06	3.768726e-09	2.278924e+01	2.583980e+02
1.800000e-06	3.087468e-06	4.062124e-09	2.266882e+01	2.581519e+02
1.810000e-06	3.069806e-06	4.034686e-09	2.253914e+01	2.578264e+02
1.820000e-06	3.051633e-06	3.688656e-09	2.240571e+01	2.573926e+02
1.830000e-06	3.032549e-06	3.906513e-09	2.226559e+01	2.568409e+02
1.840000e-06	3.012211e-06	4.110507e-09	2.211627e+01	2.561933e+02
1.850000e-06	2.991043e-06	3.745769e-09	2.196085e+01	2.555041e+02
1.860000e-06	2.968684e-06	3.799962e-09	2.179669e+01	2.548471e+02
1.870000e-06	2.944866e-06	4.059313e-09	2.162181e+01	2.542918e+02
1.880000e-06	2.920144e-06	3.733907e-09	2.144029e+01	2.538770e+02
1.890000e-06	2.894334e-06	3.743236e-09	2.125079e+01	2.535932e+02
1.900000e-06	2.867247e-06	4.018127e-09	2.105191e+01	2.533822e+02
1.910000e-06	2.839354e-06	3.798240e-09	2.084712e+01	2.531551e+02
1.920000e-06	2.810517e-06	3.801383e-09	2.063539e+01	2.528232e+02
1.930000e-06	2.780465e-06	3.887446e-09	2.041474e+01	2.523293e+02
1.940000e-06	2.749318e-06	3.738936e-09	2.018606e+01	2.516677e+02
1.950000e-06	2.717064e-06	3.863488e-09	1.994924e+01	2.508832e+02
1.960000e-06	2.683856e-06	3.810104e-09	1.970542e+01	2.500510e+02
1.970000e-06	2.649917e-06	3.681833e-09	1.945623e+01	2.492457e+02
1.980000e-06	2.615025e-06	3.886569e-09	1.920004e+01	2.485117e+02
1.990000e-06	2.579271e-06	3.798747e-09	1.893753e+01	2.478494e+02
2.000000e-06	2.542846e-06	3.611543e-09	1.867009e+01	2.472198e+02
2.010000e-06	2.505211e-06	3.785630e-09	1.839377e+01	2.465660e+02
2.020000e-06	2.466280e-06	3.761201e-09	1.810793e+01	2.458413e+02
2.030000e-06	2.426445e-06	3.656382e-09	1.781545e+01	2.450292e+02
2.040000e-06	2.385856e-06	3.695580e-09	1.751744e+01	2.441487e+02
2.050000e-06	2.344602e-06	3.715795e-09	1.721454e+01	2.432418e+02
2.060000e-06	2.302599e-06	3.740504e-09	1.690615e+01	2.423509e+02
2.070000e-06	2.259772e-06	3.614623e-09	1.659171e+01	2.414968e+02
2.080000e-06	2.216232e-06	3.591260e-09	1.627203e+01	2.406678e+02
2.090000e-06	2.172164e-06	3.715836e-09	1.594847e+01	2.398259e+02
2.100000e-06	2.127500e-06	3.647981e-09	1.562054e+01	2.389246e+02
2.110000e-06	2.081920e-06	3.563001e-09	1.528588e+01	2.379313e+02
2.120000e-06	2.035494e-06	3.589012e-09	1.494501e+01	2.368423e+02
2.130000e-06	1.988451e-06	3.633974e-09	1.459961e+01	2.356839e+02
2.140000e-06	1.940628e-06	3.582257e-09	1.424849e+01	2.344990e+02
2.150000e-06	1.891970e-06	3.483890e-09	1.389123e+01	2.333268e+02
2.160000e-06	1.842584e-06	3.541584e-09	1.352862e+01	2.321844e+02
2.170000e-06	1.792539e-06	3.569909e-09	1.316119e+01	2.310599e+02
2.180000e-06	1.741868e-06	3.467668e-09	1.278915e+01	2.299182e+02
2.190000e-06	1.690516e-06	3.456796e-09	1.241211e+01	2.287182e+02
2.200000e-06	1.638567e-06	3.472849e-09	1.203069e+01	2.274303e+02
2.210000e-06	1.585942e-06	3.448939e-09	1.164431e+01	2.260484e+02
2.220000e-06	1.532395e-06	3.397628e-09	1.125116e+01	2.245894e+02
2.230000e-06	1.477896e-06	3.377910e-09	1.085101e+01	2.230829e+02
2.240000e-06	1.422662e-06	3.410751e-09	1.044547e+01	2.215557e+02
2.250000e-06	1.366981e-06	3.362319e-09	1.003665e+01	2.200203e+02
2.260000e-06	1.310978e-06	3.313440e-09	9.625467e+00	2.184709e+02
2.270000e-06	1.254585e-06	3.305989e-09	9.211422e+00	2.168890e+02
2.280000e-06	1.197718e-06	3.284489e-09	8.793886e+00	2.152540e+02
2.290000e-06	1.140367e-06	3.256271e-09	8.372805e+00	2.135524e+02
2.300000e-06	1.082658e-06	3.222305e-09	7.949095e+00	2.117816e+02
2.310000e-06	1.024702e-06	3.202572e-09	7.523568e+00	2.099465e+02
2.320000e-06	9.664415e-07	3.175378e-09	7.095810e+00	2.080520e+02
2.330000e-06	9.077760e-07	3.140481e-09	6.665076e+00	2.060973e+02
2.340000e-06	8.487094e-07	3.120035e-09	6.231397e+00	2.040742e+02
2.350000e-06	7.893513e-07	3.088528e-09	5.795578e+00	2.019729e+02
2.360000e-06	7.297529e-07	3.052442e-09	5.357994e+00	1.997887e+02
2.370000e-06	6.699907e-07	3.022469e-09	4.919208e+00	1.975278e+02
2.380000e-06	6.101586e-07	2.981738e-09	4.479909e+00	1.952056e+02
2.390000e-06	5.502382e-07	2.943788e-09	4.039961e+00	1.928386e+02
2.400000e-06	4.902124e-07	2.910022e-09	3.599239e+00	1.904328e+02
2.410000e-06	4.300934e-07	2.875263e-09	3.157833e+00	1.879750e+02
2.420000e-06	3.698688e-07	2.834776e-09	2.715652e+00	1.854330e+02
2.430000e-06	3.095667e-07	2.792329e-09	2.272902e+00	1.827642e+02
2.440000e-06	2.492582e-07	2.760004e-09	1.830104e+00	1.799309e+02
2.450000e-06	1.888436e-07	2.716899e-09	1.386528e+00	1.769140e+02
2.460000e-06	1.282318e-07	2.662780e-09	9.415039e-01	1.737178e+02
2.470000e-06	6.756832e-08	2.610032e-09	4.961003e-01	1.703638e+02
2.480000e-06	6.929844e-09	2.559628e-09	5.088033e-02	1.668751e+02
2.490000e-06	-5.376590e-08	2.504949e-09	-3.947602e-01	1.632597e+02
2.500000e-06	-1.145262e-07	2.445443e-09	-8.408744e-01	1.594999e+02
2.510000e-06	-1.752297e-07	2.385934e-09	-1.286572e+00	1.555553e+02
2.520000e-06	-2.358672e-07	2.320945e-09	-1.731785e+00	1.513755e+02
2.530000e-06	-2.964315e-07	2.253463e-09	-2.176461e+00	1.469182e+02
2.540000e-06	-3.568543e-07	2.183328e-09	-2.620097e+00	1.421623e+02
2.550000e-06	-4.171875e-07	2.109151e-09	-3.063076e+00	1.371079e+02
2.560000e-06	-4.774249e-07	2.028623e-09	-3.505351e+00	1.317630e+02
2.570000e-06	-5.375440e-07	1.941191e-09	-3.946757e+00	1.261223e+02
2.580000e-06	-5.975386e-07	1.846462e-09	-4.387250e+00	1.201488e+02
2.590000e-06	-6.574406e-07	1.747448e-09	-4.827063e+00	1.137675e+02
2.600000e-06	-7.172672e-07	1.645084e-09	-5.266322e+00	1.068749e+02
2.610000e-06	-7.769398e-07	1.533904e-09	-5.704450e+00	9.935980e+01
2.620000e-06	-8.363250e-07	1.409462e-09	-6.140469e+00	9.112526e+01
2.630000e-06	-8.953327e-07	1.270997e-09	-6.573715e+00	8.209959e+01
2.640000e-06	-9.539888e-07	1.123241e-09	-7.004380e+00	7.223041e+01
2.650000e-06	-1.012287e-06	9.599981e-10	-7.432420e+00	6.146509e+01
2.660000e-06	-1.070224e-06	7.784069e-10	-7.857802e+00	4.972956e+01
2.670000e-06	-1.127804e-06	5.813340e-10	-8.280565e+00	3.692144e+01
2.680000e-06	-1.184896e-06	3.687245e-10	-8.699751e+00	2.292918e+01
2.690000e-06	-1.241501e-06	1.375732e-10	-9.115350e+00	7.678267e+00
2.700000e-06	-1.297738e-06	-1.117020e-10	-9.528256e+00	-8.807852e+00
2.710000e-06	-1.353625e-06	-3.761061e-10	-9.938589e+00	-2.635414e+01
2.720000e-06	-1.409145e-06	-6.557763e-10	-1.034623e+01	-4.461098e+01
2.730000e-06	-1.464191e-06	-9.410304e-10	-1.075039e+01	-6.307697e+01
2.740000e-06	-1.518580e-06	-1.219535e-09	-1.114972e+01	-8.116722e+01
2.750000e-06	-1.572136e-06	-1.483279e-09	-1.154294e+01	-9.831042e+01
2.760000e-06	-1.624835e-06	-1.726336e-09	-1.192987e+01	-1.140471e+02
2.770000e-06	-1.676876e-06	-1.941606e-09	-1.231196e+01	-1.281001e+02
2.780000e-06	-1.728352e-06	-2.130021e-09	-1.268991e+01	-1.403983e+02
2.790000e-06	-1.779153e-06	-2.296132e-09	-1.306290e+01	-1.510503e+02
2.800000e-06	-1.829276e-06	-2.439735e-09	-1.343091e+01	-1.602806e+02
2.810000e-06	-1.878738e-06	-2.562403e-09	-1.379408e+01	-1.683526e+02
2.820000e-06	-1.927239e-06	-2.670035e-09	-1.415018e+01	-1.755043e+02
2.830000e-06	-1.974625e-06	-2.769292e-09	-1.449810e+01	-1.819114e+02
2.840000e-06	-2.021278e-06	-2.858168e-09	-1.484064e+01	-1.876842e+02
2.850000e-06	-2.067418e-06	-2.938023e-09	-1.517941e+01	-1.928891e+02
2.860000e-06	-2.112934e-06	-3.011792e-09	-1.551359e+01	-1.975780e+02
2.870000e-06	-2.157690e-06	-3.079022e-09	-1.584220e+01	-2.018120e+02
2.880000e-06	-2.201786e-06	-3.139189e-09	-1.616596e+01	-2.056676e+02
2.890000e-06	-2.245422e-06	-3.194983e-09	-1.648635e+01	-2.092279e+02
2.900000e-06	-2.288345e-06	-3.250103e-09	-1.680149e+01	-2.125644e+02
2.910000e-06	-2.330443e-06	-3.300671e-09	-1.711059e+01	-2.157214e+02
2.920000e-06	-2.371796e-06	-3.348379e-09	-1.741421e+01	-2.187100e+02
2.930000e-06	-2.412328e-06	-3.395479e-09	-1.771181e+01	-2.215161e+02
2.940000e-06	-2.452186e-06	-3.438853e-09	-1.800445e+01	-2.241165e+02
2.950000e-06	-2.491208e-06	-3.475445e-09	-1.829095e+01	-2.264975e+02
2.960000e-06	-2.528916e-06	-3.509372e-09	-1.856782e+01	-2.286662e+02
2.970000e-06	-2.565457e-06	-3.543766e-09	-1.883611e+01	-2.306521e+02
2.980000e-06	-2.601260e-06	-3.572648e-09	-1.909898e+01	-2.324984e+02
2.990000e-06	-2.636260e-06	-3.598038e-09	-1.935596e+01	-2.342479e+02
3.000000e-06	-2.670307e-06	-3.625986e-09	-1.960594e+01	-2.359302e+02
3.010000e-06	-2.703413e-06	-3.654868e-09	-1.984901e+01	-2.375555e+02
3.020000e-06	-2.735689e-06	-3.678649e-09	-2.008599e+01	-2.391167e+02
3.030000e-06	-2.767197e-06	-3.700303e-09	-2.031732e+01	-2.405975e+02
3.040000e-06	-2.797565e-06	-3.722981e-09	-2.054029e+01	-2.419838e+02
3.050000e-06	-2.826578e-06	-3.743115e-09	-2.075331e+01	-2.432713e+02
3.060000e-06	-2.854597e-06	-3.760769e-09	-2.095903e+01	-2.444683e+02
3.070000e-06	-2.881726e-06	-3.777363e-09	-2.115822e+01	-2.455923e+02
3.080000e-06	-2.907848e-06	-3.794867e-09	-2.135001e+01	-2.466628e+02
3.090000e-06	-2.932960e-06	-3.810864e-09	-2.153439e+01	-2.476927e+02
3.100000e-06	-2.957179e-06	-3.824936e-09	-2.171221e+01	-2.486840e+02
3.110000e-06	-2.980543e-06	-3.840883e-09	-2.188375e+01	-2.496272e+02
3.120000e-06	-3.002620e-06	-3.853929e-09	-2.204584e+01	-2.505064e+02
3.130000e-06	-3.023395e-06	-3.864593e-09	-2.219838e+01	-2.513063e+02
3.140000e-06	-3.043272e-06	-3.873176e-09	-2.234433e+01	-2.520197e+02
3.150000e-06	-3.062157e-06	-3.882059e-09	-2.248298e+01	-2.526519e+02
3.160000e-06	-3.079948e-06	-3.891328e-09	-2.261361e+01	-2.532199e+02
3.170000e-06	-3.096729e-06	-3.899702e-09	-2.273682e+01	-2.537475e+02
3.180000e-06	-3.112533e-06	-3.905952e-09	-2.285285e+01	-2.542575e+02
3.190000e-06	-3.127191e-06	-3.911896e-09	-2.296047e+01	-2.547642e+02
3.200000e-06	-3.140338e-06	-3.920726e-09	-2.305700e+01	-2.552690e+02
3.210000e-06	-3.152072e-06	-3.929262e-09	-2.314316e+01	-2.557610e+02
3.220000e-06	-3.162669e-06	-3.935073e-09	-2.322096e+01	-2.562217e+02
3.230000e-06	-3.172143e-06	-3.939128e-09	-2.329052e+01	-2.566334e+02
3.240000e-06	-3.180578e-06	-3.942364e-09	-2.335245e+01	-2.569858e+02
3.250000e-06	-3.188072e-06	-3.945077e-09	-2.340748e+01	-2.572803e+02
3.260000e-06	-3.194235e-06	-3.949181e-09	-2.345273e+01	-2.575289e+02
3.270000e-06	-3.199006e-06	-3.952118e-09	-2.348775e+01	-2.577484e+02
3.280000e-06	-3.202760e-06	-3.953581e-09	-2.351532e+01	-2.579538e+02
3.290000e-06	-3.205492e-06	-3.953294e-09	-2.353537e+01	-2.581521e+02
3.300000e-06	-3.207129e-06	-3.954188e-09	-2.354740e+01	-2.583405e+02
3.310000e-06	-3.207751e-06	-3.955094e-09	-2.355196e+01	-2.585091e+02
