# Temperatura_=_20.0
# Concentracion g/m^3_=_6200.0
# C_Vs_to_Am_M_A/Vsm_=_65563218390.804596
# pendiente_HvsI_1/m_=_3716.3
# ordenada_HvsI_A/m_=_1297.0
# frecuencia_Hz_=_302597.0213105032

Tiempo_(s)	Campo_(V.s)	Magnetizacion_(V.s)	Campo_(kA/m)	Magnetizacion_(A/m)
0.000000e+00	-7.986055e-06	-4.052431e-09	-5.754313e+01	-2.656590e+02
1.000000e-08	-7.981429e-06	-4.053482e-09	-5.750980e+01	-2.656907e+02
2.000000e-08	-7.974242e-06	-4.047582e-09	-5.745801e+01	-2.657715e+02
3.000000e-08	-7.964246e-06	-4.045661e-09	-5.738598e+01	-2.658088e+02
4.000000e-08	-7.951400e-06	-4.045299e-09	-5.729342e+01	-2.657162e+02
5.000000e-08	-7.935633e-06	-4.041279e-09	-5.717981e+01	-2.654633e+02
6.000000e-08	-7.917171e-06	-4.036105e-09	-5.704678e+01	-2.650976e+02
7.000000e-08	-7.896496e-06	-4.012968e-09	-5.689782e+01	-2.647249e+02
8.000000e-08	-7.873383e-06	-4.031794e-09	-5.673128e+01	-2.644557e+02
9.000000e-08	-7.847256e-06	-4.120186e-09	-5.654302e+01	-2.643461e+02
1.000000e-07	-7.817958e-06	-4.062246e-09	-5.633191e+01	-2.643619e+02
1.100000e-07	-7.785719e-06	-3.988426e-09	-5.609962e+01	-2.643875e+02
1.200000e-07	-7.750693e-06	-4.004783e-09	-5.584724e+01	-2.642763e+02
1.300000e-07	-7.713082e-06	-4.038533e-09	-5.557624e+01	-2.639188e+02
1.400000e-07	-7.673125e-06	-4.027902e-09	-5.528833e+01	-2.632961e+02
1.500000e-07	-7.630873e-06	-3.932164e-09	-5.498388e+01	-2.624916e+02
1.600000e-07	-7.586149e-06	-4.017234e-09	-5.466162e+01	-2.616562e+02
1.700000e-07	-7.538672e-06	-3.999717e-09	-5.431953e+01	-2.609419e+02
1.800000e-07	-7.488294e-06	-3.904816e-09	-5.395654e+01	-2.604382e+02
1.900000e-07	-7.435044e-06	-4.033916e-09	-5.357285e+01	-2.601385e+02
2.000000e-07	-7.378966e-06	-3.968478e-09	-5.316878e+01	-2.599525e+02
2.100000e-07	-7.320153e-06	-3.973869e-09	-5.274500e+01	-2.597551e+02
2.200000e-07	-7.258807e-06	-4.012426e-09	-5.230297e+01	-2.594456e+02
2.300000e-07	-7.194867e-06	-3.944215e-09	-5.184226e+01	-2.589891e+02
2.400000e-07	-7.128113e-06	-3.938127e-09	-5.136127e+01	-2.584197e+02
2.500000e-07	-7.058695e-06	-3.902404e-09	-5.086108e+01	-2.578098e+02
2.600000e-07	-6.986607e-06	-3.959528e-09	-5.034165e+01	-2.572229e+02
2.700000e-07	-6.911625e-06	-3.921174e-09	-4.980138e+01	-2.566774e+02
2.800000e-07	-6.833835e-06	-3.907289e-09	-4.924086e+01	-2.561397e+02
2.900000e-07	-6.753329e-06	-3.901930e-09	-4.866078e+01	-2.555488e+02
3.000000e-07	-6.670303e-06	-3.879312e-09	-4.806254e+01	-2.548562e+02
3.100000e-07	-6.585054e-06	-3.886233e-09	-4.744828e+01	-2.540577e+02
3.200000e-07	-6.497456e-06	-3.824637e-09	-4.681710e+01	-2.531999e+02
3.300000e-07	-6.407439e-06	-3.844580e-09	-4.616849e+01	-2.523559e+02
3.400000e-07	-6.315128e-06	-3.850092e-09	-4.550334e+01	-2.515850e+02
3.500000e-07	-6.220547e-06	-3.846522e-09	-4.482184e+01	-2.508987e+02
3.600000e-07	-6.123655e-06	-3.821924e-09	-4.412370e+01	-2.502516e+02
3.700000e-07	-6.024451e-06	-3.802976e-09	-4.340888e+01	-2.495622e+02
3.800000e-07	-5.923072e-06	-3.804477e-09	-4.267840e+01	-2.487541e+02
3.900000e-07	-5.819603e-06	-3.778078e-09	-4.193286e+01	-2.477935e+02
4.000000e-07	-5.714102e-06	-3.758743e-09	-4.117268e+01	-2.467053e+02
4.100000e-07	-5.606627e-06	-3.740649e-09	-4.039828e+01	-2.455581e+02
4.200000e-07	-5.497171e-06	-3.750509e-09	-3.960959e+01	-2.444279e+02
4.300000e-07	-5.385728e-06	-3.712266e-09	-3.880660e+01	-2.433588e+02
4.400000e-07	-5.272223e-06	-3.670984e-09	-3.798874e+01	-2.423426e+02
4.500000e-07	-5.156627e-06	-3.661820e-09	-3.715582e+01	-2.413266e+02
4.600000e-07	-5.039108e-06	-3.667328e-09	-3.630904e+01	-2.402435e+02
4.700000e-07	-4.919809e-06	-3.641923e-09	-3.544944e+01	-2.390470e+02
4.800000e-07	-4.798722e-06	-3.614051e-09	-3.457695e+01	-2.377330e+02
4.900000e-07	-4.675852e-06	-3.610510e-09	-3.369162e+01	-2.363355e+02
5.000000e-07	-4.551256e-06	-3.582692e-09	-3.279385e+01	-2.349018e+02
5.100000e-07	-4.425065e-06	-3.540493e-09	-3.188459e+01	-2.334624e+02
5.200000e-07	-4.297265e-06	-3.511865e-09	-3.096373e+01	-2.320137e+02
5.300000e-07	-4.167786e-06	-3.509398e-09	-3.003077e+01	-2.305232e+02
5.400000e-07	-4.036752e-06	-3.483110e-09	-2.908662e+01	-2.289533e+02
5.500000e-07	-3.904188e-06	-3.450129e-09	-2.813144e+01	-2.272882e+02
5.600000e-07	-3.770086e-06	-3.428013e-09	-2.716517e+01	-2.255464e+02
5.700000e-07	-3.634597e-06	-3.404609e-09	-2.618891e+01	-2.237685e+02
5.800000e-07	-3.497752e-06	-3.368885e-09	-2.520288e+01	-2.219890e+02
5.900000e-07	-3.359479e-06	-3.336570e-09	-2.420656e+01	-2.202062e+02
6.000000e-07	-3.219811e-06	-3.316136e-09	-2.320019e+01	-2.183732e+02
6.100000e-07	-3.078735e-06	-3.286513e-09	-2.218368e+01	-2.164155e+02
6.200000e-07	-2.936315e-06	-3.253375e-09	-2.115747e+01	-2.142712e+02
6.300000e-07	-2.792729e-06	-3.219408e-09	-2.012287e+01	-2.119292e+02
6.400000e-07	-2.648175e-06	-3.185802e-09	-1.908129e+01	-2.094422e+02
6.500000e-07	-2.502703e-06	-3.142730e-09	-1.803310e+01	-2.069032e+02
6.600000e-07	-2.356333e-06	-3.101945e-09	-1.697844e+01	-2.043927e+02
6.700000e-07	-2.209195e-06	-3.064406e-09	-1.591825e+01	-2.019247e+02
6.800000e-07	-2.061361e-06	-3.025998e-09	-1.485304e+01	-1.994215e+02
6.900000e-07	-1.912894e-06	-2.984149e-09	-1.378327e+01	-1.967369e+02
7.000000e-07	-1.763841e-06	-2.934162e-09	-1.270927e+01	-1.937207e+02
7.100000e-07	-1.614221e-06	-2.880869e-09	-1.163119e+01	-1.902940e+02
7.200000e-07	-1.464059e-06	-2.822809e-09	-1.054921e+01	-1.864930e+02
7.300000e-07	-1.313397e-06	-2.768134e-09	-9.463617e+00	-1.824544e+02
7.400000e-07	-1.162306e-06	-2.710367e-09	-8.374936e+00	-1.783410e+02
7.500000e-07	-1.010820e-06	-2.646054e-09	-7.283417e+00	-1.742410e+02
7.600000e-07	-8.589862e-07	-2.577189e-09	-6.189383e+00	-1.700923e+02
7.700000e-07	-7.068391e-07	-2.504111e-09	-5.093094e+00	-1.656761e+02
7.800000e-07	-5.543874e-07	-2.424242e-09	-3.994611e+00	-1.606882e+02
7.900000e-07	-4.017767e-07	-2.333673e-09	-2.894982e+00	-1.548582e+02
8.000000e-07	-2.490663e-07	-2.234452e-09	-1.794635e+00	-1.480537e+02
8.100000e-07	-9.620807e-08	-2.122604e-09	-6.932226e-01	-1.403050e+02
8.200000e-07	5.674865e-08	-1.996456e-09	4.088996e-01	-1.317227e+02
8.300000e-07	2.097163e-07	-1.851462e-09	1.511101e+00	-1.223336e+02
8.400000e-07	3.625716e-07	-1.685594e-09	2.612492e+00	-1.119089e+02
8.500000e-07	5.152842e-07	-1.494302e-09	3.712855e+00	-9.988233e+01
8.600000e-07	6.678700e-07	-1.270073e-09	4.812305e+00	-8.542614e+01
8.700000e-07	8.202959e-07	-1.002989e-09	5.910601e+00	-6.769140e+01
8.800000e-07	9.724887e-07	-6.835357e-10	7.007220e+00	-4.614355e+01
8.900000e-07	1.124358e-06	-3.073603e-10	8.101506e+00	-2.086934e+01
9.000000e-07	1.275851e-06	1.252498e-10	9.193084e+00	7.273462e+00
9.100000e-07	1.426898e-06	5.921641e-10	1.028144e+01	3.674246e+01
9.200000e-07	1.577441e-06	1.048373e-09	1.136617e+01	6.562528e+01
9.300000e-07	1.727423e-06	1.447888e-09	1.244686e+01	9.208605e+01
9.400000e-07	1.876751e-06	1.776315e-09	1.352284e+01	1.147943e+02
9.500000e-07	2.025351e-06	2.037306e-09	1.459357e+01	1.331923e+02
9.600000e-07	2.173240e-06	2.242525e-09	1.565917e+01	1.475195e+02
9.700000e-07	2.320370e-06	2.410139e-09	1.671931e+01	1.586030e+02
9.800000e-07	2.466635e-06	2.556996e-09	1.777322e+01	1.675100e+02
9.900000e-07	2.611919e-06	2.685339e-09	1.882005e+01	1.751965e+02
1.000000e-06	2.756251e-06	2.793730e-09	1.986003e+01	1.822753e+02
1.010000e-06	2.899566e-06	2.889965e-09	2.089268e+01	1.889629e+02
1.020000e-06	3.041711e-06	2.978017e-09	2.191690e+01	1.951868e+02
1.030000e-06	3.182705e-06	3.055328e-09	2.293282e+01	2.007756e+02
1.040000e-06	3.322404e-06	3.124433e-09	2.393942e+01	2.056322e+02
1.050000e-06	3.460721e-06	3.189670e-09	2.493605e+01	2.098179e+02
1.060000e-06	3.597718e-06	3.249591e-09	2.592318e+01	2.135276e+02
1.070000e-06	3.733407e-06	3.302646e-09	2.690088e+01	2.169902e+02
1.080000e-06	3.867693e-06	3.352947e-09	2.786847e+01	2.203605e+02
1.090000e-06	4.000573e-06	3.400545e-09	2.882594e+01	2.236611e+02
1.100000e-06	4.132072e-06	3.441204e-09	2.977344e+01	2.267990e+02
1.110000e-06	4.262090e-06	3.477417e-09	3.071028e+01	2.296414e+02
1.120000e-06	4.390599e-06	3.513594e-09	3.163625e+01	2.321046e+02
1.130000e-06	4.517527e-06	3.547327e-09	3.255082e+01	2.342073e+02
1.140000e-06	4.642911e-06	3.574895e-09	3.345427e+01	2.360637e+02
1.150000e-06	4.766796e-06	3.601004e-09	3.434692e+01	2.378247e+02
1.160000e-06	4.889027e-06	3.627616e-09	3.522764e+01	2.396033e+02
1.170000e-06	5.009527e-06	3.654402e-09	3.609590e+01	2.414236e+02
1.180000e-06	5.128198e-06	3.680783e-09	3.695098e+01	2.432209e+02
1.190000e-06	5.244914e-06	3.705878e-09	3.779197e+01	2.448880e+02
1.200000e-06	5.359580e-06	3.726313e-09	3.861819e+01	2.463410e+02
1.210000e-06	5.472165e-06	3.745769e-09	3.942941e+01	2.475671e+02
1.220000e-06	5.582739e-06	3.764627e-09	4.022615e+01	2.486313e+02
1.230000e-06	5.691420e-06	3.781978e-09	4.100925e+01	2.496398e+02
1.240000e-06	5.798086e-06	3.796741e-09	4.177782e+01	2.506825e+02
1.250000e-06	5.902565e-06	3.808769e-09	4.253064e+01	2.517878e+02
1.260000e-06	6.004895e-06	3.822644e-09	4.326797e+01	2.529125e+02
1.270000e-06	6.105016e-06	3.836933e-09	4.398940e+01	2.539713e+02
1.280000e-06	6.202857e-06	3.852022e-09	4.469438e+01	2.548883e+02
1.290000e-06	6.298357e-06	3.867352e-09	4.538250e+01	2.556402e+02
1.300000e-06	6.391635e-06	3.881784e-09	4.605461e+01	2.562693e+02
1.310000e-06	6.482648e-06	3.894165e-09	4.671040e+01	2.568593e+02
1.320000e-06	6.571193e-06	3.904724e-09	4.734841e+01	2.574884e+02
1.330000e-06	6.657416e-06	3.915520e-09	4.796969e+01	2.581877e+02
1.340000e-06	6.741409e-06	3.924289e-09	4.857489e+01	2.589264e+02
1.350000e-06	6.822991e-06	3.930365e-09	4.916272e+01	2.596323e+02
1.360000e-06	6.902065e-06	3.936895e-09	4.973249e+01	2.602354e+02
1.370000e-06	6.978602e-06	3.946941e-09	5.028398e+01	2.607093e+02
1.380000e-06	7.052494e-06	3.958983e-09	5.081640e+01	2.610874e+02
1.390000e-06	7.123758e-06	3.969952e-09	5.132989e+01	2.614457e+02
1.400000e-06	7.192524e-06	3.979944e-09	5.182538e+01	2.618599e+02
1.410000e-06	7.258679e-06	3.988223e-09	5.230206e+01	2.623632e+02
1.420000e-06	7.322203e-06	3.993934e-09	5.275978e+01	2.629266e+02
1.430000e-06	7.383294e-06	3.998105e-09	5.319996e+01	2.634736e+02
1.440000e-06	7.441864e-06	4.002827e-09	5.362199e+01	2.639221e+02
1.450000e-06	7.497761e-06	4.008067e-09	5.402475e+01	2.642297e+02
1.460000e-06	7.550812e-06	4.012756e-09	5.440700e+01	2.644177e+02
1.470000e-06	7.600789e-06	4.017319e-09	5.476711e+01	2.645612e+02
1.480000e-06	7.647819e-06	4.022624e-09	5.510598e+01	2.647486e+02
1.490000e-06	7.692232e-06	4.029832e-09	5.542600e+01	2.650343e+02
1.500000e-06	7.733873e-06	4.037689e-09	5.572605e+01	2.654081e+02
1.510000e-06	7.772629e-06	4.043511e-09	5.600529e+01	2.657997e+02
1.520000e-06	7.808791e-06	4.047122e-09	5.626586e+01	2.661157e+02
1.530000e-06	7.842194e-06	4.049414e-09	5.650654e+01	2.662894e+02
1.540000e-06	7.872706e-06	4.051775e-09	5.672640e+01	2.663175e+02
1.550000e-06	7.900511e-06	4.053291e-09	5.692675e+01	2.662622e+02
1.560000e-06	7.925413e-06	4.053012e-09	5.710618e+01	2.662199e+02
1.570000e-06	7.947424e-06	4.055101e-09	5.726477e+01	2.662702e+02
1.580000e-06	7.966715e-06	4.060287e-09	5.740378e+01	2.664351e+02
1.590000e-06	7.983076e-06	4.065321e-09	5.752166e+01	2.666681e+02
1.600000e-06	7.996395e-06	4.068286e-09	5.761763e+01	2.668800e+02
1.610000e-06	8.006596e-06	4.069581e-09	5.769114e+01	2.669877e+02
1.620000e-06	8.013724e-06	4.069789e-09	5.774250e+01	2.669590e+02
1.630000e-06	8.018083e-06	4.069396e-09	5.777391e+01	2.668290e+02
1.640000e-06	8.019590e-06	4.071683e-09	5.778476e+01	2.666798e+02
1.650000e-06	8.018253e-06	4.072936e-09	5.777513e+01	2.665939e+02
1.660000e-06	8.014341e-06	4.062441e-09	5.774694e+01	2.666065e+02
1.670000e-06	8.007702e-06	4.063600e-09	5.769910e+01	2.666836e+02
1.680000e-06	7.998309e-06	4.065319e-09	5.763142e+01	2.667384e+02
1.690000e-06	7.986155e-06	4.062432e-09	5.754385e+01	2.666786e+02
1.700000e-06	7.971163e-06	4.064808e-09	5.743582e+01	2.664585e+02
1.710000e-06	7.953634e-06	4.068515e-09	5.730952e+01	2.661094e+02
1.720000e-06	7.933870e-06	4.092798e-09	5.716711e+01	2.657279e+02
1.730000e-06	7.911516e-06	4.007603e-09	5.700604e+01	2.654291e+02
1.740000e-06	7.885932e-06	3.961014e-09	5.682169e+01	2.652847e+02
1.750000e-06	7.856713e-06	4.055054e-09	5.661116e+01	2.652810e+02
1.760000e-06	7.824144e-06	4.067208e-09	5.637648e+01	2.653167e+02
1.770000e-06	7.789098e-06	4.019531e-09	5.612397e+01	2.652462e+02
1.780000e-06	7.751739e-06	4.016427e-09	5.585478e+01	2.649465e+02
1.790000e-06	7.712078e-06	4.144391e-09	5.556900e+01	2.643767e+02
1.800000e-06	7.670452e-06	3.954273e-09	5.526907e+01	2.635998e+02
1.810000e-06	7.626466e-06	3.969884e-09	5.495212e+01	2.627570e+02
1.820000e-06	7.579686e-06	4.103835e-09	5.461506e+01	2.620062e+02
1.830000e-06	7.530221e-06	3.904463e-09	5.425864e+01	2.614544e+02
1.840000e-06	7.477778e-06	4.050854e-09	5.388076e+01	2.611161e+02
1.850000e-06	7.422370e-06	3.911149e-09	5.348152e+01	2.609160e+02
1.860000e-06	7.364247e-06	3.913533e-09	5.306272e+01	2.607310e+02
1.870000e-06	7.303424e-06	4.005545e-09	5.262447e+01	2.604509e+02
1.880000e-06	7.239953e-06	3.907112e-09	5.216712e+01	2.600249e+02
1.890000e-06	7.173748e-06	4.048983e-09	5.169009e+01	2.594741e+02
1.900000e-06	7.104770e-06	3.913552e-09	5.119307e+01	2.588665e+02
1.910000e-06	7.032919e-06	3.939741e-09	5.067535e+01	2.582711e+02
1.920000e-06	6.958352e-06	3.909687e-09	5.013806e+01	2.577178e+02
1.930000e-06	6.881040e-06	3.890452e-09	4.958099e+01	2.571831e+02
1.940000e-06	6.800940e-06	3.953082e-09	4.900384e+01	2.566086e+02
1.950000e-06	6.718482e-06	3.868562e-09	4.840969e+01	2.559398e+02
1.960000e-06	6.633563e-06	3.956139e-09	4.779782e+01	2.551615e+02
1.970000e-06	6.546053e-06	3.870458e-09	4.716726e+01	2.543105e+02
1.980000e-06	6.456189e-06	3.864115e-09	4.651976e+01	2.534573e+02
1.990000e-06	6.364139e-06	3.847009e-09	4.585649e+01	2.526677e+02
2.000000e-06	6.269809e-06	3.837995e-09	4.517680e+01	2.519652e+02
2.010000e-06	6.173141e-06	3.853651e-09	4.448026e+01	2.513157e+02
2.020000e-06	6.074322e-06	3.794874e-09	4.376823e+01	2.506425e+02
2.030000e-06	5.973326e-06	3.818728e-09	4.304050e+01	2.498644e+02
2.040000e-06	5.870188e-06	3.800754e-09	4.229735e+01	2.489362e+02
2.050000e-06	5.765011e-06	3.796609e-09	4.153951e+01	2.478705e+02
2.060000e-06	5.657887e-06	3.734794e-09	4.076763e+01	2.467290e+02
2.070000e-06	5.548830e-06	3.743421e-09	3.998182e+01	2.455898e+02
2.080000e-06	5.437736e-06	3.757917e-09	3.918134e+01	2.445063e+02
2.090000e-06	5.324571e-06	3.735908e-09	3.836594e+01	2.434819e+02
2.100000e-06	5.209379e-06	3.700845e-09	3.753592e+01	2.424714e+02
2.110000e-06	5.092191e-06	3.692818e-09	3.669153e+01	2.414076e+02
2.120000e-06	4.972988e-06	3.680541e-09	3.583262e+01	2.402373e+02
2.130000e-06	4.851923e-06	3.630441e-09	3.496029e+01	2.389465e+02
2.140000e-06	4.729218e-06	3.622364e-09	3.407615e+01	2.375627e+02
2.150000e-06	4.604875e-06	3.631437e-09	3.318020e+01	2.361331e+02
2.160000e-06	4.478742e-06	3.621861e-09	3.227136e+01	2.346939e+02
2.170000e-06	4.350937e-06	3.564515e-09	3.135046e+01	2.332491e+02
2.180000e-06	4.221567e-06	3.542889e-09	3.041829e+01	2.317708e+02
2.190000e-06	4.090716e-06	3.524016e-09	2.947545e+01	2.302202e+02
2.200000e-06	3.958374e-06	3.499178e-09	2.852187e+01	2.285750e+02
2.210000e-06	3.824461e-06	3.470988e-09	2.755696e+01	2.268465e+02
2.220000e-06	3.689092e-06	3.463312e-09	2.658157e+01	2.250725e+02
2.230000e-06	3.552354e-06	3.441495e-09	2.559631e+01	2.232918e+02
2.240000e-06	3.414238e-06	3.398379e-09	2.460112e+01	2.215122e+02
2.250000e-06	3.274744e-06	3.365921e-09	2.359601e+01	2.196956e+02
2.260000e-06	3.133944e-06	3.337460e-09	2.258148e+01	2.177708e+02
2.270000e-06	2.991831e-06	3.303919e-09	2.155749e+01	2.156695e+02
2.280000e-06	2.848629e-06	3.262808e-09	2.052566e+01	2.133674e+02
2.290000e-06	2.704413e-06	3.236516e-09	1.948652e+01	2.109042e+02
2.300000e-06	2.559197e-06	3.204141e-09	1.844017e+01	2.083681e+02
2.310000e-06	2.413143e-06	3.166537e-09	1.738779e+01	2.058472e+02
2.320000e-06	2.266305e-06	3.126288e-09	1.632975e+01	2.033734e+02
2.330000e-06	2.118699e-06	3.083724e-09	1.526618e+01	2.008884e+02
2.340000e-06	1.970399e-06	3.038426e-09	1.419762e+01	1.982562e+02
2.350000e-06	1.821473e-06	2.993711e-09	1.312454e+01	1.953210e+02
2.360000e-06	1.671944e-06	2.949583e-09	1.204711e+01	1.919832e+02
2.370000e-06	1.521886e-06	2.896146e-09	1.096588e+01	1.882534e+02
2.380000e-06	1.371298e-06	2.833635e-09	9.880819e+00	1.842513e+02
2.390000e-06	1.220262e-06	2.770283e-09	8.792539e+00	1.801424e+02
2.400000e-06	1.068820e-06	2.707264e-09	7.701327e+00	1.760388e+02
2.410000e-06	9.169744e-07	2.643190e-09	6.607214e+00	1.719141e+02
2.420000e-06	7.648692e-07	2.575788e-09	5.511227e+00	1.675795e+02
2.430000e-06	6.125666e-07	2.502104e-09	4.413818e+00	1.627397e+02
2.440000e-06	4.600346e-07	2.417337e-09	3.314757e+00	1.571070e+02
2.450000e-06	3.073280e-07	2.318875e-09	2.214437e+00	1.505137e+02
2.460000e-06	1.544721e-07	2.208495e-09	1.113041e+00	1.429584e+02
2.470000e-06	1.489867e-09	2.085039e-09	1.073516e-02	1.345467e+02
2.480000e-06	-1.515609e-07	1.946908e-09	-1.092065e+00	1.253387e+02
2.490000e-06	-3.045558e-07	1.787001e-09	-2.194462e+00	1.151719e+02
2.500000e-06	-4.574048e-07	1.598375e-09	-3.295807e+00	1.035520e+02
2.510000e-06	-6.101173e-07	1.380919e-09	-4.396171e+00	8.969183e+01
2.520000e-06	-7.626579e-07	1.127336e-09	-5.495294e+00	7.272051e+01
2.530000e-06	-9.149251e-07	8.248424e-10	-6.592448e+00	5.200719e+01
2.540000e-06	-1.066884e-06	4.647096e-10	-7.687378e+00	2.748581e+01
2.550000e-06	-1.218525e-06	4.797305e-11	-8.780024e+00	-1.523719e-01
2.560000e-06	-1.369753e-06	-4.097637e-10	-9.869691e+00	-2.949203e+01
2.570000e-06	-1.520505e-06	-8.763572e-10	-1.095592e+01	-5.866489e+01
2.580000e-06	-1.670635e-06	-1.302363e-09	-1.203768e+01	-8.577956e+01
2.590000e-06	-1.820017e-06	-1.656709e-09	-1.311404e+01	-1.093674e+02
2.600000e-06	-1.968731e-06	-1.939878e-09	-1.418560e+01	-1.286944e+02
2.610000e-06	-2.116799e-06	-2.168013e-09	-1.525249e+01	-1.438396e+02
2.620000e-06	-2.264066e-06	-2.353133e-09	-1.631361e+01	-1.555309e+02
2.630000e-06	-2.410437e-06	-2.505200e-09	-1.736828e+01	-1.648156e+02
2.640000e-06	-2.555901e-06	-2.636312e-09	-1.841642e+01	-1.726984e+02
2.650000e-06	-2.700397e-06	-2.748781e-09	-1.945758e+01	-1.798766e+02
2.660000e-06	-2.843846e-06	-2.847579e-09	-2.049119e+01	-1.866470e+02
2.670000e-06	-2.986093e-06	-2.939522e-09	-2.151615e+01	-1.929845e+02
2.680000e-06	-3.127137e-06	-3.022847e-09	-2.253243e+01	-1.987222e+02
2.690000e-06	-3.267013e-06	-3.097260e-09	-2.354030e+01	-2.037364e+02
2.700000e-06	-3.405550e-06	-3.167086e-09	-2.453852e+01	-2.080530e+02
2.710000e-06	-3.542777e-06	-3.233754e-09	-2.552730e+01	-2.118449e+02
2.720000e-06	-3.678744e-06	-3.294932e-09	-2.650701e+01	-2.153436e+02
2.730000e-06	-3.813321e-06	-3.350389e-09	-2.747670e+01	-2.187272e+02
2.740000e-06	-3.946488e-06	-3.403190e-09	-2.843622e+01	-2.220476e+02
2.750000e-06	-4.078251e-06	-3.450981e-09	-2.938563e+01	-2.252317e+02
2.760000e-06	-4.208602e-06	-3.490370e-09	-3.032487e+01	-2.281475e+02
2.770000e-06	-4.337578e-06	-3.527468e-09	-3.125420e+01	-2.306943e+02
2.780000e-06	-4.465068e-06	-3.566155e-09	-3.217283e+01	-2.328674e+02
2.790000e-06	-4.590957e-06	-3.600928e-09	-3.307992e+01	-2.347641e+02
2.800000e-06	-4.715284e-06	-3.630515e-09	-3.397575e+01	-2.365338e+02
2.810000e-06	-4.837993e-06	-3.661041e-09	-3.485992e+01	-2.383033e+02
2.820000e-06	-4.958960e-06	-3.690453e-09	-3.573154e+01	-2.401177e+02
2.830000e-06	-5.078027e-06	-3.714733e-09	-3.658948e+01	-2.419286e+02
2.840000e-06	-5.195052e-06	-3.736349e-09	-3.743269e+01	-2.436326e+02
2.850000e-06	-5.310051e-06	-3.757220e-09	-3.826131e+01	-2.451355e+02
2.860000e-06	-5.422898e-06	-3.777118e-09	-3.907443e+01	-2.464072e+02
2.870000e-06	-5.533577e-06	-3.795661e-09	-3.987192e+01	-2.474979e+02
2.880000e-06	-5.642313e-06	-3.814764e-09	-4.065541e+01	-2.485094e+02
2.890000e-06	-5.749175e-06	-3.833830e-09	-4.142540e+01	-2.495400e+02
2.900000e-06	-5.853986e-06	-3.850712e-09	-4.218061e+01	-2.506335e+02
2.910000e-06	-5.956556e-06	-3.866416e-09	-4.291967e+01	-2.517606e+02
2.920000e-06	-6.056905e-06	-3.880792e-09	-4.364273e+01	-2.528412e+02
2.930000e-06	-6.155081e-06	-3.892156e-09	-4.435014e+01	-2.537929e+02
2.940000e-06	-6.251008e-06	-3.902497e-09	-4.504133e+01	-2.545788e+02
2.950000e-06	-6.344683e-06	-3.914433e-09	-4.571630e+01	-2.552281e+02
2.960000e-06	-6.436156e-06	-3.926143e-09	-4.637541e+01	-2.558190e+02
2.970000e-06	-6.525374e-06	-3.935535e-09	-4.701826e+01	-2.564352e+02
2.980000e-06	-6.612167e-06	-3.943823e-09	-4.764365e+01	-2.571202e+02
2.990000e-06	-6.696479e-06	-3.952847e-09	-4.825115e+01	-2.578558e+02
3.000000e-06	-6.778457e-06	-3.962285e-09	-4.884184e+01	-2.585756e+02
3.010000e-06	-6.858010e-06	-3.969749e-09	-4.941505e+01	-2.592050e+02
3.020000e-06	-6.934867e-06	-3.976709e-09	-4.996885e+01	-2.597059e+02
3.030000e-06	-7.009050e-06	-3.983856e-09	-5.050336e+01	-2.600992e+02
3.040000e-06	-7.080678e-06	-3.990494e-09	-5.101948e+01	-2.604547e+02
3.050000e-06	-7.149739e-06	-3.995622e-09	-5.151709e+01	-2.608523e+02
3.060000e-06	-7.216283e-06	-4.000290e-09	-5.199657e+01	-2.613370e+02
3.070000e-06	-7.280352e-06	-4.006110e-09	-5.245822e+01	-2.618929e+02
3.080000e-06	-7.341838e-06	-4.012632e-09	-5.290125e+01	-2.624510e+02
3.090000e-06	-7.400692e-06	-4.017271e-09	-5.332532e+01	-2.629263e+02
3.100000e-06	-7.456846e-06	-4.023159e-09	-5.372994e+01	-2.632647e+02
3.110000e-06	-7.510166e-06	-4.031136e-09	-5.411414e+01	-2.634735e+02
3.120000e-06	-7.560535e-06	-4.036414e-09	-5.447706e+01	-2.636189e+02
3.130000e-06	-7.607881e-06	-4.038789e-09	-5.481822e+01	-2.637906e+02
3.140000e-06	-7.652549e-06	-4.038657e-09	-5.514007e+01	-2.640539e+02
3.150000e-06	-7.694803e-06	-4.039217e-09	-5.544452e+01	-2.644132e+02
3.160000e-06	-7.734413e-06	-4.041821e-09	-5.572993e+01	-2.648089e+02
3.170000e-06	-7.771233e-06	-4.043710e-09	-5.599524e+01	-2.651484e+02
3.180000e-06	-7.805295e-06	-4.044697e-09	-5.624067e+01	-2.653556e+02
3.190000e-06	-7.836463e-06	-4.047286e-09	-5.646525e+01	-2.654117e+02
3.200000e-06	-7.864728e-06	-4.050443e-09	-5.666891e+01	-2.653667e+02
3.210000e-06	-7.890223e-06	-4.049765e-09	-5.685261e+01	-2.653137e+02
3.220000e-06	-7.912843e-06	-4.049019e-09	-5.701560e+01	-2.653401e+02
3.230000e-06	-7.932616e-06	-4.049586e-09	-5.715807e+01	-2.654823e+02
3.240000e-06	-7.949598e-06	-4.050911e-09	-5.728044e+01	-2.657075e+02
3.250000e-06	-7.963468e-06	-4.050653e-09	-5.738038e+01	-2.659320e+02
3.260000e-06	-7.974218e-06	-4.049697e-09	-5.745784e+01	-2.660672e+02
3.270000e-06	-7.982128e-06	-4.049221e-09	-5.751483e+01	-2.660671e+02
3.280000e-06	-7.987156e-06	-4.048967e-09	-5.755106e+01	-2.659530e+02
3.290000e-06	-7.989358e-06	-4.044970e-09	-5.756693e+01	-2.658003e+02
3.300000e-06	-7.988761e-06	-4.041046e-09	-5.756263e+01	-2.656958e+02
