# Temperatura_=_20.0
# Concentracion g/m^3_=_6200.0
# C_Vs_to_Am_M_A/Vsm_=_65563218390.804596
# pendiente_HvsI_1/m_=_3716.3
# ordenada_HvsI_A/m_=_1297.0
# frecuencia_Hz_=_301532.25149302155

Tiempo_(s)	Campo_(V.s)	Magnetizacion_(V.s)	Campo_(kA/m)	Magnetizacion_(A/m)
0.000000e+00	-4.634819e-06	-4.289934e-09	-3.466071e+01	-2.813607e+02
1.000000e-08	-4.633486e-06	-4.297082e-09	-3.465075e+01	-2.815106e+02
2.000000e-08	-4.630414e-06	-4.301344e-09	-3.462777e+01	-2.816557e+02
3.000000e-08	-4.625891e-06	-4.303022e-09	-3.459395e+01	-2.817308e+02
4.000000e-08	-4.619994e-06	-4.303271e-09	-3.454985e+01	-2.816871e+02
5.000000e-08	-4.612732e-06	-4.300495e-09	-3.449554e+01	-2.815167e+02
6.000000e-08	-4.604022e-06	-4.295944e-09	-3.443041e+01	-2.812598e+02
7.000000e-08	-4.593534e-06	-4.288198e-09	-3.435197e+01	-2.809889e+02
8.000000e-08	-4.581279e-06	-4.268696e-09	-3.426033e+01	-2.807772e+02
9.000000e-08	-4.567143e-06	-4.296824e-09	-3.415461e+01	-2.806649e+02
1.000000e-07	-4.550706e-06	-4.336001e-09	-3.403169e+01	-2.806394e+02
1.100000e-07	-4.532289e-06	-4.316070e-09	-3.389396e+01	-2.806400e+02
1.200000e-07	-4.512511e-06	-4.317053e-09	-3.374606e+01	-2.805843e+02
1.300000e-07	-4.491538e-06	-4.249101e-09	-3.358921e+01	-2.804060e+02
1.400000e-07	-4.469416e-06	-4.220737e-09	-3.342378e+01	-2.800850e+02
1.500000e-07	-4.445980e-06	-4.367662e-09	-3.324852e+01	-2.796562e+02
1.600000e-07	-4.421169e-06	-4.247704e-09	-3.306297e+01	-2.791937e+02
1.700000e-07	-4.394968e-06	-4.175860e-09	-3.286703e+01	-2.787764e+02
1.800000e-07	-4.367035e-06	-4.327675e-09	-3.265814e+01	-2.784527e+02
1.900000e-07	-4.337452e-06	-4.203361e-09	-3.243691e+01	-2.782203e+02
2.000000e-07	-4.306620e-06	-4.177517e-09	-3.220634e+01	-2.780288e+02
2.100000e-07	-4.274394e-06	-4.329719e-09	-3.196534e+01	-2.778051e+02
2.200000e-07	-4.240385e-06	-4.221939e-09	-3.171101e+01	-2.774865e+02
2.300000e-07	-4.204807e-06	-4.193889e-09	-3.144495e+01	-2.770472e+02
2.400000e-07	-4.167823e-06	-4.260873e-09	-3.116837e+01	-2.765059e+02
2.500000e-07	-4.129298e-06	-4.172920e-09	-3.088026e+01	-2.759128e+02
2.600000e-07	-4.089273e-06	-4.209336e-09	-3.058095e+01	-2.753229e+02
2.700000e-07	-4.047593e-06	-4.212325e-09	-3.026925e+01	-2.747713e+02
2.800000e-07	-4.004318e-06	-4.158223e-09	-2.994562e+01	-2.742603e+02
2.900000e-07	-3.959608e-06	-4.168648e-09	-2.961127e+01	-2.737635e+02
3.000000e-07	-3.913450e-06	-4.151525e-09	-2.926608e+01	-2.732439e+02
3.100000e-07	-3.865876e-06	-4.158803e-09	-2.891031e+01	-2.726735e+02
3.200000e-07	-3.816493e-06	-4.180120e-09	-2.854101e+01	-2.720452e+02
3.300000e-07	-3.765205e-06	-4.158668e-09	-2.815745e+01	-2.713721e+02
3.400000e-07	-3.712453e-06	-4.117483e-09	-2.776296e+01	-2.706754e+02
3.500000e-07	-3.658419e-06	-4.096787e-09	-2.735887e+01	-2.699702e+02
3.600000e-07	-3.603229e-06	-4.109644e-09	-2.694615e+01	-2.692575e+02
3.700000e-07	-3.546982e-06	-4.098841e-09	-2.652551e+01	-2.685259e+02
3.800000e-07	-3.489289e-06	-4.081657e-09	-2.609406e+01	-2.677621e+02
3.900000e-07	-3.430072e-06	-4.072331e-09	-2.565122e+01	-2.669621e+02
4.000000e-07	-3.369707e-06	-4.051294e-09	-2.519979e+01	-2.661351e+02
4.100000e-07	-3.308208e-06	-4.054781e-09	-2.473988e+01	-2.652980e+02
4.200000e-07	-3.245598e-06	-4.032969e-09	-2.427166e+01	-2.644625e+02
4.300000e-07	-3.182051e-06	-4.021554e-09	-2.379644e+01	-2.636241e+02
4.400000e-07	-3.117439e-06	-4.023730e-09	-2.331325e+01	-2.627590e+02
4.500000e-07	-3.051366e-06	-3.984960e-09	-2.281913e+01	-2.618335e+02
4.600000e-07	-2.983995e-06	-3.960556e-09	-2.231531e+01	-2.608218e+02
4.700000e-07	-2.915765e-06	-3.962031e-09	-2.180506e+01	-2.597215e+02
4.800000e-07	-2.846698e-06	-3.958476e-09	-2.128856e+01	-2.585591e+02
4.900000e-07	-2.776632e-06	-3.922533e-09	-2.076458e+01	-2.573791e+02
5.000000e-07	-2.705537e-06	-3.900643e-09	-2.023290e+01	-2.562220e+02
5.100000e-07	-2.633581e-06	-3.900615e-09	-1.969479e+01	-2.551023e+02
5.200000e-07	-2.560737e-06	-3.878412e-09	-1.915004e+01	-2.539968e+02
5.300000e-07	-2.486656e-06	-3.849862e-09	-1.859604e+01	-2.528525e+02
5.400000e-07	-2.411337e-06	-3.832992e-09	-1.803278e+01	-2.516099e+02
5.500000e-07	-2.335090e-06	-3.815662e-09	-1.746258e+01	-2.502308e+02
5.600000e-07	-2.257955e-06	-3.785185e-09	-1.688573e+01	-2.487176e+02
5.700000e-07	-2.179867e-06	-3.763580e-09	-1.630177e+01	-2.471115e+02
5.800000e-07	-2.100702e-06	-3.753679e-09	-1.570975e+01	-2.454721e+02
5.900000e-07	-2.020546e-06	-3.729599e-09	-1.511031e+01	-2.438463e+02
6.000000e-07	-1.939646e-06	-3.697493e-09	-1.450532e+01	-2.422435e+02
6.100000e-07	-1.858043e-06	-3.675790e-09	-1.389506e+01	-2.406299e+02
6.200000e-07	-1.775789e-06	-3.650873e-09	-1.327994e+01	-2.389453e+02
6.300000e-07	-1.693000e-06	-3.616043e-09	-1.266081e+01	-2.371340e+02
6.400000e-07	-1.609721e-06	-3.585191e-09	-1.203803e+01	-2.351737e+02
6.500000e-07	-1.525947e-06	-3.560418e-09	-1.141154e+01	-2.330873e+02
6.600000e-07	-1.441819e-06	-3.525835e-09	-1.078240e+01	-2.309302e+02
6.700000e-07	-1.357341e-06	-3.488890e-09	-1.015064e+01	-2.287593e+02
6.800000e-07	-1.272398e-06	-3.464313e-09	-9.515412e+00	-2.266001e+02
6.900000e-07	-1.187026e-06	-3.435957e-09	-8.876979e+00	-2.244286e+02
7.000000e-07	-1.101320e-06	-3.398159e-09	-8.236033e+00	-2.221788e+02
7.100000e-07	-1.015249e-06	-3.358810e-09	-7.592370e+00	-2.197728e+02
7.200000e-07	-9.287774e-07	-3.321786e-09	-6.945706e+00	-2.171570e+02
7.300000e-07	-8.420424e-07	-3.278195e-09	-6.297073e+00	-2.143273e+02
7.400000e-07	-7.550821e-07	-3.231076e-09	-5.646755e+00	-2.113268e+02
7.500000e-07	-6.679147e-07	-3.186783e-09	-4.994888e+00	-2.082190e+02
7.600000e-07	-5.805972e-07	-3.136685e-09	-4.341899e+00	-2.050482e+02
7.700000e-07	-4.931278e-07	-3.083017e-09	-3.687774e+00	-2.018089e+02
7.800000e-07	-4.055058e-07	-3.029393e-09	-3.032507e+00	-1.984401e+02
7.900000e-07	-3.177801e-07	-2.976871e-09	-2.376465e+00	-1.948481e+02
8.000000e-07	-2.299966e-07	-2.919498e-09	-1.719991e+00	-1.909467e+02
8.100000e-07	-1.421595e-07	-2.857359e-09	-1.063116e+00	-1.866909e+02
8.200000e-07	-5.424788e-08	-2.791692e-09	-4.056837e-01	-1.820864e+02
8.300000e-07	3.376378e-08	-2.717149e-09	2.524968e-01	-1.771678e+02
8.400000e-07	1.217442e-07	-2.634054e-09	9.104436e-01	-1.719553e+02
8.500000e-07	2.096357e-07	-2.545085e-09	1.567725e+00	-1.664150e+02
8.600000e-07	2.974742e-07	-2.448809e-09	2.224611e+00	-1.604436e+02
8.700000e-07	3.852436e-07	-2.344028e-09	2.880980e+00	-1.538898e+02
8.800000e-07	4.729724e-07	-2.233249e-09	3.537045e+00	-1.465993e+02
8.900000e-07	5.605967e-07	-2.116110e-09	4.192329e+00	-1.384589e+02
9.000000e-07	6.480077e-07	-1.986596e-09	4.846017e+00	-1.294077e+02
9.100000e-07	7.351931e-07	-1.834976e-09	5.498019e+00	-1.194013e+02
9.200000e-07	8.221567e-07	-1.659837e-09	6.148361e+00	-1.083394e+02
9.300000e-07	9.088738e-07	-1.462379e-09	6.796860e+00	-9.599327e+01
9.400000e-07	9.953250e-07	-1.241249e-09	7.443371e+00	-8.197974e+01
9.500000e-07	1.081434e-06	-9.918507e-10	8.087325e+00	-6.581731e+01
9.600000e-07	1.167180e-06	-7.080881e-10	8.728562e+00	-4.706761e+01
9.700000e-07	1.252524e-06	-3.850722e-10	9.366792e+00	-2.552528e+01
9.800000e-07	1.337372e-06	-2.015383e-11	1.000131e+01	-1.389697e+00
9.900000e-07	1.421818e-06	3.801125e-10	1.063283e+01	2.465326e+01
1.000000e-06	1.505886e-06	7.973413e-10	1.126152e+01	5.148592e+01
1.010000e-06	1.589509e-06	1.203816e-09	1.188688e+01	7.774952e+01
1.020000e-06	1.672631e-06	1.575731e-09	1.250849e+01	1.021200e+02
1.030000e-06	1.755119e-06	1.896881e-09	1.312536e+01	1.235837e+02
1.040000e-06	1.836868e-06	2.161601e-09	1.373671e+01	1.416268e+02
1.050000e-06	1.917849e-06	2.376285e-09	1.434231e+01	1.562816e+02
1.060000e-06	1.998189e-06	2.551699e-09	1.494312e+01	1.680240e+02
1.070000e-06	2.077839e-06	2.701962e-09	1.553877e+01	1.775697e+02
1.080000e-06	2.156611e-06	2.829418e-09	1.612785e+01	1.856445e+02
1.090000e-06	2.234558e-06	2.936399e-09	1.671077e+01	1.928070e+02
1.100000e-06	2.311736e-06	3.033474e-09	1.728793e+01	1.993709e+02
1.110000e-06	2.388163e-06	3.122138e-09	1.785948e+01	2.054317e+02
1.120000e-06	2.463766e-06	3.202927e-09	1.842486e+01	2.109624e+02
1.130000e-06	2.538277e-06	3.277207e-09	1.898208e+01	2.159228e+02
1.140000e-06	2.611538e-06	3.345809e-09	1.952995e+01	2.203335e+02
1.150000e-06	2.683733e-06	3.407157e-09	2.006984e+01	2.242905e+02
1.160000e-06	2.755070e-06	3.460583e-09	2.060333e+01	2.279285e+02
1.170000e-06	2.825535e-06	3.509180e-09	2.113029e+01	2.313630e+02
1.180000e-06	2.895003e-06	3.555831e-09	2.164979e+01	2.346469e+02
1.190000e-06	2.963455e-06	3.600933e-09	2.216170e+01	2.377637e+02
1.200000e-06	3.031041e-06	3.643415e-09	2.266713e+01	2.406572e+02
1.210000e-06	3.097582e-06	3.682240e-09	2.316475e+01	2.432793e+02
1.220000e-06	3.162739e-06	3.717278e-09	2.365201e+01	2.456280e+02
1.230000e-06	3.226668e-06	3.749816e-09	2.413009e+01	2.477577e+02
1.240000e-06	3.289561e-06	3.782456e-09	2.460043e+01	2.497561e+02
1.250000e-06	3.351392e-06	3.814097e-09	2.506283e+01	2.517047e+02
1.260000e-06	3.412140e-06	3.843075e-09	2.551712e+01	2.536420e+02
1.270000e-06	3.471821e-06	3.870265e-09	2.596343e+01	2.555503e+02
1.280000e-06	3.530227e-06	3.896213e-09	2.640021e+01	2.573714e+02
1.290000e-06	3.587076e-06	3.921249e-09	2.682534e+01	2.590410e+02
1.300000e-06	3.642589e-06	3.945496e-09	2.724049e+01	2.605247e+02
1.310000e-06	3.696963e-06	3.969727e-09	2.764712e+01	2.618372e+02
1.320000e-06	3.749996e-06	3.992145e-09	2.804371e+01	2.630349e+02
1.330000e-06	3.801468e-06	4.011145e-09	2.842864e+01	2.641890e+02
1.340000e-06	3.851186e-06	4.029016e-09	2.880045e+01	2.653526e+02
1.350000e-06	3.899254e-06	4.047070e-09	2.915992e+01	2.665385e+02
1.360000e-06	3.945926e-06	4.065336e-09	2.950895e+01	2.677185e+02
1.370000e-06	3.991237e-06	4.082993e-09	2.984780e+01	2.688423e+02
1.380000e-06	4.035308e-06	4.098872e-09	3.017737e+01	2.698658e+02
1.390000e-06	4.077973e-06	4.113784e-09	3.049644e+01	2.707732e+02
1.400000e-06	4.118945e-06	4.129075e-09	3.080284e+01	2.715839e+02
1.410000e-06	4.158489e-06	4.143559e-09	3.109857e+01	2.723412e+02
1.420000e-06	4.196707e-06	4.155454e-09	3.138437e+01	2.730906e+02
1.430000e-06	4.233490e-06	4.165660e-09	3.165945e+01	2.738592e+02
1.440000e-06	4.268925e-06	4.176157e-09	3.192444e+01	2.746458e+02
1.450000e-06	4.302771e-06	4.188447e-09	3.217755e+01	2.754251e+02
1.460000e-06	4.334993e-06	4.199839e-09	3.241852e+01	2.761628e+02
1.470000e-06	4.365811e-06	4.209244e-09	3.264899e+01	2.768306e+02
1.480000e-06	4.395155e-06	4.218131e-09	3.286843e+01	2.774173e+02
1.490000e-06	4.423114e-06	4.227254e-09	3.307752e+01	2.779282e+02
1.500000e-06	4.449429e-06	4.235789e-09	3.327431e+01	2.783789e+02
1.510000e-06	4.473889e-06	4.242263e-09	3.345723e+01	2.787867e+02
1.520000e-06	4.496757e-06	4.247327e-09	3.362824e+01	2.791647e+02
1.530000e-06	4.518119e-06	4.251371e-09	3.378800e+01	2.795222e+02
1.540000e-06	4.538084e-06	4.254984e-09	3.393730e+01	2.798670e+02
1.550000e-06	4.556565e-06	4.259121e-09	3.407551e+01	2.802065e+02
1.560000e-06	4.573330e-06	4.264515e-09	3.420088e+01	2.805457e+02
1.570000e-06	4.588324e-06	4.270583e-09	3.431301e+01	2.808816e+02
1.580000e-06	4.601616e-06	4.275447e-09	3.441242e+01	2.811986e+02
1.590000e-06	4.613141e-06	4.279674e-09	3.449860e+01	2.814706e+02
1.600000e-06	4.622693e-06	4.283056e-09	3.457003e+01	2.816702e+02
1.610000e-06	4.630478e-06	4.284422e-09	3.462825e+01	2.817824e+02
1.620000e-06	4.636732e-06	4.286018e-09	3.467502e+01	2.818168e+02
1.630000e-06	4.641441e-06	4.287954e-09	3.471024e+01	2.818085e+02
1.640000e-06	4.644576e-06	4.287752e-09	3.473369e+01	2.818075e+02
1.650000e-06	4.645915e-06	4.288623e-09	3.474370e+01	2.818565e+02
1.660000e-06	4.645542e-06	4.290073e-09	3.474091e+01	2.819701e+02
1.670000e-06	4.643707e-06	4.286881e-09	3.472718e+01	2.821239e+02
1.680000e-06	4.640497e-06	4.285930e-09	3.470318e+01	2.822615e+02
1.690000e-06	4.635908e-06	4.285571e-09	3.466886e+01	2.823183e+02
1.700000e-06	4.629652e-06	4.284817e-09	3.462207e+01	2.822514e+02
1.710000e-06	4.621797e-06	4.283436e-09	3.456333e+01	2.820616e+02
1.720000e-06	4.612576e-06	4.282872e-09	3.449438e+01	2.817966e+02
1.730000e-06	4.601945e-06	4.295345e-09	3.441487e+01	2.815317e+02
1.740000e-06	4.589836e-06	4.282122e-09	3.432432e+01	2.813365e+02
1.750000e-06	4.575700e-06	4.218869e-09	3.421860e+01	2.812425e+02
1.760000e-06	4.559043e-06	4.234360e-09	3.409404e+01	2.812275e+02
1.770000e-06	4.540208e-06	4.238236e-09	3.395318e+01	2.812243e+02
1.780000e-06	4.520084e-06	4.317656e-09	3.380269e+01	2.811508e+02
1.790000e-06	4.499415e-06	4.326788e-09	3.364812e+01	2.809471e+02
1.800000e-06	4.477776e-06	4.138717e-09	3.348630e+01	2.806031e+02
1.810000e-06	4.454008e-06	4.291874e-09	3.330856e+01	2.801625e+02
1.820000e-06	4.428459e-06	4.361752e-09	3.311749e+01	2.797029e+02
1.830000e-06	4.401886e-06	4.181677e-09	3.291877e+01	2.793004e+02
1.840000e-06	4.373625e-06	4.338375e-09	3.270742e+01	2.789950e+02
1.850000e-06	4.343403e-06	4.364027e-09	3.248141e+01	2.787749e+02
1.860000e-06	4.311684e-06	4.168125e-09	3.224421e+01	2.785834e+02
1.870000e-06	4.278510e-06	4.304667e-09	3.199612e+01	2.783468e+02
1.880000e-06	4.243973e-06	4.275025e-09	3.173784e+01	2.780075e+02
1.890000e-06	4.208078e-06	4.191238e-09	3.146941e+01	2.775477e+02
1.900000e-06	4.170318e-06	4.312124e-09	3.118702e+01	2.769932e+02
1.910000e-06	4.130857e-06	4.182083e-09	3.089192e+01	2.763971e+02
1.920000e-06	4.089929e-06	4.219524e-09	3.058585e+01	2.758126e+02
1.930000e-06	4.047581e-06	4.283650e-09	3.026915e+01	2.752694e+02
1.940000e-06	4.004153e-06	4.150137e-09	2.994439e+01	2.747636e+02
1.950000e-06	3.959325e-06	4.244221e-09	2.960915e+01	2.742657e+02
1.960000e-06	3.912851e-06	4.207501e-09	2.926160e+01	2.737389e+02
1.970000e-06	3.864877e-06	4.127018e-09	2.890283e+01	2.731582e+02
1.980000e-06	3.815452e-06	4.179931e-09	2.853322e+01	2.725208e+02
1.990000e-06	3.764690e-06	4.135812e-09	2.815361e+01	2.718422e+02
2.000000e-06	3.712433e-06	4.184377e-09	2.776281e+01	2.711435e+02
2.010000e-06	3.658540e-06	4.138345e-09	2.735978e+01	2.704376e+02
2.020000e-06	3.603133e-06	4.111091e-09	2.694543e+01	2.697227e+02
2.030000e-06	3.546401e-06	4.151064e-09	2.652117e+01	2.689865e+02
2.040000e-06	3.488455e-06	4.073171e-09	2.608783e+01	2.682164e+02
2.050000e-06	3.429375e-06	4.096121e-09	2.564601e+01	2.674109e+02
2.060000e-06	3.369384e-06	4.078041e-09	2.519737e+01	2.665810e+02
2.070000e-06	3.308187e-06	4.077217e-09	2.473972e+01	2.657439e+02
2.080000e-06	3.245417e-06	4.062554e-09	2.427030e+01	2.649091e+02
2.090000e-06	3.181435e-06	3.991711e-09	2.379183e+01	2.640684e+02
2.100000e-06	3.116437e-06	4.055780e-09	2.330575e+01	2.631952e+02
2.110000e-06	3.050387e-06	4.032704e-09	2.281181e+01	2.622560e+02
2.120000e-06	2.983329e-06	3.986538e-09	2.231032e+01	2.612280e+02
2.130000e-06	2.915345e-06	3.976035e-09	2.180192e+01	2.601142e+02
2.140000e-06	2.846325e-06	3.963799e-09	2.128576e+01	2.589455e+02
2.150000e-06	2.775933e-06	3.961694e-09	2.075935e+01	2.577673e+02
2.160000e-06	2.704347e-06	3.906115e-09	2.022401e+01	2.566171e+02
2.170000e-06	2.631868e-06	3.917919e-09	1.968199e+01	2.555030e+02
2.180000e-06	2.558557e-06	3.912965e-09	1.913374e+01	2.543953e+02
2.190000e-06	2.484363e-06	3.866066e-09	1.857889e+01	2.532378e+02
2.200000e-06	2.409244e-06	3.849804e-09	1.801713e+01	2.519728e+02
2.210000e-06	2.333205e-06	3.844188e-09	1.744848e+01	2.505686e+02
2.220000e-06	2.256012e-06	3.832929e-09	1.687121e+01	2.490351e+02
2.230000e-06	2.177627e-06	3.777661e-09	1.628502e+01	2.474189e+02
2.240000e-06	2.098259e-06	3.756773e-09	1.569148e+01	2.457796e+02
2.250000e-06	2.018221e-06	3.748424e-09	1.509293e+01	2.441588e+02
2.260000e-06	1.937629e-06	3.711531e-09	1.449023e+01	2.425579e+02
2.270000e-06	1.856374e-06	3.683262e-09	1.388258e+01	2.409366e+02
2.280000e-06	1.774497e-06	3.663734e-09	1.327028e+01	2.392331e+02
2.290000e-06	1.691998e-06	3.640875e-09	1.265333e+01	2.373957e+02
2.300000e-06	1.608948e-06	3.597991e-09	1.203225e+01	2.354102e+02
2.310000e-06	1.525441e-06	3.572995e-09	1.140775e+01	2.333069e+02
2.320000e-06	1.441531e-06	3.552860e-09	1.078025e+01	2.311439e+02
2.330000e-06	1.357214e-06	3.510521e-09	1.014970e+01	2.289748e+02
2.340000e-06	1.272403e-06	3.467980e-09	9.515450e+00	2.268169e+02
2.350000e-06	1.187133e-06	3.432467e-09	8.877777e+00	2.246373e+02
2.360000e-06	1.101336e-06	3.397029e-09	8.236160e+00	2.223654e+02
2.370000e-06	1.015032e-06	3.355586e-09	7.590744e+00	2.199248e+02
2.380000e-06	9.283043e-07	3.321458e-09	6.942168e+00	2.172699e+02
2.390000e-06	8.411304e-07	3.284611e-09	6.290253e+00	2.144057e+02
2.400000e-06	7.536178e-07	3.234431e-09	5.635804e+00	2.113817e+02
2.410000e-06	6.658490e-07	3.186242e-09	4.979440e+00	2.082608e+02
2.420000e-06	5.779212e-07	3.143927e-09	4.321887e+00	2.050801e+02
2.430000e-06	4.898731e-07	3.093245e-09	3.663434e+00	2.018238e+02
2.440000e-06	4.017569e-07	3.033183e-09	3.004471e+00	1.984226e+02
2.450000e-06	3.135752e-07	2.976459e-09	2.345020e+00	1.947811e+02
2.460000e-06	2.252244e-07	2.916948e-09	1.684303e+00	1.908184e+02
2.470000e-06	1.367356e-07	2.848823e-09	1.022554e+00	1.864989e+02
2.480000e-06	4.826418e-08	2.779124e-09	3.609356e-01	1.818358e+02
2.490000e-06	-4.021069e-08	2.708684e-09	-3.007089e-01	1.768646e+02
2.500000e-06	-1.287887e-07	2.629936e-09	-9.631245e-01	1.715984e+02
2.510000e-06	-2.172835e-07	2.542535e-09	-1.624918e+00	1.659908e+02
2.520000e-06	-3.056219e-07	2.449499e-09	-2.285542e+00	1.599275e+02
2.530000e-06	-3.939111e-07	2.347629e-09	-2.945798e+00	1.532529e+02
2.540000e-06	-4.821288e-07	2.232989e-09	-3.605520e+00	1.458177e+02
2.550000e-06	-5.701659e-07	2.106925e-09	-4.263890e+00	1.375181e+02
2.560000e-06	-6.580614e-07	1.970369e-09	-4.921202e+00	1.283004e+02
2.570000e-06	-7.457883e-07	1.818658e-09	-5.577253e+00	1.181160e+02
2.580000e-06	-8.332454e-07	1.648400e-09	-6.231286e+00	1.068463e+02
2.590000e-06	-9.203945e-07	1.454246e-09	-6.883016e+00	9.423486e+01
2.600000e-06	-1.007105e-06	1.231116e-09	-7.531467e+00	7.987421e+01
2.610000e-06	-1.093325e-06	9.778420e-10	-8.176247e+00	6.327805e+01
2.620000e-06	-1.179010e-06	6.907942e-10	-8.817031e+00	4.403523e+01
2.630000e-06	-1.264124e-06	3.638161e-10	-9.453537e+00	2.200180e+01
2.640000e-06	-1.348727e-06	-3.519627e-12	-1.008623e+01	-2.538437e+00
2.650000e-06	-1.432815e-06	-4.027262e-10	-1.071507e+01	-2.881426e+01
2.660000e-06	-1.516443e-06	-8.189503e-10	-1.134047e+01	-5.564757e+01
2.670000e-06	-1.599653e-06	-1.226552e-09	-1.196274e+01	-8.166436e+01
2.680000e-06	-1.682325e-06	-1.595399e-09	-1.258099e+01	-1.055772e+02
2.690000e-06	-1.764335e-06	-1.909149e-09	-1.319428e+01	-1.264515e+02
2.700000e-06	-1.845663e-06	-2.169842e-09	-1.380248e+01	-1.438721e+02
2.710000e-06	-1.926396e-06	-2.383248e-09	-1.440623e+01	-1.579616e+02
2.720000e-06	-2.006566e-06	-2.558205e-09	-1.500577e+01	-1.692558e+02
2.730000e-06	-2.086210e-06	-2.707659e-09	-1.560137e+01	-1.784884e+02
2.740000e-06	-2.165044e-06	-2.836002e-09	-1.619092e+01	-1.863657e+02
2.750000e-06	-2.242732e-06	-2.944488e-09	-1.677189e+01	-1.934053e+02
2.760000e-06	-2.319328e-06	-3.039784e-09	-1.734470e+01	-1.998771e+02
2.770000e-06	-2.394955e-06	-3.128616e-09	-1.791027e+01	-2.058467e+02
2.780000e-06	-2.469687e-06	-3.210318e-09	-1.846914e+01	-2.112771e+02
2.790000e-06	-2.543573e-06	-3.284378e-09	-1.902168e+01	-2.161352e+02
2.800000e-06	-2.616599e-06	-3.355018e-09	-1.956780e+01	-2.204558e+02
2.810000e-06	-2.688800e-06	-3.420943e-09	-2.010774e+01	-2.243455e+02
2.820000e-06	-2.760200e-06	-3.478105e-09	-2.064169e+01	-2.279399e+02
2.830000e-06	-2.830575e-06	-3.530993e-09	-2.116798e+01	-2.313455e+02
2.840000e-06	-2.899753e-06	-3.584429e-09	-2.168532e+01	-2.346022e+02
2.850000e-06	-2.967834e-06	-3.632197e-09	-2.219445e+01	-2.376834e+02
2.860000e-06	-3.034927e-06	-3.673015e-09	-2.269619e+01	-2.405308e+02
2.870000e-06	-3.100995e-06	-3.711735e-09	-2.319027e+01	-2.431022e+02
2.880000e-06	-3.165982e-06	-3.747422e-09	-2.367627e+01	-2.454062e+02
2.890000e-06	-3.229983e-06	-3.779695e-09	-2.415489e+01	-2.475054e+02
2.900000e-06	-3.292833e-06	-3.811721e-09	-2.462490e+01	-2.494895e+02
2.910000e-06	-3.354225e-06	-3.844286e-09	-2.508401e+01	-2.514346e+02
2.920000e-06	-3.414330e-06	-3.874308e-09	-2.553349e+01	-2.533693e+02
2.930000e-06	-3.473345e-06	-3.900951e-09	-2.597482e+01	-2.552668e+02
2.940000e-06	-3.531110e-06	-3.927013e-09	-2.640682e+01	-2.570648e+02
2.950000e-06	-3.587586e-06	-3.950946e-09	-2.682916e+01	-2.587022e+02
2.960000e-06	-3.642859e-06	-3.969556e-09	-2.724251e+01	-2.601526e+02
2.970000e-06	-3.696658e-06	-3.987547e-09	-2.764484e+01	-2.614393e+02
2.980000e-06	-3.748826e-06	-4.007812e-09	-2.803496e+01	-2.626238e+02
2.990000e-06	-3.799530e-06	-4.026090e-09	-2.841415e+01	-2.637765e+02
3.000000e-06	-3.848657e-06	-4.041119e-09	-2.878154e+01	-2.649442e+02
3.010000e-06	-3.896027e-06	-4.058877e-09	-2.913578e+01	-2.661318e+02
3.020000e-06	-3.941951e-06	-4.076661e-09	-2.947922e+01	-2.673054e+02
3.030000e-06	-3.986736e-06	-4.090053e-09	-2.981413e+01	-2.684137e+02
3.040000e-06	-4.030348e-06	-4.101970e-09	-3.014028e+01	-2.694163e+02
3.050000e-06	-4.072718e-06	-4.115807e-09	-3.045714e+01	-2.703038e+02
3.060000e-06	-4.113809e-06	-4.128203e-09	-3.076443e+01	-2.711012e+02
3.070000e-06	-4.153637e-06	-4.138156e-09	-3.106228e+01	-2.718538e+02
3.080000e-06	-4.191935e-06	-4.149062e-09	-3.134869e+01	-2.726052e+02
3.090000e-06	-4.228522e-06	-4.161539e-09	-3.162229e+01	-2.733776e+02
3.100000e-06	-4.263614e-06	-4.174552e-09	-3.188472e+01	-2.741650e+02
3.110000e-06	-4.297245e-06	-4.186729e-09	-3.213623e+01	-2.749392e+02
3.120000e-06	-4.329480e-06	-4.198233e-09	-3.237729e+01	-2.756658e+02
3.130000e-06	-4.360232e-06	-4.208175e-09	-3.260727e+01	-2.763192e+02
3.140000e-06	-4.389250e-06	-4.216672e-09	-3.282427e+01	-2.768912e+02
3.150000e-06	-4.416712e-06	-4.224886e-09	-3.302964e+01	-2.773898e+02
3.160000e-06	-4.442643e-06	-4.232309e-09	-3.322356e+01	-2.778315e+02
3.170000e-06	-4.467031e-06	-4.238306e-09	-3.340595e+01	-2.782328e+02
3.180000e-06	-4.489875e-06	-4.242811e-09	-3.357678e+01	-2.786064e+02
3.190000e-06	-4.510969e-06	-4.247908e-09	-3.373452e+01	-2.789608e+02
3.200000e-06	-4.530474e-06	-4.255200e-09	-3.388039e+01	-2.793038e+02
3.210000e-06	-4.548511e-06	-4.262508e-09	-3.401528e+01	-2.796428e+02
3.220000e-06	-4.565011e-06	-4.268270e-09	-3.413867e+01	-2.799817e+02
3.230000e-06	-4.579679e-06	-4.273585e-09	-3.424836e+01	-2.803155e+02
3.240000e-06	-4.592307e-06	-4.279734e-09	-3.434280e+01	-2.806263e+02
3.250000e-06	-4.603232e-06	-4.284545e-09	-3.442450e+01	-2.808870e+02
3.260000e-06	-4.612602e-06	-4.284884e-09	-3.449457e+01	-2.810712e+02
3.270000e-06	-4.620413e-06	-4.283079e-09	-3.455298e+01	-2.811678e+02
3.280000e-06	-4.626473e-06	-4.283064e-09	-3.459830e+01	-2.811911e+02
3.290000e-06	-4.630744e-06	-4.283922e-09	-3.463025e+01	-2.811801e+02
3.300000e-06	-4.633510e-06	-4.285730e-09	-3.465092e+01	-2.811852e+02
3.310000e-06	-4.634769e-06	-4.287750e-09	-3.466034e+01	-2.812455e+02
