# Temperatura_=_20.0
# Concentracion g/m^3_=_6200.0
# C_Vs_to_Am_M_A/Vsm_=_65563218390.804596
# pendiente_HvsI_1/m_=_3716.3
# ordenada_HvsI_A/m_=_1297.0
# frecuencia_Hz_=_301527.52402096917

Tiempo_(s)	Campo_(V.s)	Magnetizacion_(V.s)	Campo_(kA/m)	Magnetizacion_(A/m)
0.000000e+00	-4.637671e-06	-4.420638e-09	-3.465718e+01	-2.901545e+02
1.000000e-08	-4.636549e-06	-4.424772e-09	-3.464880e+01	-2.902467e+02
2.000000e-08	-4.633695e-06	-4.427822e-09	-3.462747e+01	-2.902974e+02
3.000000e-08	-4.629335e-06	-4.428826e-09	-3.459489e+01	-2.902896e+02
4.000000e-08	-4.623623e-06	-4.430419e-09	-3.455221e+01	-2.902204e+02
5.000000e-08	-4.616533e-06	-4.429525e-09	-3.449922e+01	-2.901047e+02
6.000000e-08	-4.608056e-06	-4.426643e-09	-3.443587e+01	-2.899713e+02
7.000000e-08	-4.597821e-06	-4.419738e-09	-3.435939e+01	-2.898527e+02
8.000000e-08	-4.585769e-06	-4.391956e-09	-3.426933e+01	-2.897711e+02
9.000000e-08	-4.571958e-06	-4.420095e-09	-3.416611e+01	-2.897284e+02
1.000000e-07	-4.555921e-06	-4.497835e-09	-3.404627e+01	-2.897039e+02
1.100000e-07	-4.537778e-06	-4.478059e-09	-3.391069e+01	-2.896628e+02
1.200000e-07	-4.518150e-06	-4.467460e-09	-3.376401e+01	-2.895699e+02
1.300000e-07	-4.497316e-06	-4.378589e-09	-3.360832e+01	-2.894041e+02
1.400000e-07	-4.475397e-06	-4.281168e-09	-3.344452e+01	-2.891663e+02
1.500000e-07	-4.452147e-06	-4.526295e-09	-3.327077e+01	-2.888758e+02
1.600000e-07	-4.427529e-06	-4.435079e-09	-3.308680e+01	-2.885587e+02
1.700000e-07	-4.401577e-06	-4.252389e-09	-3.289286e+01	-2.882333e+02
1.800000e-07	-4.373905e-06	-4.519738e-09	-3.268607e+01	-2.879002e+02
1.900000e-07	-4.344511e-06	-4.400291e-09	-3.246641e+01	-2.875435e+02
2.000000e-07	-4.313801e-06	-4.242400e-09	-3.223692e+01	-2.871410e+02
2.100000e-07	-4.281771e-06	-4.489494e-09	-3.199756e+01	-2.866804e+02
2.200000e-07	-4.247976e-06	-4.354894e-09	-3.174501e+01	-2.861697e+02
2.300000e-07	-4.212495e-06	-4.239279e-09	-3.147986e+01	-2.856385e+02
2.400000e-07	-4.175611e-06	-4.416589e-09	-3.120423e+01	-2.851267e+02
2.500000e-07	-4.137213e-06	-4.327311e-09	-3.091728e+01	-2.846658e+02
2.600000e-07	-4.097329e-06	-4.334122e-09	-3.061922e+01	-2.842622e+02
2.700000e-07	-4.055838e-06	-4.358309e-09	-3.030916e+01	-2.838914e+02
2.800000e-07	-4.012699e-06	-4.272235e-09	-2.998679e+01	-2.835062e+02
2.900000e-07	-3.968144e-06	-4.298415e-09	-2.965383e+01	-2.830555e+02
3.000000e-07	-3.922104e-06	-4.292448e-09	-2.930977e+01	-2.825061e+02
3.100000e-07	-3.874590e-06	-4.279456e-09	-2.895470e+01	-2.818553e+02
3.200000e-07	-3.825479e-06	-4.309037e-09	-2.858770e+01	-2.811301e+02
3.300000e-07	-3.774509e-06	-4.290919e-09	-2.820680e+01	-2.803728e+02
3.400000e-07	-3.721917e-06	-4.240855e-09	-2.781378e+01	-2.796204e+02
3.500000e-07	-3.668013e-06	-4.214781e-09	-2.741096e+01	-2.788883e+02
3.600000e-07	-3.612918e-06	-4.255926e-09	-2.699924e+01	-2.781662e+02
3.700000e-07	-3.556747e-06	-4.242968e-09	-2.657947e+01	-2.774270e+02
3.800000e-07	-3.499231e-06	-4.192749e-09	-2.614966e+01	-2.766438e+02
3.900000e-07	-3.440137e-06	-4.204965e-09	-2.570805e+01	-2.758051e+02
4.000000e-07	-3.379792e-06	-4.193494e-09	-2.525709e+01	-2.749202e+02
4.100000e-07	-3.318420e-06	-4.185278e-09	-2.479846e+01	-2.740118e+02
4.200000e-07	-3.255918e-06	-4.151558e-09	-2.433139e+01	-2.731009e+02
4.300000e-07	-3.192401e-06	-4.139451e-09	-2.385673e+01	-2.721922e+02
4.400000e-07	-3.127865e-06	-4.157833e-09	-2.337445e+01	-2.712696e+02
4.500000e-07	-3.061863e-06	-4.117974e-09	-2.288122e+01	-2.703035e+02
4.600000e-07	-2.994529e-06	-4.090085e-09	-2.237803e+01	-2.692679e+02
4.700000e-07	-2.926385e-06	-4.093809e-09	-2.186879e+01	-2.681556e+02
4.800000e-07	-2.857436e-06	-4.085115e-09	-2.135354e+01	-2.669846e+02
4.900000e-07	-2.787475e-06	-4.040708e-09	-2.083072e+01	-2.657890e+02
5.000000e-07	-2.716465e-06	-4.021725e-09	-2.030007e+01	-2.646000e+02
5.100000e-07	-2.644629e-06	-4.039711e-09	-1.976324e+01	-2.634269e+02
5.200000e-07	-2.571938e-06	-4.017266e-09	-1.922002e+01	-2.622472e+02
5.300000e-07	-2.497970e-06	-3.972384e-09	-1.866726e+01	-2.610154e+02
5.400000e-07	-2.422693e-06	-3.955005e-09	-1.810472e+01	-2.596838e+02
5.500000e-07	-2.346453e-06	-3.941868e-09	-1.753498e+01	-2.582280e+02
5.600000e-07	-2.269415e-06	-3.912605e-09	-1.695928e+01	-2.566610e+02
5.700000e-07	-2.191408e-06	-3.887349e-09	-1.637633e+01	-2.550291e+02
5.800000e-07	-2.112334e-06	-3.876396e-09	-1.578541e+01	-2.533891e+02
5.900000e-07	-2.032375e-06	-3.853399e-09	-1.518789e+01	-2.517782e+02
6.000000e-07	-1.951598e-06	-3.819857e-09	-1.458424e+01	-2.501918e+02
6.100000e-07	-1.870041e-06	-3.798164e-09	-1.397477e+01	-2.485816e+02
6.200000e-07	-1.787856e-06	-3.771443e-09	-1.336060e+01	-2.468763e+02
6.300000e-07	-1.705107e-06	-3.736394e-09	-1.274222e+01	-2.450164e+02
6.400000e-07	-1.621830e-06	-3.705417e-09	-1.211989e+01	-2.429846e+02
6.500000e-07	-1.538100e-06	-3.682605e-09	-1.149418e+01	-2.408158e+02
6.600000e-07	-1.453996e-06	-3.650522e-09	-1.086567e+01	-2.385813e+02
6.700000e-07	-1.369511e-06	-3.611893e-09	-1.023432e+01	-2.363516e+02
6.800000e-07	-1.284536e-06	-3.583349e-09	-9.599302e+00	-2.341576e+02
6.900000e-07	-1.199101e-06	-3.552456e-09	-8.960852e+00	-2.319685e+02
7.000000e-07	-1.113388e-06	-3.515682e-09	-8.320316e+00	-2.297005e+02
7.100000e-07	-1.027346e-06	-3.479591e-09	-7.677328e+00	-2.272517e+02
7.200000e-07	-9.408658e-07	-3.441910e-09	-7.031064e+00	-2.245483e+02
7.300000e-07	-8.540615e-07	-3.392502e-09	-6.382378e+00	-2.215786e+02
7.400000e-07	-7.670472e-07	-3.340639e-09	-5.732122e+00	-2.183976e+02
7.500000e-07	-6.798437e-07	-3.294545e-09	-5.080454e+00	-2.150980e+02
7.600000e-07	-5.925046e-07	-3.245135e-09	-4.427771e+00	-2.117616e+02
7.700000e-07	-5.050506e-07	-3.191585e-09	-3.774229e+00	-2.084136e+02
7.800000e-07	-4.174710e-07	-3.137209e-09	-3.119749e+00	-2.050040e+02
7.900000e-07	-3.298282e-07	-3.082829e-09	-2.464797e+00	-2.014240e+02
8.000000e-07	-2.421091e-07	-3.022542e-09	-1.809275e+00	-1.975500e+02
8.100000e-07	-1.542925e-07	-2.960597e-09	-1.153024e+00	-1.932933e+02
8.200000e-07	-6.641645e-08	-2.895884e-09	-4.963283e-01	-1.886290e+02
8.300000e-07	2.151716e-08	-2.822221e-09	1.607971e-01	-1.835891e+02
8.400000e-07	1.094813e-07	-2.739542e-09	8.181504e-01	-1.782234e+02
8.500000e-07	1.973834e-07	-2.650559e-09	1.475040e+00	-1.725477e+02
8.600000e-07	2.852006e-07	-2.555208e-09	2.131296e+00	-1.665069e+02
8.700000e-07	3.729415e-07	-2.450607e-09	2.786982e+00	-1.599736e+02
8.800000e-07	4.606114e-07	-2.339080e-09	3.442137e+00	-1.527818e+02
8.900000e-07	5.481925e-07	-2.220831e-09	4.096627e+00	-1.447776e+02
9.000000e-07	6.356764e-07	-2.093161e-09	4.750392e+00	-1.358544e+02
9.100000e-07	7.229963e-07	-1.945423e-09	5.402932e+00	-1.259500e+02
9.200000e-07	8.100900e-07	-1.774958e-09	6.053780e+00	-1.149972e+02
9.300000e-07	8.969275e-07	-1.582923e-09	6.702715e+00	-1.028522e+02
9.400000e-07	9.834675e-07	-1.368409e-09	7.349426e+00	-8.924201e+01
9.500000e-07	1.069677e-06	-1.127757e-09	7.993667e+00	-7.377062e+01
9.600000e-07	1.155523e-06	-8.563026e-10	8.635189e+00	-5.600796e+01
9.700000e-07	1.240941e-06	-5.495850e-10	9.273521e+00	-3.564574e+01
9.800000e-07	1.325890e-06	-2.027064e-10	9.908341e+00	-1.267233e+01
9.900000e-07	1.410426e-06	1.806789e-10	1.054007e+01	1.250052e+01
1.000000e-06	1.494547e-06	5.908871e-10	1.116871e+01	3.901733e+01
1.010000e-06	1.578228e-06	1.005965e-09	1.179405e+01	6.568948e+01
1.020000e-06	1.661419e-06	1.399650e-09	1.241574e+01	9.121444e+01
1.030000e-06	1.744011e-06	1.750568e-09	1.303294e+01	1.144402e+02
1.040000e-06	1.825895e-06	2.046635e-09	1.364486e+01	1.345935e+02
1.050000e-06	1.907024e-06	2.290750e-09	1.425114e+01	1.514011e+02
1.060000e-06	1.987458e-06	2.494611e-09	1.485222e+01	1.650737e+02
1.070000e-06	2.067263e-06	2.669676e-09	1.544860e+01	1.761669e+02
1.080000e-06	2.146283e-06	2.815819e-09	1.603911e+01	1.853769e+02
1.090000e-06	2.224357e-06	2.937566e-09	1.662256e+01	1.933427e+02
1.100000e-06	2.301624e-06	3.046205e-09	1.719998e+01	2.005153e+02
1.110000e-06	2.378185e-06	3.145904e-09	1.777211e+01	2.071225e+02
1.120000e-06	2.453979e-06	3.235712e-09	1.833852e+01	2.132184e+02
1.130000e-06	2.528807e-06	3.317528e-09	1.889770e+01	2.187762e+02
1.140000e-06	2.602425e-06	3.392859e-09	1.944785e+01	2.237781e+02
1.150000e-06	2.674887e-06	3.460691e-09	1.998936e+01	2.282641e+02
1.160000e-06	2.746429e-06	3.520692e-09	2.052399e+01	2.323307e+02
1.170000e-06	2.817080e-06	3.575515e-09	2.105196e+01	2.360928e+02
1.180000e-06	2.886742e-06	3.627331e-09	2.157254e+01	2.396375e+02
1.190000e-06	2.955443e-06	3.676706e-09	2.208594e+01	2.429976e+02
1.200000e-06	3.023274e-06	3.723685e-09	2.259284e+01	2.461556e+02
1.210000e-06	3.090039e-06	3.765400e-09	2.309177e+01	2.490736e+02
1.220000e-06	3.155408e-06	3.802800e-09	2.358028e+01	2.517300e+02
1.230000e-06	3.219539e-06	3.837560e-09	2.405952e+01	2.541429e+02
1.240000e-06	3.282675e-06	3.872492e-09	2.453134e+01	2.563684e+02
1.250000e-06	3.344726e-06	3.906054e-09	2.499504e+01	2.584773e+02
1.260000e-06	3.405625e-06	3.936213e-09	2.545014e+01	2.605237e+02
1.270000e-06	3.465554e-06	3.964648e-09	2.589799e+01	2.625226e+02
1.280000e-06	3.524296e-06	3.993677e-09	2.633697e+01	2.644488e+02
1.290000e-06	3.581452e-06	4.021944e-09	2.676409e+01	2.662557e+02
1.300000e-06	3.637200e-06	4.047703e-09	2.718069e+01	2.679041e+02
1.310000e-06	3.691747e-06	4.072371e-09	2.758832e+01	2.693857e+02
1.320000e-06	3.745006e-06	4.096126e-09	2.798633e+01	2.707297e+02
1.330000e-06	3.796755e-06	4.118187e-09	2.837305e+01	2.719891e+02
1.340000e-06	3.846748e-06	4.138187e-09	2.874664e+01	2.732166e+02
1.350000e-06	3.895066e-06	4.156381e-09	2.910772e+01	2.744405e+02
1.360000e-06	3.941934e-06	4.174285e-09	2.945796e+01	2.756548e+02
1.370000e-06	3.987423e-06	4.192001e-09	2.979790e+01	2.768259e+02
1.380000e-06	4.031683e-06	4.207778e-09	3.012865e+01	2.779133e+02
1.390000e-06	4.074637e-06	4.222053e-09	3.044965e+01	2.788916e+02
1.400000e-06	4.115960e-06	4.236203e-09	3.075846e+01	2.797647e+02
1.410000e-06	4.155781e-06	4.250346e-09	3.105604e+01	2.805640e+02
1.420000e-06	4.194263e-06	4.264124e-09	3.134361e+01	2.813335e+02
1.430000e-06	4.231357e-06	4.275697e-09	3.162082e+01	2.821092e+02
1.440000e-06	4.267116e-06	4.286232e-09	3.188804e+01	2.829031e+02
1.450000e-06	4.301231e-06	4.297774e-09	3.214298e+01	2.836992e+02
1.460000e-06	4.333664e-06	4.308974e-09	3.238535e+01	2.844626e+02
1.470000e-06	4.364697e-06	4.319363e-09	3.261726e+01	2.851562e+02
1.480000e-06	4.394298e-06	4.328934e-09	3.283847e+01	2.857571e+02
1.490000e-06	4.422533e-06	4.337993e-09	3.304946e+01	2.862656e+02
1.500000e-06	4.449160e-06	4.345655e-09	3.324845e+01	2.867033e+02
1.510000e-06	4.473929e-06	4.351142e-09	3.343354e+01	2.871029e+02
1.520000e-06	4.497068e-06	4.356139e-09	3.360646e+01	2.874947e+02
1.530000e-06	4.518687e-06	4.362306e-09	3.376802e+01	2.878961e+02
1.540000e-06	4.538890e-06	4.369273e-09	3.391900e+01	2.883078e+02
1.550000e-06	4.557611e-06	4.375273e-09	3.405890e+01	2.887160e+02
1.560000e-06	4.574570e-06	4.381369e-09	3.418564e+01	2.891001e+02
1.570000e-06	4.589770e-06	4.388072e-09	3.429922e+01	2.894403e+02
1.580000e-06	4.603311e-06	4.392512e-09	3.440042e+01	2.897237e+02
1.590000e-06	4.615094e-06	4.395822e-09	3.448847e+01	2.899467e+02
1.600000e-06	4.624906e-06	4.398881e-09	3.456179e+01	2.901156e+02
1.610000e-06	4.632918e-06	4.401069e-09	3.462167e+01	2.902439e+02
1.620000e-06	4.639344e-06	4.402990e-09	3.466969e+01	2.903495e+02
1.630000e-06	4.644263e-06	4.404074e-09	3.470645e+01	2.904494e+02
1.640000e-06	4.647678e-06	4.404423e-09	3.473197e+01	2.905552e+02
1.650000e-06	4.649248e-06	4.407667e-09	3.474370e+01	2.906681e+02
1.660000e-06	4.649097e-06	4.411604e-09	3.474257e+01	2.907778e+02
1.670000e-06	4.647525e-06	4.407734e-09	3.473083e+01	2.908644e+02
1.680000e-06	4.644504e-06	4.405645e-09	3.470825e+01	2.909058e+02
1.690000e-06	4.640051e-06	4.404978e-09	3.467497e+01	2.908871e+02
1.700000e-06	4.633937e-06	4.402048e-09	3.462929e+01	2.908082e+02
1.710000e-06	4.626201e-06	4.400908e-09	3.457147e+01	2.906872e+02
1.720000e-06	4.617117e-06	4.403842e-09	3.450359e+01	2.905545e+02
1.730000e-06	4.606666e-06	4.422207e-09	3.442549e+01	2.904416e+02
1.740000e-06	4.594799e-06	4.428884e-09	3.433681e+01	2.903677e+02
1.750000e-06	4.581000e-06	4.321501e-09	3.423368e+01	2.903305e+02
1.760000e-06	4.564718e-06	4.329366e-09	3.411201e+01	2.903061e+02
1.770000e-06	4.546159e-06	4.350016e-09	3.397332e+01	2.902583e+02
1.780000e-06	4.526162e-06	4.449235e-09	3.382388e+01	2.901536e+02
1.790000e-06	4.505526e-06	4.529660e-09	3.366967e+01	2.899745e+02
1.800000e-06	4.484057e-06	4.229348e-09	3.350924e+01	2.897257e+02
1.810000e-06	4.460634e-06	4.373480e-09	3.333420e+01	2.894289e+02
1.820000e-06	4.435290e-06	4.573999e-09	3.314480e+01	2.891096e+02
1.830000e-06	4.408885e-06	4.253531e-09	3.294747e+01	2.887836e+02
1.840000e-06	4.380869e-06	4.414677e-09	3.273811e+01	2.884480e+02
1.850000e-06	4.350799e-06	4.593306e-09	3.251340e+01	2.880849e+02
1.860000e-06	4.319203e-06	4.259949e-09	3.227728e+01	2.876728e+02
1.870000e-06	4.286201e-06	4.429304e-09	3.203066e+01	2.872021e+02
1.880000e-06	4.251837e-06	4.507949e-09	3.177386e+01	2.866853e+02
1.890000e-06	4.216127e-06	4.277539e-09	3.150700e+01	2.861549e+02
1.900000e-06	4.178594e-06	4.453988e-09	3.122652e+01	2.856507e+02
1.910000e-06	4.139331e-06	4.353201e-09	3.093310e+01	2.852007e+02
1.920000e-06	4.098554e-06	4.329579e-09	3.062838e+01	2.848058e+02
1.930000e-06	4.056308e-06	4.494441e-09	3.031268e+01	2.844365e+02
1.940000e-06	4.012966e-06	4.290760e-09	2.998878e+01	2.840434e+02
1.950000e-06	3.968255e-06	4.384247e-09	2.965466e+01	2.835770e+02
1.960000e-06	3.921899e-06	4.409716e-09	2.930824e+01	2.830090e+02
1.970000e-06	3.874095e-06	4.248615e-09	2.895100e+01	2.823424e+02
1.980000e-06	3.824848e-06	4.340422e-09	2.858298e+01	2.816085e+02
1.990000e-06	3.774278e-06	4.308775e-09	2.820507e+01	2.808501e+02
2.000000e-06	3.722267e-06	4.355688e-09	2.781640e+01	2.801012e+02
2.010000e-06	3.668622e-06	4.299045e-09	2.741551e+01	2.793726e+02
2.020000e-06	3.613407e-06	4.228619e-09	2.700289e+01	2.786499e+02
2.030000e-06	3.556790e-06	4.332231e-09	2.657980e+01	2.779047e+02
2.040000e-06	3.499008e-06	4.213933e-09	2.614799e+01	2.771121e+02
2.050000e-06	3.440080e-06	4.224757e-09	2.570762e+01	2.762642e+02
2.060000e-06	3.380114e-06	4.256475e-09	2.525950e+01	2.753734e+02
2.070000e-06	3.319027e-06	4.232948e-09	2.480300e+01	2.744636e+02
2.080000e-06	3.256475e-06	4.233340e-09	2.433555e+01	2.735536e+02
2.090000e-06	3.192639e-06	4.120278e-09	2.385850e+01	2.726445e+02
2.100000e-06	3.127754e-06	4.197738e-09	2.337362e+01	2.717166e+02
2.110000e-06	3.061802e-06	4.196535e-09	2.288076e+01	2.707399e+02
2.120000e-06	2.994825e-06	4.106478e-09	2.238024e+01	2.696906e+02
2.130000e-06	2.926929e-06	4.120086e-09	2.187286e+01	2.685662e+02
2.140000e-06	2.857974e-06	4.116013e-09	2.135756e+01	2.673883e+02
2.150000e-06	2.787651e-06	4.123242e-09	2.083204e+01	2.661922e+02
2.160000e-06	2.716146e-06	4.040260e-09	2.029768e+01	2.650066e+02
2.170000e-06	2.643732e-06	4.039153e-09	1.975654e+01	2.638350e+02
2.180000e-06	2.570449e-06	4.061878e-09	1.920889e+01	2.626500e+02
2.190000e-06	2.496307e-06	3.998390e-09	1.865484e+01	2.614037e+02
2.200000e-06	2.421248e-06	3.984163e-09	1.809392e+01	2.600510e+02
2.210000e-06	2.345208e-06	3.976468e-09	1.752567e+01	2.585735e+02
2.220000e-06	2.268008e-06	3.970966e-09	1.694876e+01	2.569911e+02
2.230000e-06	2.189687e-06	3.910129e-09	1.636347e+01	2.553539e+02
2.240000e-06	2.110475e-06	3.878408e-09	1.577152e+01	2.537176e+02
2.250000e-06	2.030535e-06	3.884801e-09	1.517414e+01	2.521131e+02
2.260000e-06	1.949982e-06	3.849709e-09	1.457216e+01	2.505273e+02
2.270000e-06	1.868746e-06	3.820129e-09	1.396509e+01	2.489057e+02
2.280000e-06	1.786855e-06	3.791629e-09	1.335312e+01	2.471766e+02
2.290000e-06	1.704344e-06	3.771789e-09	1.273651e+01	2.452860e+02
2.300000e-06	1.621294e-06	3.731334e-09	1.211589e+01	2.432259e+02
2.310000e-06	1.537815e-06	3.697994e-09	1.149205e+01	2.410399e+02
2.320000e-06	1.453961e-06	3.677520e-09	1.086541e+01	2.388020e+02
2.330000e-06	1.369699e-06	3.635769e-09	1.023573e+01	2.365783e+02
2.340000e-06	1.284887e-06	3.595969e-09	9.601928e+00	2.343895e+02
2.350000e-06	1.199523e-06	3.559064e-09	8.964005e+00	2.321938e+02
2.360000e-06	1.113541e-06	3.522210e-09	8.321463e+00	2.299010e+02
2.370000e-06	1.026984e-06	3.480947e-09	7.674626e+00	2.274109e+02
2.380000e-06	9.400615e-07	3.445236e-09	7.025054e+00	2.246590e+02
2.390000e-06	8.527854e-07	3.406006e-09	6.372842e+00	2.216461e+02
2.400000e-06	7.652337e-07	3.354151e-09	5.718570e+00	2.184370e+02
2.410000e-06	6.775093e-07	3.304060e-09	5.063008e+00	2.151263e+02
2.420000e-06	5.896152e-07	3.258597e-09	4.406178e+00	2.117883e+02
2.430000e-06	5.015626e-07	3.205752e-09	3.748163e+00	2.084353e+02
2.440000e-06	4.134213e-07	3.144883e-09	3.089486e+00	2.050047e+02
2.450000e-06	3.252000e-07	3.090550e-09	2.430211e+00	2.013810e+02
2.460000e-06	2.368409e-07	3.033785e-09	1.769906e+00	1.974438e+02
2.470000e-06	1.483291e-07	2.964971e-09	1.108460e+00	1.931145e+02
2.480000e-06	5.976924e-08	2.891185e-09	4.466539e-01	1.883798e+02
2.490000e-06	-2.878611e-08	2.817223e-09	-2.151178e-01	1.832786e+02
2.500000e-06	-1.173671e-07	2.736008e-09	-8.770812e-01	1.778584e+02
2.510000e-06	-2.058295e-07	2.646326e-09	-1.538158e+00	1.721240e+02
2.520000e-06	-2.941729e-07	2.551794e-09	-2.198346e+00	1.660066e+02
2.530000e-06	-3.824803e-07	2.449601e-09	-2.858265e+00	1.593684e+02
2.540000e-06	-4.706865e-07	2.334349e-09	-3.517427e+00	1.520421e+02
2.550000e-06	-5.587087e-07	2.208815e-09	-4.175215e+00	1.438802e+02
2.560000e-06	-6.465767e-07	2.076405e-09	-4.831850e+00	1.347859e+02
2.570000e-06	-7.343034e-07	1.929400e-09	-5.487429e+00	1.247007e+02
2.580000e-06	-8.217824e-07	1.762377e-09	-6.141157e+00	1.135490e+02
2.590000e-06	-9.090068e-07	1.570556e-09	-6.792983e+00	1.011668e+02
2.600000e-06	-9.959065e-07	1.352324e-09	-7.442382e+00	8.725609e+01
2.610000e-06	-1.082321e-06	1.106906e-09	-8.088153e+00	7.140614e+01
2.620000e-06	-1.168197e-06	8.321415e-10	-8.729902e+00	5.319578e+01
2.630000e-06	-1.253468e-06	5.225332e-10	-9.367134e+00	3.235736e+01
2.640000e-06	-1.338086e-06	1.745144e-10	-9.999482e+00	8.947987e+00
2.650000e-06	-1.422136e-06	-2.073523e-10	-1.062758e+01	-1.653914e+01
2.660000e-06	-1.505778e-06	-6.151887e-10	-1.125264e+01	-4.317725e+01
2.670000e-06	-1.589000e-06	-1.029178e-09	-1.187455e+01	-6.973899e+01
2.680000e-06	-1.671692e-06	-1.423363e-09	-1.249251e+01	-9.492926e+01
2.690000e-06	-1.753794e-06	-1.773111e-09	-1.310606e+01	-1.176493e+02
2.700000e-06	-1.835292e-06	-2.068094e-09	-1.371509e+01	-1.372099e+02
2.710000e-06	-1.916145e-06	-2.311228e-09	-1.431930e+01	-1.534297e+02
2.720000e-06	-1.996413e-06	-2.510225e-09	-1.491914e+01	-1.665938e+02
2.730000e-06	-2.076182e-06	-2.679206e-09	-1.551525e+01	-1.772987e+02
2.740000e-06	-2.155308e-06	-2.823994e-09	-1.610656e+01	-1.862437e+02
2.750000e-06	-2.233368e-06	-2.945505e-09	-1.668990e+01	-1.940410e+02
2.760000e-06	-2.310149e-06	-3.052071e-09	-1.726368e+01	-2.011017e+02
2.770000e-06	-2.385919e-06	-3.150842e-09	-1.782990e+01	-2.076171e+02
2.780000e-06	-2.460850e-06	-3.239738e-09	-1.838986e+01	-2.136194e+02
2.790000e-06	-2.534987e-06	-3.320055e-09	-1.894389e+01	-2.190777e+02
2.800000e-06	-2.608286e-06	-3.397438e-09	-1.949165e+01	-2.239823e+02
2.810000e-06	-2.680721e-06	-3.471034e-09	-2.003295e+01	-2.283850e+02
2.820000e-06	-2.752370e-06	-3.537613e-09	-2.056839e+01	-2.323888e+02
2.830000e-06	-2.823032e-06	-3.598469e-09	-2.109644e+01	-2.361067e+02
2.840000e-06	-2.892347e-06	-3.656731e-09	-2.161443e+01	-2.396175e+02
2.850000e-06	-2.960478e-06	-3.708224e-09	-2.212357e+01	-2.429437e+02
2.860000e-06	-3.027713e-06	-3.752044e-09	-2.262601e+01	-2.460613e+02
2.870000e-06	-3.093961e-06	-3.794283e-09	-2.312109e+01	-2.489330e+02
2.880000e-06	-3.159091e-06	-3.835934e-09	-2.360780e+01	-2.515431e+02
2.890000e-06	-3.223230e-06	-3.874657e-09	-2.408711e+01	-2.539173e+02
2.900000e-06	-3.286372e-06	-3.911864e-09	-2.455897e+01	-2.561167e+02
2.910000e-06	-3.348022e-06	-3.948214e-09	-2.501968e+01	-2.582111e+02
2.920000e-06	-3.408233e-06	-3.980820e-09	-2.546963e+01	-2.602490e+02
2.930000e-06	-3.467422e-06	-4.008987e-09	-2.591195e+01	-2.622375e+02
2.940000e-06	-3.525489e-06	-4.035837e-09	-2.634588e+01	-2.641458e+02
2.950000e-06	-3.582238e-06	-4.061232e-09	-2.676996e+01	-2.659263e+02
2.960000e-06	-3.637780e-06	-4.082061e-09	-2.718503e+01	-2.675441e+02
2.970000e-06	-3.691935e-06	-4.102741e-09	-2.758973e+01	-2.689979e+02
2.980000e-06	-3.744356e-06	-4.124903e-09	-2.798147e+01	-2.703222e+02
2.990000e-06	-3.795258e-06	-4.144072e-09	-2.836186e+01	-2.715723e+02
3.000000e-06	-3.844697e-06	-4.159698e-09	-2.873131e+01	-2.727977e+02
3.010000e-06	-3.892408e-06	-4.177913e-09	-2.908786e+01	-2.740211e+02
3.020000e-06	-3.938592e-06	-4.196712e-09	-2.943299e+01	-2.752305e+02
3.030000e-06	-3.983532e-06	-4.212601e-09	-2.976883e+01	-2.763892e+02
3.040000e-06	-4.027317e-06	-4.227782e-09	-3.009603e+01	-2.774579e+02
3.050000e-06	-4.069930e-06	-4.243289e-09	-3.041448e+01	-2.784160e+02
3.060000e-06	-4.111221e-06	-4.255858e-09	-3.072304e+01	-2.792728e+02
3.070000e-06	-4.151217e-06	-4.265464e-09	-3.102193e+01	-2.800633e+02
3.080000e-06	-4.189712e-06	-4.276917e-09	-3.130960e+01	-2.808316e+02
3.090000e-06	-4.226510e-06	-4.290156e-09	-3.158459e+01	-2.816102e+02
3.100000e-06	-4.261862e-06	-4.304779e-09	-3.184878e+01	-2.824062e+02
3.110000e-06	-4.295783e-06	-4.317733e-09	-3.210227e+01	-2.831990e+02
3.120000e-06	-4.328247e-06	-4.327556e-09	-3.234487e+01	-2.839523e+02
3.130000e-06	-4.359193e-06	-4.335826e-09	-3.257613e+01	-2.846301e+02
3.140000e-06	-4.388385e-06	-4.344031e-09	-3.279428e+01	-2.852136e+02
3.150000e-06	-4.416055e-06	-4.353822e-09	-3.300106e+01	-2.857071e+02
3.160000e-06	-4.442236e-06	-4.361720e-09	-3.319671e+01	-2.861352e+02
3.170000e-06	-4.466880e-06	-4.367644e-09	-3.338087e+01	-2.865312e+02
3.180000e-06	-4.490013e-06	-4.372341e-09	-3.355374e+01	-2.869237e+02
3.190000e-06	-4.511329e-06	-4.378528e-09	-3.371304e+01	-2.873271e+02
3.200000e-06	-4.530975e-06	-4.384734e-09	-3.385985e+01	-2.877392e+02
3.210000e-06	-4.549130e-06	-4.390448e-09	-3.399552e+01	-2.881445e+02
3.220000e-06	-4.565759e-06	-4.396232e-09	-3.411979e+01	-2.885219e+02
3.230000e-06	-4.580688e-06	-4.401773e-09	-3.423135e+01	-2.888524e+02
3.240000e-06	-4.593667e-06	-4.406622e-09	-3.432835e+01	-2.891247e+02
3.250000e-06	-4.604866e-06	-4.409599e-09	-3.441204e+01	-2.893371e+02
3.260000e-06	-4.614404e-06	-4.411786e-09	-3.448331e+01	-2.894973e+02
3.270000e-06	-4.622340e-06	-4.413558e-09	-3.454262e+01	-2.896200e+02
3.280000e-06	-4.628602e-06	-4.415644e-09	-3.458941e+01	-2.897232e+02
3.290000e-06	-4.633142e-06	-4.417395e-09	-3.462334e+01	-2.898233e+02
3.300000e-06	-4.636113e-06	-4.419773e-09	-3.464555e+01	-2.899303e+02
3.310000e-06	-4.637514e-06	-4.421042e-09	-3.465601e+01	-2.900435e+02
