# Temperatura_=_20.0
# Concentracion g/m^3_=_8200.0
# C_Vs_to_Am_M_A/Vsm_=_65563218390.804596
# pendiente_HvsI_1/m_=_3716.3
# ordenada_HvsI_A/m_=_1297.0
# frecuencia_Hz_=_301440.6755984228

Tiempo_(s)	Campo_(V.s)	Magnetizacion_(V.s)	Campo_(kA/m)	Magnetizacion_(A/m)
0.000000e+00	-3.220349e-06	-4.480400e-09	-2.354926e+01	-2.931898e+02
1.000000e-08	-3.219594e-06	-4.486923e-09	-2.354373e+01	-2.932786e+02
2.000000e-08	-3.217451e-06	-4.488706e-09	-2.352806e+01	-2.933109e+02
3.000000e-08	-3.214059e-06	-4.487612e-09	-2.350326e+01	-2.932887e+02
4.000000e-08	-3.209811e-06	-4.487725e-09	-2.347220e+01	-2.932152e+02
5.000000e-08	-3.204613e-06	-4.485666e-09	-2.343418e+01	-2.930952e+02
6.000000e-08	-3.198383e-06	-4.478759e-09	-2.338863e+01	-2.929341e+02
7.000000e-08	-3.191170e-06	-4.455197e-09	-2.333588e+01	-2.927382e+02
8.000000e-08	-3.182984e-06	-4.440456e-09	-2.327602e+01	-2.925138e+02
9.000000e-08	-3.173359e-06	-4.526448e-09	-2.320564e+01	-2.922667e+02
1.000000e-07	-3.161887e-06	-4.587465e-09	-2.312174e+01	-2.920019e+02
1.100000e-07	-3.148954e-06	-4.527391e-09	-2.302717e+01	-2.917233e+02
1.200000e-07	-3.135168e-06	-4.283669e-09	-2.292635e+01	-2.914329e+02
1.300000e-07	-3.120423e-06	-4.342291e-09	-2.281853e+01	-2.911313e+02
1.400000e-07	-3.104183e-06	-4.652316e-09	-2.269978e+01	-2.908170e+02
1.500000e-07	-3.086891e-06	-4.457192e-09	-2.257332e+01	-2.904869e+02
1.600000e-07	-3.069030e-06	-4.270144e-09	-2.244272e+01	-2.901365e+02
1.700000e-07	-3.050075e-06	-4.601327e-09	-2.230410e+01	-2.897601e+02
1.800000e-07	-3.029911e-06	-4.515862e-09	-2.215665e+01	-2.893510e+02
1.900000e-07	-3.009002e-06	-4.160106e-09	-2.200375e+01	-2.889026e+02
2.000000e-07	-2.987201e-06	-4.521061e-09	-2.184433e+01	-2.884081e+02
2.100000e-07	-2.964170e-06	-4.549261e-09	-2.167591e+01	-2.878616e+02
2.200000e-07	-2.940225e-06	-4.175109e-09	-2.150081e+01	-2.872578e+02
2.300000e-07	-2.915329e-06	-4.438067e-09	-2.131876e+01	-2.865928e+02
2.400000e-07	-2.888958e-06	-4.553659e-09	-2.112591e+01	-2.858639e+02
2.500000e-07	-2.861388e-06	-4.217867e-09	-2.092431e+01	-2.850699e+02
2.600000e-07	-2.832992e-06	-4.311727e-09	-2.071666e+01	-2.842106e+02
2.700000e-07	-2.803629e-06	-4.406997e-09	-2.050193e+01	-2.832873e+02
2.800000e-07	-2.773240e-06	-4.265805e-09	-2.027971e+01	-2.823019e+02
2.900000e-07	-2.741939e-06	-4.317337e-09	-2.005082e+01	-2.812570e+02
3.000000e-07	-2.709884e-06	-4.289570e-09	-1.981641e+01	-2.801554e+02
3.100000e-07	-2.676816e-06	-4.265771e-09	-1.957460e+01	-2.789999e+02
3.200000e-07	-2.642379e-06	-4.325336e-09	-1.932277e+01	-2.777931e+02
3.300000e-07	-2.606877e-06	-4.196277e-09	-1.906316e+01	-2.765370e+02
3.400000e-07	-2.570639e-06	-4.147532e-09	-1.879816e+01	-2.752331e+02
3.500000e-07	-2.533546e-06	-4.285642e-09	-1.852691e+01	-2.738821e+02
3.600000e-07	-2.495436e-06	-4.182861e-09	-1.824823e+01	-2.724841e+02
3.700000e-07	-2.456365e-06	-4.085347e-09	-1.796251e+01	-2.710384e+02
3.800000e-07	-2.416662e-06	-4.145643e-09	-1.767218e+01	-2.695439e+02
3.900000e-07	-2.376430e-06	-4.133573e-09	-1.737798e+01	-2.679990e+02
4.000000e-07	-2.335234e-06	-4.069468e-09	-1.707672e+01	-2.664019e+02
4.100000e-07	-2.292712e-06	-4.010124e-09	-1.676578e+01	-2.647504e+02
4.200000e-07	-2.249196e-06	-4.038076e-09	-1.644757e+01	-2.630426e+02
4.300000e-07	-2.205097e-06	-4.045934e-09	-1.612508e+01	-2.612763e+02
4.400000e-07	-2.160289e-06	-3.969111e-09	-1.579742e+01	-2.594496e+02
4.500000e-07	-2.114658e-06	-3.891578e-09	-1.546374e+01	-2.575606e+02
4.600000e-07	-2.068314e-06	-3.912478e-09	-1.512484e+01	-2.556075e+02
4.700000e-07	-2.021286e-06	-3.900970e-09	-1.478094e+01	-2.535885e+02
4.800000e-07	-1.973652e-06	-3.815392e-09	-1.443261e+01	-2.515018e+02
4.900000e-07	-1.925321e-06	-3.793987e-09	-1.407918e+01	-2.493457e+02
5.000000e-07	-1.875973e-06	-3.818175e-09	-1.371832e+01	-2.471182e+02
5.100000e-07	-1.825481e-06	-3.764824e-09	-1.334909e+01	-2.448173e+02
5.200000e-07	-1.774102e-06	-3.670828e-09	-1.297337e+01	-2.424411e+02
5.300000e-07	-1.722090e-06	-3.666523e-09	-1.259303e+01	-2.399871e+02
5.400000e-07	-1.669379e-06	-3.656082e-09	-1.220757e+01	-2.374533e+02
5.500000e-07	-1.616046e-06	-3.595478e-09	-1.181757e+01	-2.348372e+02
5.600000e-07	-1.562183e-06	-3.530702e-09	-1.142368e+01	-2.321365e+02
5.700000e-07	-1.507664e-06	-3.509735e-09	-1.102501e+01	-2.293488e+02
5.800000e-07	-1.452589e-06	-3.476738e-09	-1.062226e+01	-2.264717e+02
5.900000e-07	-1.397178e-06	-3.412976e-09	-1.021706e+01	-2.235028e+02
6.000000e-07	-1.341475e-06	-3.373827e-09	-9.809727e+00	-2.204395e+02
6.100000e-07	-1.285407e-06	-3.329596e-09	-9.399718e+00	-2.172791e+02
6.200000e-07	-1.228853e-06	-3.272234e-09	-8.986158e+00	-2.140186e+02
6.300000e-07	-1.171687e-06	-3.214962e-09	-8.568125e+00	-2.106548e+02
6.400000e-07	-1.113765e-06	-3.172285e-09	-8.144565e+00	-2.071839e+02
6.500000e-07	-1.055153e-06	-3.111278e-09	-7.715958e+00	-2.036019e+02
6.600000e-07	-9.960758e-07	-3.046003e-09	-7.283944e+00	-1.999041e+02
6.700000e-07	-9.366773e-07	-2.991538e-09	-6.849585e+00	-1.960852e+02
6.800000e-07	-8.770781e-07	-2.935192e-09	-6.413757e+00	-1.921396e+02
6.900000e-07	-8.173766e-07	-2.873930e-09	-5.977181e+00	-1.880613e+02
7.000000e-07	-7.575435e-07	-2.814426e-09	-5.539644e+00	-1.838439e+02
7.100000e-07	-6.974737e-07	-2.753209e-09	-5.100375e+00	-1.794808e+02
7.200000e-07	-6.371520e-07	-2.670711e-09	-4.659264e+00	-1.749650e+02
7.300000e-07	-5.766854e-07	-2.597926e-09	-4.217093e+00	-1.702900e+02
7.400000e-07	-5.160645e-07	-2.535862e-09	-3.773794e+00	-1.654486e+02
7.500000e-07	-4.552287e-07	-2.461003e-09	-3.328924e+00	-1.604340e+02
7.600000e-07	-3.942083e-07	-2.367882e-09	-2.882704e+00	-1.552392e+02
7.700000e-07	-3.330125e-07	-2.283157e-09	-2.435201e+00	-1.498569e+02
7.800000e-07	-2.717080e-07	-2.207729e-09	-1.986903e+00	-1.442793e+02
7.900000e-07	-2.103478e-07	-2.117546e-09	-1.538198e+00	-1.384982e+02
8.000000e-07	-1.489436e-07	-2.022942e-09	-1.089171e+00	-1.325044e+02
8.100000e-07	-8.751460e-08	-1.930900e-09	-6.399629e-01	-1.262878e+02
8.200000e-07	-2.606742e-08	-1.834480e-09	-1.906217e-01	-1.198373e+02
8.300000e-07	3.544169e-08	-1.723251e-09	2.591723e-01	-1.131407e+02
8.400000e-07	9.699206e-08	-1.614813e-09	7.092681e-01	-1.061849e+02
8.500000e-07	1.584822e-07	-1.506022e-09	1.158923e+00	-9.895641e+01
8.600000e-07	2.198981e-07	-1.386936e-09	1.608036e+00	-9.144152e+01
8.700000e-07	2.812762e-07	-1.266200e-09	2.056872e+00	-8.362729e+01
8.800000e-07	3.426330e-07	-1.146581e-09	2.505552e+00	-7.550225e+01
8.900000e-07	4.039017e-07	-1.022009e-09	2.953588e+00	-6.705748e+01
9.000000e-07	4.649896e-07	-8.849715e-10	3.400302e+00	-5.828761e+01
9.100000e-07	5.258620e-07	-7.448128e-10	3.845440e+00	-4.919194e+01
9.200000e-07	5.865055e-07	-5.999970e-10	4.288904e+00	-3.977542e+01
9.300000e-07	6.468798e-07	-4.516167e-10	4.730400e+00	-3.004958e+01
9.400000e-07	7.069937e-07	-2.974614e-10	5.169991e+00	-2.003313e+01
9.500000e-07	7.669285e-07	-1.390436e-10	5.608273e+00	-9.752348e+00
9.600000e-07	8.267207e-07	2.199366e-11	6.045512e+00	7.588519e-01
9.700000e-07	8.863766e-07	1.845841e-10	6.481754e+00	1.145931e+01
9.800000e-07	9.458538e-07	3.474543e-10	6.916689e+00	2.230131e+01
9.900000e-07	1.005070e-06	5.161076e-10	7.349716e+00	3.323172e+01
1.000000e-06	1.063850e-06	6.880382e-10	7.779554e+00	4.419335e+01
1.010000e-06	1.122014e-06	8.575463e-10	8.204886e+00	5.512672e+01
1.020000e-06	1.179435e-06	1.020022e-09	8.624784e+00	6.597183e+01
1.030000e-06	1.236098e-06	1.182105e-09	9.039144e+00	7.667011e+01
1.040000e-06	1.292209e-06	1.343100e-09	9.449461e+00	8.716635e+01
1.050000e-06	1.348012e-06	1.501185e-09	9.857526e+00	9.741036e+01
1.060000e-06	1.403559e-06	1.653251e-09	1.026372e+01	1.073585e+02
1.070000e-06	1.458710e-06	1.797552e-09	1.066702e+01	1.169747e+02
1.080000e-06	1.513299e-06	1.935107e-09	1.106621e+01	1.262315e+02
1.090000e-06	1.567326e-06	2.066032e-09	1.146129e+01	1.351101e+02
1.100000e-06	1.620892e-06	2.194714e-09	1.185300e+01	1.436000e+02
1.110000e-06	1.673934e-06	2.318794e-09	1.224088e+01	1.516991e+02
1.120000e-06	1.726364e-06	2.440280e-09	1.262428e+01	1.594124e+02
1.130000e-06	1.778148e-06	2.552884e-09	1.300296e+01	1.667504e+02
1.140000e-06	1.829158e-06	2.657193e-09	1.337597e+01	1.737287e+02
1.150000e-06	1.879168e-06	2.756513e-09	1.374168e+01	1.803655e+02
1.160000e-06	1.928110e-06	2.855247e-09	1.409958e+01	1.866808e+02
1.170000e-06	1.976272e-06	2.949233e-09	1.445177e+01	1.926946e+02
1.180000e-06	2.023880e-06	3.033524e-09	1.479991e+01	1.984263e+02
1.190000e-06	2.070830e-06	3.113260e-09	1.514324e+01	2.038930e+02
1.200000e-06	2.117036e-06	3.191116e-09	1.548112e+01	2.091099e+02
1.210000e-06	2.162557e-06	3.267719e-09	1.581400e+01	2.140890e+02
1.220000e-06	2.207293e-06	3.339297e-09	1.614114e+01	2.188400e+02
1.230000e-06	2.251305e-06	3.406801e-09	1.646299e+01	2.233700e+02
1.240000e-06	2.294837e-06	3.469985e-09	1.678132e+01	2.276844e+02
1.250000e-06	2.337648e-06	3.528675e-09	1.709438e+01	2.317871e+02
1.260000e-06	2.379255e-06	3.585681e-09	1.739864e+01	2.356818e+02
1.270000e-06	2.419647e-06	3.642353e-09	1.769401e+01	2.393720e+02
1.280000e-06	2.459250e-06	3.692758e-09	1.798361e+01	2.428622e+02
1.290000e-06	2.498069e-06	3.736052e-09	1.826748e+01	2.461578e+02
1.300000e-06	2.536036e-06	3.779338e-09	1.854512e+01	2.492660e+02
1.310000e-06	2.573195e-06	3.823383e-09	1.881685e+01	2.521951e+02
1.320000e-06	2.609475e-06	3.864183e-09	1.908215e+01	2.549552e+02
1.330000e-06	2.645063e-06	3.901694e-09	1.934239e+01	2.575571e+02
1.340000e-06	2.679822e-06	3.937740e-09	1.959657e+01	2.600127e+02
1.350000e-06	2.713240e-06	3.971589e-09	1.984095e+01	2.623335e+02
1.360000e-06	2.745427e-06	4.001751e-09	2.007632e+01	2.645310e+02
1.370000e-06	2.776773e-06	4.030535e-09	2.030554e+01	2.666157e+02
1.380000e-06	2.807258e-06	4.058862e-09	2.052847e+01	2.685966e+02
1.390000e-06	2.836786e-06	4.085680e-09	2.074439e+01	2.704812e+02
1.400000e-06	2.865379e-06	4.110614e-09	2.095349e+01	2.722753e+02
1.410000e-06	2.893167e-06	4.136469e-09	2.115669e+01	2.739827e+02
1.420000e-06	2.920050e-06	4.161686e-09	2.135328e+01	2.756059e+02
1.430000e-06	2.945594e-06	4.183732e-09	2.154007e+01	2.771458e+02
1.440000e-06	2.969811e-06	4.204438e-09	2.171716e+01	2.786027e+02
1.450000e-06	2.993011e-06	4.225623e-09	2.188681e+01	2.799763e+02
1.460000e-06	3.015227e-06	4.243995e-09	2.204928e+01	2.812664e+02
1.470000e-06	3.036450e-06	4.259718e-09	2.220447e+01	2.824734e+02
1.480000e-06	3.056725e-06	4.275757e-09	2.235273e+01	2.835981e+02
1.490000e-06	3.076125e-06	4.290262e-09	2.249460e+01	2.846428e+02
1.500000e-06	3.094453e-06	4.303813e-09	2.262863e+01	2.856104e+02
1.510000e-06	3.111503e-06	4.318291e-09	2.275331e+01	2.865052e+02
1.520000e-06	3.127468e-06	4.333904e-09	2.287005e+01	2.873318e+02
1.530000e-06	3.142297e-06	4.347696e-09	2.297849e+01	2.880958e+02
1.540000e-06	3.155962e-06	4.358673e-09	2.307841e+01	2.888026e+02
1.550000e-06	3.168501e-06	4.369332e-09	2.317011e+01	2.894573e+02
1.560000e-06	3.179791e-06	4.378778e-09	2.325267e+01	2.900644e+02
1.570000e-06	3.189624e-06	4.384913e-09	2.332457e+01	2.906273e+02
1.580000e-06	3.198027e-06	4.390949e-09	2.338602e+01	2.911482e+02
1.590000e-06	3.205336e-06	4.398676e-09	2.343947e+01	2.916280e+02
1.600000e-06	3.211594e-06	4.405609e-09	2.348523e+01	2.920662e+02
1.610000e-06	3.216780e-06	4.411771e-09	2.352316e+01	2.924611e+02
1.620000e-06	3.220953e-06	4.417726e-09	2.355367e+01	2.928103e+02
1.630000e-06	3.224165e-06	4.424743e-09	2.357716e+01	2.931107e+02
1.640000e-06	3.226085e-06	4.431885e-09	2.359120e+01	2.933593e+02
1.650000e-06	3.226577e-06	4.435894e-09	2.359480e+01	2.935535e+02
1.660000e-06	3.226027e-06	4.437503e-09	2.359077e+01	2.936914e+02
1.670000e-06	3.224502e-06	4.434141e-09	2.357963e+01	2.937723e+02
1.680000e-06	3.221940e-06	4.431018e-09	2.356089e+01	2.937969e+02
1.690000e-06	3.218418e-06	4.430715e-09	2.353513e+01	2.937673e+02
1.700000e-06	3.214081e-06	4.430687e-09	2.350342e+01	2.936871e+02
1.710000e-06	3.208756e-06	4.432762e-09	2.346448e+01	2.935611e+02
1.720000e-06	3.202069e-06	4.446320e-09	2.341558e+01	2.933949e+02
1.730000e-06	3.194250e-06	4.483878e-09	2.335840e+01	2.931948e+02
1.740000e-06	3.185558e-06	4.419307e-09	2.329484e+01	2.929671e+02
1.750000e-06	3.175526e-06	4.300215e-09	2.322148e+01	2.927174e+02
1.760000e-06	3.163538e-06	4.316478e-09	2.313382e+01	2.924507e+02
1.770000e-06	3.149724e-06	4.545698e-09	2.303280e+01	2.921705e+02
1.780000e-06	3.135272e-06	4.553770e-09	2.292712e+01	2.918788e+02
1.790000e-06	3.120633e-06	4.227419e-09	2.282007e+01	2.915757e+02
1.800000e-06	3.104690e-06	4.246749e-09	2.270349e+01	2.912596e+02
1.810000e-06	3.087201e-06	4.599892e-09	2.257560e+01	2.909272e+02
1.820000e-06	3.069113e-06	4.321919e-09	2.244332e+01	2.905737e+02
1.830000e-06	3.050327e-06	4.211278e-09	2.230594e+01	2.901932e+02
1.840000e-06	3.030245e-06	4.740518e-09	2.215909e+01	2.897792e+02
1.850000e-06	3.009197e-06	4.485371e-09	2.200517e+01	2.893248e+02
1.860000e-06	2.987085e-06	4.107943e-09	2.184348e+01	2.888235e+02
1.870000e-06	2.963515e-06	4.543346e-09	2.167112e+01	2.882693e+02
1.880000e-06	2.938909e-06	4.483382e-09	2.149118e+01	2.876572e+02
1.890000e-06	2.913339e-06	4.134113e-09	2.130420e+01	2.869835e+02
1.900000e-06	2.886446e-06	4.495874e-09	2.110754e+01	2.862456e+02
1.910000e-06	2.858581e-06	4.498057e-09	2.090377e+01	2.854424e+02
1.920000e-06	2.829927e-06	4.254183e-09	2.069424e+01	2.845742e+02
1.930000e-06	2.800045e-06	4.405577e-09	2.047573e+01	2.836421e+02
1.940000e-06	2.768967e-06	4.310549e-09	2.024846e+01	2.826483e+02
1.950000e-06	2.736846e-06	4.259467e-09	2.001357e+01	2.815953e+02
1.960000e-06	2.703676e-06	4.391739e-09	1.977102e+01	2.804860e+02
1.970000e-06	2.669706e-06	4.135553e-09	1.952260e+01	2.793233e+02
1.980000e-06	2.634834e-06	4.262318e-09	1.926759e+01	2.781096e+02
1.990000e-06	2.599070e-06	4.427218e-09	1.900607e+01	2.768468e+02
2.000000e-06	2.562670e-06	4.081143e-09	1.873989e+01	2.755364e+02
2.010000e-06	2.525214e-06	4.173073e-09	1.846599e+01	2.741790e+02
2.020000e-06	2.486427e-06	4.307419e-09	1.818235e+01	2.727744e+02
2.030000e-06	2.446658e-06	4.115116e-09	1.789153e+01	2.713221e+02
2.040000e-06	2.406135e-06	4.115754e-09	1.759520e+01	2.698208e+02
2.050000e-06	2.364921e-06	4.136931e-09	1.729382e+01	2.682688e+02
2.060000e-06	2.323001e-06	4.147353e-09	1.698727e+01	2.666642e+02
2.070000e-06	2.280225e-06	4.089892e-09	1.667446e+01	2.650051e+02
2.080000e-06	2.236704e-06	3.921175e-09	1.635621e+01	2.632892e+02
2.090000e-06	2.192676e-06	4.025140e-09	1.603425e+01	2.615147e+02
2.100000e-06	2.148016e-06	4.075385e-09	1.570767e+01	2.596795e+02
2.110000e-06	2.102440e-06	3.917023e-09	1.537439e+01	2.577816e+02
2.120000e-06	2.055988e-06	3.900894e-09	1.503470e+01	2.558195e+02
2.130000e-06	2.008888e-06	3.928695e-09	1.469028e+01	2.537911e+02
2.140000e-06	1.961070e-06	3.921054e-09	1.434060e+01	2.516949e+02
2.150000e-06	1.912418e-06	3.789191e-09	1.398483e+01	2.495289e+02
2.160000e-06	1.862998e-06	3.736341e-09	1.362344e+01	2.472913e+02
2.170000e-06	1.812960e-06	3.827779e-09	1.325752e+01	2.449800e+02
2.180000e-06	1.762323e-06	3.734564e-09	1.288724e+01	2.425930e+02
2.190000e-06	1.710954e-06	3.643170e-09	1.251159e+01	2.401281e+02
2.200000e-06	1.658977e-06	3.655315e-09	1.213150e+01	2.375829e+02
2.210000e-06	1.606403e-06	3.639919e-09	1.174705e+01	2.349551e+02
2.220000e-06	1.552932e-06	3.575858e-09	1.135603e+01	2.322423e+02
2.230000e-06	1.498430e-06	3.494440e-09	1.095748e+01	2.294423e+02
2.240000e-06	1.443111e-06	3.492664e-09	1.055295e+01	2.265525e+02
2.250000e-06	1.387320e-06	3.468872e-09	1.014497e+01	2.235704e+02
2.260000e-06	1.331236e-06	3.367794e-09	9.734852e+00	2.204937e+02
2.270000e-06	1.274820e-06	3.333655e-09	9.322299e+00	2.173194e+02
2.280000e-06	1.217916e-06	3.303688e-09	8.906184e+00	2.140446e+02
2.290000e-06	1.160483e-06	3.245288e-09	8.486192e+00	2.106659e+02
2.300000e-06	1.102673e-06	3.191343e-09	8.063453e+00	2.071797e+02
2.310000e-06	1.044595e-06	3.133374e-09	7.638749e+00	2.035817e+02
2.320000e-06	9.861586e-07	3.090724e-09	7.211424e+00	1.998671e+02
2.330000e-06	9.273285e-07	3.018308e-09	6.781221e+00	1.960307e+02
2.340000e-06	8.681157e-07	2.956814e-09	6.348218e+00	1.920668e+02
2.350000e-06	8.085991e-07	2.896816e-09	5.912995e+00	1.879693e+02
2.360000e-06	7.488908e-07	2.816920e-09	5.476369e+00	1.837317e+02
2.370000e-06	6.890313e-07	2.764565e-09	5.038638e+00	1.793474e+02
2.380000e-06	6.291017e-07	2.701500e-09	4.600395e+00	1.748096e+02
2.390000e-06	5.690595e-07	2.620662e-09	4.161328e+00	1.701114e+02
2.400000e-06	5.088919e-07	2.543079e-09	3.721344e+00	1.652460e+02
2.410000e-06	4.485795e-07	2.474525e-09	3.280301e+00	1.602063e+02
2.420000e-06	3.880602e-07	2.398019e-09	2.837745e+00	1.549854e+02
2.430000e-06	3.274367e-07	2.306263e-09	2.394427e+00	1.495759e+02
2.440000e-06	2.668130e-07	2.228617e-09	1.951108e+00	1.439700e+02
2.450000e-06	2.061585e-07	2.152252e-09	1.507563e+00	1.381593e+02
2.460000e-06	1.452774e-07	2.049258e-09	1.062362e+00	1.321345e+02
2.470000e-06	8.424679e-08	1.943099e-09	6.160665e-01	1.258855e+02
2.480000e-06	2.327757e-08	1.851292e-09	1.702205e-01	1.194008e+02
2.490000e-06	-3.769443e-08	1.753064e-09	-2.756459e-01	1.126683e+02
2.500000e-06	-9.868402e-08	1.641436e-09	-7.216408e-01	1.056746e+02
2.510000e-06	-1.596070e-07	1.530421e-09	-1.167149e+00	9.840627e+01
2.520000e-06	-2.205273e-07	1.424344e-09	-1.612637e+00	9.084962e+01
2.530000e-06	-2.814192e-07	1.305204e-09	-2.057917e+00	8.299188e+01
2.540000e-06	-3.422064e-07	1.178818e-09	-2.502433e+00	7.482188e+01
2.550000e-06	-4.028571e-07	1.051778e-09	-2.945949e+00	6.633113e+01
2.560000e-06	-4.632948e-07	9.178852e-10	-3.387908e+00	5.751488e+01
2.570000e-06	-5.235460e-07	7.759960e-10	-3.828504e+00	4.837316e+01
2.580000e-06	-5.836850e-07	6.284722e-10	-4.268279e+00	3.891183e+01
2.590000e-06	-6.437443e-07	4.808605e-10	-4.707471e+00	2.914339e+01
2.600000e-06	-7.037203e-07	3.286570e-10	-5.146054e+00	1.908762e+01
2.610000e-06	-7.636143e-07	1.743046e-10	-5.584037e+00	8.771911e+00
2.620000e-06	-8.233375e-07	1.597895e-11	-6.020771e+00	-1.768770e+00
2.630000e-06	-8.827335e-07	-1.484727e-10	-6.455113e+00	-1.249227e+01
2.640000e-06	-9.417384e-07	-3.141239e-10	-6.886595e+00	-2.335003e+01
2.650000e-06	-1.000340e-06	-4.782953e-10	-7.315124e+00	-3.428823e+01
2.660000e-06	-1.058564e-06	-6.463513e-10	-7.740899e+00	-4.524927e+01
2.670000e-06	-1.116461e-06	-8.183607e-10	-8.164275e+00	-5.617345e+01
2.680000e-06	-1.173934e-06	-9.833248e-10	-8.584560e+00	-6.700087e+01
2.690000e-06	-1.230893e-06	-1.143372e-09	-9.001079e+00	-7.767334e+01
2.700000e-06	-1.287365e-06	-1.301638e-09	-9.414039e+00	-8.813625e+01
2.710000e-06	-1.343482e-06	-1.456357e-09	-9.824404e+00	-9.834025e+01
2.720000e-06	-1.399362e-06	-1.606873e-09	-1.023303e+01	-1.082427e+02
2.730000e-06	-1.454885e-06	-1.753957e-09	-1.063905e+01	-1.178089e+02
2.740000e-06	-1.509825e-06	-1.895478e-09	-1.104081e+01	-1.270124e+02
2.750000e-06	-1.563846e-06	-2.030059e-09	-1.143584e+01	-1.358356e+02
2.760000e-06	-1.616876e-06	-2.161001e-09	-1.182363e+01	-1.442694e+02
2.770000e-06	-1.669223e-06	-2.285169e-09	-1.220643e+01	-1.523127e+02
2.780000e-06	-1.720995e-06	-2.399564e-09	-1.258502e+01	-1.599713e+02
2.790000e-06	-1.772142e-06	-2.509007e-09	-1.295904e+01	-1.672567e+02
2.800000e-06	-1.822649e-06	-2.617241e-09	-1.332838e+01	-1.741848e+02
2.810000e-06	-1.872556e-06	-2.717784e-09	-1.369333e+01	-1.807742e+02
2.820000e-06	-1.921630e-06	-2.812573e-09	-1.405219e+01	-1.870450e+02
2.830000e-06	-1.969623e-06	-2.907019e-09	-1.440315e+01	-1.930171e+02
2.840000e-06	-2.016745e-06	-2.997445e-09	-1.474773e+01	-1.987097e+02
2.850000e-06	-2.063291e-06	-3.079393e-09	-1.508810e+01	-2.041396e+02
2.860000e-06	-2.109246e-06	-3.156583e-09	-1.542416e+01	-2.093216e+02
2.870000e-06	-2.154430e-06	-3.234253e-09	-1.575457e+01	-2.142674e+02
2.880000e-06	-2.198890e-06	-3.306929e-09	-1.607969e+01	-2.189862e+02
2.890000e-06	-2.242807e-06	-3.373279e-09	-1.640084e+01	-2.234849e+02
2.900000e-06	-2.286082e-06	-3.440341e-09	-1.671730e+01	-2.277685e+02
2.910000e-06	-2.328576e-06	-3.507816e-09	-1.702804e+01	-2.318411e+02
2.920000e-06	-2.370272e-06	-3.569388e-09	-1.733295e+01	-2.357061e+02
2.930000e-06	-2.411114e-06	-3.627827e-09	-1.763161e+01	-2.393672e+02
2.940000e-06	-2.451263e-06	-3.685791e-09	-1.792520e+01	-2.428290e+02
2.950000e-06	-2.490674e-06	-3.737575e-09	-1.821341e+01	-2.460971e+02
2.960000e-06	-2.528867e-06	-3.782884e-09	-1.849270e+01	-2.491789e+02
2.970000e-06	-2.565852e-06	-3.830212e-09	-1.876316e+01	-2.520830e+02
2.980000e-06	-2.602008e-06	-3.878183e-09	-1.902755e+01	-2.548196e+02
2.990000e-06	-2.637299e-06	-3.917920e-09	-1.928562e+01	-2.573997e+02
3.000000e-06	-2.671604e-06	-3.954925e-09	-1.953648e+01	-2.598350e+02
3.010000e-06	-2.705020e-06	-3.996609e-09	-1.978084e+01	-2.621373e+02
3.020000e-06	-2.737610e-06	-4.034849e-09	-2.001916e+01	-2.643178e+02
3.030000e-06	-2.769447e-06	-4.064611e-09	-2.025197e+01	-2.663869e+02
3.040000e-06	-2.800320e-06	-4.095311e-09	-2.047773e+01	-2.683534e+02
3.050000e-06	-2.829841e-06	-4.126265e-09	-2.069361e+01	-2.702246e+02
3.060000e-06	-2.858234e-06	-4.154138e-09	-2.090124e+01	-2.720058e+02
3.070000e-06	-2.885772e-06	-4.179117e-09	-2.110261e+01	-2.737009e+02
3.080000e-06	-2.912336e-06	-4.204729e-09	-2.129687e+01	-2.753119e+02
3.090000e-06	-2.937819e-06	-4.231228e-09	-2.148322e+01	-2.768397e+02
3.100000e-06	-2.962338e-06	-4.254320e-09	-2.166252e+01	-2.782845e+02
3.110000e-06	-2.986082e-06	-4.277503e-09	-2.183615e+01	-2.796459e+02
3.120000e-06	-3.008640e-06	-4.297876e-09	-2.200111e+01	-2.809239e+02
3.130000e-06	-3.029707e-06	-4.315042e-09	-2.215516e+01	-2.821188e+02
3.140000e-06	-3.049749e-06	-4.328706e-09	-2.230172e+01	-2.832317e+02
3.150000e-06	-3.068908e-06	-4.342797e-09	-2.244182e+01	-2.842649e+02
3.160000e-06	-3.087036e-06	-4.358888e-09	-2.257438e+01	-2.852216e+02
3.170000e-06	-3.104130e-06	-4.375149e-09	-2.269939e+01	-2.861061e+02
3.180000e-06	-3.120321e-06	-4.390441e-09	-2.281779e+01	-2.869232e+02
3.190000e-06	-3.135492e-06	-4.403107e-09	-2.292873e+01	-2.876785e+02
3.200000e-06	-3.149148e-06	-4.412796e-09	-2.302859e+01	-2.883773e+02
3.210000e-06	-3.161319e-06	-4.422989e-09	-2.311759e+01	-2.890247e+02
3.220000e-06	-3.172260e-06	-4.434073e-09	-2.319759e+01	-2.896250e+02
3.230000e-06	-3.182048e-06	-4.442908e-09	-2.326918e+01	-2.901816e+02
3.240000e-06	-3.190843e-06	-4.448753e-09	-2.333349e+01	-2.906964e+02
3.250000e-06	-3.198690e-06	-4.454017e-09	-2.339087e+01	-2.911701e+02
3.260000e-06	-3.205242e-06	-4.460625e-09	-2.343879e+01	-2.916019e+02
3.270000e-06	-3.210321e-06	-4.465796e-09	-2.347593e+01	-2.919903e+02
3.280000e-06	-3.214304e-06	-4.470923e-09	-2.350505e+01	-2.923324e+02
3.290000e-06	-3.217339e-06	-4.474186e-09	-2.352725e+01	-2.926253e+02
3.300000e-06	-3.219327e-06	-4.476029e-09	-2.354178e+01	-2.928661e+02
3.310000e-06	-3.220251e-06	-4.477892e-09	-2.354854e+01	-2.930521e+02
