# Temperatura_=_20.0
# Concentracion g/m^3_=_6600.0
# C_Vs_to_Am_M_A/Vsm_=_65563218390.804596
# pendiente_HvsI_1/m_=_3716.3
# ordenada_HvsI_A/m_=_1297.0
# frecuencia_Hz_=_302073.75943701965

Tiempo_(s)	Campo_(V.s)	Magnetizacion_(V.s)	Campo_(kA/m)	Magnetizacion_(A/m)
0.000000e+00	-6.279823e-06	-5.438188e-09	-4.559901e+01	-3.575782e+02
1.000000e-08	-6.277853e-06	-5.437540e-09	-4.558471e+01	-3.575377e+02
2.000000e-08	-6.273725e-06	-5.435072e-09	-4.555473e+01	-3.574087e+02
3.000000e-08	-6.267648e-06	-5.433350e-09	-4.551060e+01	-3.572361e+02
4.000000e-08	-6.259642e-06	-5.431277e-09	-4.545247e+01	-3.570708e+02
5.000000e-08	-6.249486e-06	-5.427124e-09	-4.537873e+01	-3.569444e+02
6.000000e-08	-6.237023e-06	-5.423809e-09	-4.528823e+01	-3.568577e+02
7.000000e-08	-6.222284e-06	-5.417966e-09	-4.518121e+01	-3.567856e+02
8.000000e-08	-6.205290e-06	-5.420748e-09	-4.505781e+01	-3.566955e+02
9.000000e-08	-6.186148e-06	-5.452748e-09	-4.491882e+01	-3.565665e+02
1.000000e-07	-6.164745e-06	-5.455530e-09	-4.476341e+01	-3.563974e+02
1.100000e-07	-6.140853e-06	-5.415182e-09	-4.458992e+01	-3.561988e+02
1.200000e-07	-6.114525e-06	-5.404816e-09	-4.439875e+01	-3.559751e+02
1.300000e-07	-6.086130e-06	-5.394085e-09	-4.419257e+01	-3.557077e+02
1.400000e-07	-6.056042e-06	-5.346661e-09	-4.397409e+01	-3.553524e+02
1.500000e-07	-6.024341e-06	-5.395793e-09	-4.374391e+01	-3.548559e+02
1.600000e-07	-5.990754e-06	-5.438197e-09	-4.350003e+01	-3.541839e+02
1.700000e-07	-5.955144e-06	-5.345048e-09	-4.324146e+01	-3.533478e+02
1.800000e-07	-5.917623e-06	-5.383503e-09	-4.296901e+01	-3.524129e+02
1.900000e-07	-5.877965e-06	-5.378253e-09	-4.268104e+01	-3.514810e+02
2.000000e-07	-5.836110e-06	-5.319412e-09	-4.237712e+01	-3.506533e+02
2.100000e-07	-5.792081e-06	-5.385245e-09	-4.205742e+01	-3.499877e+02
2.200000e-07	-5.745881e-06	-5.375240e-09	-4.172195e+01	-3.494732e+02
2.300000e-07	-5.697442e-06	-5.356074e-09	-4.137023e+01	-3.490326e+02
2.400000e-07	-5.646458e-06	-5.339196e-09	-4.100002e+01	-3.485547e+02
2.500000e-07	-5.593064e-06	-5.305569e-09	-4.061232e+01	-3.479420e+02
2.600000e-07	-5.537575e-06	-5.307524e-09	-4.020941e+01	-3.471521e+02
2.700000e-07	-5.480037e-06	-5.294677e-09	-3.979161e+01	-3.462135e+02
2.800000e-07	-5.420428e-06	-5.286997e-09	-3.935878e+01	-3.452098e+02
2.900000e-07	-5.358847e-06	-5.268720e-09	-3.891163e+01	-3.442387e+02
3.000000e-07	-5.295374e-06	-5.243451e-09	-3.845073e+01	-3.433670e+02
3.100000e-07	-5.229942e-06	-5.235982e-09	-3.797562e+01	-3.426016e+02
3.200000e-07	-5.162421e-06	-5.227303e-09	-3.748534e+01	-3.418893e+02
3.300000e-07	-5.092891e-06	-5.228593e-09	-3.698046e+01	-3.411441e+02
3.400000e-07	-5.021630e-06	-5.198007e-09	-3.646303e+01	-3.402875e+02
3.500000e-07	-4.948637e-06	-5.177179e-09	-3.593301e+01	-3.392829e+02
3.600000e-07	-4.873666e-06	-5.172560e-09	-3.538863e+01	-3.381471e+02
3.700000e-07	-4.796635e-06	-5.149522e-09	-3.482930e+01	-3.369374e+02
3.800000e-07	-4.717645e-06	-5.134235e-09	-3.425573e+01	-3.357208e+02
3.900000e-07	-4.636815e-06	-5.108836e-09	-3.366881e+01	-3.345427e+02
4.000000e-07	-4.554357e-06	-5.090209e-09	-3.307007e+01	-3.334086e+02
4.100000e-07	-4.470449e-06	-5.075182e-09	-3.246080e+01	-3.322870e+02
4.200000e-07	-4.385165e-06	-5.062205e-09	-3.184153e+01	-3.311279e+02
4.300000e-07	-4.298496e-06	-5.048371e-09	-3.121221e+01	-3.298876e+02
4.400000e-07	-4.210316e-06	-5.019598e-09	-3.057192e+01	-3.285449e+02
4.500000e-07	-4.120575e-06	-4.989779e-09	-2.992029e+01	-3.271046e+02
4.600000e-07	-4.029337e-06	-4.958321e-09	-2.925780e+01	-3.255880e+02
4.700000e-07	-3.936724e-06	-4.937256e-09	-2.858532e+01	-3.240180e+02
4.800000e-07	-3.842778e-06	-4.919692e-09	-2.790316e+01	-3.224090e+02
4.900000e-07	-3.747413e-06	-4.898784e-09	-2.721069e+01	-3.207647e+02
5.000000e-07	-3.650658e-06	-4.869233e-09	-2.650814e+01	-3.190830e+02
5.100000e-07	-3.552530e-06	-4.835707e-09	-2.579561e+01	-3.173620e+02
5.200000e-07	-3.452997e-06	-4.807906e-09	-2.507288e+01	-3.156018e+02
5.300000e-07	-3.352163e-06	-4.780808e-09	-2.434071e+01	-3.138001e+02
5.400000e-07	-3.250228e-06	-4.752407e-09	-2.360053e+01	-3.119451e+02
5.500000e-07	-3.147160e-06	-4.719152e-09	-2.285214e+01	-3.100132e+02
5.600000e-07	-3.042837e-06	-4.683989e-09	-2.209463e+01	-3.079756e+02
5.700000e-07	-2.937393e-06	-4.648011e-09	-2.132898e+01	-3.058117e+02
5.800000e-07	-2.830855e-06	-4.614912e-09	-2.055539e+01	-3.035239e+02
5.900000e-07	-2.723162e-06	-4.582512e-09	-1.977341e+01	-3.011419e+02
6.000000e-07	-2.614417e-06	-4.548618e-09	-1.898379e+01	-2.987126e+02
6.100000e-07	-2.504828e-06	-4.511302e-09	-1.818804e+01	-2.962767e+02
6.200000e-07	-2.394351e-06	-4.473181e-09	-1.738585e+01	-2.938436e+02
6.300000e-07	-2.282908e-06	-4.435220e-09	-1.657664e+01	-2.913782e+02
6.400000e-07	-2.170585e-06	-4.391725e-09	-1.576104e+01	-2.888100e+02
6.500000e-07	-2.057398e-06	-4.343591e-09	-1.493917e+01	-2.860612e+02
6.600000e-07	-1.943408e-06	-4.294607e-09	-1.411146e+01	-2.830829e+02
6.700000e-07	-1.828680e-06	-4.246344e-09	-1.327840e+01	-2.798797e+02
6.800000e-07	-1.713200e-06	-4.196601e-09	-1.243988e+01	-2.765069e+02
6.900000e-07	-1.596945e-06	-4.148475e-09	-1.159573e+01	-2.730408e+02
7.000000e-07	-1.480055e-06	-4.097335e-09	-1.074696e+01	-2.695334e+02
7.100000e-07	-1.362749e-06	-4.038976e-09	-9.895187e+00	-2.659753e+02
7.200000e-07	-1.245123e-06	-3.976486e-09	-9.041076e+00	-2.622882e+02
7.300000e-07	-1.127123e-06	-3.912909e-09	-8.184255e+00	-2.583528e+02
7.400000e-07	-1.008717e-06	-3.847085e-09	-7.324489e+00	-2.540602e+02
7.500000e-07	-8.899344e-07	-3.775011e-09	-6.461986e+00	-2.493595e+02
7.600000e-07	-7.708621e-07	-3.698525e-09	-5.597379e+00	-2.442740e+02
7.700000e-07	-6.515416e-07	-3.617754e-09	-4.730970e+00	-2.388725e+02
7.800000e-07	-5.320109e-07	-3.531286e-09	-3.863034e+00	-2.332062e+02
7.900000e-07	-4.123186e-07	-3.437751e-09	-2.993925e+00	-2.272436e+02
8.000000e-07	-2.924699e-07	-3.336794e-09	-2.123680e+00	-2.208376e+02
8.100000e-07	-1.724665e-07	-3.225900e-09	-1.252312e+00	-2.137508e+02
8.200000e-07	-5.232922e-08	-3.102530e-09	-3.799726e-01	-2.057293e+02
8.300000e-07	6.786068e-08	-2.964227e-09	4.927495e-01	-1.965905e+02
8.400000e-07	1.880457e-07	-2.808135e-09	1.365436e+00	-1.862736e+02
8.500000e-07	3.081784e-07	-2.635091e-09	2.237743e+00	-1.748124e+02
8.600000e-07	4.282150e-07	-2.443907e-09	3.109352e+00	-1.622288e+02
8.700000e-07	5.481250e-07	-2.230217e-09	3.980041e+00	-1.483854e+02
8.800000e-07	6.678545e-07	-1.988213e-09	4.849421e+00	-1.328718e+02
8.900000e-07	7.874055e-07	-1.710809e-09	5.717504e+00	-1.149990e+02
9.000000e-07	9.067548e-07	-1.388085e-09	6.584122e+00	-9.394024e+01
9.100000e-07	1.025825e-06	-1.011440e-09	7.448712e+00	-6.899867e+01
9.200000e-07	1.144516e-06	-5.770346e-10	8.310553e+00	-3.992001e+01
9.300000e-07	1.262777e-06	-8.422220e-11	9.169268e+00	-7.134307e+00
9.400000e-07	1.380606e-06	4.551904e-10	1.002484e+01	2.817736e+01
9.500000e-07	1.497933e-06	1.014044e-09	1.087678e+01	6.424026e+01
9.600000e-07	1.614732e-06	1.551852e-09	1.172488e+01	9.903633e+01
9.700000e-07	1.730912e-06	2.030848e-09	1.256849e+01	1.307432e+02
9.800000e-07	1.846304e-06	2.435889e-09	1.340637e+01	1.581218e+02
9.900000e-07	1.960854e-06	2.769338e-09	1.423814e+01	1.807300e+02
1.000000e-06	2.074609e-06	3.040950e-09	1.506413e+01	1.989020e+02
1.010000e-06	2.187543e-06	3.265132e-09	1.588417e+01	2.135172e+02
1.020000e-06	2.299519e-06	3.454995e-09	1.669725e+01	2.256566e+02
1.030000e-06	2.410539e-06	3.619262e-09	1.750339e+01	2.362703e+02
1.040000e-06	2.520751e-06	3.766155e-09	1.830366e+01	2.459664e+02
1.050000e-06	2.630143e-06	3.900116e-09	1.909797e+01	2.549703e+02
1.060000e-06	2.738648e-06	4.021445e-09	1.988586e+01	2.632322e+02
1.070000e-06	2.846248e-06	4.129554e-09	2.066715e+01	2.706101e+02
1.080000e-06	2.952858e-06	4.227252e-09	2.144128e+01	2.770353e+02
1.090000e-06	3.058402e-06	4.314592e-09	2.220765e+01	2.825953e+02
1.100000e-06	3.162764e-06	4.392866e-09	2.296544e+01	2.875137e+02
1.110000e-06	3.265880e-06	4.463034e-09	2.371419e+01	2.920572e+02
1.120000e-06	3.367859e-06	4.528550e-09	2.445468e+01	2.964294e+02
1.130000e-06	3.468747e-06	4.593053e-09	2.518724e+01	3.007047e+02
1.140000e-06	3.568444e-06	4.651724e-09	2.591116e+01	3.048315e+02
1.150000e-06	3.666834e-06	4.704957e-09	2.662559e+01	3.086937e+02
1.160000e-06	3.763861e-06	4.753275e-09	2.733012e+01	3.121929e+02
1.170000e-06	3.859468e-06	4.799781e-09	2.802435e+01	3.153083e+02
1.180000e-06	3.953697e-06	4.844304e-09	2.870856e+01	3.181069e+02
1.190000e-06	4.046674e-06	4.884375e-09	2.938368e+01	3.207056e+02
1.200000e-06	4.138358e-06	4.921720e-09	3.004942e+01	3.232107e+02
1.210000e-06	4.228548e-06	4.955257e-09	3.070430e+01	3.256684e+02
1.220000e-06	4.317119e-06	4.986980e-09	3.134744e+01	3.280524e+02
1.230000e-06	4.404070e-06	5.015983e-09	3.197881e+01	3.302907e+02
1.240000e-06	4.489474e-06	5.043549e-09	3.259894e+01	3.323142e+02
1.250000e-06	4.573454e-06	5.070324e-09	3.320874e+01	3.340996e+02
1.260000e-06	4.655877e-06	5.095334e-09	3.380723e+01	3.356835e+02
1.270000e-06	4.736572e-06	5.119780e-09	3.439317e+01	3.371429e+02
1.280000e-06	4.815484e-06	5.140715e-09	3.496616e+01	3.385552e+02
1.290000e-06	4.892623e-06	5.159256e-09	3.552628e+01	3.399602e+02
1.300000e-06	4.967902e-06	5.177530e-09	3.607290e+01	3.413454e+02
1.310000e-06	5.041143e-06	5.195663e-09	3.660472e+01	3.426614e+02
1.320000e-06	5.112464e-06	5.213535e-09	3.712259e+01	3.438559e+02
1.330000e-06	5.182002e-06	5.230568e-09	3.762752e+01	3.449079e+02
1.340000e-06	5.249774e-06	5.246193e-09	3.811963e+01	3.458425e+02
1.350000e-06	5.315632e-06	5.260824e-09	3.859783e+01	3.467182e+02
1.360000e-06	5.379458e-06	5.275644e-09	3.906129e+01	3.475952e+02
1.370000e-06	5.441405e-06	5.291197e-09	3.951110e+01	3.485031e+02
1.380000e-06	5.501567e-06	5.306680e-09	3.994795e+01	3.494258e+02
1.390000e-06	5.559812e-06	5.319542e-09	4.037087e+01	3.503115e+02
1.400000e-06	5.616039e-06	5.330494e-09	4.077915e+01	3.511032e+02
1.410000e-06	5.670265e-06	5.341005e-09	4.117289e+01	3.517718e+02
1.420000e-06	5.722303e-06	5.351196e-09	4.155075e+01	3.523333e+02
1.430000e-06	5.771931e-06	5.362063e-09	4.191111e+01	3.528417e+02
1.440000e-06	5.819307e-06	5.372688e-09	4.225512e+01	3.533606e+02
1.450000e-06	5.864714e-06	5.382155e-09	4.258483e+01	3.539290e+02
1.460000e-06	5.908229e-06	5.391933e-09	4.290079e+01	3.545405e+02
1.470000e-06	5.949625e-06	5.402247e-09	4.320138e+01	3.551470e+02
1.480000e-06	5.988766e-06	5.410979e-09	4.348559e+01	3.556847e+02
1.490000e-06	6.025877e-06	5.417787e-09	4.375506e+01	3.561089e+02
1.500000e-06	6.060994e-06	5.424336e-09	4.401005e+01	3.564193e+02
1.510000e-06	6.093850e-06	5.430896e-09	4.424863e+01	3.566608e+02
1.520000e-06	6.124493e-06	5.436864e-09	4.447113e+01	3.569017e+02
1.530000e-06	6.153133e-06	5.442737e-09	4.467909e+01	3.571986e+02
1.540000e-06	6.179644e-06	5.449104e-09	4.487159e+01	3.575670e+02
1.550000e-06	6.203779e-06	5.456390e-09	4.504684e+01	3.579745e+02
1.560000e-06	6.225628e-06	5.462508e-09	4.520549e+01	3.583572e+02
1.570000e-06	6.245449e-06	5.468114e-09	4.534942e+01	3.586529e+02
1.580000e-06	6.263122e-06	5.474237e-09	4.547774e+01	3.588329e+02
1.590000e-06	6.278424e-06	5.477938e-09	4.558885e+01	3.589149e+02
1.600000e-06	6.291353e-06	5.480154e-09	4.568273e+01	3.589532e+02
1.610000e-06	6.301802e-06	5.482796e-09	4.575860e+01	3.590092e+02
1.620000e-06	6.309722e-06	5.485857e-09	4.581611e+01	3.591196e+02
1.630000e-06	6.315365e-06	5.488953e-09	4.585709e+01	3.592789e+02
1.640000e-06	6.318911e-06	5.490928e-09	4.588284e+01	3.594433e+02
1.650000e-06	6.320256e-06	5.493615e-09	4.589260e+01	3.595546e+02
1.660000e-06	6.319355e-06	5.494462e-09	4.588606e+01	3.595704e+02
1.670000e-06	6.316419e-06	5.491450e-09	4.586474e+01	3.594848e+02
1.680000e-06	6.311509e-06	5.491375e-09	4.582909e+01	3.593290e+02
1.690000e-06	6.304411e-06	5.490857e-09	4.577755e+01	3.591543e+02
1.700000e-06	6.295189e-06	5.490988e-09	4.571059e+01	3.590050e+02
1.710000e-06	6.283999e-06	5.493403e-09	4.562934e+01	3.588990e+02
1.720000e-06	6.270589e-06	5.499430e-09	4.553196e+01	3.588232e+02
1.730000e-06	6.254942e-06	5.491095e-09	4.541835e+01	3.587465e+02
1.740000e-06	6.237257e-06	5.444293e-09	4.528993e+01	3.586399e+02
1.750000e-06	6.217113e-06	5.444201e-09	4.514366e+01	3.584914e+02
1.760000e-06	6.193970e-06	5.476104e-09	4.497562e+01	3.583073e+02
1.770000e-06	6.168109e-06	5.473010e-09	4.478783e+01	3.580977e+02
1.780000e-06	6.140340e-06	5.506882e-09	4.458620e+01	3.578578e+02
1.790000e-06	6.111228e-06	5.518831e-09	4.437481e+01	3.575563e+02
1.800000e-06	6.080605e-06	5.421640e-09	4.415245e+01	3.571418e+02
1.810000e-06	6.047861e-06	5.449708e-09	4.391469e+01	3.565658e+02
1.820000e-06	6.012944e-06	5.436300e-09	4.366115e+01	3.558130e+02
1.830000e-06	5.976127e-06	5.375084e-09	4.339381e+01	3.549201e+02
1.840000e-06	5.937126e-06	5.450545e-09	4.311062e+01	3.539730e+02
1.850000e-06	5.895943e-06	5.357712e-09	4.281159e+01	3.530788e+02
1.860000e-06	5.852839e-06	5.313697e-09	4.249860e+01	3.523230e+02
1.870000e-06	5.807647e-06	5.345956e-09	4.217045e+01	3.517335e+02
1.880000e-06	5.760329e-06	5.288327e-09	4.182686e+01	3.512661e+02
1.890000e-06	5.710800e-06	5.341939e-09	4.146723e+01	3.508224e+02
1.900000e-06	5.658891e-06	5.318855e-09	4.109030e+01	3.502916e+02
1.910000e-06	5.604675e-06	5.293010e-09	4.069663e+01	3.495976e+02
1.920000e-06	5.548250e-06	5.314599e-09	4.028692e+01	3.487312e+02
1.930000e-06	5.489865e-06	5.251355e-09	3.986297e+01	3.477501e+02
1.940000e-06	5.429539e-06	5.281116e-09	3.942493e+01	3.467504e+02
1.950000e-06	5.367137e-06	5.263192e-09	3.897182e+01	3.458205e+02
1.960000e-06	5.302671e-06	5.243204e-09	3.850372e+01	3.450014e+02
1.970000e-06	5.236225e-06	5.231696e-09	3.802124e+01	3.442702e+02
1.980000e-06	5.167888e-06	5.194473e-09	3.752503e+01	3.435539e+02
1.990000e-06	5.097527e-06	5.216747e-09	3.701413e+01	3.427649e+02
2.000000e-06	5.025234e-06	5.181699e-09	3.648920e+01	3.418410e+02
2.010000e-06	4.951171e-06	5.184721e-09	3.595141e+01	3.407704e+02
2.020000e-06	4.875245e-06	5.176386e-09	3.540010e+01	3.395919e+02
2.030000e-06	4.797378e-06	5.140226e-09	3.483469e+01	3.383714e+02
2.040000e-06	4.717555e-06	5.129883e-09	3.425508e+01	3.371694e+02
2.050000e-06	4.636060e-06	5.098009e-09	3.366333e+01	3.360137e+02
2.060000e-06	4.553180e-06	5.092255e-09	3.306152e+01	3.348911e+02
2.070000e-06	4.468759e-06	5.065000e-09	3.244852e+01	3.337585e+02
2.080000e-06	4.382640e-06	5.050616e-09	3.182320e+01	3.325661e+02
2.090000e-06	4.294836e-06	5.043892e-09	3.118564e+01	3.312793e+02
2.100000e-06	4.205523e-06	5.027269e-09	3.053712e+01	3.298895e+02
2.110000e-06	4.114876e-06	5.008479e-09	2.987891e+01	3.284108e+02
2.120000e-06	4.022914e-06	4.973677e-09	2.921116e+01	3.268670e+02
2.130000e-06	3.929564e-06	4.950338e-09	2.853332e+01	3.252779e+02
2.140000e-06	3.834741e-06	4.922941e-09	2.784480e+01	3.236527e+02
2.150000e-06	3.738431e-06	4.899473e-09	2.714547e+01	3.219915e+02
2.160000e-06	3.640797e-06	4.876936e-09	2.643653e+01	3.202916e+02
2.170000e-06	3.541906e-06	4.857779e-09	2.571846e+01	3.185525e+02
2.180000e-06	3.441704e-06	4.835354e-09	2.499088e+01	3.167739e+02
2.190000e-06	3.340247e-06	4.801586e-09	2.425418e+01	3.149497e+02
2.200000e-06	3.237502e-06	4.770611e-09	2.350813e+01	3.130626e+02
2.210000e-06	3.133517e-06	4.746462e-09	2.275307e+01	3.110852e+02
2.220000e-06	3.028385e-06	4.721794e-09	2.198969e+01	3.089905e+02
2.230000e-06	2.922239e-06	4.685008e-09	2.121894e+01	3.067671e+02
2.240000e-06	2.815091e-06	4.644473e-09	2.044092e+01	3.044305e+02
2.250000e-06	2.706920e-06	4.606038e-09	1.965547e+01	3.020206e+02
2.260000e-06	2.597876e-06	4.569414e-09	1.886368e+01	2.995847e+02
2.270000e-06	2.487911e-06	4.534394e-09	1.806521e+01	2.971516e+02
2.280000e-06	2.376974e-06	4.504635e-09	1.725967e+01	2.947106e+02
2.290000e-06	2.265073e-06	4.469979e-09	1.644713e+01	2.922076e+02
2.300000e-06	2.152315e-06	4.424179e-09	1.562837e+01	2.895643e+02
2.310000e-06	2.038823e-06	4.375940e-09	1.480429e+01	2.867122e+02
2.320000e-06	1.924598e-06	4.331668e-09	1.397488e+01	2.836256e+02
2.330000e-06	1.809571e-06	4.286568e-09	1.313965e+01	2.803345e+02
2.340000e-06	1.693805e-06	4.235766e-09	1.229905e+01	2.769094e+02
2.350000e-06	1.577451e-06	4.183498e-09	1.145418e+01	2.734210e+02
2.360000e-06	1.460541e-06	4.131251e-09	1.060527e+01	2.698957e+02
2.370000e-06	1.343074e-06	4.076225e-09	9.752323e+00	2.662911e+02
2.380000e-06	1.225091e-06	4.016438e-09	8.895621e+00	2.625043e+02
2.390000e-06	1.106675e-06	3.951952e-09	8.035783e+00	2.584140e+02
2.400000e-06	9.878922e-07	3.883492e-09	7.173277e+00	2.539337e+02
2.410000e-06	8.687326e-07	3.812564e-09	6.308036e+00	2.490476e+02
2.420000e-06	7.492651e-07	3.739305e-09	5.440559e+00	2.438063e+02
2.430000e-06	6.295377e-07	3.662168e-09	4.571195e+00	2.382793e+02
2.440000e-06	5.095413e-07	3.576292e-09	3.699878e+00	2.324863e+02
2.450000e-06	3.893673e-07	3.476482e-09	2.827271e+00	2.263430e+02
2.460000e-06	2.690213e-07	3.365119e-09	1.953416e+00	2.196537e+02
2.470000e-06	1.485127e-07	3.246718e-09	1.078380e+00	2.121621e+02
2.480000e-06	2.788233e-08	3.121085e-09	2.024590e-01	2.036377e+02
2.490000e-06	-9.274435e-08	2.982464e-09	-6.734347e-01	1.939522e+02
2.500000e-06	-2.132825e-07	2.823828e-09	-1.548685e+00	1.830973e+02
2.510000e-06	-3.337326e-07	2.644830e-09	-2.423297e+00	1.711186e+02
2.520000e-06	-4.540776e-07	2.442962e-09	-3.297145e+00	1.579821e+02
2.530000e-06	-5.743055e-07	2.215816e-09	-4.170144e+00	1.434328e+02
2.540000e-06	-6.943289e-07	1.958189e-09	-5.041656e+00	1.269230e+02
2.550000e-06	-8.140872e-07	1.661694e-09	-5.911245e+00	1.076733e+02
2.560000e-06	-9.335359e-07	1.316339e-09	-6.778585e+00	8.487877e+01
2.570000e-06	-1.052566e-06	9.151835e-10	-7.642885e+00	5.801062e+01
2.580000e-06	-1.171125e-06	4.558163e-10	-8.503766e+00	2.711089e+01
2.590000e-06	-1.289206e-06	-6.203116e-11	-9.361174e+00	-7.036641e+00
2.600000e-06	-1.406794e-06	-6.205393e-10	-1.021501e+01	-4.294231e+01
2.610000e-06	-1.523807e-06	-1.183511e-09	-1.106466e+01	-7.866638e+01
2.620000e-06	-1.640098e-06	-1.707967e-09	-1.190907e+01	-1.122268e+02
2.630000e-06	-1.755630e-06	-2.161086e-09	-1.274797e+01	-1.420321e+02
2.640000e-06	-1.870386e-06	-2.535549e-09	-1.358123e+01	-1.672005e+02
2.650000e-06	-1.984286e-06	-2.839948e-09	-1.440828e+01	-1.876670e+02
2.660000e-06	-2.097317e-06	-3.091065e-09	-1.522903e+01	-2.040574e+02
2.670000e-06	-2.209525e-06	-3.305609e-09	-1.604379e+01	-2.173898e+02
2.680000e-06	-2.320820e-06	-3.489206e-09	-1.685192e+01	-2.287203e+02
2.690000e-06	-2.431184e-06	-3.646859e-09	-1.765330e+01	-2.388565e+02
2.700000e-06	-2.540708e-06	-3.787248e-09	-1.844857e+01	-2.482236e+02
2.710000e-06	-2.649331e-06	-3.917417e-09	-1.923731e+01	-2.568992e+02
2.720000e-06	-2.757010e-06	-4.035724e-09	-2.001919e+01	-2.647670e+02
2.730000e-06	-2.863791e-06	-4.138631e-09	-2.079454e+01	-2.717022e+02
2.740000e-06	-2.969677e-06	-4.228569e-09	-2.156340e+01	-2.777049e+02
2.750000e-06	-3.074567e-06	-4.310040e-09	-2.232503e+01	-2.829339e+02
2.760000e-06	-3.178289e-06	-4.385853e-09	-2.307817e+01	-2.876465e+02
2.770000e-06	-3.280766e-06	-4.456304e-09	-2.382227e+01	-2.920922e+02
2.780000e-06	-3.382026e-06	-4.523107e-09	-2.455754e+01	-2.964186e+02
2.790000e-06	-3.482015e-06	-4.587554e-09	-2.528358e+01	-3.006370e+02
2.800000e-06	-3.580750e-06	-4.648259e-09	-2.600052e+01	-3.046561e+02
2.810000e-06	-3.678330e-06	-4.704547e-09	-2.670906e+01	-3.083581e+02
2.820000e-06	-3.774786e-06	-4.757727e-09	-2.740945e+01	-3.116759e+02
2.830000e-06	-3.869991e-06	-4.807560e-09	-2.810075e+01	-3.146314e+02
2.840000e-06	-3.963781e-06	-4.853755e-09	-2.878178e+01	-3.173218e+02
2.850000e-06	-4.056144e-06	-4.896844e-09	-2.945245e+01	-3.198666e+02
2.860000e-06	-4.147038e-06	-4.936634e-09	-3.011245e+01	-3.223484e+02
2.870000e-06	-4.236474e-06	-4.975335e-09	-3.076185e+01	-3.247788e+02
2.880000e-06	-4.324458e-06	-5.012220e-09	-3.140073e+01	-3.271051e+02
2.890000e-06	-4.410765e-06	-5.045400e-09	-3.202742e+01	-3.292501e+02
2.900000e-06	-4.495365e-06	-5.075049e-09	-3.264172e+01	-3.311622e+02
2.910000e-06	-4.578479e-06	-5.102738e-09	-3.324522e+01	-3.328461e+02
2.920000e-06	-4.660079e-06	-5.129999e-09	-3.383774e+01	-3.343615e+02
2.930000e-06	-4.739984e-06	-5.155729e-09	-3.441794e+01	-3.357910e+02
2.940000e-06	-4.817991e-06	-5.179063e-09	-3.498436e+01	-3.371980e+02
2.950000e-06	-4.894002e-06	-5.200303e-09	-3.553630e+01	-3.385981e+02
2.960000e-06	-4.968098e-06	-5.219374e-09	-3.607432e+01	-3.399584e+02
2.970000e-06	-5.040356e-06	-5.237039e-09	-3.659900e+01	-3.412231e+02
2.980000e-06	-5.110700e-06	-5.253757e-09	-3.710978e+01	-3.423512e+02
2.990000e-06	-5.179059e-06	-5.269867e-09	-3.760615e+01	-3.433429e+02
3.000000e-06	-5.245560e-06	-5.284958e-09	-3.808903e+01	-3.442418e+02
3.010000e-06	-5.310321e-06	-5.298137e-09	-3.855927e+01	-3.451117e+02
3.020000e-06	-5.373184e-06	-5.311057e-09	-3.901573e+01	-3.460020e+02
3.030000e-06	-5.433993e-06	-5.323216e-09	-3.945728e+01	-3.469214e+02
3.040000e-06	-5.492875e-06	-5.334130e-09	-3.988483e+01	-3.478344e+02
3.050000e-06	-5.549908e-06	-5.344547e-09	-4.029896e+01	-3.486824e+02
3.060000e-06	-5.605062e-06	-5.355190e-09	-4.069944e+01	-3.494179e+02
3.070000e-06	-5.658036e-06	-5.364742e-09	-4.108410e+01	-3.500319e+02
3.080000e-06	-5.708613e-06	-5.372014e-09	-4.145134e+01	-3.505606e+02
3.090000e-06	-5.756802e-06	-5.378554e-09	-4.180126e+01	-3.510666e+02
3.100000e-06	-5.802832e-06	-5.385808e-09	-4.213549e+01	-3.516061e+02
3.110000e-06	-5.847064e-06	-5.393307e-09	-4.245667e+01	-3.521981e+02
3.120000e-06	-5.889462e-06	-5.399476e-09	-4.276453e+01	-3.528149e+02
3.130000e-06	-5.929857e-06	-5.405393e-09	-4.305784e+01	-3.533969e+02
3.140000e-06	-5.968122e-06	-5.410416e-09	-4.333569e+01	-3.538851e+02
3.150000e-06	-6.004236e-06	-5.414302e-09	-4.359792e+01	-3.542534e+02
3.160000e-06	-6.038262e-06	-5.418008e-09	-4.384499e+01	-3.545239e+02
3.170000e-06	-6.070198e-06	-5.421143e-09	-4.407688e+01	-3.547565e+02
3.180000e-06	-6.099862e-06	-5.425466e-09	-4.429228e+01	-3.550182e+02
3.190000e-06	-6.127289e-06	-5.429089e-09	-4.449143e+01	-3.553493e+02
3.200000e-06	-6.152632e-06	-5.432137e-09	-4.467545e+01	-3.557424e+02
3.210000e-06	-6.175763e-06	-5.434891e-09	-4.484341e+01	-3.561469e+02
3.220000e-06	-6.196539e-06	-5.436999e-09	-4.499427e+01	-3.564954e+02
3.230000e-06	-6.215063e-06	-5.437787e-09	-4.512877e+01	-3.567381e+02
3.240000e-06	-6.231441e-06	-5.437838e-09	-4.524770e+01	-3.568676e+02
3.250000e-06	-6.245438e-06	-5.438565e-09	-4.534934e+01	-3.569213e+02
3.260000e-06	-6.256928e-06	-5.439856e-09	-4.543276e+01	-3.569609e+02
3.270000e-06	-6.266110e-06	-5.441754e-09	-4.549944e+01	-3.570398e+02
3.280000e-06	-6.273080e-06	-5.443115e-09	-4.555005e+01	-3.571763e+02
3.290000e-06	-6.277753e-06	-5.443314e-09	-4.558398e+01	-3.573449e+02
3.300000e-06	-6.280222e-06	-5.442090e-09	-4.560191e+01	-3.574914e+02
3.310000e-06	-6.280585e-06	-5.440524e-09	-4.560454e+01	-3.575617e+02
