# Temperatura_=_20.0
# Concentracion g/m^3_=_6200.0
# C_Vs_to_Am_M_A/Vsm_=_65563218390.804596
# pendiente_HvsI_1/m_=_3716.3
# ordenada_HvsI_A/m_=_1297.0
# frecuencia_Hz_=_301527.5262823266

Tiempo_(s)	Campo_(V.s)	Magnetizacion_(V.s)	Campo_(kA/m)	Magnetizacion_(A/m)
0.000000e+00	-4.647565e-06	-2.857802e-09	-3.466349e+01	-1.879636e+02
1.000000e-08	-4.646063e-06	-2.862367e-09	-3.465228e+01	-1.879842e+02
2.000000e-08	-4.642838e-06	-2.863077e-09	-3.462823e+01	-1.879600e+02
3.000000e-08	-4.638156e-06	-2.863747e-09	-3.459331e+01	-1.878977e+02
4.000000e-08	-4.632127e-06	-2.864283e-09	-3.454835e+01	-1.878126e+02
5.000000e-08	-4.624750e-06	-2.862030e-09	-3.449332e+01	-1.877234e+02
6.000000e-08	-4.615839e-06	-2.855806e-09	-3.442686e+01	-1.876467e+02
7.000000e-08	-4.605084e-06	-2.839047e-09	-3.434665e+01	-1.875922e+02
8.000000e-08	-4.592553e-06	-2.829156e-09	-3.425319e+01	-1.875605e+02
9.000000e-08	-4.578062e-06	-2.892352e-09	-3.414511e+01	-1.875430e+02
1.000000e-07	-4.561295e-06	-2.909109e-09	-3.402005e+01	-1.875246e+02
1.100000e-07	-4.542626e-06	-2.877707e-09	-3.388081e+01	-1.874880e+02
1.200000e-07	-4.522552e-06	-2.857278e-09	-3.373109e+01	-1.874171e+02
1.300000e-07	-4.501349e-06	-2.743432e-09	-3.357295e+01	-1.873014e+02
1.400000e-07	-4.479034e-06	-2.851062e-09	-3.340651e+01	-1.871381e+02
1.500000e-07	-4.455398e-06	-2.954926e-09	-3.323023e+01	-1.869325e+02
1.600000e-07	-4.430441e-06	-2.739057e-09	-3.304409e+01	-1.866971e+02
1.700000e-07	-4.403981e-06	-2.842387e-09	-3.284674e+01	-1.864491e+02
1.800000e-07	-4.375711e-06	-2.919325e-09	-3.263589e+01	-1.862063e+02
1.900000e-07	-4.345901e-06	-2.715340e-09	-3.241356e+01	-1.859825e+02
2.000000e-07	-4.314796e-06	-2.856278e-09	-3.218156e+01	-1.857832e+02
2.100000e-07	-4.282146e-06	-2.900109e-09	-3.193804e+01	-1.856032e+02
2.200000e-07	-4.247752e-06	-2.744676e-09	-3.168152e+01	-1.854265e+02
2.300000e-07	-4.211865e-06	-2.860139e-09	-3.141386e+01	-1.852303e+02
2.400000e-07	-4.174520e-06	-2.850580e-09	-3.113532e+01	-1.849909e+02
2.500000e-07	-4.135663e-06	-2.766848e-09	-3.084551e+01	-1.846914e+02
2.600000e-07	-4.095321e-06	-2.840303e-09	-3.054462e+01	-1.843275e+02
2.700000e-07	-4.053232e-06	-2.787903e-09	-3.023071e+01	-1.839103e+02
2.800000e-07	-4.009580e-06	-2.769035e-09	-2.990513e+01	-1.834626e+02
2.900000e-07	-3.964531e-06	-2.801098e-09	-2.956913e+01	-1.830124e+02
3.000000e-07	-3.918035e-06	-2.768671e-09	-2.922235e+01	-1.825816e+02
3.100000e-07	-3.870086e-06	-2.783970e-09	-2.886473e+01	-1.821782e+02
3.200000e-07	-3.820305e-06	-2.809613e-09	-2.849344e+01	-1.817923e+02
3.300000e-07	-3.768697e-06	-2.776325e-09	-2.810852e+01	-1.813988e+02
3.400000e-07	-3.715602e-06	-2.729073e-09	-2.771251e+01	-1.809667e+02
3.500000e-07	-3.661224e-06	-2.754485e-09	-2.730694e+01	-1.804720e+02
3.600000e-07	-3.605765e-06	-2.760870e-09	-2.689331e+01	-1.799068e+02
3.700000e-07	-3.549121e-06	-2.711121e-09	-2.647083e+01	-1.792842e+02
3.800000e-07	-3.490969e-06	-2.716922e-09	-2.603711e+01	-1.786328e+02
3.900000e-07	-3.431412e-06	-2.714196e-09	-2.559291e+01	-1.779859e+02
4.000000e-07	-3.370749e-06	-2.698408e-09	-2.514046e+01	-1.773670e+02
4.100000e-07	-3.308986e-06	-2.693144e-09	-2.467980e+01	-1.767795e+02
4.200000e-07	-3.246115e-06	-2.678805e-09	-2.421089e+01	-1.762045e+02
4.300000e-07	-3.182253e-06	-2.694230e-09	-2.373458e+01	-1.756080e+02
4.400000e-07	-3.117176e-06	-2.683723e-09	-2.324920e+01	-1.749550e+02
4.500000e-07	-3.050638e-06	-2.639400e-09	-2.275293e+01	-1.742246e+02
4.600000e-07	-2.982971e-06	-2.630973e-09	-2.224825e+01	-1.734187e+02
4.700000e-07	-2.914476e-06	-2.636378e-09	-2.173738e+01	-1.725614e+02
4.800000e-07	-2.845114e-06	-2.616514e-09	-2.122005e+01	-1.716877e+02
4.900000e-07	-2.774750e-06	-2.584855e-09	-2.069525e+01	-1.708276e+02
5.000000e-07	-2.703411e-06	-2.588584e-09	-2.016318e+01	-1.699914e+02
5.100000e-07	-2.631210e-06	-2.587970e-09	-1.962467e+01	-1.691637e+02
5.200000e-07	-2.557945e-06	-2.556373e-09	-1.907823e+01	-1.683096e+02
5.300000e-07	-2.483389e-06	-2.540762e-09	-1.852215e+01	-1.673892e+02
5.400000e-07	-2.407713e-06	-2.537199e-09	-1.795773e+01	-1.663756e+02
5.500000e-07	-2.331118e-06	-2.524072e-09	-1.738646e+01	-1.652675e+02
5.600000e-07	-2.253637e-06	-2.492207e-09	-1.680857e+01	-1.640906e+02
5.700000e-07	-2.175151e-06	-2.472145e-09	-1.622319e+01	-1.628865e+02
5.800000e-07	-2.095588e-06	-2.462720e-09	-1.562977e+01	-1.616948e+02
5.900000e-07	-2.015123e-06	-2.442481e-09	-1.502963e+01	-1.605349e+02
6.000000e-07	-1.933968e-06	-2.422485e-09	-1.442434e+01	-1.593974e+02
6.100000e-07	-1.852104e-06	-2.408209e-09	-1.381377e+01	-1.582471e+02
6.200000e-07	-1.769531e-06	-2.389802e-09	-1.319791e+01	-1.570382e+02
6.300000e-07	-1.686417e-06	-2.363283e-09	-1.257801e+01	-1.557338e+02
6.400000e-07	-1.602833e-06	-2.344074e-09	-1.195460e+01	-1.543205e+02
6.500000e-07	-1.518838e-06	-2.324765e-09	-1.132813e+01	-1.528123e+02
6.600000e-07	-1.434515e-06	-2.295043e-09	-1.069921e+01	-1.512417e+02
6.700000e-07	-1.349803e-06	-2.266484e-09	-1.006739e+01	-1.496417e+02
6.800000e-07	-1.264604e-06	-2.247160e-09	-9.431948e+00	-1.480285e+02
6.900000e-07	-1.178993e-06	-2.225061e-09	-8.793421e+00	-1.463918e+02
7.000000e-07	-1.093042e-06	-2.196931e-09	-8.152369e+00	-1.446983e+02
7.100000e-07	-1.006676e-06	-2.168410e-09	-7.508211e+00	-1.429056e+02
7.200000e-07	-9.199141e-07	-2.136777e-09	-6.861105e+00	-1.409813e+02
7.300000e-07	-8.329507e-07	-2.102196e-09	-6.212496e+00	-1.389162e+02
7.400000e-07	-7.457902e-07	-2.068214e-09	-5.562416e+00	-1.367271e+02
7.500000e-07	-6.583893e-07	-2.036688e-09	-4.910544e+00	-1.344460e+02
7.600000e-07	-5.708365e-07	-2.000041e-09	-4.257538e+00	-1.321024e+02
7.700000e-07	-4.831323e-07	-1.959504e-09	-3.603403e+00	-1.297057e+02
7.800000e-07	-3.952794e-07	-1.920563e-09	-2.948160e+00	-1.272367e+02
7.900000e-07	-3.073351e-07	-1.882690e-09	-2.292234e+00	-1.246521e+02
8.000000e-07	-2.193278e-07	-1.841011e-09	-1.635839e+00	-1.218992e+02
8.100000e-07	-1.312851e-07	-1.796739e-09	-9.791791e-01	-1.189335e+02
8.200000e-07	-4.320361e-08	-1.752287e-09	-3.222307e-01	-1.157311e+02
8.300000e-07	4.493049e-08	-1.702521e-09	3.351105e-01	-1.122889e+02
8.400000e-07	1.330558e-07	-1.644810e-09	9.923856e-01	-1.086141e+02
8.500000e-07	2.210907e-07	-1.582072e-09	1.648987e+00	-1.047072e+02
8.600000e-07	3.090489e-07	-1.518596e-09	2.305017e+00	-1.005489e+02
8.700000e-07	3.969699e-07	-1.450503e-09	2.960768e+00	-9.609512e+01
8.800000e-07	4.848314e-07	-1.378090e-09	3.616076e+00	-9.128495e+01
8.900000e-07	5.725987e-07	-1.302253e-09	4.270681e+00	-8.605344e+01
9.000000e-07	6.602319e-07	-1.219005e-09	4.924287e+00	-8.034276e+01
9.100000e-07	7.476494e-07	-1.125051e-09	5.576283e+00	-7.410287e+01
9.200000e-07	8.348175e-07	-1.019803e-09	6.226419e+00	-6.727945e+01
9.300000e-07	9.217611e-07	-9.038078e-10	6.874881e+00	-5.979487e+01
9.400000e-07	1.008412e-06	-7.741074e-10	7.521162e+00	-5.153370e+01
9.500000e-07	1.094690e-06	-6.321643e-10	8.164654e+00	-4.234601e+01
9.600000e-07	1.180608e-06	-4.755272e-10	8.805469e+00	-3.207597e+01
9.700000e-07	1.266136e-06	-3.013602e-10	9.443372e+00	-2.061332e+01
9.800000e-07	1.351182e-06	-1.096342e-10	1.007768e+01	-7.953867e+00
9.900000e-07	1.435735e-06	9.732151e-11	1.070831e+01	5.751645e+00
1.000000e-06	1.519878e-06	3.161651e-10	1.133589e+01	2.018082e+01
1.010000e-06	1.603626e-06	5.392769e-10	1.196052e+01	3.486664e+01
1.020000e-06	1.686836e-06	7.567177e-10	1.258113e+01	4.926603e+01
1.030000e-06	1.769391e-06	9.608325e-10	1.319686e+01	6.285318e+01
1.040000e-06	1.851194e-06	1.144302e-09	1.380698e+01	7.521214e+01
1.050000e-06	1.932249e-06	1.306254e-09	1.441153e+01	8.610255e+01
1.060000e-06	2.012692e-06	1.445611e-09	1.501150e+01	9.548123e+01
1.070000e-06	2.092413e-06	1.565824e-09	1.560609e+01	1.034765e+02
1.080000e-06	2.171281e-06	1.671633e-09	1.619432e+01	1.103272e+02
1.090000e-06	2.249368e-06	1.763644e-09	1.677673e+01	1.163067e+02
1.100000e-06	2.326700e-06	1.844392e-09	1.735351e+01	1.216572e+02
1.110000e-06	2.403211e-06	1.914481e-09	1.792416e+01	1.265486e+02
1.120000e-06	2.478889e-06	1.979549e-09	1.848860e+01	1.310707e+02
1.130000e-06	2.553575e-06	2.040267e-09	1.904563e+01	1.352512e+02
1.140000e-06	2.627023e-06	2.096976e-09	1.959344e+01	1.390880e+02
1.150000e-06	2.699354e-06	2.149811e-09	2.013291e+01	1.425799e+02
1.160000e-06	2.770817e-06	2.199110e-09	2.066591e+01	1.457449e+02
1.170000e-06	2.841363e-06	2.244728e-09	2.119208e+01	1.486240e+02
1.180000e-06	2.910883e-06	2.285459e-09	2.171059e+01	1.512706e+02
1.190000e-06	2.979414e-06	2.322918e-09	2.222172e+01	1.537365e+02
1.200000e-06	3.047096e-06	2.357100e-09	2.272652e+01	1.560590e+02
1.210000e-06	3.113715e-06	2.389086e-09	2.322339e+01	1.582559e+02
1.220000e-06	3.178941e-06	2.420377e-09	2.370988e+01	1.603285e+02
1.230000e-06	3.242940e-06	2.450915e-09	2.418721e+01	1.622692e+02
1.240000e-06	3.305881e-06	2.479237e-09	2.465665e+01	1.640708e+02
1.250000e-06	3.367719e-06	2.506225e-09	2.511786e+01	1.657323e+02
1.260000e-06	3.428440e-06	2.531565e-09	2.557074e+01	1.672609e+02
1.270000e-06	3.488178e-06	2.554675e-09	2.601630e+01	1.686704e+02
1.280000e-06	3.546677e-06	2.575135e-09	2.645260e+01	1.699777e+02
1.290000e-06	3.603602e-06	2.593919e-09	2.687717e+01	1.711996e+02
1.300000e-06	3.659143e-06	2.612767e-09	2.729143e+01	1.723503e+02
1.310000e-06	3.713383e-06	2.631821e-09	2.769597e+01	1.734402e+02
1.320000e-06	3.766263e-06	2.649908e-09	2.809037e+01	1.744757e+02
1.330000e-06	3.817677e-06	2.665959e-09	2.847383e+01	1.754586e+02
1.340000e-06	3.867372e-06	2.680521e-09	2.884448e+01	1.763873e+02
1.350000e-06	3.915447e-06	2.694670e-09	2.920305e+01	1.772577e+02
1.360000e-06	3.962123e-06	2.707947e-09	2.955117e+01	1.780661e+02
1.370000e-06	4.007425e-06	2.721074e-09	2.988906e+01	1.788123e+02
1.380000e-06	4.051468e-06	2.732971e-09	3.021755e+01	1.795024e+02
1.390000e-06	4.094111e-06	2.743638e-09	3.053560e+01	1.801491e+02
1.400000e-06	4.135079e-06	2.753821e-09	3.084116e+01	1.807698e+02
1.410000e-06	4.174543e-06	2.763391e-09	3.113549e+01	1.813809e+02
1.420000e-06	4.212641e-06	2.772889e-09	3.141965e+01	1.819922e+02
1.430000e-06	4.249356e-06	2.782499e-09	3.169348e+01	1.826022e+02
1.440000e-06	4.284730e-06	2.791154e-09	3.195731e+01	1.831975e+02
1.450000e-06	4.318430e-06	2.800663e-09	3.220866e+01	1.837566e+02
1.460000e-06	4.350463e-06	2.811136e-09	3.244758e+01	1.842574e+02
1.470000e-06	4.381121e-06	2.818958e-09	3.267624e+01	1.846862e+02
1.480000e-06	4.410377e-06	2.823550e-09	3.289444e+01	1.850428e+02
1.490000e-06	4.438261e-06	2.827335e-09	3.310241e+01	1.853419e+02
1.500000e-06	4.464442e-06	2.831884e-09	3.329768e+01	1.856087e+02
1.510000e-06	4.488775e-06	2.837589e-09	3.347917e+01	1.858698e+02
1.520000e-06	4.511546e-06	2.842896e-09	3.364900e+01	1.861443e+02
1.530000e-06	4.532826e-06	2.847559e-09	3.380771e+01	1.864375e+02
1.540000e-06	4.552687e-06	2.851953e-09	3.395585e+01	1.867398e+02
1.550000e-06	4.571022e-06	2.856931e-09	3.409260e+01	1.870310e+02
1.560000e-06	4.587592e-06	2.861500e-09	3.421618e+01	1.872890e+02
1.570000e-06	4.602397e-06	2.863944e-09	3.432661e+01	1.874980e+02
1.580000e-06	4.615536e-06	2.866830e-09	3.442460e+01	1.876542e+02
1.590000e-06	4.626865e-06	2.870330e-09	3.450910e+01	1.877670e+02
1.600000e-06	4.636206e-06	2.872130e-09	3.457877e+01	1.878544e+02
1.610000e-06	4.643776e-06	2.871924e-09	3.463523e+01	1.879357e+02
1.620000e-06	4.649742e-06	2.872884e-09	3.467973e+01	1.880244e+02
1.630000e-06	4.654223e-06	2.876806e-09	3.471315e+01	1.881232e+02
1.640000e-06	4.657178e-06	2.880256e-09	3.473519e+01	1.882237e+02
1.650000e-06	4.658319e-06	2.883672e-09	3.474370e+01	1.883100e+02
1.660000e-06	4.657771e-06	2.883640e-09	3.473961e+01	1.883652e+02
1.670000e-06	4.655763e-06	2.880618e-09	3.472463e+01	1.883779e+02
1.680000e-06	4.652396e-06	2.880456e-09	3.469952e+01	1.883462e+02
1.690000e-06	4.647606e-06	2.876685e-09	3.466379e+01	1.882787e+02
1.700000e-06	4.641069e-06	2.873855e-09	3.461504e+01	1.881916e+02
1.710000e-06	4.632942e-06	2.873924e-09	3.455443e+01	1.881037e+02
1.720000e-06	4.623532e-06	2.883034e-09	3.448424e+01	1.880306e+02
1.730000e-06	4.612759e-06	2.911266e-09	3.440389e+01	1.879805e+02
1.740000e-06	4.600403e-06	2.849921e-09	3.431173e+01	1.879523e+02
1.750000e-06	4.585887e-06	2.804234e-09	3.420347e+01	1.879360e+02
1.760000e-06	4.568875e-06	2.832438e-09	3.407659e+01	1.879158e+02
1.770000e-06	4.549832e-06	2.851296e-09	3.393456e+01	1.878742e+02
1.780000e-06	4.529591e-06	2.977338e-09	3.378359e+01	1.877960e+02
1.790000e-06	4.508822e-06	2.856515e-09	3.362868e+01	1.876720e+02
1.800000e-06	4.486916e-06	2.741648e-09	3.346530e+01	1.875006e+02
1.810000e-06	4.462861e-06	2.981543e-09	3.328589e+01	1.872887e+02
1.820000e-06	4.437202e-06	2.843484e-09	3.309452e+01	1.870498e+02
1.830000e-06	4.410449e-06	2.744747e-09	3.289498e+01	1.868016e+02
1.840000e-06	4.381859e-06	2.993241e-09	3.268174e+01	1.865615e+02
1.850000e-06	4.351314e-06	2.823383e-09	3.245392e+01	1.863421e+02
1.860000e-06	4.319316e-06	2.750027e-09	3.221527e+01	1.861471e+02
1.870000e-06	4.285860e-06	2.929493e-09	3.196574e+01	1.859692e+02
1.880000e-06	4.251059e-06	2.753492e-09	3.170618e+01	1.857909e+02
1.890000e-06	4.214818e-06	2.814736e-09	3.143588e+01	1.855888e+02
1.900000e-06	4.176720e-06	2.892789e-09	3.115173e+01	1.853397e+02
1.910000e-06	4.136943e-06	2.735952e-09	3.085506e+01	1.850287e+02
1.920000e-06	4.095671e-06	2.881782e-09	3.054723e+01	1.846542e+02
1.930000e-06	4.053061e-06	2.811311e-09	3.022943e+01	1.842297e+02
1.940000e-06	4.009341e-06	2.740685e-09	2.990334e+01	1.837798e+02
1.950000e-06	3.964138e-06	2.877460e-09	2.956620e+01	1.833318e+02
1.960000e-06	3.917385e-06	2.757343e-09	2.921750e+01	1.829059e+02
1.970000e-06	3.869178e-06	2.743893e-09	2.885796e+01	1.825071e+02
1.980000e-06	3.819490e-06	2.778406e-09	2.848736e+01	1.821221e+02
1.990000e-06	3.768415e-06	2.764576e-09	2.810642e+01	1.817240e+02
2.000000e-06	3.715780e-06	2.783908e-09	2.771385e+01	1.812823e+02
2.010000e-06	3.661504e-06	2.709683e-09	2.730903e+01	1.807751e+02
2.020000e-06	3.605766e-06	2.779048e-09	2.689332e+01	1.801983e+02
2.030000e-06	3.548789e-06	2.752392e-09	2.646835e+01	1.795682e+02
2.040000e-06	3.490572e-06	2.686260e-09	2.603415e+01	1.789154e+02
2.050000e-06	3.431224e-06	2.745787e-09	2.559151e+01	1.782724e+02
2.060000e-06	3.370940e-06	2.714265e-09	2.514189e+01	1.776597e+02
2.070000e-06	3.309356e-06	2.727633e-09	2.468256e+01	1.770765e+02
2.080000e-06	3.246262e-06	2.654520e-09	2.421198e+01	1.765005e+02
2.090000e-06	3.182014e-06	2.648175e-09	2.373279e+01	1.758963e+02
2.100000e-06	3.116708e-06	2.723596e-09	2.324572e+01	1.752306e+02
2.110000e-06	3.050342e-06	2.650394e-09	2.275073e+01	1.744860e+02
2.120000e-06	2.983010e-06	2.635659e-09	2.224854e+01	1.736688e+02
2.130000e-06	2.914754e-06	2.635841e-09	2.173946e+01	1.728060e+02
2.140000e-06	2.845307e-06	2.646861e-09	2.122150e+01	1.719331e+02
2.150000e-06	2.774481e-06	2.612598e-09	2.069324e+01	1.710773e+02
2.160000e-06	2.702606e-06	2.573111e-09	2.015717e+01	1.702445e+02
2.170000e-06	2.629859e-06	2.616026e-09	1.961459e+01	1.694152e+02
2.180000e-06	2.556274e-06	2.585112e-09	1.906576e+01	1.685522e+02
2.190000e-06	2.481796e-06	2.546201e-09	1.851028e+01	1.676166e+02
2.200000e-06	2.406371e-06	2.531861e-09	1.794772e+01	1.665855e+02
2.210000e-06	2.329970e-06	2.540663e-09	1.737790e+01	1.654627e+02
2.220000e-06	2.252429e-06	2.520726e-09	1.679956e+01	1.642778e+02
2.230000e-06	2.173726e-06	2.470746e-09	1.621256e+01	1.630735e+02
2.240000e-06	2.094103e-06	2.475442e-09	1.561870e+01	1.618870e+02
2.250000e-06	2.013833e-06	2.469023e-09	1.502001e+01	1.607328e+02
2.260000e-06	1.932903e-06	2.440198e-09	1.441640e+01	1.595963e+02
2.270000e-06	1.851326e-06	2.415356e-09	1.380797e+01	1.584390e+02
2.280000e-06	1.769163e-06	2.407508e-09	1.319516e+01	1.572153e+02
2.290000e-06	1.686369e-06	2.388995e-09	1.257765e+01	1.558917e+02
2.300000e-06	1.603076e-06	2.352462e-09	1.195641e+01	1.544598e+02
2.310000e-06	1.519390e-06	2.337302e-09	1.133224e+01	1.529380e+02
2.320000e-06	1.435305e-06	2.319331e-09	1.070510e+01	1.513601e+02
2.330000e-06	1.350686e-06	2.289684e-09	1.007398e+01	1.497574e+02
2.340000e-06	1.265486e-06	2.262638e-09	9.438525e+00	1.481417e+02
2.350000e-06	1.179776e-06	2.241349e-09	8.799264e+00	1.464979e+02
2.360000e-06	1.093503e-06	2.217466e-09	8.155803e+00	1.447898e+02
2.370000e-06	1.006697e-06	2.186448e-09	7.508366e+00	1.429756e+02
2.380000e-06	9.194938e-07	2.158226e-09	6.857970e+00	1.410262e+02
2.390000e-06	8.320414e-07	2.127005e-09	6.205714e+00	1.389372e+02
2.400000e-06	7.443413e-07	2.090390e-09	5.551610e+00	1.367292e+02
2.410000e-06	6.564154e-07	2.059231e-09	4.895822e+00	1.344354e+02
2.420000e-06	5.683306e-07	2.029113e-09	4.238848e+00	1.320825e+02
2.430000e-06	4.800774e-07	1.990356e-09	3.580619e+00	1.296752e+02
2.440000e-06	3.917238e-07	1.949008e-09	2.921640e+00	1.271894e+02
2.450000e-06	3.033088e-07	1.910602e-09	2.262205e+00	1.245787e+02
2.460000e-06	2.147157e-07	1.866515e-09	1.601439e+00	1.217907e+02
2.470000e-06	1.259695e-07	1.815633e-09	9.395336e-01	1.187839e+02
2.480000e-06	3.726365e-08	1.766030e-09	2.779280e-01	1.155385e+02
2.490000e-06	-5.141532e-08	1.715414e-09	-3.834770e-01	1.120544e+02
2.500000e-06	-1.401065e-07	1.658463e-09	-1.044973e+00	1.083386e+02
2.510000e-06	-2.287426e-07	1.597234e-09	-1.706058e+00	1.043892e+02
2.520000e-06	-3.173088e-07	1.535533e-09	-2.366622e+00	1.001820e+02
2.530000e-06	-4.058158e-07	1.467271e-09	-3.026745e+00	9.566955e+01
2.540000e-06	-4.942431e-07	1.388195e-09	-3.686272e+00	9.078892e+01
2.550000e-06	-5.824688e-07	1.302961e-09	-4.344297e+00	8.547591e+01
2.560000e-06	-6.704674e-07	1.214232e-09	-5.000627e+00	7.967443e+01
2.570000e-06	-7.582674e-07	1.120620e-09	-5.655476e+00	7.333485e+01
2.580000e-06	-8.458481e-07	1.017913e-09	-6.308690e+00	6.640015e+01
2.590000e-06	-9.331667e-07	9.027699e-10	-6.959949e+00	5.878665e+01
2.600000e-06	-1.020117e-06	7.738055e-10	-7.608463e+00	5.037185e+01
2.610000e-06	-1.106591e-06	6.305946e-10	-8.253422e+00	4.100190e+01
2.620000e-06	-1.192498e-06	4.713635e-10	-8.894152e+00	3.052484e+01
2.630000e-06	-1.277757e-06	2.950196e-10	-9.530046e+00	1.884494e+01
2.640000e-06	-1.362412e-06	1.028944e-10	-1.016144e+01	5.982803e+00
2.650000e-06	-1.446567e-06	-1.068894e-10	-1.078911e+01	-7.880240e+00
2.660000e-06	-1.530286e-06	-3.325253e-10	-1.141351e+01	-2.239266e+01
2.670000e-06	-1.613533e-06	-5.635776e-10	-1.203441e+01	-3.706784e+01
2.680000e-06	-1.696239e-06	-7.862337e-10	-1.265126e+01	-5.135859e+01
2.690000e-06	-1.778369e-06	-9.909476e-10	-1.326382e+01	-6.475239e+01
2.700000e-06	-1.859856e-06	-1.175832e-09	-1.387158e+01	-7.686093e+01
2.710000e-06	-1.940683e-06	-1.339268e-09	-1.447443e+01	-8.747891e+01
2.720000e-06	-2.020964e-06	-1.479715e-09	-1.507320e+01	-9.659689e+01
2.730000e-06	-2.100713e-06	-1.599404e-09	-1.566800e+01	-1.043682e+02
2.740000e-06	-2.179700e-06	-1.701256e-09	-1.625712e+01	-1.110432e+02
2.750000e-06	-2.257597e-06	-1.792167e-09	-1.683810e+01	-1.168943e+02
2.760000e-06	-2.334354e-06	-1.877188e-09	-1.741059e+01	-1.221526e+02
2.770000e-06	-2.410134e-06	-1.953686e-09	-1.797579e+01	-1.269735e+02
2.780000e-06	-2.485002e-06	-2.020910e-09	-1.853419e+01	-1.314337e+02
2.790000e-06	-2.559005e-06	-2.082595e-09	-1.908613e+01	-1.355532e+02
2.800000e-06	-2.632146e-06	-2.142070e-09	-1.963165e+01	-1.393280e+02
2.810000e-06	-2.704464e-06	-2.198023e-09	-2.017102e+01	-1.427593e+02
2.820000e-06	-2.775993e-06	-2.246535e-09	-2.070452e+01	-1.458697e+02
2.830000e-06	-2.846527e-06	-2.289490e-09	-2.123059e+01	-1.487030e+02
2.840000e-06	-2.915760e-06	-2.329135e-09	-2.174696e+01	-1.513137e+02
2.850000e-06	-2.983812e-06	-2.364437e-09	-2.225452e+01	-1.537517e+02
2.860000e-06	-3.050919e-06	-2.398740e-09	-2.275504e+01	-1.560509e+02
2.870000e-06	-3.117032e-06	-2.433230e-09	-2.324813e+01	-1.582258e+02
2.880000e-06	-3.182044e-06	-2.464358e-09	-2.373302e+01	-1.602753e+02
2.890000e-06	-3.246038e-06	-2.492175e-09	-2.421031e+01	-1.621914e+02
2.900000e-06	-3.308964e-06	-2.519848e-09	-2.467964e+01	-1.639677e+02
2.910000e-06	-3.370409e-06	-2.546141e-09	-2.513792e+01	-1.656046e+02
2.920000e-06	-3.430494e-06	-2.567450e-09	-2.558606e+01	-1.671107e+02
2.930000e-06	-3.489527e-06	-2.586057e-09	-2.602635e+01	-1.685006e+02
2.940000e-06	-3.547363e-06	-2.605163e-09	-2.645772e+01	-1.697914e+02
2.950000e-06	-3.603980e-06	-2.622464e-09	-2.687999e+01	-1.709995e+02
2.960000e-06	-3.659403e-06	-2.637423e-09	-2.729336e+01	-1.721385e+02
2.970000e-06	-3.713259e-06	-2.652949e-09	-2.769504e+01	-1.732183e+02
2.980000e-06	-3.765393e-06	-2.669493e-09	-2.808388e+01	-1.742442e+02
2.990000e-06	-3.816075e-06	-2.683887e-09	-2.846189e+01	-1.752175e+02
3.000000e-06	-3.865176e-06	-2.695661e-09	-2.882811e+01	-1.761360e+02
3.010000e-06	-3.912561e-06	-2.708316e-09	-2.918152e+01	-1.769955e+02
3.020000e-06	-3.958534e-06	-2.721019e-09	-2.952441e+01	-1.777925e+02
3.030000e-06	-4.003288e-06	-2.732223e-09	-2.985820e+01	-1.785279e+02
3.040000e-06	-4.046877e-06	-2.741219e-09	-3.018331e+01	-1.792089e+02
3.050000e-06	-4.089255e-06	-2.749143e-09	-3.049938e+01	-1.798496e+02
3.060000e-06	-4.130270e-06	-2.757733e-09	-3.080529e+01	-1.804673e+02
3.070000e-06	-4.169974e-06	-2.767397e-09	-3.110141e+01	-1.810779e+02
3.080000e-06	-4.208157e-06	-2.777668e-09	-3.138620e+01	-1.816894e+02
3.090000e-06	-4.244645e-06	-2.787851e-09	-3.165834e+01	-1.822979e+02
3.100000e-06	-4.279673e-06	-2.797202e-09	-3.191960e+01	-1.828883e+02
3.110000e-06	-4.313286e-06	-2.804887e-09	-3.217030e+01	-1.834383e+02
3.120000e-06	-4.345443e-06	-2.810536e-09	-3.241014e+01	-1.839269e+02
3.130000e-06	-4.376000e-06	-2.815244e-09	-3.263805e+01	-1.843422e+02
3.140000e-06	-4.404835e-06	-2.820533e-09	-3.285311e+01	-1.846869e+02
3.150000e-06	-4.432143e-06	-2.825398e-09	-3.305678e+01	-1.849782e+02
3.160000e-06	-4.457952e-06	-2.829122e-09	-3.324927e+01	-1.852419e+02
3.170000e-06	-4.482286e-06	-2.831263e-09	-3.343077e+01	-1.855042e+02
3.180000e-06	-4.505017e-06	-2.834958e-09	-3.360031e+01	-1.857820e+02
3.190000e-06	-4.525968e-06	-2.840332e-09	-3.375657e+01	-1.860778e+02
3.200000e-06	-4.545334e-06	-2.845170e-09	-3.390100e+01	-1.863797e+02
3.210000e-06	-4.563184e-06	-2.848197e-09	-3.403414e+01	-1.866664e+02
3.220000e-06	-4.579519e-06	-2.850419e-09	-3.415597e+01	-1.869164e+02
3.230000e-06	-4.594046e-06	-2.852814e-09	-3.426432e+01	-1.871157e+02
3.240000e-06	-4.606558e-06	-2.855201e-09	-3.435764e+01	-1.872630e+02
3.250000e-06	-4.617329e-06	-2.857941e-09	-3.443798e+01	-1.873697e+02
3.260000e-06	-4.626500e-06	-2.860998e-09	-3.450638e+01	-1.874545e+02
3.270000e-06	-4.634080e-06	-2.862468e-09	-3.456291e+01	-1.875363e+02
3.280000e-06	-4.639888e-06	-2.862297e-09	-3.460623e+01	-1.876269e+02
3.290000e-06	-4.643960e-06	-2.862144e-09	-3.463660e+01	-1.877267e+02
3.300000e-06	-4.646556e-06	-2.860504e-09	-3.465596e+01	-1.878258e+02
3.310000e-06	-4.647672e-06	-2.857843e-09	-3.466429e+01	-1.879076e+02
