# Temperatura_=_20.0
# Concentracion g/m^3_=_6200.0
# C_Vs_to_Am_M_A/Vsm_=_65563218390.804596
# pendiente_HvsI_1/m_=_3716.3
# ordenada_HvsI_A/m_=_1297.0
# frecuencia_Hz_=_302085.4317380163

Tiempo_(s)	Campo_(V.s)	Magnetizacion_(V.s)	Campo_(kA/m)	Magnetizacion_(A/m)
0.000000e+00	-6.272697e-06	-4.467545e-09	-4.559520e+01	-2.922431e+02
1.000000e-08	-6.271083e-06	-4.469483e-09	-4.558347e+01	-2.922498e+02
2.000000e-08	-6.267257e-06	-4.470418e-09	-4.555565e+01	-2.922441e+02
3.000000e-08	-6.261451e-06	-4.469194e-09	-4.551345e+01	-2.922286e+02
4.000000e-08	-6.253799e-06	-4.466559e-09	-4.545783e+01	-2.922032e+02
5.000000e-08	-6.244013e-06	-4.464205e-09	-4.538670e+01	-2.921648e+02
6.000000e-08	-6.231866e-06	-4.462051e-09	-4.529840e+01	-2.921076e+02
7.000000e-08	-6.217508e-06	-4.458059e-09	-4.519404e+01	-2.920234e+02
8.000000e-08	-6.200880e-06	-4.452087e-09	-4.507317e+01	-2.919025e+02
9.000000e-08	-6.182016e-06	-4.454755e-09	-4.493605e+01	-2.917346e+02
1.000000e-07	-6.160918e-06	-4.451371e-09	-4.478270e+01	-2.915103e+02
1.100000e-07	-6.137398e-06	-4.448144e-09	-4.461173e+01	-2.912214e+02
1.200000e-07	-6.111415e-06	-4.443569e-09	-4.442287e+01	-2.908629e+02
1.300000e-07	-6.083280e-06	-4.433544e-09	-4.421836e+01	-2.904329e+02
1.400000e-07	-6.053477e-06	-4.425411e-09	-4.400173e+01	-2.899335e+02
1.500000e-07	-6.022123e-06	-4.433970e-09	-4.377382e+01	-2.893704e+02
1.600000e-07	-5.988828e-06	-4.406228e-09	-4.353180e+01	-2.887531e+02
1.700000e-07	-5.953495e-06	-4.383735e-09	-4.327497e+01	-2.880933e+02
1.800000e-07	-5.916401e-06	-4.397523e-09	-4.300534e+01	-2.874046e+02
1.900000e-07	-5.877203e-06	-4.392613e-09	-4.272041e+01	-2.867009e+02
2.000000e-07	-5.835691e-06	-4.399850e-09	-4.241867e+01	-2.859948e+02
2.100000e-07	-5.792002e-06	-4.387745e-09	-4.210111e+01	-2.852968e+02
2.200000e-07	-5.746165e-06	-4.353567e-09	-4.176792e+01	-2.846142e+02
2.300000e-07	-5.698153e-06	-4.323529e-09	-4.141893e+01	-2.839500e+02
2.400000e-07	-5.647631e-06	-4.315592e-09	-4.105170e+01	-2.833028e+02
2.500000e-07	-5.594604e-06	-4.339902e-09	-4.066625e+01	-2.826671e+02
2.600000e-07	-5.539463e-06	-4.337285e-09	-4.026544e+01	-2.820335e+02
2.700000e-07	-5.482262e-06	-4.293670e-09	-3.984966e+01	-2.813899e+02
2.800000e-07	-5.422956e-06	-4.271430e-09	-3.941857e+01	-2.807222e+02
2.900000e-07	-5.361666e-06	-4.261790e-09	-3.897306e+01	-2.800165e+02
3.000000e-07	-5.298481e-06	-4.264869e-09	-3.851378e+01	-2.792597e+02
3.100000e-07	-5.233347e-06	-4.283960e-09	-3.804033e+01	-2.784410e+02
3.200000e-07	-5.166170e-06	-4.273543e-09	-3.755203e+01	-2.775529e+02
3.300000e-07	-5.097018e-06	-4.219255e-09	-3.704938e+01	-2.765920e+02
3.400000e-07	-5.026115e-06	-4.186322e-09	-3.653400e+01	-2.755586e+02
3.500000e-07	-4.953522e-06	-4.182748e-09	-3.600633e+01	-2.744573e+02
3.600000e-07	-4.878951e-06	-4.165069e-09	-3.546429e+01	-2.732954e+02
3.700000e-07	-4.802245e-06	-4.153440e-09	-3.490672e+01	-2.720825e+02
3.800000e-07	-4.723584e-06	-4.139382e-09	-3.433495e+01	-2.708290e+02
3.900000e-07	-4.643051e-06	-4.110906e-09	-3.374957e+01	-2.695450e+02
4.000000e-07	-4.560859e-06	-4.088272e-09	-3.315213e+01	-2.682384e+02
4.100000e-07	-4.477235e-06	-4.080463e-09	-3.254428e+01	-2.669145e+02
4.200000e-07	-4.392201e-06	-4.059127e-09	-3.192618e+01	-2.655749e+02
4.300000e-07	-4.305799e-06	-4.022495e-09	-3.129814e+01	-2.642172e+02
4.400000e-07	-4.217951e-06	-3.997455e-09	-3.065959e+01	-2.628351e+02
4.500000e-07	-4.128531e-06	-3.982857e-09	-3.000961e+01	-2.614188e+02
4.600000e-07	-4.037482e-06	-3.966231e-09	-2.934779e+01	-2.599561e+02
4.700000e-07	-3.944972e-06	-3.941409e-09	-2.867535e+01	-2.584337e+02
4.800000e-07	-3.851249e-06	-3.914625e-09	-2.799409e+01	-2.568382e+02
4.900000e-07	-3.756228e-06	-3.875481e-09	-2.730340e+01	-2.551577e+02
5.000000e-07	-3.659799e-06	-3.833501e-09	-2.660247e+01	-2.533828e+02
5.100000e-07	-3.561909e-06	-3.812887e-09	-2.589093e+01	-2.515078e+02
5.200000e-07	-3.462604e-06	-3.798145e-09	-2.516909e+01	-2.495306e+02
5.300000e-07	-3.362049e-06	-3.761944e-09	-2.443818e+01	-2.474533e+02
5.400000e-07	-3.260368e-06	-3.719483e-09	-2.369907e+01	-2.452812e+02
5.500000e-07	-3.157521e-06	-3.684812e-09	-2.295150e+01	-2.430223e+02
5.600000e-07	-3.053429e-06	-3.645456e-09	-2.219487e+01	-2.406855e+02
5.700000e-07	-2.948185e-06	-3.608376e-09	-2.142987e+01	-2.382797e+02
5.800000e-07	-2.841860e-06	-3.581075e-09	-2.065701e+01	-2.358118e+02
5.900000e-07	-2.734450e-06	-3.548860e-09	-1.987627e+01	-2.332858e+02
6.000000e-07	-2.625972e-06	-3.501499e-09	-1.908776e+01	-2.307012e+02
6.100000e-07	-2.516578e-06	-3.452613e-09	-1.829259e+01	-2.280527e+02
6.200000e-07	-2.406344e-06	-3.408998e-09	-1.749132e+01	-2.253299e+02
6.300000e-07	-2.295212e-06	-3.363004e-09	-1.668351e+01	-2.225178e+02
6.400000e-07	-2.183143e-06	-3.315271e-09	-1.586891e+01	-2.195977e+02
6.500000e-07	-2.070207e-06	-3.271826e-09	-1.504799e+01	-2.165485e+02
6.600000e-07	-1.956503e-06	-3.224520e-09	-1.422150e+01	-2.133485e+02
6.700000e-07	-1.842065e-06	-3.168756e-09	-1.338967e+01	-2.099768e+02
6.800000e-07	-1.726897e-06	-3.112695e-09	-1.255253e+01	-2.064152e+02
6.900000e-07	-1.610964e-06	-3.057519e-09	-1.170983e+01	-2.026491e+02
7.000000e-07	-1.494342e-06	-2.996509e-09	-1.086213e+01	-1.986686e+02
7.100000e-07	-1.377203e-06	-2.929138e-09	-1.001066e+01	-1.944683e+02
7.200000e-07	-1.259640e-06	-2.862870e-09	-9.156115e+00	-1.900466e+02
7.300000e-07	-1.141746e-06	-2.796110e-09	-8.299160e+00	-1.854047e+02
7.400000e-07	-1.023578e-06	-2.723057e-09	-7.440220e+00	-1.805442e+02
7.500000e-07	-9.050725e-07	-2.644971e-09	-6.578822e+00	-1.754651e+02
7.600000e-07	-7.862487e-07	-2.563099e-09	-5.715112e+00	-1.701627e+02
7.700000e-07	-6.671491e-07	-2.476914e-09	-4.849397e+00	-1.646253e+02
7.800000e-07	-5.477953e-07	-2.388788e-09	-3.981834e+00	-1.588321e+02
7.900000e-07	-4.282241e-07	-2.299881e-09	-3.112690e+00	-1.527514e+02
8.000000e-07	-3.084736e-07	-2.205362e-09	-2.242244e+00	-1.463402e+02
8.100000e-07	-1.885617e-07	-2.101303e-09	-1.370623e+00	-1.395445e+02
8.200000e-07	-6.850394e-08	-1.986154e-09	-4.979438e-01	-1.323011e+02
8.300000e-07	5.159971e-08	-1.861047e-09	3.750698e-01	-1.245405e+02
8.400000e-07	1.717034e-07	-1.730559e-09	1.248084e+00	-1.161908e+02
8.500000e-07	2.917825e-07	-1.594538e-09	2.120919e+00	-1.071825e+02
8.600000e-07	4.117541e-07	-1.448468e-09	2.992973e+00	-9.745401e+01
8.700000e-07	5.315846e-07	-1.288004e-09	3.864001e+00	-8.695717e+01
8.800000e-07	6.512114e-07	-1.117559e-09	4.733548e+00	-7.566239e+01
8.900000e-07	7.706369e-07	-9.397014e-10	5.601632e+00	-6.356332e+01
9.000000e-07	8.898258e-07	-7.524635e-10	6.467997e+00	-5.068031e+01
9.100000e-07	1.008688e-06	-5.521551e-10	7.331989e+00	-3.706241e+01
9.200000e-07	1.127199e-06	-3.390998e-10	8.193423e+00	-2.278779e+01
9.300000e-07	1.245345e-06	-1.152646e-10	9.052207e+00	-7.962304e+00
9.400000e-07	1.363110e-06	1.198639e-10	9.908224e+00	7.283705e+00
9.500000e-07	1.480430e-06	3.599846e-10	1.076100e+01	2.280014e+01
9.600000e-07	1.597255e-06	6.018198e-10	1.161019e+01	3.842327e+01
9.700000e-07	1.713458e-06	8.438614e-10	1.245484e+01	5.398278e+01
9.800000e-07	1.828865e-06	1.083207e-09	1.329372e+01	6.930926e+01
9.900000e-07	1.943432e-06	1.313597e-09	1.412649e+01	8.424176e+01
1.000000e-06	2.057191e-06	1.530970e-09	1.495338e+01	9.863469e+01
1.010000e-06	2.170092e-06	1.735831e-09	1.577404e+01	1.123639e+02
1.020000e-06	2.282091e-06	1.926500e-09	1.658814e+01	1.253311e+02
1.030000e-06	2.393194e-06	2.104467e-09	1.739573e+01	1.374671e+02
1.040000e-06	2.503411e-06	2.271351e-09	1.819688e+01	1.487330e+02
1.050000e-06	2.612779e-06	2.426408e-09	1.899186e+01	1.591190e+02
1.060000e-06	2.721347e-06	2.566755e-09	1.978102e+01	1.686430e+02
1.070000e-06	2.829014e-06	2.692128e-09	2.056363e+01	1.773461e+02
1.080000e-06	2.935625e-06	2.809880e-09	2.133857e+01	1.852878e+02
1.090000e-06	3.041160e-06	2.922864e-09	2.210569e+01	1.925409e+02
1.100000e-06	3.145482e-06	3.028992e-09	2.286399e+01	1.991850e+02
1.110000e-06	3.248594e-06	3.129769e-09	2.361349e+01	2.053014e+02
1.120000e-06	3.350599e-06	3.222544e-09	2.435495e+01	2.109679e+02
1.130000e-06	3.451538e-06	3.304642e-09	2.508866e+01	2.162543e+02
1.140000e-06	3.551396e-06	3.379728e-09	2.581451e+01	2.212197e+02
1.150000e-06	3.649911e-06	3.451337e-09	2.653060e+01	2.259108e+02
1.160000e-06	3.746895e-06	3.517612e-09	2.723556e+01	2.303611e+02
1.170000e-06	3.842456e-06	3.578171e-09	2.793018e+01	2.345919e+02
1.180000e-06	3.936723e-06	3.636742e-09	2.861539e+01	2.386137e+02
1.190000e-06	4.029733e-06	3.693300e-09	2.929146e+01	2.424288e+02
1.200000e-06	4.121513e-06	3.744752e-09	2.995860e+01	2.460340e+02
1.210000e-06	4.211837e-06	3.790766e-09	3.061515e+01	2.494234e+02
1.220000e-06	4.300518e-06	3.834382e-09	3.125976e+01	2.525916e+02
1.230000e-06	4.387613e-06	3.875223e-09	3.189283e+01	2.555356e+02
1.240000e-06	4.473181e-06	3.912739e-09	3.251481e+01	2.582564e+02
1.250000e-06	4.557320e-06	3.947760e-09	3.312640e+01	2.607605e+02
1.260000e-06	4.639948e-06	3.979728e-09	3.372702e+01	2.630594e+02
1.270000e-06	4.720840e-06	4.009537e-09	3.431501e+01	2.651697e+02
1.280000e-06	4.799928e-06	4.037970e-09	3.488988e+01	2.671116e+02
1.290000e-06	4.877236e-06	4.064582e-09	3.545182e+01	2.689074e+02
1.300000e-06	4.952707e-06	4.091091e-09	3.600041e+01	2.705801e+02
1.310000e-06	5.026152e-06	4.118567e-09	3.653427e+01	2.721513e+02
1.320000e-06	5.097685e-06	4.142676e-09	3.705423e+01	2.736398e+02
1.330000e-06	5.167437e-06	4.163143e-09	3.756125e+01	2.750607e+02
1.340000e-06	5.235378e-06	4.184212e-09	3.805510e+01	2.764242e+02
1.350000e-06	5.301380e-06	4.205416e-09	3.853486e+01	2.777357e+02
1.360000e-06	5.365393e-06	4.223376e-09	3.900015e+01	2.789964e+02
1.370000e-06	5.427581e-06	4.239370e-09	3.945219e+01	2.802035e+02
1.380000e-06	5.488025e-06	4.257006e-09	3.989155e+01	2.813519e+02
1.390000e-06	5.546623e-06	4.274411e-09	4.031748e+01	2.824351e+02
1.400000e-06	5.603147e-06	4.289041e-09	4.072835e+01	2.834466e+02
1.410000e-06	5.657594e-06	4.301476e-09	4.112412e+01	2.843817e+02
1.420000e-06	5.709891e-06	4.315854e-09	4.150426e+01	2.852377e+02
1.430000e-06	5.759773e-06	4.329930e-09	4.186683e+01	2.860149e+02
1.440000e-06	5.807332e-06	4.339216e-09	4.221254e+01	2.867168e+02
1.450000e-06	5.852883e-06	4.348244e-09	4.254364e+01	2.873500e+02
1.460000e-06	5.896644e-06	4.359882e-09	4.286173e+01	2.879235e+02
1.470000e-06	5.938257e-06	4.370574e-09	4.316421e+01	2.884477e+02
1.480000e-06	5.977542e-06	4.377501e-09	4.344977e+01	2.889336e+02
1.490000e-06	6.014865e-06	4.386278e-09	4.372106e+01	2.893919e+02
1.500000e-06	6.050269e-06	4.398306e-09	4.397841e+01	2.898313e+02
1.510000e-06	6.083431e-06	4.406773e-09	4.421945e+01	2.902585e+02
1.520000e-06	6.114313e-06	4.411913e-09	4.444393e+01	2.906770e+02
1.530000e-06	6.143215e-06	4.417880e-09	4.465402e+01	2.910876e+02
1.540000e-06	6.170034e-06	4.425964e-09	4.484895e+01	2.914880e+02
1.550000e-06	6.194457e-06	4.432827e-09	4.502648e+01	2.918735e+02
1.560000e-06	6.216557e-06	4.437592e-09	4.518713e+01	2.922382e+02
1.570000e-06	6.236653e-06	4.443369e-09	4.533320e+01	2.925751e+02
1.580000e-06	6.254583e-06	4.449648e-09	4.546353e+01	2.928778e+02
1.590000e-06	6.270116e-06	4.455144e-09	4.557644e+01	2.931411e+02
1.600000e-06	6.283260e-06	4.457870e-09	4.567197e+01	2.933614e+02
1.610000e-06	6.293954e-06	4.460419e-09	4.574971e+01	2.935379e+02
1.620000e-06	6.302181e-06	4.465327e-09	4.580951e+01	2.936721e+02
1.630000e-06	6.308098e-06	4.469651e-09	4.585252e+01	2.937676e+02
1.640000e-06	6.311973e-06	4.472499e-09	4.588069e+01	2.938299e+02
1.650000e-06	6.313612e-06	4.474890e-09	4.589260e+01	2.938654e+02
1.660000e-06	6.312885e-06	4.476807e-09	4.588731e+01	2.938806e+02
1.670000e-06	6.310133e-06	4.478050e-09	4.586731e+01	2.938812e+02
1.680000e-06	6.305506e-06	4.476848e-09	4.583368e+01	2.938709e+02
1.690000e-06	6.298713e-06	4.477384e-09	4.578430e+01	2.938511e+02
1.700000e-06	6.289705e-06	4.479215e-09	4.571883e+01	2.938203e+02
1.710000e-06	6.278718e-06	4.479171e-09	4.563896e+01	2.937741e+02
1.720000e-06	6.265524e-06	4.477639e-09	4.554306e+01	2.937055e+02
1.730000e-06	6.250089e-06	4.474738e-09	4.543086e+01	2.936056e+02
1.740000e-06	6.232690e-06	4.466521e-09	4.530439e+01	2.934643e+02
1.750000e-06	6.212932e-06	4.460336e-09	4.516077e+01	2.932714e+02
1.760000e-06	6.190103e-06	4.454955e-09	4.499483e+01	2.930180e+02
1.770000e-06	6.164465e-06	4.456636e-09	4.480848e+01	2.926974e+02
1.780000e-06	6.136936e-06	4.471600e-09	4.460837e+01	2.923058e+02
1.790000e-06	6.108089e-06	4.452754e-09	4.439869e+01	2.918431e+02
1.800000e-06	6.077823e-06	4.438230e-09	4.417869e+01	2.913133e+02
1.810000e-06	6.045433e-06	4.417835e-09	4.394325e+01	2.907237e+02
1.820000e-06	6.010758e-06	4.381060e-09	4.369120e+01	2.900852e+02
1.830000e-06	5.974389e-06	4.407959e-09	4.342685e+01	2.894103e+02
1.840000e-06	5.935872e-06	4.387660e-09	4.314687e+01	2.887131e+02
1.850000e-06	5.894973e-06	4.352451e-09	4.284959e+01	2.880068e+02
1.860000e-06	5.852132e-06	4.375759e-09	4.253818e+01	2.873035e+02
1.870000e-06	5.807207e-06	4.359312e-09	4.221162e+01	2.866121e+02
1.880000e-06	5.760291e-06	4.364873e-09	4.187061e+01	2.859379e+02
1.890000e-06	5.711164e-06	4.353260e-09	4.151350e+01	2.852821e+02
1.900000e-06	5.659645e-06	4.309522e-09	4.113902e+01	2.846413e+02
1.910000e-06	5.605820e-06	4.317612e-09	4.074778e+01	2.840081e+02
1.920000e-06	5.549642e-06	4.311382e-09	4.033943e+01	2.833715e+02
1.930000e-06	5.491556e-06	4.321170e-09	3.991721e+01	2.827186e+02
1.940000e-06	5.431646e-06	4.327026e-09	3.948173e+01	2.820351e+02
1.950000e-06	5.369603e-06	4.272349e-09	3.903075e+01	2.813072e+02
1.960000e-06	5.305429e-06	4.226760e-09	3.856429e+01	2.805229e+02
1.970000e-06	5.239263e-06	4.217379e-09	3.808334e+01	2.796728e+02
1.980000e-06	5.171273e-06	4.240769e-09	3.758913e+01	2.787511e+02
1.990000e-06	5.101254e-06	4.245782e-09	3.708017e+01	2.777563e+02
2.000000e-06	5.029225e-06	4.237835e-09	3.655660e+01	2.766907e+02
2.010000e-06	4.955475e-06	4.213100e-09	3.602053e+01	2.755603e+02
2.020000e-06	4.879910e-06	4.165731e-09	3.547126e+01	2.743735e+02
2.030000e-06	4.802405e-06	4.146910e-09	3.490788e+01	2.731406e+02
2.040000e-06	4.722946e-06	4.142153e-09	3.433031e+01	2.718718e+02
2.050000e-06	4.641787e-06	4.137984e-09	3.374038e+01	2.705765e+02
2.060000e-06	4.559124e-06	4.120954e-09	3.313952e+01	2.692615e+02
2.070000e-06	4.474973e-06	4.095316e-09	3.252784e+01	2.679305e+02
2.080000e-06	4.389212e-06	4.061009e-09	3.190445e+01	2.665831e+02
2.090000e-06	4.301678e-06	4.042343e-09	3.126819e+01	2.652152e+02
2.100000e-06	4.212637e-06	4.032542e-09	3.062096e+01	2.638187e+02
2.110000e-06	4.122319e-06	4.007582e-09	2.996445e+01	2.623825e+02
2.120000e-06	4.030675e-06	3.978821e-09	2.929831e+01	2.608939e+02
2.130000e-06	3.937588e-06	3.952747e-09	2.862167e+01	2.593393e+02
2.140000e-06	3.843053e-06	3.946118e-09	2.793452e+01	2.577057e+02
2.150000e-06	3.747081e-06	3.919455e-09	2.723692e+01	2.559824e+02
2.160000e-06	3.649712e-06	3.881421e-09	2.652916e+01	2.541616e+02
2.170000e-06	3.551125e-06	3.850647e-09	2.581254e+01	2.522393e+02
2.180000e-06	3.451294e-06	3.818018e-09	2.508688e+01	2.502152e+02
2.190000e-06	3.350142e-06	3.791824e-09	2.435163e+01	2.480931e+02
2.200000e-06	3.247684e-06	3.775951e-09	2.360688e+01	2.458797e+02
2.210000e-06	3.144002e-06	3.758895e-09	2.285323e+01	2.435835e+02
2.220000e-06	3.039091e-06	3.709153e-09	2.209065e+01	2.412138e+02
2.230000e-06	2.933093e-06	3.651972e-09	2.132016e+01	2.387785e+02
2.240000e-06	2.826175e-06	3.614594e-09	2.054300e+01	2.362835e+02
2.250000e-06	2.718310e-06	3.586164e-09	1.975894e+01	2.337307e+02
2.260000e-06	2.609474e-06	3.553261e-09	1.896783e+01	2.311175e+02
2.270000e-06	2.499738e-06	3.520283e-09	1.817018e+01	2.284362e+02
2.280000e-06	2.389082e-06	3.480781e-09	1.736584e+01	2.256741e+02
2.290000e-06	2.277398e-06	3.425809e-09	1.655403e+01	2.228144e+02
2.300000e-06	2.164854e-06	3.371986e-09	1.573596e+01	2.198372e+02
2.310000e-06	2.051541e-06	3.330751e-09	1.491231e+01	2.167207e+02
2.320000e-06	1.937557e-06	3.288124e-09	1.408378e+01	2.134436e+02
2.330000e-06	1.822850e-06	3.228021e-09	1.324999e+01	2.099858e+02
2.340000e-06	1.707379e-06	3.166480e-09	1.241065e+01	2.063309e+02
2.350000e-06	1.591215e-06	3.112821e-09	1.156628e+01	2.024663e+02
2.360000e-06	1.474403e-06	3.055606e-09	1.071719e+01	1.983843e+02
2.370000e-06	1.357026e-06	2.990260e-09	9.863995e+00	1.940812e+02
2.380000e-06	1.239189e-06	2.923376e-09	9.007460e+00	1.895572e+02
2.390000e-06	1.121037e-06	2.854202e-09	8.148633e+00	1.848137e+02
2.400000e-06	1.002488e-06	2.781916e-09	7.286918e+00	1.798520e+02
2.410000e-06	8.834916e-07	2.708801e-09	6.421954e+00	1.746702e+02
2.420000e-06	7.641444e-07	2.631245e-09	5.554439e+00	1.692608e+02
2.430000e-06	6.445312e-07	2.542932e-09	4.684991e+00	1.636079e+02
2.440000e-06	5.246866e-07	2.444880e-09	3.813860e+00	1.576859e+02
2.450000e-06	4.046231e-07	2.345716e-09	2.941138e+00	1.514579e+02
2.460000e-06	2.843639e-07	2.245212e-09	2.066994e+00	1.448756e+02
2.470000e-06	1.639631e-07	2.137837e-09	1.191820e+00	1.378805e+02
2.480000e-06	4.350292e-08	2.020812e-09	3.162155e-01	1.304059e+02
2.490000e-06	-7.695242e-08	1.894108e-09	-5.593544e-01	1.223808e+02
2.500000e-06	-1.973592e-07	1.757492e-09	-1.434571e+00	1.137337e+02
2.510000e-06	-3.177210e-07	1.611847e-09	-2.309461e+00	1.043981e+02
2.520000e-06	-4.379934e-07	1.460011e-09	-3.183702e+00	9.431792e+01
2.530000e-06	-5.580537e-07	1.302020e-09	-4.056400e+00	8.345305e+01
2.540000e-06	-6.779120e-07	1.131331e-09	-4.927630e+00	7.178417e+01
2.550000e-06	-7.975461e-07	9.435598e-10	-5.797230e+00	5.931696e+01
2.560000e-06	-9.167934e-07	7.391620e-10	-6.664019e+00	4.608495e+01
2.570000e-06	-1.035622e-06	5.230260e-10	-7.527767e+00	3.215078e+01
2.580000e-06	-1.154107e-06	3.003393e-10	-8.389010e+00	1.760573e+01
2.590000e-06	-1.272196e-06	7.207483e-11	-9.247379e+00	2.567545e+00
2.600000e-06	-1.389745e-06	-1.614072e-10	-1.010183e+01	-1.282359e+01
2.610000e-06	-1.506655e-06	-4.007646e-10	-1.095163e+01	-2.841041e+01
2.620000e-06	-1.622882e-06	-6.432687e-10	-1.179646e+01	-4.402522e+01
2.630000e-06	-1.738379e-06	-8.840332e-10	-1.263599e+01	-5.949719e+01
2.640000e-06	-1.853106e-06	-1.121727e-09	-1.346992e+01	-7.465991e+01
2.650000e-06	-1.967016e-06	-1.352931e-09	-1.429792e+01	-8.935874e+01
2.660000e-06	-2.080040e-06	-1.573393e-09	-1.511947e+01	-1.034574e+02
2.670000e-06	-2.192224e-06	-1.780724e-09	-1.593491e+01	-1.168432e+02
2.680000e-06	-2.303528e-06	-1.971020e-09	-1.674397e+01	-1.294312e+02
2.690000e-06	-2.413848e-06	-2.145450e-09	-1.754586e+01	-1.411662e+02
2.700000e-06	-2.523261e-06	-2.306352e-09	-1.834117e+01	-1.520229e+02
2.710000e-06	-2.631869e-06	-2.456666e-09	-1.913062e+01	-1.620050e+02
2.720000e-06	-2.739599e-06	-2.597377e-09	-1.991369e+01	-1.711414e+02
2.730000e-06	-2.846446e-06	-2.725658e-09	-2.069035e+01	-1.794825e+02
2.740000e-06	-2.952441e-06	-2.842045e-09	-2.146080e+01	-1.870948e+02
2.750000e-06	-3.057415e-06	-2.947196e-09	-2.222384e+01	-1.940549e+02
2.760000e-06	-3.161205e-06	-3.044753e-09	-2.297827e+01	-2.004440e+02
2.770000e-06	-3.263754e-06	-3.138605e-09	-2.372369e+01	-2.063422e+02
2.780000e-06	-3.365068e-06	-3.227743e-09	-2.446012e+01	-2.118240e+02
2.790000e-06	-3.465125e-06	-3.310517e-09	-2.518742e+01	-2.169546e+02
2.800000e-06	-3.564012e-06	-3.386546e-09	-2.590621e+01	-2.217876e+02
2.810000e-06	-3.661765e-06	-3.455141e-09	-2.661676e+01	-2.263634e+02
2.820000e-06	-3.758276e-06	-3.520174e-09	-2.731828e+01	-2.307098e+02
2.830000e-06	-3.853413e-06	-3.584361e-09	-2.800982e+01	-2.348428e+02
2.840000e-06	-3.947135e-06	-3.645975e-09	-2.869107e+01	-2.387686e+02
2.850000e-06	-4.039464e-06	-3.704482e-09	-2.936219e+01	-2.424868e+02
2.860000e-06	-4.130378e-06	-3.758763e-09	-3.002303e+01	-2.459925e+02
2.870000e-06	-4.219860e-06	-3.810463e-09	-3.067346e+01	-2.492797e+02
2.880000e-06	-4.307885e-06	-3.858765e-09	-3.131330e+01	-2.523439e+02
2.890000e-06	-4.394302e-06	-3.902582e-09	-3.194145e+01	-2.551837e+02
2.900000e-06	-4.479017e-06	-3.944631e-09	-3.255723e+01	-2.578027e+02
2.910000e-06	-4.562176e-06	-3.986405e-09	-3.316170e+01	-2.602097e+02
2.920000e-06	-4.643841e-06	-4.024888e-09	-3.375531e+01	-2.624187e+02
2.930000e-06	-4.723893e-06	-4.058295e-09	-3.433720e+01	-2.644480e+02
2.940000e-06	-4.802069e-06	-4.091178e-09	-3.490544e+01	-2.663191e+02
2.950000e-06	-4.878205e-06	-4.122711e-09	-3.545886e+01	-2.680549e+02
2.960000e-06	-4.952435e-06	-4.149506e-09	-3.599843e+01	-2.696778e+02
2.970000e-06	-5.024908e-06	-4.172713e-09	-3.652523e+01	-2.712084e+02
2.980000e-06	-5.095472e-06	-4.195134e-09	-3.703815e+01	-2.726639e+02
2.990000e-06	-5.163994e-06	-4.217060e-09	-3.753622e+01	-2.740570e+02
3.000000e-06	-5.230671e-06	-4.237184e-09	-3.802088e+01	-2.753959e+02
3.010000e-06	-5.295616e-06	-4.257579e-09	-3.849296e+01	-2.766839e+02
3.020000e-06	-5.358699e-06	-4.276912e-09	-3.895150e+01	-2.779202e+02
3.030000e-06	-5.419720e-06	-4.291594e-09	-3.939505e+01	-2.791007e+02
3.040000e-06	-5.478783e-06	-4.304850e-09	-3.982437e+01	-2.802195e+02
3.050000e-06	-5.536059e-06	-4.319766e-09	-4.024070e+01	-2.812701e+02
3.060000e-06	-5.591415e-06	-4.333610e-09	-4.064307e+01	-2.822466e+02
3.070000e-06	-5.644553e-06	-4.345943e-09	-4.102932e+01	-2.831450e+02
3.080000e-06	-5.695314e-06	-4.358528e-09	-4.139829e+01	-2.839641e+02
3.090000e-06	-5.743669e-06	-4.370098e-09	-4.174978e+01	-2.847056e+02
3.100000e-06	-5.789855e-06	-4.380768e-09	-4.208550e+01	-2.853746e+02
3.110000e-06	-5.834278e-06	-4.389974e-09	-4.240840e+01	-2.859787e+02
3.120000e-06	-5.876871e-06	-4.397710e-09	-4.271800e+01	-2.865278e+02
3.130000e-06	-5.917549e-06	-4.405106e-09	-4.301369e+01	-2.870329e+02
3.140000e-06	-5.956144e-06	-4.412242e-09	-4.329422e+01	-2.875047e+02
3.150000e-06	-5.992548e-06	-4.420039e-09	-4.355884e+01	-2.879531e+02
3.160000e-06	-6.026907e-06	-4.426551e-09	-4.380859e+01	-2.883861e+02
3.170000e-06	-6.059180e-06	-4.431016e-09	-4.404318e+01	-2.888089e+02
3.180000e-06	-6.089113e-06	-4.435465e-09	-4.426076e+01	-2.892238e+02
3.190000e-06	-6.116733e-06	-4.440586e-09	-4.446152e+01	-2.896300e+02
3.200000e-06	-6.142190e-06	-4.445487e-09	-4.464656e+01	-2.900241e+02
3.210000e-06	-6.165499e-06	-4.449320e-09	-4.481599e+01	-2.904007e+02
3.220000e-06	-6.186559e-06	-4.452607e-09	-4.496908e+01	-2.907532e+02
3.230000e-06	-6.205364e-06	-4.456194e-09	-4.510577e+01	-2.910749e+02
3.240000e-06	-6.222076e-06	-4.460051e-09	-4.522724e+01	-2.913598e+02
3.250000e-06	-6.236344e-06	-4.463831e-09	-4.533095e+01	-2.916033e+02
3.260000e-06	-6.248060e-06	-4.464835e-09	-4.541612e+01	-2.918032e+02
3.270000e-06	-6.257503e-06	-4.463164e-09	-4.548476e+01	-2.919596e+02
3.280000e-06	-6.264767e-06	-4.461963e-09	-4.553756e+01	-2.920752e+02
3.290000e-06	-6.269718e-06	-4.462678e-09	-4.557354e+01	-2.921544e+02
3.300000e-06	-6.272434e-06	-4.464026e-09	-4.559329e+01	-2.922034e+02
3.310000e-06	-6.273108e-06	-4.465151e-09	-4.559818e+01	-2.922286e+02
