# Temperatura_=_20.0
# Concentracion g/m^3_=_6200.0
# C_Vs_to_Am_M_A/Vsm_=_65563218390.804596
# pendiente_HvsI_1/m_=_3716.3
# ordenada_HvsI_A/m_=_1297.0
# frecuencia_Hz_=_302088.5667830575

Tiempo_(s)	Campo_(V.s)	Magnetizacion_(V.s)	Campo_(kA/m)	Magnetizacion_(A/m)
0.000000e+00	-6.264446e-06	-4.509121e-09	-4.558280e+01	-2.953666e+02
1.000000e-08	-6.260811e-06	-4.507270e-09	-4.555635e+01	-2.952972e+02
2.000000e-08	-6.255180e-06	-4.504269e-09	-4.551538e+01	-2.952374e+02
3.000000e-08	-6.247665e-06	-4.501174e-09	-4.546070e+01	-2.951873e+02
4.000000e-08	-6.237999e-06	-4.499302e-09	-4.539037e+01	-2.951420e+02
5.000000e-08	-6.225970e-06	-4.498198e-09	-4.530283e+01	-2.950918e+02
6.000000e-08	-6.211672e-06	-4.498342e-09	-4.519880e+01	-2.950236e+02
7.000000e-08	-6.195115e-06	-4.498921e-09	-4.507832e+01	-2.949215e+02
8.000000e-08	-6.176357e-06	-4.493242e-09	-4.494183e+01	-2.947692e+02
9.000000e-08	-6.155405e-06	-4.482159e-09	-4.478937e+01	-2.945512e+02
1.000000e-07	-6.132117e-06	-4.487381e-09	-4.461992e+01	-2.942549e+02
1.100000e-07	-6.106315e-06	-4.480070e-09	-4.443218e+01	-2.938720e+02
1.200000e-07	-6.078304e-06	-4.457880e-09	-4.422835e+01	-2.933996e+02
1.300000e-07	-6.048637e-06	-4.472559e-09	-4.401248e+01	-2.928406e+02
1.400000e-07	-6.017389e-06	-4.489979e-09	-4.378511e+01	-2.922039e+02
1.500000e-07	-5.984222e-06	-4.438078e-09	-4.354378e+01	-2.915034e+02
1.600000e-07	-5.948988e-06	-4.473183e-09	-4.328739e+01	-2.907570e+02
1.700000e-07	-5.911928e-06	-4.469814e-09	-4.301773e+01	-2.899848e+02
1.800000e-07	-5.872858e-06	-4.427644e-09	-4.273344e+01	-2.892074e+02
1.900000e-07	-5.831565e-06	-4.456286e-09	-4.243298e+01	-2.884436e+02
2.000000e-07	-5.788084e-06	-4.412820e-09	-4.211659e+01	-2.877087e+02
2.100000e-07	-5.742425e-06	-4.398134e-09	-4.178435e+01	-2.870130e+02
2.200000e-07	-5.694641e-06	-4.385810e-09	-4.143666e+01	-2.863607e+02
2.300000e-07	-5.644378e-06	-4.367826e-09	-4.107092e+01	-2.857497e+02
2.400000e-07	-5.591533e-06	-4.392992e-09	-4.068640e+01	-2.851714e+02
2.500000e-07	-5.536507e-06	-4.379951e-09	-4.028601e+01	-2.846121e+02
2.600000e-07	-5.479478e-06	-4.343231e-09	-3.987104e+01	-2.840539e+02
2.700000e-07	-5.420404e-06	-4.335748e-09	-3.944119e+01	-2.834767e+02
2.800000e-07	-5.359334e-06	-4.334805e-09	-3.899682e+01	-2.828601e+02
2.900000e-07	-5.296327e-06	-4.335560e-09	-3.853835e+01	-2.821855e+02
3.000000e-07	-5.231382e-06	-4.327167e-09	-3.806579e+01	-2.814375e+02
3.100000e-07	-5.164394e-06	-4.309162e-09	-3.757835e+01	-2.806056e+02
3.200000e-07	-5.095409e-06	-4.263574e-09	-3.707639e+01	-2.796848e+02
3.300000e-07	-5.024675e-06	-4.244038e-09	-3.656169e+01	-2.786759e+02
3.400000e-07	-4.952296e-06	-4.244664e-09	-3.603503e+01	-2.775850e+02
3.500000e-07	-4.877933e-06	-4.226823e-09	-3.549394e+01	-2.764224e+02
3.600000e-07	-4.801437e-06	-4.223033e-09	-3.493732e+01	-2.752012e+02
3.700000e-07	-4.723073e-06	-4.198626e-09	-3.436711e+01	-2.739357e+02
3.800000e-07	-4.642757e-06	-4.167401e-09	-3.378269e+01	-2.726392e+02
3.900000e-07	-4.560705e-06	-4.146187e-09	-3.318565e+01	-2.713225e+02
4.000000e-07	-4.477245e-06	-4.132794e-09	-3.257836e+01	-2.699925e+02
4.100000e-07	-4.392396e-06	-4.109415e-09	-3.196096e+01	-2.686510e+02
4.200000e-07	-4.306179e-06	-4.078329e-09	-3.133361e+01	-2.672946e+02
4.300000e-07	-4.218539e-06	-4.060200e-09	-3.069591e+01	-2.659148e+02
4.400000e-07	-4.129373e-06	-4.039081e-09	-3.004709e+01	-2.644987e+02
4.500000e-07	-4.038557e-06	-4.018598e-09	-2.938628e+01	-2.630307e+02
4.600000e-07	-3.946251e-06	-3.993231e-09	-2.871462e+01	-2.614940e+02
4.700000e-07	-3.852712e-06	-3.965644e-09	-2.803399e+01	-2.598722e+02
4.800000e-07	-3.757814e-06	-3.927723e-09	-2.734347e+01	-2.581516e+02
4.900000e-07	-3.661605e-06	-3.889084e-09	-2.664341e+01	-2.563222e+02
5.000000e-07	-3.564015e-06	-3.865270e-09	-2.593331e+01	-2.543789e+02
5.100000e-07	-3.464879e-06	-3.841366e-09	-2.521195e+01	-2.523221e+02
5.200000e-07	-3.364421e-06	-3.805795e-09	-2.448097e+01	-2.501574e+02
5.300000e-07	-3.262851e-06	-3.769487e-09	-2.374191e+01	-2.478948e+02
5.400000e-07	-3.160152e-06	-3.737021e-09	-2.299463e+01	-2.455470e+02
5.500000e-07	-3.056305e-06	-3.695635e-09	-2.223899e+01	-2.431282e+02
5.600000e-07	-2.951380e-06	-3.658137e-09	-2.147551e+01	-2.406512e+02
5.700000e-07	-2.845233e-06	-3.624311e-09	-2.070314e+01	-2.381264e+02
5.800000e-07	-2.737878e-06	-3.582900e-09	-1.992198e+01	-2.355590e+02
5.900000e-07	-2.629469e-06	-3.532548e-09	-1.913314e+01	-2.329486e+02
6.000000e-07	-2.520152e-06	-3.485494e-09	-1.833771e+01	-2.302877e+02
6.100000e-07	-2.410009e-06	-3.444184e-09	-1.753626e+01	-2.275623e+02
6.200000e-07	-2.298998e-06	-3.400369e-09	-1.672850e+01	-2.247528e+02
6.300000e-07	-2.187209e-06	-3.357374e-09	-1.591508e+01	-2.218347e+02
6.400000e-07	-2.074629e-06	-3.313765e-09	-1.509589e+01	-2.187816e+02
6.500000e-07	-1.961162e-06	-3.262309e-09	-1.427026e+01	-2.155665e+02
6.600000e-07	-1.846870e-06	-3.204096e-09	-1.343862e+01	-2.121651e+02
6.700000e-07	-1.731825e-06	-3.148643e-09	-1.260150e+01	-2.085568e+02
6.800000e-07	-1.616018e-06	-3.091182e-09	-1.175884e+01	-2.047274e+02
6.900000e-07	-1.499564e-06	-3.025376e-09	-1.091147e+01	-2.006687e+02
7.000000e-07	-1.382590e-06	-2.954423e-09	-1.006032e+01	-1.963794e+02
7.100000e-07	-1.265163e-06	-2.886557e-09	-9.205870e+00	-1.918633e+02
7.200000e-07	-1.147383e-06	-2.820152e-09	-8.348850e+00	-1.871273e+02
7.300000e-07	-1.029262e-06	-2.748463e-09	-7.489355e+00	-1.821790e+02
7.400000e-07	-9.108113e-07	-2.672192e-09	-6.627455e+00	-1.770227e+02
7.500000e-07	-7.920758e-07	-2.588948e-09	-5.763484e+00	-1.716563e+02
7.600000e-07	-6.730554e-07	-2.500890e-09	-4.897441e+00	-1.660677e+02
7.700000e-07	-5.537876e-07	-2.410554e-09	-4.029596e+00	-1.602319e+02
7.800000e-07	-4.343411e-07	-2.317339e-09	-3.160453e+00	-1.541095e+02
7.900000e-07	-3.147545e-07	-2.215551e-09	-2.290289e+00	-1.476460e+02
8.000000e-07	-1.950738e-07	-2.103907e-09	-1.419441e+00	-1.407725e+02
8.100000e-07	-7.532873e-08	-1.985238e-09	-5.481242e-01	-1.334086e+02
8.200000e-07	4.453127e-08	-1.860738e-09	3.240287e-01	-1.254666e+02
8.300000e-07	1.644561e-07	-1.730875e-09	1.196653e+00	-1.168563e+02
8.400000e-07	2.842638e-07	-1.590698e-09	2.068426e+00	-1.074921e+02
8.500000e-07	4.039805e-07	-1.436966e-09	2.939536e+00	-9.729944e+01
8.600000e-07	5.236230e-07	-1.267754e-09	3.810106e+00	-8.622227e+01
8.700000e-07	6.431323e-07	-1.087898e-09	4.679707e+00	-7.422913e+01
8.800000e-07	7.624958e-07	-8.994930e-10	5.548247e+00	-6.131866e+01
8.900000e-07	8.816371e-07	-6.987754e-10	6.415171e+00	-4.752339e+01
9.000000e-07	1.000500e-06	-4.809852e-10	7.280066e+00	-3.291154e+01
9.100000e-07	1.119020e-06	-2.477517e-10	8.142473e+00	-1.758663e+01
9.200000e-07	1.237145e-06	-4.884550e-12	9.002000e+00	-1.684855e+00
9.300000e-07	1.354845e-06	2.466042e-10	9.858433e+00	1.462981e+01
9.400000e-07	1.472080e-06	5.020170e-10	1.071149e+01	3.117233e+01
9.500000e-07	1.588768e-06	7.575067e-10	1.156056e+01	4.774482e+01
9.600000e-07	1.704778e-06	1.009135e-09	1.240470e+01	6.414573e+01
9.700000e-07	1.820035e-06	1.256886e-09	1.324336e+01	8.017931e+01
9.800000e-07	1.934527e-06	1.497496e-09	1.407645e+01	9.566466e+01
9.900000e-07	2.048162e-06	1.723934e-09	1.490331e+01	1.104439e+02
1.000000e-06	2.160897e-06	1.933706e-09	1.572362e+01	1.243889e+02
1.010000e-06	2.272774e-06	2.124453e-09	1.653768e+01	1.374057e+02
1.020000e-06	2.383816e-06	2.298834e-09	1.734567e+01	1.494370e+02
1.030000e-06	2.494039e-06	2.458869e-09	1.814770e+01	1.604626e+02
1.040000e-06	2.603432e-06	2.604660e-09	1.894369e+01	1.704968e+02
1.050000e-06	2.711999e-06	2.736581e-09	1.973367e+01	1.795845e+02
1.060000e-06	2.819673e-06	2.856003e-09	2.051716e+01	1.877956e+02
1.070000e-06	2.926345e-06	2.969222e-09	2.129334e+01	1.952178e+02
1.080000e-06	3.031845e-06	3.078557e-09	2.206100e+01	2.019495e+02
1.090000e-06	3.136094e-06	3.179544e-09	2.281957e+01	2.080926e+02
1.100000e-06	3.239206e-06	3.273555e-09	2.356985e+01	2.137452e+02
1.110000e-06	3.341229e-06	3.358640e-09	2.431222e+01	2.189965e+02
1.120000e-06	3.442179e-06	3.433830e-09	2.504677e+01	2.239223e+02
1.130000e-06	3.541949e-06	3.504720e-09	2.577274e+01	2.285820e+02
1.140000e-06	3.640398e-06	3.571537e-09	2.648910e+01	2.330181e+02
1.150000e-06	3.737427e-06	3.633364e-09	2.719512e+01	2.372563e+02
1.160000e-06	3.833043e-06	3.689735e-09	2.789087e+01	2.413081e+02
1.170000e-06	3.927310e-06	3.744157e-09	2.857680e+01	2.451729e+02
1.180000e-06	4.020298e-06	3.798396e-09	2.925342e+01	2.488425e+02
1.190000e-06	4.112052e-06	3.849139e-09	2.992106e+01	2.523046e+02
1.200000e-06	4.202467e-06	3.894514e-09	3.057896e+01	2.555469e+02
1.210000e-06	4.291201e-06	3.935216e-09	3.122462e+01	2.585599e+02
1.220000e-06	4.378231e-06	3.972115e-09	3.185789e+01	2.613398e+02
1.230000e-06	4.463849e-06	4.006279e-09	3.248089e+01	2.638897e+02
1.240000e-06	4.548016e-06	4.038287e-09	3.309332e+01	2.662202e+02
1.250000e-06	4.630608e-06	4.067297e-09	3.369429e+01	2.683489e+02
1.260000e-06	4.711436e-06	4.095768e-09	3.428244e+01	2.702989e+02
1.270000e-06	4.790476e-06	4.124298e-09	3.485756e+01	2.720968e+02
1.280000e-06	4.867822e-06	4.152022e-09	3.542037e+01	2.737705e+02
1.290000e-06	4.943357e-06	4.178621e-09	3.596999e+01	2.753465e+02
1.300000e-06	5.016897e-06	4.204778e-09	3.650510e+01	2.768481e+02
1.310000e-06	5.088466e-06	4.228146e-09	3.702587e+01	2.782933e+02
1.320000e-06	5.158208e-06	4.248509e-09	3.753334e+01	2.796938e+02
1.330000e-06	5.226157e-06	4.269251e-09	3.802776e+01	2.810549e+02
1.340000e-06	5.292203e-06	4.289009e-09	3.850835e+01	2.823755e+02
1.350000e-06	5.356231e-06	4.305724e-09	3.897424e+01	2.836495e+02
1.360000e-06	5.418384e-06	4.320558e-09	3.942649e+01	2.848671e+02
1.370000e-06	5.478863e-06	4.337467e-09	3.986656e+01	2.860167e+02
1.380000e-06	5.537480e-06	4.354548e-09	4.029308e+01	2.870871e+02
1.390000e-06	5.593975e-06	4.369273e-09	4.070417e+01	2.880689e+02
1.400000e-06	5.648443e-06	4.382681e-09	4.110050e+01	2.889566e+02
1.410000e-06	5.700823e-06	4.396790e-09	4.148164e+01	2.897490e+02
1.420000e-06	5.750831e-06	4.410570e-09	4.184552e+01	2.904499e+02
1.430000e-06	5.798524e-06	4.419916e-09	4.219255e+01	2.910678e+02
1.440000e-06	5.844193e-06	4.427642e-09	4.252486e+01	2.916151e+02
1.450000e-06	5.887977e-06	4.436878e-09	4.284346e+01	2.921070e+02
1.460000e-06	5.929612e-06	4.446886e-09	4.314641e+01	2.925595e+02
1.470000e-06	5.969008e-06	4.455375e-09	4.343307e+01	2.929882e+02
1.480000e-06	6.006452e-06	4.464193e-09	4.370553e+01	2.934065e+02
1.490000e-06	6.041937e-06	4.474729e-09	4.396373e+01	2.938241e+02
1.500000e-06	6.075233e-06	4.482890e-09	4.420601e+01	2.942463e+02
1.510000e-06	6.106337e-06	4.489165e-09	4.443234e+01	2.946736e+02
1.520000e-06	6.135419e-06	4.495323e-09	4.464394e+01	2.951018e+02
1.530000e-06	6.162329e-06	4.502671e-09	4.483975e+01	2.955230e+02
1.540000e-06	6.186829e-06	4.508542e-09	4.501803e+01	2.959260e+02
1.550000e-06	6.209031e-06	4.511647e-09	4.517958e+01	2.962988e+02
1.560000e-06	6.229173e-06	4.515181e-09	4.532614e+01	2.966293e+02
1.570000e-06	6.247165e-06	4.520913e-09	4.545706e+01	2.969074e+02
1.580000e-06	6.262769e-06	4.527299e-09	4.557060e+01	2.971258e+02
1.590000e-06	6.276037e-06	4.531194e-09	4.566715e+01	2.972816e+02
1.600000e-06	6.286905e-06	4.533532e-09	4.574622e+01	2.973760e+02
1.610000e-06	6.295280e-06	4.536118e-09	4.580716e+01	2.974147e+02
1.620000e-06	6.301341e-06	4.538547e-09	4.585127e+01	2.974067e+02
1.630000e-06	6.305314e-06	4.538710e-09	4.588018e+01	2.973641e+02
1.640000e-06	6.307021e-06	4.537295e-09	4.589260e+01	2.972995e+02
1.650000e-06	6.306432e-06	4.537613e-09	4.588831e+01	2.972255e+02
1.660000e-06	6.303799e-06	4.540911e-09	4.586915e+01	2.971524e+02
1.670000e-06	6.299222e-06	4.540557e-09	4.583585e+01	2.970870e+02
1.680000e-06	6.292497e-06	4.539682e-09	4.578691e+01	2.970320e+02
1.690000e-06	6.283642e-06	4.538295e-09	4.572248e+01	2.969847e+02
1.700000e-06	6.272859e-06	4.536326e-09	4.564402e+01	2.969380e+02
1.710000e-06	6.259857e-06	4.531909e-09	4.554941e+01	2.968802e+02
1.720000e-06	6.244657e-06	4.523240e-09	4.543881e+01	2.967966e+02
1.730000e-06	6.227510e-06	4.528652e-09	4.531404e+01	2.966710e+02
1.740000e-06	6.208048e-06	4.523263e-09	4.517243e+01	2.964872e+02
1.750000e-06	6.185553e-06	4.506648e-09	4.500874e+01	2.962309e+02
1.760000e-06	6.160180e-06	4.517742e-09	4.482412e+01	2.958916e+02
1.770000e-06	6.132830e-06	4.530571e-09	4.462511e+01	2.954636e+02
1.780000e-06	6.104116e-06	4.488661e-09	4.441617e+01	2.949467e+02
1.790000e-06	6.073969e-06	4.506841e-09	4.419681e+01	2.943469e+02
1.800000e-06	6.041730e-06	4.465970e-09	4.396223e+01	2.936758e+02
1.810000e-06	6.007212e-06	4.398961e-09	4.371106e+01	2.929495e+02
1.820000e-06	5.970957e-06	4.433542e-09	4.344725e+01	2.921872e+02
1.830000e-06	5.932613e-06	4.378173e-09	4.316824e+01	2.914095e+02
1.840000e-06	5.891887e-06	4.394772e-09	4.287191e+01	2.906362e+02
1.850000e-06	5.849192e-06	4.417356e-09	4.256124e+01	2.898848e+02
1.860000e-06	5.804452e-06	4.358166e-09	4.223569e+01	2.891681e+02
1.870000e-06	5.757674e-06	4.398660e-09	4.189531e+01	2.884936e+02
1.880000e-06	5.708683e-06	4.359446e-09	4.153883e+01	2.878621e+02
1.890000e-06	5.657312e-06	4.332875e-09	4.116504e+01	2.872685e+02
1.900000e-06	5.603593e-06	4.367793e-09	4.077416e+01	2.867012e+02
1.910000e-06	5.547585e-06	4.324032e-09	4.036661e+01	2.861445e+02
1.920000e-06	5.489713e-06	4.344774e-09	3.994551e+01	2.855789e+02
1.930000e-06	5.430039e-06	4.331832e-09	3.951129e+01	2.849840e+02
1.940000e-06	5.368194e-06	4.298245e-09	3.906129e+01	2.843401e+02
1.950000e-06	5.304215e-06	4.277381e-09	3.859575e+01	2.836300e+02
1.960000e-06	5.238252e-06	4.266149e-09	3.811577e+01	2.828406e+02
1.970000e-06	5.170451e-06	4.298656e-09	3.762242e+01	2.819641e+02
1.980000e-06	5.100641e-06	4.270586e-09	3.711446e+01	2.809984e+02
1.990000e-06	5.028817e-06	4.258410e-09	3.659184e+01	2.799470e+02
2.000000e-06	4.955294e-06	4.226212e-09	3.605685e+01	2.788182e+02
2.010000e-06	4.879919e-06	4.187159e-09	3.550839e+01	2.776241e+02
2.020000e-06	4.802520e-06	4.189740e-09	3.494520e+01	2.763786e+02
2.030000e-06	4.723130e-06	4.180007e-09	3.436752e+01	2.750956e+02
2.040000e-06	4.642072e-06	4.182485e-09	3.377771e+01	2.737874e+02
2.050000e-06	4.559572e-06	4.153985e-09	3.317741e+01	2.724631e+02
2.060000e-06	4.475634e-06	4.125488e-09	3.256664e+01	2.711270e+02
2.070000e-06	4.390029e-06	4.097570e-09	3.194374e+01	2.697784e+02
2.080000e-06	4.302673e-06	4.081530e-09	3.130810e+01	2.684111e+02
2.090000e-06	4.213800e-06	4.069111e-09	3.066142e+01	2.670145e+02
2.100000e-06	4.123514e-06	4.037658e-09	3.000446e+01	2.655741e+02
2.110000e-06	4.031923e-06	4.017650e-09	2.933801e+01	2.640735e+02
2.120000e-06	3.938999e-06	3.991449e-09	2.866185e+01	2.624957e+02
2.130000e-06	3.844556e-06	3.976241e-09	2.797464e+01	2.608256e+02
2.140000e-06	3.748635e-06	3.947140e-09	2.727668e+01	2.590511e+02
2.150000e-06	3.651394e-06	3.915728e-09	2.656911e+01	2.571645e+02
2.160000e-06	3.552942e-06	3.887318e-09	2.585273e+01	2.551637e+02
2.170000e-06	3.453318e-06	3.850510e-09	2.512783e+01	2.530515e+02
2.180000e-06	3.352509e-06	3.822986e-09	2.439430e+01	2.508360e+02
2.190000e-06	3.250266e-06	3.803260e-09	2.365033e+01	2.485286e+02
2.200000e-06	3.146611e-06	3.776552e-09	2.289610e+01	2.461431e+02
2.210000e-06	3.041843e-06	3.728551e-09	2.213376e+01	2.436933e+02
2.220000e-06	2.936069e-06	3.687668e-09	2.136410e+01	2.411909e+02
2.230000e-06	2.829310e-06	3.658228e-09	2.058727e+01	2.386440e+02
2.240000e-06	2.721635e-06	3.624529e-09	1.980379e+01	2.360552e+02
2.250000e-06	2.613122e-06	3.582043e-09	1.901420e+01	2.334204e+02
2.260000e-06	2.503606e-06	3.542255e-09	1.821731e+01	2.307290e+02
2.270000e-06	2.393095e-06	3.496462e-09	1.741319e+01	2.279639e+02
2.280000e-06	2.281576e-06	3.439523e-09	1.660173e+01	2.251029e+02
2.290000e-06	2.169191e-06	3.389611e-09	1.578397e+01	2.221202e+02
2.300000e-06	2.056071e-06	3.350594e-09	1.496086e+01	2.189889e+02
2.310000e-06	1.942223e-06	3.306242e-09	1.413245e+01	2.156831e+02
2.320000e-06	1.827654e-06	3.247439e-09	1.329879e+01	2.121800e+02
2.330000e-06	1.712378e-06	3.188779e-09	1.246000e+01	2.084621e+02
2.340000e-06	1.596454e-06	3.133517e-09	1.161649e+01	2.045182e+02
2.350000e-06	1.479909e-06	3.074348e-09	1.076845e+01	2.003436e+02
2.360000e-06	1.362780e-06	3.008856e-09	9.916172e+00	1.959397e+02
2.370000e-06	1.245123e-06	2.943181e-09	9.060048e+00	1.913122e+02
2.380000e-06	1.127043e-06	2.871931e-09	8.200851e+00	1.864688e+02
2.390000e-06	1.008572e-06	2.796899e-09	7.338800e+00	1.814158e+02
2.400000e-06	8.897314e-07	2.720173e-09	6.474068e+00	1.761549e+02
2.410000e-06	7.705340e-07	2.638771e-09	5.606737e+00	1.706791e+02
2.420000e-06	6.510807e-07	2.551295e-09	4.737543e+00	1.649705e+02
2.430000e-06	5.314032e-07	2.456686e-09	3.866718e+00	1.589969e+02
2.440000e-06	4.114982e-07	2.358105e-09	2.994238e+00	1.527112e+02
2.450000e-06	2.914217e-07	2.252142e-09	2.120510e+00	1.460516e+02
2.460000e-06	1.711976e-07	2.140468e-09	1.245708e+00	1.389431e+02
2.470000e-06	5.084506e-08	2.021419e-09	3.699705e-01	1.313010e+02
2.480000e-06	-6.957505e-08	1.889121e-09	-5.062580e-01	1.230355e+02
2.490000e-06	-1.899071e-07	1.746040e-09	-1.381846e+00	1.140580e+02
2.500000e-06	-3.101578e-07	1.595811e-09	-2.256841e+00	1.042874e+02
2.510000e-06	-4.303357e-07	1.439507e-09	-3.131308e+00	9.365773e+01
2.520000e-06	-5.503294e-07	1.272778e-09	-4.004433e+00	8.212429e+01
2.530000e-06	-6.701509e-07	1.091128e-09	-4.876306e+00	6.967016e+01
2.540000e-06	-7.897085e-07	8.941106e-10	-5.746259e+00	5.631056e+01
2.550000e-06	-9.089196e-07	6.788244e-10	-6.613690e+00	4.209579e+01
2.560000e-06	-1.027766e-06	4.490854e-10	-7.478468e+00	2.711189e+01
2.570000e-06	-1.146180e-06	2.106029e-10	-8.340101e+00	1.147921e+01
2.580000e-06	-1.264132e-06	-3.626732e-11	-9.198368e+00	-4.651449e+00
2.590000e-06	-1.381582e-06	-2.918769e-10	-1.005298e+01	-2.110462e+01
2.600000e-06	-1.498426e-06	-5.536837e-10	-1.090319e+01	-3.768775e+01
2.610000e-06	-1.614554e-06	-8.144935e-10	-1.174819e+01	-5.419995e+01
2.620000e-06	-1.729951e-06	-1.069730e-09	-1.258787e+01	-7.044139e+01
2.630000e-06	-1.844630e-06	-1.317135e-09	-1.342232e+01	-8.622265e+01
2.640000e-06	-1.958500e-06	-1.551590e-09	-1.425089e+01	-1.013734e+02
2.650000e-06	-2.071512e-06	-1.771180e-09	-1.507321e+01	-1.157500e+02
2.660000e-06	-2.183648e-06	-1.976397e-09	-1.588916e+01	-1.292408e+02
2.670000e-06	-2.294852e-06	-2.164218e-09	-1.669833e+01	-1.417701e+02
2.680000e-06	-2.405069e-06	-2.333968e-09	-1.750032e+01	-1.532993e+02
2.690000e-06	-2.514434e-06	-2.488561e-09	-1.829610e+01	-1.638258e+02
2.700000e-06	-2.623026e-06	-2.631225e-09	-1.908626e+01	-1.733799e+02
2.710000e-06	-2.730720e-06	-2.765603e-09	-1.986989e+01	-1.820197e+02
2.720000e-06	-2.837550e-06	-2.887078e-09	-2.064724e+01	-1.898249e+02
2.730000e-06	-2.943416e-06	-2.993909e-09	-2.141756e+01	-1.968897e+02
2.740000e-06	-3.048237e-06	-3.089174e-09	-2.218028e+01	-2.033149e+02
2.750000e-06	-3.151972e-06	-3.178443e-09	-2.293511e+01	-2.092013e+02
2.760000e-06	-3.254445e-06	-3.266800e-09	-2.368074e+01	-2.146433e+02
2.770000e-06	-3.355652e-06	-3.351623e-09	-2.441717e+01	-2.197238e+02
2.780000e-06	-3.455647e-06	-3.430115e-09	-2.514477e+01	-2.245106e+02
2.790000e-06	-3.554475e-06	-3.501797e-09	-2.586389e+01	-2.290547e+02
2.800000e-06	-3.652128e-06	-3.567409e-09	-2.657446e+01	-2.333901e+02
2.810000e-06	-3.748600e-06	-3.629628e-09	-2.727643e+01	-2.375350e+02
2.820000e-06	-3.843834e-06	-3.688891e-09	-2.796939e+01	-2.414943e+02
2.830000e-06	-3.937663e-06	-3.744767e-09	-2.865213e+01	-2.452633e+02
2.840000e-06	-4.030014e-06	-3.797722e-09	-2.932412e+01	-2.488313e+02
2.850000e-06	-4.120894e-06	-3.849070e-09	-2.998540e+01	-2.521854e+02
2.860000e-06	-4.210381e-06	-3.898146e-09	-3.063654e+01	-2.553143e+02
2.870000e-06	-4.298436e-06	-3.942645e-09	-3.127727e+01	-2.582113e+02
2.880000e-06	-4.384854e-06	-3.983800e-09	-3.190608e+01	-2.608757e+02
2.890000e-06	-4.469613e-06	-4.023552e-09	-3.252283e+01	-2.633146e+02
2.900000e-06	-4.552768e-06	-4.062066e-09	-3.312790e+01	-2.655421e+02
2.910000e-06	-4.634459e-06	-4.097276e-09	-3.372232e+01	-2.675787e+02
2.920000e-06	-4.714649e-06	-4.129748e-09	-3.430581e+01	-2.694496e+02
2.930000e-06	-4.792966e-06	-4.161045e-09	-3.487568e+01	-2.711824e+02
2.940000e-06	-4.869219e-06	-4.189925e-09	-3.543053e+01	-2.728046e+02
2.950000e-06	-4.943491e-06	-4.214331e-09	-3.597097e+01	-2.743412e+02
2.960000e-06	-5.015964e-06	-4.236640e-09	-3.649831e+01	-2.758132e+02
2.970000e-06	-5.086573e-06	-4.259581e-09	-3.701209e+01	-2.772354e+02
2.980000e-06	-5.155197e-06	-4.281739e-09	-3.751143e+01	-2.786164e+02
2.990000e-06	-5.221975e-06	-4.300023e-09	-3.799733e+01	-2.799582e+02
3.000000e-06	-5.287016e-06	-4.317675e-09	-3.847060e+01	-2.812570e+02
3.010000e-06	-5.350184e-06	-4.336657e-09	-3.893024e+01	-2.825046e+02
3.020000e-06	-5.411340e-06	-4.352901e-09	-3.937524e+01	-2.836901e+02
3.030000e-06	-5.470494e-06	-4.366244e-09	-3.980567e+01	-2.848019e+02
3.040000e-06	-5.527740e-06	-4.378618e-09	-4.022221e+01	-2.858294e+02
3.050000e-06	-5.583131e-06	-4.390802e-09	-4.062526e+01	-2.867650e+02
3.060000e-06	-5.636421e-06	-4.401547e-09	-4.101302e+01	-2.876054e+02
3.070000e-06	-5.687401e-06	-4.412773e-09	-4.138397e+01	-2.883517e+02
3.080000e-06	-5.735980e-06	-4.423479e-09	-4.173746e+01	-2.890101e+02
3.090000e-06	-5.782254e-06	-4.433118e-09	-4.207416e+01	-2.895915e+02
3.100000e-06	-5.826652e-06	-4.442806e-09	-4.239723e+01	-2.901095e+02
3.110000e-06	-5.869265e-06	-4.452531e-09	-4.270730e+01	-2.905801e+02
3.120000e-06	-5.909991e-06	-4.462031e-09	-4.300364e+01	-2.910194e+02
3.130000e-06	-5.948660e-06	-4.469139e-09	-4.328501e+01	-2.914418e+02
3.140000e-06	-5.985087e-06	-4.474883e-09	-4.355006e+01	-2.918592e+02
3.150000e-06	-6.019396e-06	-4.479340e-09	-4.379971e+01	-2.922792e+02
3.160000e-06	-6.051681e-06	-4.482497e-09	-4.403464e+01	-2.927046e+02
3.170000e-06	-6.081778e-06	-4.485585e-09	-4.425363e+01	-2.931337e+02
3.180000e-06	-6.109602e-06	-4.491826e-09	-4.445609e+01	-2.935600e+02
3.190000e-06	-6.135255e-06	-4.497903e-09	-4.464275e+01	-2.939740e+02
3.200000e-06	-6.158783e-06	-4.501794e-09	-4.481395e+01	-2.943640e+02
3.210000e-06	-6.180001e-06	-4.504051e-09	-4.496835e+01	-2.947175e+02
3.220000e-06	-6.199003e-06	-4.507062e-09	-4.510661e+01	-2.950233e+02
3.230000e-06	-6.215889e-06	-4.510608e-09	-4.522948e+01	-2.952727e+02
3.240000e-06	-6.230388e-06	-4.512458e-09	-4.533498e+01	-2.954604e+02
3.250000e-06	-6.242399e-06	-4.512195e-09	-4.542238e+01	-2.955855e+02
3.260000e-06	-6.252044e-06	-4.510410e-09	-4.549256e+01	-2.956515e+02
3.270000e-06	-6.259475e-06	-4.508017e-09	-4.554663e+01	-2.956659e+02
3.280000e-06	-6.264586e-06	-4.506549e-09	-4.558382e+01	-2.956395e+02
3.290000e-06	-6.267502e-06	-4.507663e-09	-4.560504e+01	-2.955847e+02
3.300000e-06	-6.268375e-06	-4.510100e-09	-4.561139e+01	-2.955144e+02
3.310000e-06	-6.267009e-06	-4.511682e-09	-4.560145e+01	-2.954402e+02
