# Temperatura_=_20.0
# Concentracion g/m^3_=_6200.0
# C_Vs_to_Am_M_A/Vsm_=_65563218390.804596
# pendiente_HvsI_1/m_=_3716.3
# ordenada_HvsI_A/m_=_1297.0
# frecuencia_Hz_=_302097.2024512286

Tiempo_(s)	Campo_(V.s)	Magnetizacion_(V.s)	Campo_(kA/m)	Magnetizacion_(A/m)
0.000000e+00	-6.235320e-06	-4.703472e-09	-4.557984e+01	-3.057718e+02
1.000000e-08	-6.231816e-06	-4.706167e-09	-4.555423e+01	-3.056127e+02
2.000000e-08	-6.226399e-06	-4.705742e-09	-4.551464e+01	-3.054708e+02
3.000000e-08	-6.219082e-06	-4.706014e-09	-4.546115e+01	-3.054442e+02
4.000000e-08	-6.209645e-06	-4.705956e-09	-4.539217e+01	-3.055564e+02
5.000000e-08	-6.197841e-06	-4.703500e-09	-4.530588e+01	-3.057322e+02
6.000000e-08	-6.183790e-06	-4.700925e-09	-4.520316e+01	-3.058279e+02
7.000000e-08	-6.167459e-06	-4.689787e-09	-4.508379e+01	-3.057022e+02
8.000000e-08	-6.148920e-06	-4.674465e-09	-4.494827e+01	-3.052947e+02
9.000000e-08	-6.128214e-06	-4.695672e-09	-4.479690e+01	-3.046713e+02
1.000000e-07	-6.105140e-06	-4.688714e-09	-4.462824e+01	-3.040112e+02
1.100000e-07	-6.079616e-06	-4.661552e-09	-4.444166e+01	-3.035395e+02
1.200000e-07	-6.051901e-06	-4.649414e-09	-4.423907e+01	-3.034341e+02
1.300000e-07	-6.022469e-06	-4.638002e-09	-4.402392e+01	-3.037503e+02
1.400000e-07	-5.991493e-06	-4.613373e-09	-4.379748e+01	-3.043968e+02
1.500000e-07	-5.958665e-06	-4.650725e-09	-4.355751e+01	-3.051721e+02
1.600000e-07	-5.923734e-06	-4.654405e-09	-4.330217e+01	-3.058437e+02
1.700000e-07	-5.887061e-06	-4.607253e-09	-4.303409e+01	-3.062322e+02
1.800000e-07	-5.848429e-06	-4.659075e-09	-4.275169e+01	-3.062643e+02
1.900000e-07	-5.807493e-06	-4.633832e-09	-4.245246e+01	-3.059758e+02
2.000000e-07	-5.764375e-06	-4.622920e-09	-4.213726e+01	-3.054715e+02
2.100000e-07	-5.719088e-06	-4.650432e-09	-4.180622e+01	-3.048667e+02
2.200000e-07	-5.671720e-06	-4.600067e-09	-4.145996e+01	-3.042412e+02
2.300000e-07	-5.621881e-06	-4.615996e-09	-4.109564e+01	-3.036247e+02
2.400000e-07	-5.569487e-06	-4.611408e-09	-4.071264e+01	-3.030125e+02
2.500000e-07	-5.514968e-06	-4.581525e-09	-4.031411e+01	-3.023952e+02
2.600000e-07	-5.458350e-06	-4.610989e-09	-3.990024e+01	-3.017795e+02
2.700000e-07	-5.399676e-06	-4.585626e-09	-3.947133e+01	-3.011873e+02
2.800000e-07	-5.339064e-06	-4.576104e-09	-3.902826e+01	-3.006364e+02
2.900000e-07	-5.276551e-06	-4.575872e-09	-3.857130e+01	-3.001169e+02
3.000000e-07	-5.212131e-06	-4.558972e-09	-3.810039e+01	-2.995834e+02
3.100000e-07	-5.145646e-06	-4.533401e-09	-3.761439e+01	-2.989716e+02
3.200000e-07	-5.077103e-06	-4.516652e-09	-3.711334e+01	-2.982318e+02
3.300000e-07	-5.006790e-06	-4.523429e-09	-3.659936e+01	-2.973612e+02
3.400000e-07	-4.934855e-06	-4.501999e-09	-3.607352e+01	-2.964131e+02
3.500000e-07	-4.860975e-06	-4.507071e-09	-3.553346e+01	-2.954746e+02
3.600000e-07	-4.784995e-06	-4.493653e-09	-3.497805e+01	-2.946227e+02
3.700000e-07	-4.707018e-06	-4.461347e-09	-3.440804e+01	-2.938803e+02
3.800000e-07	-4.627081e-06	-4.455021e-09	-3.382370e+01	-2.931982e+02
3.900000e-07	-4.545418e-06	-4.438836e-09	-3.322675e+01	-2.924762e+02
4.000000e-07	-4.462290e-06	-4.429377e-09	-3.261910e+01	-2.916125e+02
4.100000e-07	-4.377859e-06	-4.418550e-09	-3.200191e+01	-2.905591e+02
4.200000e-07	-4.292080e-06	-4.405829e-09	-3.137487e+01	-2.893501e+02
4.300000e-07	-4.204902e-06	-4.389163e-09	-3.073760e+01	-2.880877e+02
4.400000e-07	-4.116180e-06	-4.364824e-09	-3.008905e+01	-2.868904e+02
4.500000e-07	-4.025811e-06	-4.346588e-09	-2.942846e+01	-2.858297e+02
4.600000e-07	-3.933991e-06	-4.324440e-09	-2.875726e+01	-2.848889e+02
4.700000e-07	-3.840856e-06	-4.308947e-09	-2.807645e+01	-2.839688e+02
4.800000e-07	-3.746494e-06	-4.290341e-09	-2.738667e+01	-2.829372e+02
4.900000e-07	-3.650853e-06	-4.272922e-09	-2.668753e+01	-2.816995e+02
5.000000e-07	-3.553765e-06	-4.256203e-09	-2.597783e+01	-2.802500e+02
5.100000e-07	-3.455280e-06	-4.232321e-09	-2.525791e+01	-2.786771e+02
5.200000e-07	-3.355430e-06	-4.210685e-09	-2.452801e+01	-2.771168e+02
5.300000e-07	-3.254389e-06	-4.184054e-09	-2.378940e+01	-2.756776e+02
5.400000e-07	-3.152286e-06	-4.161733e-09	-2.304304e+01	-2.743773e+02
5.500000e-07	-3.049051e-06	-4.141789e-09	-2.228839e+01	-2.731266e+02
5.600000e-07	-2.944626e-06	-4.119215e-09	-2.152505e+01	-2.717716e+02
5.700000e-07	-2.839053e-06	-4.087804e-09	-2.075332e+01	-2.701727e+02
5.800000e-07	-2.732350e-06	-4.053051e-09	-1.997333e+01	-2.682811e+02
5.900000e-07	-2.624511e-06	-4.022886e-09	-1.918503e+01	-2.661681e+02
6.000000e-07	-2.515726e-06	-3.992134e-09	-1.838982e+01	-2.639913e+02
6.100000e-07	-2.406084e-06	-3.964066e-09	-1.758835e+01	-2.619121e+02
6.200000e-07	-2.295635e-06	-3.939566e-09	-1.678097e+01	-2.600077e+02
6.300000e-07	-2.184415e-06	-3.912243e-09	-1.596796e+01	-2.582249e+02
6.400000e-07	-2.072379e-06	-3.877743e-09	-1.514898e+01	-2.564029e+02
6.500000e-07	-1.959505e-06	-3.840359e-09	-1.432388e+01	-2.543556e+02
6.600000e-07	-1.845877e-06	-3.802392e-09	-1.349326e+01	-2.519698e+02
6.700000e-07	-1.731510e-06	-3.763757e-09	-1.265725e+01	-2.492664e+02
6.800000e-07	-1.616340e-06	-3.721827e-09	-1.181536e+01	-2.463893e+02
6.900000e-07	-1.500458e-06	-3.680881e-09	-1.096827e+01	-2.435246e+02
7.000000e-07	-1.384071e-06	-3.641603e-09	-1.011748e+01	-2.407912e+02
7.100000e-07	-1.267251e-06	-3.597719e-09	-9.263534e+00	-2.381636e+02
7.200000e-07	-1.149967e-06	-3.550707e-09	-8.406195e+00	-2.354712e+02
7.300000e-07	-1.032265e-06	-3.500176e-09	-7.545800e+00	-2.324782e+02
7.400000e-07	-9.142435e-07	-3.447724e-09	-6.683070e+00	-2.290053e+02
7.500000e-07	-7.959729e-07	-3.391962e-09	-5.818518e+00	-2.250245e+02
7.600000e-07	-6.774877e-07	-3.330962e-09	-4.952398e+00	-2.206719e+02
7.700000e-07	-5.587817e-07	-3.265266e-09	-4.084663e+00	-2.161613e+02
7.800000e-07	-4.399227e-07	-3.195275e-09	-3.215811e+00	-2.116414e+02
7.900000e-07	-3.209532e-07	-3.119842e-09	-2.346150e+00	-2.070700e+02
8.000000e-07	-2.018690e-07	-3.036815e-09	-1.475651e+00	-2.021812e+02
8.100000e-07	-8.269316e-08	-2.946195e-09	-6.044824e-01	-1.965739e+02
8.200000e-07	3.659097e-08	-2.845428e-09	2.674780e-01	-1.898835e+02
8.300000e-07	1.558938e-07	-2.735080e-09	1.139575e+00	-1.819458e+02
8.400000e-07	2.751602e-07	-2.608603e-09	2.011406e+00	-1.728528e+02
8.500000e-07	3.943902e-07	-2.461351e-09	2.882971e+00	-1.628412e+02
8.600000e-07	5.134822e-07	-2.293682e-09	3.753527e+00	-1.520432e+02
8.700000e-07	6.323723e-07	-2.100963e-09	4.622607e+00	-1.402089e+02
8.800000e-07	7.510797e-07	-1.876567e-09	5.490351e+00	-1.265494e+02
8.900000e-07	8.696293e-07	-1.611887e-09	6.356943e+00	-1.098192e+02
9.000000e-07	9.879368e-07	-1.294909e-09	7.221764e+00	-8.866458e+01
9.100000e-07	1.105932e-06	-9.092397e-10	8.084304e+00	-6.214070e+01
9.200000e-07	1.223588e-06	-4.428984e-10	8.944364e+00	-3.020966e+01
9.300000e-07	1.340815e-06	1.085567e-10	9.801284e+00	5.988288e+00
9.400000e-07	1.457545e-06	7.184253e-10	1.065458e+01	4.422905e+01
9.500000e-07	1.573748e-06	1.318997e-09	1.150401e+01	8.166848e+01
9.600000e-07	1.689327e-06	1.835494e-09	1.234889e+01	1.155352e+02
9.700000e-07	1.804123e-06	2.233986e-09	1.318804e+01	1.438175e+02
9.800000e-07	1.918007e-06	2.529300e-09	1.402052e+01	1.657086e+02
9.900000e-07	2.031044e-06	2.753718e-09	1.484682e+01	1.816639e+02
1.000000e-06	2.143287e-06	2.935058e-09	1.566731e+01	1.930753e+02
1.010000e-06	2.254685e-06	3.086408e-09	1.648163e+01	2.017053e+02
1.020000e-06	2.365278e-06	3.214119e-09	1.729005e+01	2.091047e+02
1.030000e-06	2.475078e-06	3.323776e-09	1.809269e+01	2.162197e+02
1.040000e-06	2.584044e-06	3.420094e-09	1.888922e+01	2.233003e+02
1.050000e-06	2.692186e-06	3.508962e-09	1.967973e+01	2.300891e+02
1.060000e-06	2.799458e-06	3.591144e-09	2.046388e+01	2.361610e+02
1.070000e-06	2.905670e-06	3.668219e-09	2.124029e+01	2.412434e+02
1.080000e-06	3.010653e-06	3.736558e-09	2.200771e+01	2.453814e+02
1.090000e-06	3.114476e-06	3.798342e-09	2.276665e+01	2.489033e+02
1.100000e-06	3.217159e-06	3.852806e-09	2.351726e+01	2.522388e+02
1.110000e-06	3.318755e-06	3.901156e-09	2.425991e+01	2.557044e+02
1.120000e-06	3.419315e-06	3.949952e-09	2.499500e+01	2.593687e+02
1.130000e-06	3.518750e-06	3.997156e-09	2.572187e+01	2.630574e+02
1.140000e-06	3.616873e-06	4.041550e-09	2.643914e+01	2.664797e+02
1.150000e-06	3.713501e-06	4.082594e-09	2.714549e+01	2.694006e+02
1.160000e-06	3.808718e-06	4.120195e-09	2.784152e+01	2.717658e+02
1.170000e-06	3.902644e-06	4.151949e-09	2.852811e+01	2.737204e+02
1.180000e-06	3.995302e-06	4.180041e-09	2.920544e+01	2.755218e+02
1.190000e-06	4.086775e-06	4.208364e-09	2.987410e+01	2.774015e+02
1.200000e-06	4.176834e-06	4.236063e-09	3.053243e+01	2.794510e+02
1.210000e-06	4.265189e-06	4.261079e-09	3.117830e+01	2.815911e+02
1.220000e-06	4.351944e-06	4.285751e-09	3.181247e+01	2.836331e+02
1.230000e-06	4.437208e-06	4.308403e-09	3.243574e+01	2.853932e+02
1.240000e-06	4.521102e-06	4.328141e-09	3.304901e+01	2.867964e+02
1.250000e-06	4.603502e-06	4.346623e-09	3.365135e+01	2.879146e+02
1.260000e-06	4.684162e-06	4.365872e-09	3.424097e+01	2.889227e+02
1.270000e-06	4.763019e-06	4.385670e-09	3.481741e+01	2.900007e+02
1.280000e-06	4.840110e-06	4.402348e-09	3.538094e+01	2.912373e+02
1.290000e-06	4.915444e-06	4.416167e-09	3.593162e+01	2.925868e+02
1.300000e-06	4.988742e-06	4.429576e-09	3.646743e+01	2.939010e+02
1.310000e-06	5.060045e-06	4.442177e-09	3.698865e+01	2.950152e+02
1.320000e-06	5.129568e-06	4.455651e-09	3.749686e+01	2.958416e+02
1.330000e-06	5.197364e-06	4.469357e-09	3.799244e+01	2.964189e+02
1.340000e-06	5.263245e-06	4.482582e-09	3.847403e+01	2.968925e+02
1.350000e-06	5.327113e-06	4.494989e-09	3.894091e+01	2.974371e+02
1.360000e-06	5.389211e-06	4.504128e-09	3.939483e+01	2.981654e+02
1.370000e-06	5.449579e-06	4.511788e-09	3.983612e+01	2.990704e+02
1.380000e-06	5.508066e-06	4.520109e-09	4.026366e+01	3.000310e+02
1.390000e-06	5.564461e-06	4.529384e-09	4.067591e+01	3.008785e+02
1.400000e-06	5.618837e-06	4.538661e-09	4.107339e+01	3.014847e+02
1.410000e-06	5.671126e-06	4.546952e-09	4.145562e+01	3.018282e+02
1.420000e-06	5.720941e-06	4.554349e-09	4.181977e+01	3.020025e+02
1.430000e-06	5.768428e-06	4.562443e-09	4.216689e+01	3.021658e+02
1.440000e-06	5.813972e-06	4.571209e-09	4.249982e+01	3.024586e+02
1.450000e-06	5.857700e-06	4.576671e-09	4.281946e+01	3.029345e+02
1.460000e-06	5.899293e-06	4.579413e-09	4.312351e+01	3.035387e+02
1.470000e-06	5.938670e-06	4.583761e-09	4.341135e+01	3.041435e+02
1.480000e-06	5.976085e-06	4.589645e-09	4.368485e+01	3.046199e+02
1.490000e-06	6.011512e-06	4.596198e-09	4.394382e+01	3.049052e+02
1.500000e-06	6.044706e-06	4.602488e-09	4.418647e+01	3.050318e+02
1.510000e-06	6.075671e-06	4.607895e-09	4.441282e+01	3.051043e+02
1.520000e-06	6.104670e-06	4.612190e-09	4.462480e+01	3.052385e+02
1.530000e-06	6.131629e-06	4.615734e-09	4.482187e+01	3.054987e+02
1.540000e-06	6.156243e-06	4.619862e-09	4.500180e+01	3.058656e+02
1.550000e-06	6.178491e-06	4.623547e-09	4.516443e+01	3.062525e+02
1.560000e-06	6.198760e-06	4.625110e-09	4.531260e+01	3.065580e+02
1.570000e-06	6.217000e-06	4.625531e-09	4.544593e+01	3.067246e+02
1.580000e-06	6.232842e-06	4.627276e-09	4.556173e+01	3.067709e+02
1.590000e-06	6.246291e-06	4.630625e-09	4.566004e+01	3.067790e+02
1.600000e-06	6.257344e-06	4.633760e-09	4.574084e+01	3.068450e+02
1.610000e-06	6.265869e-06	4.636062e-09	4.580316e+01	3.070225e+02
1.620000e-06	6.272088e-06	4.637814e-09	4.584862e+01	3.072891e+02
1.630000e-06	6.276243e-06	4.639083e-09	4.587899e+01	3.075580e+02
1.640000e-06	6.278105e-06	4.640553e-09	4.589260e+01	3.077270e+02
1.650000e-06	6.277690e-06	4.643869e-09	4.588957e+01	3.077381e+02
1.660000e-06	6.275267e-06	4.645018e-09	4.587186e+01	3.076136e+02
1.670000e-06	6.270884e-06	4.641796e-09	4.583982e+01	3.074475e+02
1.680000e-06	6.264268e-06	4.638827e-09	4.579145e+01	3.073537e+02
1.690000e-06	6.255464e-06	4.641380e-09	4.572710e+01	3.073989e+02
1.700000e-06	6.244800e-06	4.645877e-09	4.564914e+01	3.075571e+02
1.710000e-06	6.232052e-06	4.649925e-09	4.555596e+01	3.077118e+02
1.720000e-06	6.217017e-06	4.657336e-09	4.544605e+01	3.077102e+02
1.730000e-06	6.199965e-06	4.664563e-09	4.532140e+01	3.074429e+02
1.740000e-06	6.180738e-06	4.618885e-09	4.518086e+01	3.069102e+02
1.750000e-06	6.158510e-06	4.618628e-09	4.501837e+01	3.062403e+02
1.760000e-06	6.133333e-06	4.637722e-09	4.483433e+01	3.056462e+02
1.770000e-06	6.106096e-06	4.641301e-09	4.463523e+01	3.053409e+02
1.780000e-06	6.077557e-06	4.676719e-09	4.442661e+01	3.054479e+02
1.790000e-06	6.047799e-06	4.642048e-09	4.420908e+01	3.059483e+02
1.800000e-06	6.016000e-06	4.616229e-09	4.397663e+01	3.066876e+02
1.810000e-06	5.981766e-06	4.758178e-09	4.372638e+01	3.074377e+02
1.820000e-06	5.945800e-06	4.761522e-09	4.346347e+01	3.079834e+02
1.830000e-06	5.907728e-06	4.725937e-09	4.318517e+01	3.081947e+02
1.840000e-06	5.867265e-06	4.767075e-09	4.288938e+01	3.080556e+02
1.850000e-06	5.824899e-06	4.666581e-09	4.257969e+01	3.076432e+02
1.860000e-06	5.780506e-06	4.720985e-09	4.225518e+01	3.070749e+02
1.870000e-06	5.734124e-06	4.739574e-09	4.191613e+01	3.064521e+02
1.880000e-06	5.685530e-06	4.654884e-09	4.156091e+01	3.058294e+02
1.890000e-06	5.634577e-06	4.709438e-09	4.118845e+01	3.052158e+02
1.900000e-06	5.581404e-06	4.649459e-09	4.079976e+01	3.046007e+02
1.910000e-06	5.525833e-06	4.642621e-09	4.039354e+01	3.039812e+02
1.920000e-06	5.468180e-06	4.670072e-09	3.997209e+01	3.033734e+02
1.930000e-06	5.408774e-06	4.605465e-09	3.953784e+01	3.028001e+02
1.940000e-06	5.347341e-06	4.651958e-09	3.908877e+01	3.022677e+02
1.950000e-06	5.283783e-06	4.616661e-09	3.862416e+01	3.017478e+02
1.960000e-06	5.218161e-06	4.622743e-09	3.814447e+01	3.011823e+02
1.970000e-06	5.150767e-06	4.608228e-09	3.765183e+01	3.005095e+02
1.980000e-06	5.081448e-06	4.587810e-09	3.714511e+01	2.997002e+02
1.990000e-06	5.010058e-06	4.614652e-09	3.662325e+01	2.987804e+02
2.000000e-06	4.936928e-06	4.539095e-09	3.608867e+01	2.978249e+02
2.010000e-06	4.861988e-06	4.559002e-09	3.554087e+01	2.969218e+02
2.020000e-06	4.785171e-06	4.537643e-09	3.497934e+01	2.961255e+02
2.030000e-06	4.706356e-06	4.527612e-09	3.440320e+01	2.954226e+02
2.040000e-06	4.625728e-06	4.535893e-09	3.381382e+01	2.947338e+02
2.050000e-06	4.543601e-06	4.497222e-09	3.321348e+01	2.939505e+02
2.060000e-06	4.460077e-06	4.506263e-09	3.260292e+01	2.929923e+02
2.070000e-06	4.375028e-06	4.461082e-09	3.198121e+01	2.918508e+02
2.080000e-06	4.288249e-06	4.452490e-09	3.134687e+01	2.905990e+02
2.090000e-06	4.199900e-06	4.435321e-09	3.070104e+01	2.893551e+02
2.100000e-06	4.110129e-06	4.429271e-09	3.004482e+01	2.882214e+02
2.110000e-06	4.019114e-06	4.416036e-09	2.937950e+01	2.872278e+02
2.120000e-06	3.926790e-06	4.384726e-09	2.870462e+01	2.863125e+02
2.130000e-06	3.833000e-06	4.381573e-09	2.801902e+01	2.853516e+02
2.140000e-06	3.737745e-06	4.353734e-09	2.732271e+01	2.842232e+02
2.150000e-06	3.641023e-06	4.339590e-09	2.661568e+01	2.828730e+02
2.160000e-06	3.543025e-06	4.312886e-09	2.589932e+01	2.813454e+02
2.170000e-06	3.443919e-06	4.302601e-09	2.517486e+01	2.797609e+02
2.180000e-06	3.343613e-06	4.280324e-09	2.444163e+01	2.782514e+02
2.190000e-06	3.241945e-06	4.252569e-09	2.369844e+01	2.768855e+02
2.200000e-06	3.139025e-06	4.228783e-09	2.294610e+01	2.756260e+02
2.210000e-06	3.034851e-06	4.209421e-09	2.218460e+01	2.743427e+02
2.220000e-06	2.929498e-06	4.192207e-09	2.141447e+01	2.728781e+02
2.230000e-06	2.823151e-06	4.162489e-09	2.063708e+01	2.711306e+02
2.240000e-06	2.715949e-06	4.140705e-09	1.985344e+01	2.691116e+02
2.250000e-06	2.607905e-06	4.113101e-09	1.906364e+01	2.669437e+02
2.260000e-06	2.498857e-06	4.082535e-09	1.826651e+01	2.647982e+02
2.270000e-06	2.388945e-06	4.044322e-09	1.746305e+01	2.628038e+02
2.280000e-06	2.278123e-06	4.015032e-09	1.665295e+01	2.609741e+02
2.290000e-06	2.166398e-06	3.983489e-09	1.583625e+01	2.591949e+02
2.300000e-06	2.053868e-06	3.951031e-09	1.501366e+01	2.572803e+02
2.310000e-06	1.940620e-06	3.918922e-09	1.418583e+01	2.550693e+02
2.320000e-06	1.826708e-06	3.886838e-09	1.335314e+01	2.525124e+02
2.330000e-06	1.712105e-06	3.852746e-09	1.251539e+01	2.496982e+02
2.340000e-06	1.596876e-06	3.811744e-09	1.167307e+01	2.468050e+02
2.350000e-06	1.481004e-06	3.770257e-09	1.082606e+01	2.439981e+02
2.360000e-06	1.364523e-06	3.724148e-09	9.974588e+00	2.413301e+02
2.370000e-06	1.247506e-06	3.677951e-09	9.119197e+00	2.386974e+02
2.380000e-06	1.130071e-06	3.630076e-09	8.260760e+00	2.358827e+02
2.390000e-06	1.012194e-06	3.584731e-09	7.399081e+00	2.326633e+02
2.400000e-06	8.939053e-07	3.532364e-09	6.534399e+00	2.289280e+02
2.410000e-06	7.752472e-07	3.473105e-09	5.667014e+00	2.247356e+02
2.420000e-06	6.563281e-07	3.411979e-09	4.797723e+00	2.202769e+02
2.430000e-06	5.371993e-07	3.346709e-09	3.926897e+00	2.157520e+02
2.440000e-06	4.178489e-07	3.274274e-09	3.054453e+00	2.112255e+02
2.450000e-06	2.983419e-07	3.193483e-09	2.180863e+00	2.065396e+02
2.460000e-06	1.786538e-07	3.108199e-09	1.305949e+00	2.013431e+02
2.470000e-06	5.885401e-08	3.012882e-09	4.302195e-01	1.952295e+02
2.480000e-06	-6.098199e-08	2.904883e-09	-4.457750e-01	1.879185e+02
2.490000e-06	-1.807682e-07	2.783599e-09	-1.321406e+00	1.793773e+02
2.500000e-06	-3.004435e-07	2.647155e-09	-2.196225e+00	1.697942e+02
2.510000e-06	-4.200441e-07	2.491620e-09	-3.070500e+00	1.593900e+02
2.520000e-06	-5.395282e-07	2.311842e-09	-3.943921e+00	1.481368e+02
2.530000e-06	-6.588013e-07	2.105059e-09	-4.815802e+00	1.355214e+02
2.540000e-06	-7.778527e-07	1.863472e-09	-5.686061e+00	1.204991e+02
2.550000e-06	-8.966035e-07	1.575516e-09	-6.554122e+00	1.017124e+02
2.560000e-06	-1.014961e-06	1.229847e-09	-7.419307e+00	7.794374e+01
2.570000e-06	-1.132904e-06	8.112946e-10	-8.281468e+00	4.864902e+01
2.580000e-06	-1.250355e-06	3.083645e-10	-9.140027e+00	1.436654e+01
2.590000e-06	-1.367237e-06	-2.743859e-10	-9.994427e+00	-2.318497e+01
2.600000e-06	-1.483536e-06	-8.928645e-10	-1.084457e+01	-6.139429e+01
2.610000e-06	-1.599109e-06	-1.473500e-09	-1.168940e+01	-9.736140e+01
2.620000e-06	-1.713956e-06	-1.953478e-09	-1.252892e+01	-1.286192e+02
2.630000e-06	-1.828100e-06	-2.315409e-09	-1.336331e+01	-1.537251e+02
2.640000e-06	-1.941424e-06	-2.583262e-09	-1.419170e+01	-1.725222e+02
2.650000e-06	-2.053823e-06	-2.788441e-09	-1.501333e+01	-1.859946e+02
2.660000e-06	-2.165265e-06	-2.953457e-09	-1.582797e+01	-1.957968e+02
2.670000e-06	-2.275854e-06	-3.092565e-09	-1.663636e+01	-2.036504e+02
2.680000e-06	-2.385609e-06	-3.217485e-09	-1.743867e+01	-2.108352e+02
2.690000e-06	-2.494529e-06	-3.327015e-09	-1.823487e+01	-2.179413e+02
2.700000e-06	-2.602719e-06	-3.423658e-09	-1.902573e+01	-2.249281e+02
2.710000e-06	-2.710142e-06	-3.511456e-09	-1.981099e+01	-2.314090e+02
2.720000e-06	-2.816635e-06	-3.588695e-09	-2.058945e+01	-2.370027e+02
2.730000e-06	-2.922136e-06	-3.659907e-09	-2.136066e+01	-2.415874e+02
2.740000e-06	-3.026627e-06	-3.727080e-09	-2.212448e+01	-2.453655e+02
2.750000e-06	-3.129989e-06	-3.792284e-09	-2.288005e+01	-2.487438e+02
2.760000e-06	-3.232050e-06	-3.854236e-09	-2.362610e+01	-2.521195e+02
2.770000e-06	-3.332834e-06	-3.911074e-09	-2.436283e+01	-2.556938e+02
2.780000e-06	-3.432495e-06	-3.963149e-09	-2.509135e+01	-2.594041e+02
2.790000e-06	-3.531046e-06	-4.012721e-09	-2.581175e+01	-2.629972e+02
2.800000e-06	-3.628411e-06	-4.060065e-09	-2.652348e+01	-2.661895e+02
2.810000e-06	-3.724625e-06	-4.103141e-09	-2.722681e+01	-2.688268e+02
2.820000e-06	-3.819593e-06	-4.142854e-09	-2.792102e+01	-2.709593e+02
2.830000e-06	-3.913093e-06	-4.179991e-09	-2.860449e+01	-2.728043e+02
2.840000e-06	-4.005165e-06	-4.214704e-09	-2.927754e+01	-2.746236e+02
2.850000e-06	-4.095856e-06	-4.246583e-09	-2.994049e+01	-2.765887e+02
2.860000e-06	-4.185046e-06	-4.277572e-09	-3.059246e+01	-2.787034e+02
2.870000e-06	-4.272825e-06	-4.309597e-09	-3.123412e+01	-2.808215e+02
2.880000e-06	-4.358981e-06	-4.338619e-09	-3.186391e+01	-2.827414e+02
2.890000e-06	-4.443444e-06	-4.363062e-09	-3.248134e+01	-2.843239e+02
2.900000e-06	-4.526481e-06	-4.387998e-09	-3.308833e+01	-2.855681e+02
2.910000e-06	-4.607991e-06	-4.413114e-09	-3.368416e+01	-2.866074e+02
2.920000e-06	-4.687876e-06	-4.433571e-09	-3.426811e+01	-2.876326e+02
2.930000e-06	-4.765764e-06	-4.451001e-09	-3.483748e+01	-2.887879e+02
2.940000e-06	-4.841616e-06	-4.468925e-09	-3.539195e+01	-2.900955e+02
2.950000e-06	-4.915675e-06	-4.487286e-09	-3.593331e+01	-2.914501e+02
2.960000e-06	-4.987958e-06	-4.504569e-09	-3.646170e+01	-2.926828e+02
2.970000e-06	-5.058342e-06	-4.519480e-09	-3.697620e+01	-2.936573e+02
2.980000e-06	-5.126799e-06	-4.533170e-09	-3.747662e+01	-2.943472e+02
2.990000e-06	-5.193488e-06	-4.543927e-09	-3.796411e+01	-2.948513e+02
3.000000e-06	-5.258415e-06	-4.552964e-09	-3.843872e+01	-2.953412e+02
3.010000e-06	-5.321438e-06	-4.564349e-09	-3.889942e+01	-2.959713e+02
3.020000e-06	-5.382441e-06	-4.577873e-09	-3.934535e+01	-2.967977e+02
3.030000e-06	-5.441446e-06	-4.589588e-09	-3.977667e+01	-2.977515e+02
3.040000e-06	-5.498549e-06	-4.599312e-09	-4.019409e+01	-2.986770e+02
3.050000e-06	-5.553867e-06	-4.609320e-09	-4.059846e+01	-2.994150e+02
3.060000e-06	-5.606991e-06	-4.620378e-09	-4.098680e+01	-2.998856e+02
3.070000e-06	-5.657741e-06	-4.627560e-09	-4.135777e+01	-3.001278e+02
3.080000e-06	-5.706052e-06	-4.630244e-09	-4.171093e+01	-3.002768e+02
3.090000e-06	-5.752191e-06	-4.631958e-09	-4.204820e+01	-3.004924e+02
3.100000e-06	-5.796697e-06	-4.635917e-09	-4.237354e+01	-3.008778e+02
3.110000e-06	-5.839398e-06	-4.642357e-09	-4.268568e+01	-3.014314e+02
3.120000e-06	-5.880167e-06	-4.648740e-09	-4.298370e+01	-3.020546e+02
3.130000e-06	-5.918784e-06	-4.654556e-09	-4.326598e+01	-3.026094e+02
3.140000e-06	-5.955235e-06	-4.660966e-09	-4.353244e+01	-3.029930e+02
3.150000e-06	-5.989680e-06	-4.668515e-09	-4.378423e+01	-3.031901e+02
3.160000e-06	-6.022067e-06	-4.672898e-09	-4.402098e+01	-3.032750e+02
3.170000e-06	-6.052069e-06	-4.675446e-09	-4.424029e+01	-3.033667e+02
3.180000e-06	-6.079826e-06	-4.675882e-09	-4.444320e+01	-3.035618e+02
3.190000e-06	-6.105533e-06	-4.675981e-09	-4.463111e+01	-3.038837e+02
3.200000e-06	-6.129078e-06	-4.678242e-09	-4.480322e+01	-3.042746e+02
3.210000e-06	-6.150373e-06	-4.681780e-09	-4.495889e+01	-3.046328e+02
3.220000e-06	-6.169393e-06	-4.685897e-09	-4.509792e+01	-3.048723e+02
3.230000e-06	-6.186335e-06	-4.690698e-09	-4.522177e+01	-3.049725e+02
3.240000e-06	-6.200827e-06	-4.695912e-09	-4.532770e+01	-3.049879e+02
3.250000e-06	-6.212780e-06	-4.699373e-09	-4.541508e+01	-3.050153e+02
3.260000e-06	-6.222489e-06	-4.701319e-09	-4.548605e+01	-3.051356e+02
3.270000e-06	-6.230056e-06	-4.702058e-09	-4.554137e+01	-3.053661e+02
3.280000e-06	-6.235285e-06	-4.701619e-09	-4.557959e+01	-3.056479e+02
3.290000e-06	-6.238226e-06	-4.702269e-09	-4.560109e+01	-3.058791e+02
3.300000e-06	-6.239162e-06	-4.702779e-09	-4.560793e+01	-3.059725e+02
3.310000e-06	-6.237861e-06	-4.702677e-09	-4.559842e+01	-3.059085e+02
