# Temperatura_=_20.0
# Concentracion g/m^3_=_4600.0
# C_Vs_to_Am_M_A/Vsm_=_65563218390.804596
# pendiente_HvsI_1/m_=_3716.3
# ordenada_HvsI_A/m_=_1297.0
# frecuencia_Hz_=_301455.3964746731

Tiempo_(s)	Campo_(V.s)	Magnetizacion_(V.s)	Campo_(kA/m)	Magnetizacion_(A/m)
0.000000e+00	-3.216507e-06	-3.233614e-09	-2.354815e+01	-2.096887e+02
1.000000e-08	-3.215800e-06	-3.236662e-09	-2.354298e+01	-2.098416e+02
2.000000e-08	-3.213660e-06	-3.241269e-09	-2.352731e+01	-2.099987e+02
3.000000e-08	-3.210333e-06	-3.245173e-09	-2.350296e+01	-2.101377e+02
4.000000e-08	-3.206132e-06	-3.247891e-09	-2.347219e+01	-2.102280e+02
5.000000e-08	-3.200963e-06	-3.248976e-09	-2.343436e+01	-2.102437e+02
6.000000e-08	-3.194803e-06	-3.246809e-09	-2.338926e+01	-2.101777e+02
7.000000e-08	-3.187654e-06	-3.240966e-09	-2.333692e+01	-2.100494e+02
8.000000e-08	-3.179541e-06	-3.244239e-09	-2.327753e+01	-2.099005e+02
9.000000e-08	-3.170059e-06	-3.249943e-09	-2.320811e+01	-2.097811e+02
1.000000e-07	-3.158800e-06	-3.258324e-09	-2.312568e+01	-2.097290e+02
1.100000e-07	-3.146074e-06	-3.236800e-09	-2.303251e+01	-2.097528e+02
1.200000e-07	-3.132362e-06	-3.224984e-09	-2.293212e+01	-2.098253e+02
1.300000e-07	-3.117653e-06	-3.233187e-09	-2.282444e+01	-2.098932e+02
1.400000e-07	-3.101537e-06	-3.235228e-09	-2.270646e+01	-2.098969e+02
1.500000e-07	-3.084332e-06	-3.228168e-09	-2.258049e+01	-2.097959e+02
1.600000e-07	-3.066509e-06	-3.226951e-09	-2.245002e+01	-2.095859e+02
1.700000e-07	-3.047697e-06	-3.225684e-09	-2.231229e+01	-2.093019e+02
1.800000e-07	-3.027702e-06	-3.183630e-09	-2.216591e+01	-2.090043e+02
1.900000e-07	-3.006842e-06	-3.192236e-09	-2.201319e+01	-2.087544e+02
2.000000e-07	-2.985100e-06	-3.207742e-09	-2.185401e+01	-2.085889e+02
2.100000e-07	-2.962234e-06	-3.192345e-09	-2.168661e+01	-2.085048e+02
2.200000e-07	-2.938441e-06	-3.186141e-09	-2.151242e+01	-2.084601e+02
2.300000e-07	-2.913660e-06	-3.181782e-09	-2.133100e+01	-2.083907e+02
2.400000e-07	-2.887473e-06	-3.164635e-09	-2.113928e+01	-2.082345e+02
2.500000e-07	-2.860093e-06	-3.165432e-09	-2.093884e+01	-2.079536e+02
2.600000e-07	-2.831771e-06	-3.182911e-09	-2.073149e+01	-2.075457e+02
2.700000e-07	-2.802461e-06	-3.174964e-09	-2.051691e+01	-2.070399e+02
2.800000e-07	-2.772191e-06	-3.142847e-09	-2.029530e+01	-2.064814e+02
2.900000e-07	-2.741010e-06	-3.127886e-09	-2.006702e+01	-2.059121e+02
3.000000e-07	-2.709010e-06	-3.136680e-09	-1.983275e+01	-2.053554e+02
3.100000e-07	-2.676043e-06	-3.119865e-09	-1.959140e+01	-2.048116e+02
3.200000e-07	-2.641804e-06	-3.110341e-09	-1.934074e+01	-2.042638e+02
3.300000e-07	-2.606466e-06	-3.107366e-09	-1.908202e+01	-2.036892e+02
3.400000e-07	-2.570352e-06	-3.092274e-09	-1.881763e+01	-2.030717e+02
3.500000e-07	-2.533346e-06	-3.078881e-09	-1.854671e+01	-2.024071e+02
3.600000e-07	-2.495303e-06	-3.082913e-09	-1.826820e+01	-2.017025e+02
3.700000e-07	-2.456350e-06	-3.061096e-09	-1.798302e+01	-2.009689e+02
3.800000e-07	-2.416767e-06	-3.038643e-09	-1.769323e+01	-2.002141e+02
3.900000e-07	-2.376642e-06	-3.040469e-09	-1.739947e+01	-1.994385e+02
4.000000e-07	-2.335562e-06	-3.021601e-09	-1.709872e+01	-1.986360e+02
4.100000e-07	-2.293232e-06	-3.010925e-09	-1.678882e+01	-1.977994e+02
4.200000e-07	-2.249909e-06	-2.999165e-09	-1.647166e+01	-1.969257e+02
4.300000e-07	-2.205913e-06	-2.977804e-09	-1.614956e+01	-1.960196e+02
4.400000e-07	-2.161206e-06	-2.955775e-09	-1.582226e+01	-1.950914e+02
4.500000e-07	-2.115663e-06	-2.948915e-09	-1.548884e+01	-1.941527e+02
4.600000e-07	-2.069389e-06	-2.942773e-09	-1.515006e+01	-1.932105e+02
4.700000e-07	-2.022434e-06	-2.931216e-09	-1.480630e+01	-1.922637e+02
4.800000e-07	-1.974828e-06	-2.914209e-09	-1.445778e+01	-1.913039e+02
4.900000e-07	-1.926560e-06	-2.890176e-09	-1.410441e+01	-1.903183e+02
5.000000e-07	-1.877345e-06	-2.870254e-09	-1.374411e+01	-1.892949e+02
5.100000e-07	-1.826971e-06	-2.848683e-09	-1.337532e+01	-1.882255e+02
5.200000e-07	-1.775679e-06	-2.835560e-09	-1.299980e+01	-1.871067e+02
5.300000e-07	-1.723739e-06	-2.823107e-09	-1.261955e+01	-1.859391e+02
5.400000e-07	-1.671146e-06	-2.804240e-09	-1.223452e+01	-1.847257e+02
5.500000e-07	-1.617961e-06	-2.777502e-09	-1.184515e+01	-1.834710e+02
5.600000e-07	-1.564206e-06	-2.763013e-09	-1.145160e+01	-1.821818e+02
5.700000e-07	-1.509807e-06	-2.748840e-09	-1.105335e+01	-1.808675e+02
5.800000e-07	-1.454846e-06	-2.719809e-09	-1.065098e+01	-1.795391e+02
5.900000e-07	-1.399528e-06	-2.694458e-09	-1.024599e+01	-1.782057e+02
6.000000e-07	-1.343877e-06	-2.675929e-09	-9.838569e+00	-1.768691e+02
6.100000e-07	-1.287849e-06	-2.657651e-09	-9.428381e+00	-1.755199e+02
6.200000e-07	-1.231397e-06	-2.632389e-09	-9.015096e+00	-1.741377e+02
6.300000e-07	-1.174336e-06	-2.611797e-09	-8.597351e+00	-1.726966e+02
6.400000e-07	-1.116562e-06	-2.590084e-09	-8.174387e+00	-1.711743e+02
6.500000e-07	-1.058124e-06	-2.563302e-09	-7.746559e+00	-1.695617e+02
6.600000e-07	-9.991251e-07	-2.536433e-09	-7.314628e+00	-1.678679e+02
6.700000e-07	-9.397821e-07	-2.512188e-09	-6.880175e+00	-1.661156e+02
6.800000e-07	-8.802513e-07	-2.484951e-09	-6.444348e+00	-1.643306e+02
6.900000e-07	-8.206039e-07	-2.452073e-09	-6.007668e+00	-1.625272e+02
7.000000e-07	-7.608437e-07	-2.421322e-09	-5.570161e+00	-1.606976e+02
7.100000e-07	-7.008956e-07	-2.390390e-09	-5.131280e+00	-1.588112e+02
7.200000e-07	-6.407444e-07	-2.360330e-09	-4.690911e+00	-1.568252e+02
7.300000e-07	-5.803525e-07	-2.329825e-09	-4.248780e+00	-1.547014e+02
7.400000e-07	-5.196968e-07	-2.298463e-09	-3.804718e+00	-1.524234e+02
7.500000e-07	-4.588757e-07	-2.261551e-09	-3.359444e+00	-1.500037e+02
7.600000e-07	-3.979334e-07	-2.221946e-09	-2.913284e+00	-1.474774e+02
7.700000e-07	-3.368230e-07	-2.184367e-09	-2.465893e+00	-1.448842e+02
7.800000e-07	-2.756177e-07	-2.143953e-09	-2.017806e+00	-1.422465e+02
7.900000e-07	-2.143538e-07	-2.099842e-09	-1.569292e+00	-1.395543e+02
8.000000e-07	-1.530325e-07	-2.053780e-09	-1.120356e+00	-1.367638e+02
8.100000e-07	-9.164992e-08	-2.008081e-09	-6.709720e-01	-1.338117e+02
8.200000e-07	-3.018966e-08	-1.958837e-09	-2.210195e-01	-1.306378e+02
8.300000e-07	3.128641e-08	-1.907636e-09	2.290488e-01	-1.272058e+02
8.400000e-07	9.273507e-08	-1.854057e-09	6.789165e-01	-1.235111e+02
8.500000e-07	1.541492e-07	-1.795791e-09	1.128532e+00	-1.195728e+02
8.600000e-07	2.155142e-07	-1.733288e-09	1.577787e+00	-1.154119e+02
8.700000e-07	2.768377e-07	-1.666845e-09	2.026738e+00	-1.110279e+02
8.800000e-07	3.380982e-07	-1.595353e-09	2.475228e+00	-1.063853e+02
8.900000e-07	3.992157e-07	-1.516869e-09	2.922671e+00	-1.014157e+02
9.000000e-07	4.601675e-07	-1.434961e-09	3.368901e+00	-9.603540e+01
9.100000e-07	5.209152e-07	-1.347218e-09	3.813638e+00	-9.016615e+01
9.200000e-07	5.814180e-07	-1.251566e-09	4.256581e+00	-8.374685e+01
9.300000e-07	6.417028e-07	-1.145126e-09	4.697927e+00	-7.672683e+01
9.400000e-07	7.017735e-07	-1.029017e-09	5.137707e+00	-6.904155e+01
9.500000e-07	7.616204e-07	-9.004156e-10	5.575848e+00	-6.058335e+01
9.600000e-07	8.212946e-07	-7.531123e-10	6.012725e+00	-5.118625e+01
9.700000e-07	8.808700e-07	-5.874419e-10	6.448878e+00	-4.064171e+01
9.800000e-07	9.403022e-07	-4.047930e-10	6.883983e+00	-2.875087e+01
9.900000e-07	9.994565e-07	-2.030081e-10	7.317054e+00	-1.540257e+01
1.000000e-06	1.058227e-06	2.233189e-11	7.747312e+00	-6.523005e-01
1.010000e-06	1.116394e-06	2.640613e-10	8.173158e+00	1.522843e+01
1.020000e-06	1.173847e-06	5.153758e-10	8.593771e+00	3.175599e+01
1.030000e-06	1.230560e-06	7.681821e-10	9.008971e+00	4.829868e+01
1.040000e-06	1.286631e-06	1.009957e-09	9.419468e+00	6.418669e+01
1.050000e-06	1.342331e-06	1.228665e-09	9.827248e+00	7.883689e+01
1.060000e-06	1.397775e-06	1.420770e-09	1.023316e+01	9.185562e+01
1.070000e-06	1.452828e-06	1.588294e-09	1.063620e+01	1.030902e+02
1.080000e-06	1.507294e-06	1.731832e-09	1.103495e+01	1.126179e+02
1.090000e-06	1.561222e-06	1.854944e-09	1.142976e+01	1.206817e+02
1.100000e-06	1.614722e-06	1.958579e-09	1.182143e+01	1.275993e+02
1.110000e-06	1.667754e-06	2.047582e-09	1.220968e+01	1.336756e+02
1.120000e-06	1.720127e-06	2.128452e-09	1.259311e+01	1.391446e+02
1.130000e-06	1.771860e-06	2.206070e-09	1.297185e+01	1.441501e+02
1.140000e-06	1.822984e-06	2.276453e-09	1.334613e+01	1.487613e+02
1.150000e-06	1.873180e-06	2.338080e-09	1.371361e+01	1.530058e+02
1.160000e-06	1.922208e-06	2.395853e-09	1.407255e+01	1.569020e+02
1.170000e-06	1.970303e-06	2.449730e-09	1.442465e+01	1.604776e+02
1.180000e-06	2.017808e-06	2.499484e-09	1.477244e+01	1.637713e+02
1.190000e-06	2.064738e-06	2.545701e-09	1.511601e+01	1.668223e+02
1.200000e-06	2.110975e-06	2.589472e-09	1.545452e+01	1.696598e+02
1.210000e-06	2.156503e-06	2.628168e-09	1.578783e+01	1.722976e+02
1.220000e-06	2.201247e-06	2.662396e-09	1.611540e+01	1.747390e+02
1.230000e-06	2.245255e-06	2.693794e-09	1.643759e+01	1.769875e+02
1.240000e-06	2.288781e-06	2.723099e-09	1.675624e+01	1.790562e+02
1.250000e-06	2.331631e-06	2.750667e-09	1.706995e+01	1.809708e+02
1.260000e-06	2.373310e-06	2.777130e-09	1.737508e+01	1.827642e+02
1.270000e-06	2.413760e-06	2.802631e-09	1.767121e+01	1.844652e+02
1.280000e-06	2.453326e-06	2.825594e-09	1.796088e+01	1.860895e+02
1.290000e-06	2.492134e-06	2.846469e-09	1.824500e+01	1.876358e+02
1.300000e-06	2.530136e-06	2.866816e-09	1.852321e+01	1.890908e+02
1.310000e-06	2.567311e-06	2.886675e-09	1.879537e+01	1.904406e+02
1.320000e-06	2.603626e-06	2.904435e-09	1.906123e+01	1.916808e+02
1.330000e-06	2.639211e-06	2.921976e-09	1.932175e+01	1.928230e+02
1.340000e-06	2.673966e-06	2.938901e-09	1.957619e+01	1.938912e+02
1.350000e-06	2.707423e-06	2.953725e-09	1.982113e+01	1.949132e+02
1.360000e-06	2.739626e-06	2.967747e-09	2.005689e+01	1.959094e+02
1.370000e-06	2.770982e-06	2.981850e-09	2.028645e+01	1.968852e+02
1.380000e-06	2.801499e-06	2.996311e-09	2.050986e+01	1.978305e+02
1.390000e-06	2.831073e-06	3.009608e-09	2.072638e+01	1.987264e+02
1.400000e-06	2.859677e-06	3.022054e-09	2.093579e+01	1.995552e+02
1.410000e-06	2.887492e-06	3.034106e-09	2.113943e+01	2.003091e+02
1.420000e-06	2.914501e-06	3.043847e-09	2.133715e+01	2.009937e+02
1.430000e-06	2.940195e-06	3.051756e-09	2.152526e+01	2.016254e+02
1.440000e-06	2.964512e-06	3.059597e-09	2.170329e+01	2.022245e+02
1.450000e-06	2.987770e-06	3.068151e-09	2.187357e+01	2.028077e+02
1.460000e-06	3.010048e-06	3.077533e-09	2.203666e+01	2.033833e+02
1.470000e-06	3.031254e-06	3.087026e-09	2.219191e+01	2.039503e+02
1.480000e-06	3.051493e-06	3.095057e-09	2.234008e+01	2.045016e+02
1.490000e-06	3.070939e-06	3.101985e-09	2.248245e+01	2.050287e+02
1.500000e-06	3.089375e-06	3.108528e-09	2.261741e+01	2.055244e+02
1.510000e-06	3.106552e-06	3.114413e-09	2.274317e+01	2.059854e+02
1.520000e-06	3.122574e-06	3.121059e-09	2.286047e+01	2.064110e+02
1.530000e-06	3.137434e-06	3.128588e-09	2.296926e+01	2.068032e+02
1.540000e-06	3.151100e-06	3.135398e-09	2.306931e+01	2.071656e+02
1.550000e-06	3.163649e-06	3.140147e-09	2.316118e+01	2.075031e+02
1.560000e-06	3.174990e-06	3.143353e-09	2.324421e+01	2.078221e+02
1.570000e-06	3.184932e-06	3.147437e-09	2.331699e+01	2.081284e+02
1.580000e-06	3.193473e-06	3.152822e-09	2.337952e+01	2.084258e+02
1.590000e-06	3.200887e-06	3.156940e-09	2.343380e+01	2.087132e+02
1.600000e-06	3.207278e-06	3.158945e-09	2.348059e+01	2.089842e+02
1.610000e-06	3.212550e-06	3.161161e-09	2.351919e+01	2.092294e+02
1.620000e-06	3.216787e-06	3.164356e-09	2.355021e+01	2.094409e+02
1.630000e-06	3.220104e-06	3.167897e-09	2.357449e+01	2.096177e+02
1.640000e-06	3.222206e-06	3.170162e-09	2.358988e+01	2.097680e+02
1.650000e-06	3.222879e-06	3.171078e-09	2.359480e+01	2.099072e+02
1.660000e-06	3.222394e-06	3.172559e-09	2.359125e+01	2.100508e+02
1.670000e-06	3.220937e-06	3.174658e-09	2.358058e+01	2.102053e+02
1.680000e-06	3.218464e-06	3.177408e-09	2.356248e+01	2.103617e+02
1.690000e-06	3.215023e-06	3.180109e-09	2.353729e+01	2.104960e+02
1.700000e-06	3.210759e-06	3.181401e-09	2.350607e+01	2.105771e+02
1.710000e-06	3.205533e-06	3.182328e-09	2.346782e+01	2.105812e+02
1.720000e-06	3.198985e-06	3.184202e-09	2.341988e+01	2.105048e+02
1.730000e-06	3.191241e-06	3.179058e-09	2.336318e+01	2.103708e+02
1.740000e-06	3.182559e-06	3.166908e-09	2.329962e+01	2.102234e+02
1.750000e-06	3.172622e-06	3.156168e-09	2.322687e+01	2.101121e+02
1.760000e-06	3.160832e-06	3.168328e-09	2.314055e+01	2.100714e+02
1.770000e-06	3.147221e-06	3.176462e-09	2.304091e+01	2.101048e+02
1.780000e-06	3.132803e-06	3.184625e-09	2.293536e+01	2.101806e+02
1.790000e-06	3.118131e-06	3.173012e-09	2.282794e+01	2.102430e+02
1.800000e-06	3.102360e-06	3.190183e-09	2.271248e+01	2.102338e+02
1.810000e-06	3.085088e-06	3.192046e-09	2.258603e+01	2.101167e+02
1.820000e-06	3.067026e-06	3.181274e-09	2.245380e+01	2.098935e+02
1.830000e-06	3.048221e-06	3.215997e-09	2.231613e+01	2.096038e+02
1.840000e-06	3.028227e-06	3.206839e-09	2.216975e+01	2.093098e+02
1.850000e-06	3.007295e-06	3.189176e-09	2.201651e+01	2.090708e+02
1.860000e-06	2.985360e-06	3.197947e-09	2.185592e+01	2.089184e+02
1.870000e-06	2.961959e-06	3.188930e-09	2.168460e+01	2.088434e+02
1.880000e-06	2.937425e-06	3.187255e-09	2.150499e+01	2.087996e+02
1.890000e-06	2.911942e-06	3.204759e-09	2.131842e+01	2.087215e+02
1.900000e-06	2.885198e-06	3.195310e-09	2.112263e+01	2.085492e+02
1.910000e-06	2.857442e-06	3.183156e-09	2.091943e+01	2.082498e+02
1.920000e-06	2.828861e-06	3.168730e-09	2.071018e+01	2.078257e+02
1.930000e-06	2.799119e-06	3.169682e-09	2.049245e+01	2.073098e+02
1.940000e-06	2.768207e-06	3.180203e-09	2.026614e+01	2.067477e+02
1.950000e-06	2.736221e-06	3.171234e-09	2.003196e+01	2.061795e+02
1.960000e-06	2.703166e-06	3.143275e-09	1.978997e+01	2.056254e+02
1.970000e-06	2.669261e-06	3.147967e-09	1.954175e+01	2.050826e+02
1.980000e-06	2.634477e-06	3.134072e-09	1.928709e+01	2.045326e+02
1.990000e-06	2.598801e-06	3.114734e-09	1.902591e+01	2.039529e+02
2.000000e-06	2.562444e-06	3.130790e-09	1.875973e+01	2.033288e+02
2.010000e-06	2.525123e-06	3.108629e-09	1.848651e+01	2.026582e+02
2.020000e-06	2.486525e-06	3.094668e-09	1.820393e+01	2.019489e+02
2.030000e-06	2.446885e-06	3.087246e-09	1.791372e+01	2.012122e+02
2.040000e-06	2.406461e-06	3.060198e-09	1.761778e+01	2.004549e+02
2.050000e-06	2.365342e-06	3.060368e-09	1.731675e+01	1.996761e+02
2.060000e-06	2.323517e-06	3.050512e-09	1.701055e+01	1.988694e+02
2.070000e-06	2.280897e-06	3.025247e-09	1.669852e+01	1.980278e+02
2.080000e-06	2.237523e-06	3.030086e-09	1.638098e+01	1.971493e+02
2.090000e-06	2.193526e-06	3.021988e-09	1.605888e+01	1.962395e+02
2.100000e-06	2.148943e-06	2.992671e-09	1.573248e+01	1.953094e+02
2.110000e-06	2.103528e-06	2.974037e-09	1.540000e+01	1.943702e+02
2.120000e-06	2.057223e-06	2.958255e-09	1.506100e+01	1.934278e+02
2.130000e-06	2.010241e-06	2.948791e-09	1.471704e+01	1.924801e+02
2.140000e-06	1.962528e-06	2.927043e-09	1.436773e+01	1.915176e+02
2.150000e-06	1.914002e-06	2.920067e-09	1.401247e+01	1.905276e+02
2.160000e-06	1.864676e-06	2.922806e-09	1.365136e+01	1.894982e+02
2.170000e-06	1.814646e-06	2.894776e-09	1.328508e+01	1.884221e+02
2.180000e-06	1.764028e-06	2.869103e-09	1.291450e+01	1.872965e+02
2.190000e-06	1.712739e-06	2.853949e-09	1.253902e+01	1.861224e+02
2.200000e-06	1.660822e-06	2.842441e-09	1.215894e+01	1.849030e+02
2.210000e-06	1.608326e-06	2.816583e-09	1.177461e+01	1.836431e+02
2.220000e-06	1.554979e-06	2.791364e-09	1.138405e+01	1.823499e+02
2.230000e-06	1.500653e-06	2.784329e-09	1.098633e+01	1.810332e+02
2.240000e-06	1.445522e-06	2.765298e-09	1.058272e+01	1.797039e+02
2.250000e-06	1.389838e-06	2.735676e-09	1.017505e+01	1.783704e+02
2.260000e-06	1.333787e-06	2.719555e-09	9.764696e+00	1.770331e+02
2.270000e-06	1.277403e-06	2.703565e-09	9.351909e+00	1.756809e+02
2.280000e-06	1.220577e-06	2.678924e-09	8.935887e+00	1.742922e+02
2.290000e-06	1.163240e-06	2.655402e-09	8.516119e+00	1.728408e+02
2.300000e-06	1.105515e-06	2.635829e-09	8.093509e+00	1.713060e+02
2.310000e-06	1.047470e-06	2.613362e-09	7.668565e+00	1.696811e+02
2.320000e-06	9.890755e-07	2.579469e-09	7.241054e+00	1.679775e+02
2.330000e-06	9.304034e-07	2.552022e-09	6.811514e+00	1.662194e+02
2.340000e-06	8.714056e-07	2.528804e-09	6.379589e+00	1.644316e+02
2.350000e-06	8.120299e-07	2.502765e-09	5.944898e+00	1.626257e+02
2.360000e-06	7.523901e-07	2.479445e-09	5.508273e+00	1.607905e+02
2.370000e-06	6.925847e-07	2.453388e-09	5.070435e+00	1.588929e+02
2.380000e-06	6.326469e-07	2.419950e-09	4.631628e+00	1.568894e+02
2.390000e-06	5.725669e-07	2.380014e-09	4.191781e+00	1.547442e+02
2.400000e-06	5.123964e-07	2.345728e-09	3.751271e+00	1.524448e+02
2.410000e-06	4.521420e-07	2.312060e-09	3.310146e+00	1.500077e+02
2.420000e-06	3.917561e-07	2.272186e-09	2.868059e+00	1.474698e+02
2.430000e-06	3.312994e-07	2.233536e-09	2.425454e+00	1.448697e+02
2.440000e-06	2.707786e-07	2.197265e-09	1.982379e+00	1.422259e+02
2.450000e-06	2.101229e-07	2.156747e-09	1.538317e+00	1.395233e+02
2.460000e-06	1.493337e-07	2.111055e-09	1.093277e+00	1.367141e+02
2.470000e-06	8.850524e-08	2.066836e-09	6.479497e-01	1.337338e+02
2.480000e-06	2.765363e-08	2.020698e-09	2.024531e-01	1.305248e+02
2.490000e-06	-3.323303e-08	1.965321e-09	-2.433001e-01	1.270550e+02
2.500000e-06	-9.417233e-08	1.906056e-09	-6.894388e-01	1.233243e+02
2.510000e-06	-1.550845e-07	1.848468e-09	-1.135379e+00	1.193534e+02
2.520000e-06	-2.158903e-07	1.783983e-09	-1.580540e+00	1.151617e+02
2.530000e-06	-2.766544e-07	1.713715e-09	-2.025396e+00	1.107440e+02
2.540000e-06	-3.373465e-07	1.642619e-09	-2.469724e+00	1.060597e+02
2.550000e-06	-3.978962e-07	1.567770e-09	-2.913011e+00	1.010369e+02
2.560000e-06	-4.583146e-07	1.484933e-09	-3.355336e+00	9.559145e+01
2.570000e-06	-5.185798e-07	1.392290e-09	-3.796540e+00	8.964719e+01
2.580000e-06	-5.787055e-07	1.293344e-09	-4.236722e+00	8.314542e+01
2.590000e-06	-6.387805e-07	1.186010e-09	-4.676533e+00	7.603527e+01
2.600000e-06	-6.987909e-07	1.066389e-09	-5.115871e+00	6.824772e+01
2.610000e-06	-7.586824e-07	9.343777e-10	-5.554339e+00	5.966713e+01
2.620000e-06	-8.183746e-07	7.895395e-10	-5.991347e+00	5.011962e+01
2.630000e-06	-8.777516e-07	6.283740e-10	-6.426049e+00	3.939405e+01
2.640000e-06	-9.367340e-07	4.462525e-10	-6.857860e+00	2.729895e+01
2.650000e-06	-9.953378e-07	2.423802e-10	-7.286901e+00	1.374250e+01
2.660000e-06	-1.053586e-06	1.687337e-11	-7.713336e+00	-1.190920e+00
2.670000e-06	-1.111487e-06	-2.284491e-10	-8.137235e+00	-1.719783e+01
2.680000e-06	-1.168942e-06	-4.849279e-10	-8.557859e+00	-3.376821e+01
2.690000e-06	-1.225864e-06	-7.410019e-10	-8.974591e+00	-5.025745e+01
2.700000e-06	-1.282328e-06	-9.854889e-10	-9.387963e+00	-6.600059e+01
2.710000e-06	-1.338447e-06	-1.207756e-09	-9.798813e+00	-8.043624e+01
2.720000e-06	-1.394304e-06	-1.403398e-09	-1.020774e+01	-9.320342e+01
2.730000e-06	-1.449789e-06	-1.571181e-09	-1.061395e+01	-1.041844e+02
2.740000e-06	-1.504558e-06	-1.714260e-09	-1.101492e+01	-1.134851e+02
2.750000e-06	-1.558368e-06	-1.838953e-09	-1.140886e+01	-1.213649e+02
2.760000e-06	-1.611305e-06	-1.947163e-09	-1.179642e+01	-1.281446e+02
2.770000e-06	-1.663610e-06	-2.041757e-09	-1.217934e+01	-1.341217e+02
2.780000e-06	-1.715372e-06	-2.126500e-09	-1.255829e+01	-1.395174e+02
2.790000e-06	-1.766459e-06	-2.202345e-09	-1.293230e+01	-1.444635e+02
2.800000e-06	-1.816938e-06	-2.270180e-09	-1.330186e+01	-1.490209e+02
2.810000e-06	-1.866891e-06	-2.334148e-09	-1.366757e+01	-1.532142e+02
2.820000e-06	-1.916009e-06	-2.395589e-09	-1.402717e+01	-1.570623e+02
2.830000e-06	-1.964036e-06	-2.451718e-09	-1.437877e+01	-1.605949e+02
2.840000e-06	-2.011156e-06	-2.501635e-09	-1.472374e+01	-1.638513e+02
2.850000e-06	-2.057664e-06	-2.549147e-09	-1.506423e+01	-1.668702e+02
2.860000e-06	-2.103583e-06	-2.595448e-09	-1.540040e+01	-1.696784e+02
2.870000e-06	-2.148773e-06	-2.637129e-09	-1.573124e+01	-1.722878e+02
2.880000e-06	-2.193267e-06	-2.673824e-09	-1.605698e+01	-1.747011e+02
2.890000e-06	-2.237201e-06	-2.709523e-09	-1.637862e+01	-1.769225e+02
2.900000e-06	-2.280467e-06	-2.745698e-09	-1.669537e+01	-1.789671e+02
2.910000e-06	-2.322924e-06	-2.777652e-09	-1.700620e+01	-1.808621e+02
2.920000e-06	-2.364535e-06	-2.804415e-09	-1.731084e+01	-1.826405e+02
2.930000e-06	-2.405302e-06	-2.832977e-09	-1.760929e+01	-1.843298e+02
2.940000e-06	-2.445406e-06	-2.862121e-09	-1.790290e+01	-1.859432e+02
2.950000e-06	-2.484756e-06	-2.885940e-09	-1.819098e+01	-1.874771e+02
2.960000e-06	-2.522921e-06	-2.907084e-09	-1.847039e+01	-1.889176e+02
2.970000e-06	-2.559884e-06	-2.929446e-09	-1.874100e+01	-1.902514e+02
2.980000e-06	-2.596037e-06	-2.950605e-09	-1.900567e+01	-1.914763e+02
2.990000e-06	-2.631460e-06	-2.968005e-09	-1.926501e+01	-1.926060e+02
3.000000e-06	-2.665961e-06	-2.983978e-09	-1.951759e+01	-1.936657e+02
3.010000e-06	-2.699499e-06	-2.999829e-09	-1.976312e+01	-1.946828e+02
3.020000e-06	-2.732147e-06	-3.015375e-09	-2.000214e+01	-1.956760e+02
3.030000e-06	-2.763995e-06	-3.029779e-09	-2.023530e+01	-1.966481e+02
3.040000e-06	-2.794767e-06	-3.043558e-09	-2.046058e+01	-1.975873e+02
3.050000e-06	-2.824196e-06	-3.057929e-09	-2.067603e+01	-1.984743e+02
3.060000e-06	-2.852594e-06	-3.071330e-09	-2.088393e+01	-1.992923e+02
3.070000e-06	-2.880182e-06	-3.083393e-09	-2.108591e+01	-2.000354e+02
3.080000e-06	-2.906811e-06	-3.094189e-09	-2.128086e+01	-2.007110e+02
3.090000e-06	-2.932360e-06	-3.104681e-09	-2.146790e+01	-2.013366e+02
3.100000e-06	-2.956956e-06	-3.114954e-09	-2.164797e+01	-2.019323e+02
3.110000e-06	-2.980715e-06	-3.123475e-09	-2.182191e+01	-2.025140e+02
3.120000e-06	-3.003316e-06	-3.131553e-09	-2.198737e+01	-2.030883e+02
3.130000e-06	-3.024542e-06	-3.139790e-09	-2.214277e+01	-2.036533e+02
3.140000e-06	-3.044704e-06	-3.149256e-09	-2.229038e+01	-2.042015e+02
3.150000e-06	-3.063951e-06	-3.158182e-09	-2.243129e+01	-2.047242e+02
3.160000e-06	-3.082184e-06	-3.164347e-09	-2.256477e+01	-2.052148e+02
3.170000e-06	-3.099384e-06	-3.171355e-09	-2.269069e+01	-2.056704e+02
3.180000e-06	-3.115618e-06	-3.180199e-09	-2.280954e+01	-2.060909e+02
3.190000e-06	-3.130697e-06	-3.186824e-09	-2.291993e+01	-2.064784e+02
3.200000e-06	-3.144233e-06	-3.190428e-09	-2.301903e+01	-2.068366e+02
3.210000e-06	-3.156389e-06	-3.193338e-09	-2.310803e+01	-2.071708e+02
3.220000e-06	-3.167419e-06	-3.197237e-09	-2.318878e+01	-2.074874e+02
3.230000e-06	-3.177279e-06	-3.202731e-09	-2.326096e+01	-2.077921e+02
3.240000e-06	-3.186092e-06	-3.208708e-09	-2.332549e+01	-2.080880e+02
3.250000e-06	-3.193994e-06	-3.214061e-09	-2.338333e+01	-2.083733e+02
3.260000e-06	-3.200693e-06	-3.218211e-09	-2.343238e+01	-2.086410e+02
3.270000e-06	-3.205961e-06	-3.222459e-09	-2.347095e+01	-2.088815e+02
3.280000e-06	-3.210088e-06	-3.226941e-09	-2.350116e+01	-2.090877e+02
3.290000e-06	-3.213224e-06	-3.229830e-09	-2.352412e+01	-2.092597e+02
3.300000e-06	-3.215268e-06	-3.230720e-09	-2.353908e+01	-2.094071e+02
3.310000e-06	-3.216267e-06	-3.231419e-09	-2.354640e+01	-2.095459e+02
