# Temperatura_=_20.0
# Concentracion g/m^3_=_4600.0
# C_Vs_to_Am_M_A/Vsm_=_65563218390.804596
# pendiente_HvsI_1/m_=_3716.3
# ordenada_HvsI_A/m_=_1297.0
# frecuencia_Hz_=_302582.25813374325

Tiempo_(s)	Campo_(V.s)	Magnetizacion_(V.s)	Campo_(kA/m)	Magnetizacion_(A/m)
0.000000e+00	-7.977838e-06	-3.881688e-09	-5.756649e+01	-2.540603e+02
1.000000e-08	-7.974981e-06	-3.881831e-09	-5.754587e+01	-2.540854e+02
2.000000e-08	-7.969452e-06	-3.877124e-09	-5.750598e+01	-2.539524e+02
3.000000e-08	-7.961412e-06	-3.875681e-09	-5.744797e+01	-2.537624e+02
4.000000e-08	-7.950580e-06	-3.877746e-09	-5.736981e+01	-2.536363e+02
5.000000e-08	-7.936780e-06	-3.877404e-09	-5.727022e+01	-2.536047e+02
6.000000e-08	-7.920059e-06	-3.871739e-09	-5.714957e+01	-2.535798e+02
7.000000e-08	-7.900862e-06	-3.858855e-09	-5.701105e+01	-2.534316e+02
8.000000e-08	-7.879461e-06	-3.836446e-09	-5.685662e+01	-2.531071e+02
9.000000e-08	-7.855401e-06	-3.862581e-09	-5.668301e+01	-2.526897e+02
1.000000e-07	-7.828173e-06	-3.867075e-09	-5.648654e+01	-2.523456e+02
1.100000e-07	-7.797839e-06	-3.839679e-09	-5.626766e+01	-2.521952e+02
1.200000e-07	-7.764664e-06	-3.836005e-09	-5.602827e+01	-2.522107e+02
1.300000e-07	-7.728782e-06	-3.849825e-09	-5.576936e+01	-2.522222e+02
1.400000e-07	-7.690457e-06	-3.858997e-09	-5.549281e+01	-2.520274e+02
1.500000e-07	-7.649845e-06	-3.819833e-09	-5.519976e+01	-2.515226e+02
1.600000e-07	-7.606855e-06	-3.815289e-09	-5.488955e+01	-2.507591e+02
1.700000e-07	-7.561204e-06	-3.804819e-09	-5.456015e+01	-2.498929e+02
1.800000e-07	-7.512844e-06	-3.741743e-09	-5.421119e+01	-2.490798e+02
1.900000e-07	-7.461621e-06	-3.790243e-09	-5.384158e+01	-2.484012e+02
2.000000e-07	-7.407412e-06	-3.777311e-09	-5.345041e+01	-2.478676e+02
2.100000e-07	-7.350496e-06	-3.773364e-09	-5.303972e+01	-2.474694e+02
2.200000e-07	-7.290937e-06	-3.823142e-09	-5.260995e+01	-2.472085e+02
2.300000e-07	-7.228771e-06	-3.781567e-09	-5.216137e+01	-2.470677e+02
2.400000e-07	-7.163918e-06	-3.783439e-09	-5.169340e+01	-2.469515e+02
2.500000e-07	-7.096283e-06	-3.761693e-09	-5.120537e+01	-2.466738e+02
2.600000e-07	-7.025985e-06	-3.762532e-09	-5.069811e+01	-2.460404e+02
2.700000e-07	-6.952868e-06	-3.710224e-09	-5.017052e+01	-2.449881e+02
2.800000e-07	-6.876874e-06	-3.676250e-09	-4.962215e+01	-2.436738e+02
2.900000e-07	-6.798148e-06	-3.690827e-09	-4.905408e+01	-2.424236e+02
3.000000e-07	-6.716764e-06	-3.681374e-09	-4.846683e+01	-2.415481e+02
3.100000e-07	-6.633034e-06	-3.692345e-09	-4.786265e+01	-2.411427e+02
3.200000e-07	-6.547093e-06	-3.684163e-09	-4.724252e+01	-2.410162e+02
3.300000e-07	-6.458790e-06	-3.683514e-09	-4.660534e+01	-2.408112e+02
3.400000e-07	-6.368047e-06	-3.658249e-09	-4.595056e+01	-2.402354e+02
3.500000e-07	-6.274963e-06	-3.642112e-09	-4.527889e+01	-2.392424e+02
3.600000e-07	-6.179714e-06	-3.631325e-09	-4.459159e+01	-2.380322e+02
3.700000e-07	-6.082186e-06	-3.607721e-09	-4.388784e+01	-2.368791e+02
3.800000e-07	-5.982359e-06	-3.593444e-09	-4.316751e+01	-2.359268e+02
3.900000e-07	-5.880393e-06	-3.579050e-09	-4.243175e+01	-2.351060e+02
4.000000e-07	-5.776349e-06	-3.562260e-09	-4.168098e+01	-2.342316e+02
4.100000e-07	-5.670265e-06	-3.542548e-09	-4.091550e+01	-2.331869e+02
4.200000e-07	-5.562213e-06	-3.546836e-09	-4.013582e+01	-2.320333e+02
4.300000e-07	-5.452203e-06	-3.537740e-09	-3.934201e+01	-2.309514e+02
4.400000e-07	-5.340178e-06	-3.509443e-09	-3.853366e+01	-2.300627e+02
4.500000e-07	-5.226087e-06	-3.486342e-09	-3.771040e+01	-2.292886e+02
4.600000e-07	-5.109930e-06	-3.474312e-09	-3.687224e+01	-2.283789e+02
4.700000e-07	-4.991865e-06	-3.448712e-09	-3.602030e+01	-2.271007e+02
4.800000e-07	-4.872065e-06	-3.423063e-09	-3.515585e+01	-2.254402e+02
4.900000e-07	-4.750517e-06	-3.419375e-09	-3.427878e+01	-2.236451e+02
5.000000e-07	-4.627220e-06	-3.410090e-09	-3.338910e+01	-2.220574e+02
5.100000e-07	-4.502218e-06	-3.378007e-09	-3.248711e+01	-2.208575e+02
5.200000e-07	-4.375581e-06	-3.347514e-09	-3.157332e+01	-2.199196e+02
5.300000e-07	-4.247302e-06	-3.330913e-09	-3.064769e+01	-2.189007e+02
5.400000e-07	-4.117469e-06	-3.298781e-09	-2.971083e+01	-2.175007e+02
5.500000e-07	-3.986158e-06	-3.267587e-09	-2.876332e+01	-2.156908e+02
5.600000e-07	-3.853260e-06	-3.252268e-09	-2.780436e+01	-2.137287e+02
5.700000e-07	-3.718855e-06	-3.241081e-09	-2.683451e+01	-2.119456e+02
5.800000e-07	-3.583089e-06	-3.216412e-09	-2.585486e+01	-2.104765e+02
5.900000e-07	-3.445924e-06	-3.192516e-09	-2.486510e+01	-2.091524e+02
6.000000e-07	-3.307306e-06	-3.172472e-09	-2.386486e+01	-2.076432e+02
6.100000e-07	-3.167385e-06	-3.138080e-09	-2.285522e+01	-2.057348e+02
6.200000e-07	-3.026147e-06	-3.095987e-09	-2.183607e+01	-2.035078e+02
6.300000e-07	-2.883555e-06	-3.062609e-09	-2.080716e+01	-2.012639e+02
6.400000e-07	-2.739817e-06	-3.036245e-09	-1.976997e+01	-1.992570e+02
6.500000e-07	-2.595183e-06	-2.994887e-09	-1.872632e+01	-1.974548e+02
6.600000e-07	-2.449687e-06	-2.952210e-09	-1.767646e+01	-1.955448e+02
6.700000e-07	-2.303245e-06	-2.918896e-09	-1.661976e+01	-1.931963e+02
6.800000e-07	-2.155977e-06	-2.889195e-09	-1.555710e+01	-1.903672e+02
6.900000e-07	-2.008086e-06	-2.857182e-09	-1.448995e+01	-1.873861e+02
7.000000e-07	-1.859611e-06	-2.825082e-09	-1.341858e+01	-1.847112e+02
7.100000e-07	-1.710484e-06	-2.790703e-09	-1.234251e+01	-1.825365e+02
7.200000e-07	-1.560725e-06	-2.743968e-09	-1.126188e+01	-1.805707e+02
7.300000e-07	-1.410449e-06	-2.691471e-09	-1.017752e+01	-1.781990e+02
7.400000e-07	-1.259756e-06	-2.637790e-09	-9.090152e+00	-1.749363e+02
7.500000e-07	-1.108703e-06	-2.583389e-09	-8.000181e+00	-1.708231e+02
7.600000e-07	-9.573198e-07	-2.525192e-09	-6.907829e+00	-1.664228e+02
7.700000e-07	-8.055837e-07	-2.468366e-09	-5.812932e+00	-1.623759e+02
7.800000e-07	-6.535761e-07	-2.410646e-09	-4.716075e+00	-1.588348e+02
7.900000e-07	-5.013645e-07	-2.345758e-09	-3.617746e+00	-1.552400e+02
8.000000e-07	-3.489911e-07	-2.270716e-09	-2.518250e+00	-1.506651e+02
8.100000e-07	-1.964520e-07	-2.184615e-09	-1.417559e+00	-1.445012e+02
8.200000e-07	-4.373365e-08	-2.084592e-09	-3.155733e-01	-1.369249e+02
8.300000e-07	1.089963e-07	-1.964229e-09	7.864957e-01	-1.286763e+02
8.400000e-07	2.616495e-07	-1.821547e-09	1.888011e+00	-1.201722e+02
8.500000e-07	4.142590e-07	-1.646726e-09	2.989211e+00	-1.105426e+02
8.600000e-07	5.668083e-07	-1.427727e-09	4.089976e+00	-9.738419e+01
8.700000e-07	7.191776e-07	-1.138661e-09	5.189443e+00	-7.765140e+01
8.800000e-07	8.712640e-07	-7.456012e-10	6.286867e+00	-4.935810e+01
8.900000e-07	1.023100e-06	-2.106574e-10	7.382485e+00	-1.313177e+01
9.000000e-07	1.174629e-06	4.496768e-10	8.475889e+00	2.738861e+01
9.100000e-07	1.325790e-06	1.094969e-09	9.566640e+00	6.670324e+01
9.200000e-07	1.476584e-06	1.576535e-09	1.065474e+01	9.962565e+01
9.300000e-07	1.626923e-06	1.883134e-09	1.173955e+01	1.233258e+02
9.400000e-07	1.776622e-06	2.086529e-09	1.281975e+01	1.381588e+02
9.500000e-07	1.925515e-06	2.235443e-09	1.389413e+01	1.469226e+02
9.600000e-07	2.073665e-06	2.352871e-09	1.496316e+01	1.530989e+02
9.700000e-07	2.221097e-06	2.452453e-09	1.602699e+01	1.591495e+02
9.800000e-07	2.367759e-06	2.542096e-09	1.708528e+01	1.657684e+02
9.900000e-07	2.513482e-06	2.624375e-09	1.813678e+01	1.722990e+02
1.000000e-06	2.658149e-06	2.698532e-09	1.918068e+01	1.777980e+02
1.010000e-06	2.801869e-06	2.768666e-09	2.021773e+01	1.819369e+02
1.020000e-06	2.944580e-06	2.831842e-09	2.124750e+01	1.851996e+02
1.030000e-06	3.086114e-06	2.888893e-09	2.226878e+01	1.884102e+02
1.040000e-06	3.226368e-06	2.941617e-09	2.328083e+01	1.920768e+02
1.050000e-06	3.365353e-06	2.990755e-09	2.428372e+01	1.960758e+02
1.060000e-06	3.503043e-06	3.036659e-09	2.527726e+01	1.998597e+02
1.070000e-06	3.639395e-06	3.078426e-09	2.626115e+01	2.029571e+02
1.080000e-06	3.774479e-06	3.119511e-09	2.723589e+01	2.053426e+02
1.090000e-06	3.908198e-06	3.159312e-09	2.820078e+01	2.074144e+02
1.100000e-06	4.040444e-06	3.194481e-09	2.915504e+01	2.096443e+02
1.110000e-06	4.171303e-06	3.228736e-09	3.009929e+01	2.122127e+02
1.120000e-06	4.300631e-06	3.265196e-09	3.103250e+01	2.149116e+02
1.130000e-06	4.428448e-06	3.300143e-09	3.195480e+01	2.173624e+02
1.140000e-06	4.554849e-06	3.329614e-09	3.286689e+01	2.193417e+02
1.150000e-06	4.679634e-06	3.354426e-09	3.376730e+01	2.209489e+02
1.160000e-06	4.802814e-06	3.381072e-09	3.465615e+01	2.224981e+02
1.170000e-06	4.924296e-06	3.406318e-09	3.553274e+01	2.242465e+02
1.180000e-06	5.043977e-06	3.428581e-09	3.639633e+01	2.261933e+02
1.190000e-06	5.161808e-06	3.450774e-09	3.724658e+01	2.281028e+02
1.200000e-06	5.277655e-06	3.475102e-09	3.808251e+01	2.297174e+02
1.210000e-06	5.391423e-06	3.498571e-09	3.890343e+01	2.309719e+02
1.220000e-06	5.503143e-06	3.519782e-09	3.970959e+01	2.320378e+02
1.230000e-06	5.612951e-06	3.540402e-09	4.050194e+01	2.331725e+02
1.240000e-06	5.720789e-06	3.557980e-09	4.128008e+01	2.345089e+02
1.250000e-06	5.826533e-06	3.574444e-09	4.204310e+01	2.359600e+02
1.260000e-06	5.930106e-06	3.591155e-09	4.279047e+01	2.373065e+02
1.270000e-06	6.031472e-06	3.608178e-09	4.352190e+01	2.383856e+02
1.280000e-06	6.130572e-06	3.623762e-09	4.423699e+01	2.392197e+02
1.290000e-06	6.227363e-06	3.637272e-09	4.493541e+01	2.399850e+02
1.300000e-06	6.321869e-06	3.652780e-09	4.561735e+01	2.408561e+02
1.310000e-06	6.414150e-06	3.667508e-09	4.628323e+01	2.418617e+02
1.320000e-06	6.504139e-06	3.682239e-09	4.693257e+01	2.428711e+02
1.330000e-06	6.591803e-06	3.694696e-09	4.756514e+01	2.437154e+02
1.340000e-06	6.677191e-06	3.704308e-09	4.818128e+01	2.443367e+02
1.350000e-06	6.760213e-06	3.715469e-09	4.878035e+01	2.448388e+02
1.360000e-06	6.840768e-06	3.727097e-09	4.936162e+01	2.454001e+02
1.370000e-06	6.918757e-06	3.737972e-09	4.992438e+01	2.461261e+02
1.380000e-06	6.994152e-06	3.746328e-09	5.046841e+01	2.469639e+02
1.390000e-06	7.066920e-06	3.755777e-09	5.099349e+01	2.477485e+02
1.400000e-06	7.137197e-06	3.765581e-09	5.150059e+01	2.483392e+02
1.410000e-06	7.205030e-06	3.775539e-09	5.199006e+01	2.487309e+02
1.420000e-06	7.270200e-06	3.785572e-09	5.246032e+01	2.490529e+02
1.430000e-06	7.332811e-06	3.793758e-09	5.291210e+01	2.494593e+02
1.440000e-06	7.393004e-06	3.800229e-09	5.334644e+01	2.500072e+02
1.450000e-06	7.450602e-06	3.804927e-09	5.376206e+01	2.506207e+02
1.460000e-06	7.505522e-06	3.810323e-09	5.415835e+01	2.511650e+02
1.470000e-06	7.557502e-06	3.816925e-09	5.453343e+01	2.515616e+02
1.480000e-06	7.606404e-06	3.823778e-09	5.488629e+01	2.518468e+02
1.490000e-06	7.652486e-06	3.831268e-09	5.521882e+01	2.521271e+02
1.500000e-06	7.695818e-06	3.839631e-09	5.553149e+01	2.524766e+02
1.510000e-06	7.736365e-06	3.845011e-09	5.582407e+01	2.528696e+02
1.520000e-06	7.774209e-06	3.847667e-09	5.609714e+01	2.532063e+02
1.530000e-06	7.809354e-06	3.850409e-09	5.635075e+01	2.534095e+02
1.540000e-06	7.841740e-06	3.853294e-09	5.658443e+01	2.535037e+02
1.550000e-06	7.871390e-06	3.855974e-09	5.679839e+01	2.536046e+02
1.560000e-06	7.898205e-06	3.859018e-09	5.699188e+01	2.538232e+02
1.570000e-06	7.922031e-06	3.863694e-09	5.716380e+01	2.541650e+02
1.580000e-06	7.943043e-06	3.868011e-09	5.731542e+01	2.545126e+02
1.590000e-06	7.961334e-06	3.870780e-09	5.744740e+01	2.547112e+02
1.600000e-06	7.976691e-06	3.871854e-09	5.755821e+01	2.546915e+02
1.610000e-06	7.988945e-06	3.872871e-09	5.764664e+01	2.545292e+02
1.620000e-06	7.998040e-06	3.873830e-09	5.771226e+01	2.543899e+02
1.630000e-06	8.004199e-06	3.874279e-09	5.775670e+01	2.544038e+02
1.640000e-06	8.007564e-06	3.875865e-09	5.778099e+01	2.545679e+02
1.650000e-06	8.008087e-06	3.881600e-09	5.778476e+01	2.547562e+02
1.660000e-06	8.005910e-06	3.881322e-09	5.776905e+01	2.548244e+02
1.670000e-06	8.001060e-06	3.882437e-09	5.773406e+01	2.547254e+02
1.680000e-06	7.993460e-06	3.882224e-09	5.767922e+01	2.545374e+02
1.690000e-06	7.983205e-06	3.881485e-09	5.760522e+01	2.543880e+02
1.700000e-06	7.970134e-06	3.880200e-09	5.751090e+01	2.543376e+02
1.710000e-06	7.954322e-06	3.880274e-09	5.739680e+01	2.543241e+02
1.720000e-06	7.936127e-06	3.885985e-09	5.726551e+01	2.542170e+02
1.730000e-06	7.915559e-06	3.891502e-09	5.711710e+01	2.539345e+02
1.740000e-06	7.892154e-06	3.846528e-09	5.694821e+01	2.535265e+02
1.750000e-06	7.865323e-06	3.856897e-09	5.675461e+01	2.531492e+02
1.760000e-06	7.834851e-06	3.875750e-09	5.653473e+01	2.529467e+02
1.770000e-06	7.801357e-06	3.860924e-09	5.629304e+01	2.529329e+02
1.780000e-06	7.765566e-06	3.837480e-09	5.603478e+01	2.529661e+02
1.790000e-06	7.727437e-06	3.872723e-09	5.575965e+01	2.528387e+02
1.800000e-06	7.687221e-06	3.861889e-09	5.546945e+01	2.524130e+02
1.810000e-06	7.644982e-06	3.825368e-09	5.516467e+01	2.517025e+02
1.820000e-06	7.600079e-06	3.913337e-09	5.484066e+01	2.508461e+02
1.830000e-06	7.552458e-06	3.819493e-09	5.449703e+01	2.500091e+02
1.840000e-06	7.502053e-06	3.834660e-09	5.413332e+01	2.492944e+02
1.850000e-06	7.448602e-06	3.815674e-09	5.374763e+01	2.487260e+02
1.860000e-06	7.392368e-06	3.736898e-09	5.334186e+01	2.482947e+02
1.870000e-06	7.333454e-06	3.800427e-09	5.291674e+01	2.479998e+02
1.880000e-06	7.271881e-06	3.744597e-09	5.247245e+01	2.478345e+02
1.890000e-06	7.207572e-06	3.778299e-09	5.200840e+01	2.477272e+02
1.900000e-06	7.140483e-06	3.769698e-09	5.152430e+01	2.475105e+02
1.910000e-06	7.070577e-06	3.774384e-09	5.101988e+01	2.469799e+02
1.920000e-06	6.997837e-06	3.795854e-09	5.049500e+01	2.460271e+02
1.930000e-06	6.922488e-06	3.731258e-09	4.995130e+01	2.447524e+02
1.940000e-06	6.844338e-06	3.756295e-09	4.938738e+01	2.434531e+02
1.950000e-06	6.763523e-06	3.699561e-09	4.880423e+01	2.424645e+02
1.960000e-06	6.680277e-06	3.686790e-09	4.820355e+01	2.419493e+02
1.970000e-06	6.594495e-06	3.682675e-09	4.758456e+01	2.417843e+02
1.980000e-06	6.506299e-06	3.669077e-09	4.694816e+01	2.416334e+02
1.990000e-06	6.415807e-06	3.685932e-09	4.629518e+01	2.411663e+02
2.000000e-06	6.323074e-06	3.654571e-09	4.562605e+01	2.402671e+02
2.010000e-06	6.228047e-06	3.668743e-09	4.494035e+01	2.390850e+02
2.020000e-06	6.130760e-06	3.633796e-09	4.423834e+01	2.378967e+02
2.030000e-06	6.031303e-06	3.614284e-09	4.352068e+01	2.368933e+02
2.040000e-06	5.929747e-06	3.607469e-09	4.278787e+01	2.360559e+02
2.050000e-06	5.826075e-06	3.605626e-09	4.203980e+01	2.352121e+02
2.060000e-06	5.720309e-06	3.575769e-09	4.127661e+01	2.342120e+02
2.070000e-06	5.612588e-06	3.542352e-09	4.049932e+01	2.330712e+02
2.080000e-06	5.502956e-06	3.543461e-09	3.970823e+01	2.319549e+02
2.090000e-06	5.391341e-06	3.526262e-09	3.890285e+01	2.310168e+02
2.100000e-06	5.277640e-06	3.513816e-09	3.808240e+01	2.302337e+02
2.110000e-06	5.161907e-06	3.503877e-09	3.724729e+01	2.293849e+02
2.120000e-06	5.044198e-06	3.504929e-09	3.639793e+01	2.282116e+02
2.130000e-06	4.924527e-06	3.459522e-09	3.553441e+01	2.266328e+02
2.140000e-06	4.802999e-06	3.420136e-09	3.465749e+01	2.248390e+02
2.150000e-06	4.679854e-06	3.406565e-09	3.376890e+01	2.231728e+02
2.160000e-06	4.555091e-06	3.396567e-09	3.286863e+01	2.218759e+02
2.170000e-06	4.428639e-06	3.371045e-09	3.195618e+01	2.209003e+02
2.180000e-06	4.300569e-06	3.357183e-09	3.103205e+01	2.199369e+02
2.190000e-06	4.170860e-06	3.355062e-09	3.009610e+01	2.186483e+02
2.200000e-06	4.039556e-06	3.328831e-09	2.914863e+01	2.169262e+02
2.210000e-06	3.906730e-06	3.293994e-09	2.819018e+01	2.149694e+02
2.220000e-06	3.772532e-06	3.266667e-09	2.722184e+01	2.131179e+02
2.230000e-06	3.636922e-06	3.241714e-09	2.624331e+01	2.115754e+02
2.240000e-06	3.499830e-06	3.200538e-09	2.525408e+01	2.102447e+02
2.250000e-06	3.361432e-06	3.174359e-09	2.425542e+01	2.088115e+02
2.260000e-06	3.221798e-06	3.159409e-09	2.324786e+01	2.070082e+02
2.270000e-06	3.080850e-06	3.135842e-09	2.223080e+01	2.048379e+02
2.280000e-06	2.938658e-06	3.103282e-09	2.120477e+01	2.025678e+02
2.290000e-06	2.795394e-06	3.081665e-09	2.017101e+01	2.004918e+02
2.300000e-06	2.651049e-06	3.059685e-09	1.912944e+01	1.986602e+02
2.310000e-06	2.505679e-06	3.023920e-09	1.808048e+01	1.968139e+02
2.320000e-06	2.359522e-06	2.984303e-09	1.702584e+01	1.945946e+02
2.330000e-06	2.212652e-06	2.946357e-09	1.596606e+01	1.918680e+02
2.340000e-06	2.064957e-06	2.900534e-09	1.490032e+01	1.888809e+02
2.350000e-06	1.916563e-06	2.852239e-09	1.382953e+01	1.860951e+02
2.360000e-06	1.767590e-06	2.817233e-09	1.275458e+01	1.838038e+02
2.370000e-06	1.618052e-06	2.788443e-09	1.167554e+01	1.818378e+02
2.380000e-06	1.467946e-06	2.753832e-09	1.059240e+01	1.796273e+02
2.390000e-06	1.317392e-06	2.710816e-09	9.506039e+00	1.766083e+02
2.400000e-06	1.166534e-06	2.663060e-09	8.417480e+00	1.726710e+02
2.410000e-06	1.015296e-06	2.604864e-09	7.326176e+00	1.682756e+02
2.420000e-06	8.636773e-07	2.540520e-09	6.232124e+00	1.640995e+02
2.430000e-06	7.118190e-07	2.475911e-09	5.136344e+00	1.604586e+02
2.440000e-06	5.597528e-07	2.408682e-09	4.039065e+00	1.569611e+02
2.450000e-06	4.074393e-07	2.333307e-09	2.940001e+00	1.527130e+02
2.460000e-06	2.549306e-07	2.250324e-09	1.839528e+00	1.469634e+02
2.470000e-06	1.022870e-07	2.160529e-09	7.380830e-01	1.396820e+02
2.480000e-06	-5.038926e-08	2.055215e-09	-3.635989e-01	1.315315e+02
2.490000e-06	-2.030850e-07	1.924466e-09	-1.465421e+00	1.231108e+02
2.500000e-06	-3.557206e-07	1.762277e-09	-2.566809e+00	1.139348e+02
2.510000e-06	-5.081829e-07	1.558688e-09	-3.666947e+00	1.019450e+02
2.520000e-06	-6.604654e-07	1.293049e-09	-4.765787e+00	8.411560e+01
2.530000e-06	-8.125904e-07	9.352882e-10	-5.863491e+00	5.802470e+01
2.540000e-06	-9.645039e-07	4.462205e-10	-6.959668e+00	2.355050e+01
2.550000e-06	-1.116060e-06	-1.835025e-10	-8.053265e+00	-1.637158e+01
2.560000e-06	-1.267207e-06	-8.552029e-10	-9.143917e+00	-5.652610e+01
2.570000e-06	-1.417956e-06	-1.402756e-09	-1.023169e+01	-9.142976e+01
2.580000e-06	-1.568256e-06	-1.762093e-09	-1.131622e+01	-1.175250e+02
2.590000e-06	-1.717985e-06	-1.992541e-09	-1.239664e+01	-1.343817e+02
2.600000e-06	-1.867006e-06	-2.158351e-09	-1.347194e+01	-1.443291e+02
2.610000e-06	-2.015265e-06	-2.291524e-09	-1.454175e+01	-1.508589e+02
2.620000e-06	-2.162828e-06	-2.404105e-09	-1.560653e+01	-1.568053e+02
2.630000e-06	-2.309663e-06	-2.500106e-09	-1.666607e+01	-1.633065e+02
2.640000e-06	-2.455614e-06	-2.584042e-09	-1.771922e+01	-1.699553e+02
2.650000e-06	-2.600519e-06	-2.658125e-09	-1.876482e+01	-1.757762e+02
2.660000e-06	-2.744367e-06	-2.724300e-09	-1.980281e+01	-1.802369e+02
2.670000e-06	-2.887181e-06	-2.787253e-09	-2.083333e+01	-1.836422e+02
2.680000e-06	-3.028831e-06	-2.849249e-09	-2.185544e+01	-1.867959e+02
2.690000e-06	-3.169227e-06	-2.907839e-09	-2.286852e+01	-1.903347e+02
2.700000e-06	-3.308442e-06	-2.962567e-09	-2.387306e+01	-1.942926e+02
2.710000e-06	-3.446415e-06	-3.015776e-09	-2.486864e+01	-1.981858e+02
2.720000e-06	-3.583044e-06	-3.067374e-09	-2.585453e+01	-2.014770e+02
2.730000e-06	-3.718336e-06	-3.113349e-09	-2.683078e+01	-2.040149e+02
2.740000e-06	-3.852275e-06	-3.155160e-09	-2.779725e+01	-2.061159e+02
2.750000e-06	-3.984846e-06	-3.193985e-09	-2.875386e+01	-2.082731e+02
2.760000e-06	-4.116087e-06	-3.227790e-09	-2.970086e+01	-2.107624e+02
2.770000e-06	-4.245905e-06	-3.259057e-09	-3.063760e+01	-2.134628e+02
2.780000e-06	-4.374244e-06	-3.292546e-09	-3.156367e+01	-2.160071e+02
2.790000e-06	-4.501061e-06	-3.327638e-09	-3.247876e+01	-2.181072e+02
2.800000e-06	-4.626247e-06	-3.359511e-09	-3.338208e+01	-2.197818e+02
2.810000e-06	-4.749867e-06	-3.391835e-09	-3.427410e+01	-2.213138e+02
2.820000e-06	-4.871870e-06	-3.424696e-09	-3.515445e+01	-2.230004e+02
2.830000e-06	-4.992018e-06	-3.452318e-09	-3.602141e+01	-2.249127e+02
2.840000e-06	-5.110178e-06	-3.476352e-09	-3.687403e+01	-2.268588e+02
2.850000e-06	-5.226347e-06	-3.500979e-09	-3.771228e+01	-2.285627e+02
2.860000e-06	-5.340451e-06	-3.523704e-09	-3.853563e+01	-2.298986e+02
2.870000e-06	-5.452390e-06	-3.543022e-09	-3.934336e+01	-2.309866e+02
2.880000e-06	-5.562258e-06	-3.562123e-09	-4.013614e+01	-2.320832e+02
2.890000e-06	-5.670217e-06	-3.582275e-09	-4.091516e+01	-2.333684e+02
2.900000e-06	-5.776207e-06	-3.601818e-09	-4.167996e+01	-2.348087e+02
2.910000e-06	-5.880102e-06	-3.621118e-09	-4.242965e+01	-2.362015e+02
2.920000e-06	-5.981853e-06	-3.641349e-09	-4.316386e+01	-2.373530e+02
2.930000e-06	-6.081437e-06	-3.660276e-09	-4.388244e+01	-2.382352e+02
2.940000e-06	-6.178807e-06	-3.675416e-09	-4.458504e+01	-2.389978e+02
2.950000e-06	-6.273905e-06	-3.688134e-09	-4.527125e+01	-2.398321e+02
2.960000e-06	-6.366746e-06	-3.700079e-09	-4.594117e+01	-2.408108e+02
2.970000e-06	-6.457372e-06	-3.709519e-09	-4.659511e+01	-2.418359e+02
2.980000e-06	-6.545671e-06	-3.717669e-09	-4.723226e+01	-2.427327e+02
2.990000e-06	-6.631468e-06	-3.727188e-09	-4.785136e+01	-2.434054e+02
3.000000e-06	-6.714840e-06	-3.739833e-09	-4.845295e+01	-2.439205e+02
3.010000e-06	-6.795880e-06	-3.752098e-09	-4.903772e+01	-2.444514e+02
3.020000e-06	-6.874316e-06	-3.763937e-09	-4.960370e+01	-2.451343e+02
3.030000e-06	-6.950054e-06	-3.776068e-09	-5.015020e+01	-2.459567e+02
3.040000e-06	-7.023259e-06	-3.784517e-09	-5.067844e+01	-2.467708e+02
3.050000e-06	-7.093931e-06	-3.789346e-09	-5.118840e+01	-2.474162e+02
3.060000e-06	-7.162090e-06	-3.795432e-09	-5.168021e+01	-2.478491e+02
3.070000e-06	-7.227776e-06	-3.803858e-09	-5.215420e+01	-2.481721e+02
3.080000e-06	-7.290908e-06	-3.811206e-09	-5.260974e+01	-2.485463e+02
3.090000e-06	-7.351381e-06	-3.816465e-09	-5.304610e+01	-2.490607e+02
3.100000e-06	-7.409290e-06	-3.822503e-09	-5.346396e+01	-2.496697e+02
3.110000e-06	-7.464549e-06	-3.830762e-09	-5.386270e+01	-2.502421e+02
3.120000e-06	-7.516907e-06	-3.840708e-09	-5.424050e+01	-2.506763e+02
3.130000e-06	-7.566224e-06	-3.848814e-09	-5.459637e+01	-2.509800e+02
3.140000e-06	-7.612593e-06	-3.855287e-09	-5.493095e+01	-2.512510e+02
3.150000e-06	-7.656399e-06	-3.860250e-09	-5.524705e+01	-2.515809e+02
3.160000e-06	-7.697752e-06	-3.863187e-09	-5.554544e+01	-2.519704e+02
3.170000e-06	-7.736359e-06	-3.863148e-09	-5.582403e+01	-2.523306e+02
3.180000e-06	-7.772183e-06	-3.863740e-09	-5.608252e+01	-2.525690e+02
3.190000e-06	-7.805300e-06	-3.868100e-09	-5.632149e+01	-2.526815e+02
3.200000e-06	-7.835516e-06	-3.875290e-09	-5.653952e+01	-2.527676e+02
3.210000e-06	-7.862875e-06	-3.881483e-09	-5.673694e+01	-2.529505e+02
3.220000e-06	-7.887441e-06	-3.887429e-09	-5.691421e+01	-2.532680e+02
3.230000e-06	-7.909067e-06	-3.892117e-09	-5.707025e+01	-2.536289e+02
3.240000e-06	-7.927878e-06	-3.892130e-09	-5.720599e+01	-2.538759e+02
3.250000e-06	-7.943815e-06	-3.888867e-09	-5.732099e+01	-2.539088e+02
3.260000e-06	-7.956576e-06	-3.885903e-09	-5.741307e+01	-2.537677e+02
3.270000e-06	-7.966313e-06	-3.885406e-09	-5.748333e+01	-2.536064e+02
3.280000e-06	-7.973189e-06	-3.885106e-09	-5.753294e+01	-2.535757e+02
3.290000e-06	-7.977209e-06	-3.886330e-09	-5.756195e+01	-2.537101e+02
3.300000e-06	-7.978531e-06	-3.884957e-09	-5.757149e+01	-2.539070e+02
