# Temperatura_=_20.0
# Concentracion g/m^3_=_8200.0
# C_Vs_to_Am_M_A/Vsm_=_65563218390.804596
# pendiente_HvsI_1/m_=_3716.3
# ordenada_HvsI_A/m_=_1297.0
# frecuencia_Hz_=_301531.4638550303

Tiempo_(s)	Campo_(V.s)	Magnetizacion_(V.s)	Campo_(kA/m)	Magnetizacion_(A/m)
0.000000e+00	-4.655201e-06	-5.315152e-09	-3.465792e+01	-3.462647e+02
1.000000e-08	-4.653753e-06	-5.315196e-09	-3.464714e+01	-3.462468e+02
2.000000e-08	-4.650662e-06	-5.313146e-09	-3.462413e+01	-3.462075e+02
3.000000e-08	-4.646133e-06	-5.311155e-09	-3.459041e+01	-3.461489e+02
4.000000e-08	-4.640219e-06	-5.310163e-09	-3.454638e+01	-3.460707e+02
5.000000e-08	-4.632877e-06	-5.308316e-09	-3.449172e+01	-3.459712e+02
6.000000e-08	-4.623980e-06	-5.303045e-09	-3.442548e+01	-3.458465e+02
7.000000e-08	-4.613343e-06	-5.292856e-09	-3.434629e+01	-3.456918e+02
8.000000e-08	-4.600911e-06	-5.293712e-09	-3.425373e+01	-3.455012e+02
9.000000e-08	-4.586547e-06	-5.313169e-09	-3.414679e+01	-3.452685e+02
1.000000e-07	-4.570036e-06	-5.305545e-09	-3.402387e+01	-3.449880e+02
1.100000e-07	-4.551615e-06	-5.292960e-09	-3.388673e+01	-3.446553e+02
1.200000e-07	-4.531717e-06	-5.270915e-09	-3.373859e+01	-3.442670e+02
1.300000e-07	-4.510625e-06	-5.225297e-09	-3.358155e+01	-3.438219e+02
1.400000e-07	-4.488367e-06	-5.265491e-09	-3.341585e+01	-3.433206e+02
1.500000e-07	-4.464839e-06	-5.251712e-09	-3.324068e+01	-3.427655e+02
1.600000e-07	-4.439907e-06	-5.201056e-09	-3.305506e+01	-3.421609e+02
1.700000e-07	-4.413395e-06	-5.261800e-09	-3.285768e+01	-3.415118e+02
1.800000e-07	-4.385236e-06	-5.234702e-09	-3.264804e+01	-3.408238e+02
1.900000e-07	-4.355540e-06	-5.176861e-09	-3.242695e+01	-3.401027e+02
2.000000e-07	-4.324492e-06	-5.206492e-09	-3.219580e+01	-3.393532e+02
2.100000e-07	-4.291863e-06	-5.144252e-09	-3.195287e+01	-3.385788e+02
2.200000e-07	-4.257509e-06	-5.104985e-09	-3.169711e+01	-3.377812e+02
2.300000e-07	-4.221686e-06	-5.138311e-09	-3.143041e+01	-3.369603e+02
2.400000e-07	-4.184370e-06	-5.108454e-09	-3.115259e+01	-3.361140e+02
2.500000e-07	-4.145498e-06	-5.116468e-09	-3.086319e+01	-3.352384e+02
2.600000e-07	-4.105097e-06	-5.099088e-09	-3.056240e+01	-3.343281e+02
2.700000e-07	-4.063085e-06	-5.048959e-09	-3.024963e+01	-3.333772e+02
2.800000e-07	-4.019536e-06	-5.055998e-09	-2.992541e+01	-3.323792e+02
2.900000e-07	-3.974518e-06	-5.042656e-09	-2.959024e+01	-3.313282e+02
3.000000e-07	-3.928046e-06	-5.025908e-09	-2.924426e+01	-3.302193e+02
3.100000e-07	-3.880077e-06	-5.024184e-09	-2.888713e+01	-3.290489e+02
3.200000e-07	-3.830307e-06	-4.984734e-09	-2.851659e+01	-3.278151e+02
3.300000e-07	-3.778756e-06	-4.948284e-09	-2.813280e+01	-3.265180e+02
3.400000e-07	-3.725749e-06	-4.935254e-09	-2.773816e+01	-3.251589e+02
3.500000e-07	-3.671421e-06	-4.926174e-09	-2.733369e+01	-3.237409e+02
3.600000e-07	-3.615906e-06	-4.898298e-09	-2.692038e+01	-3.222673e+02
3.700000e-07	-3.559169e-06	-4.868117e-09	-2.649798e+01	-3.207420e+02
3.800000e-07	-3.501001e-06	-4.846649e-09	-2.606491e+01	-3.191682e+02
3.900000e-07	-3.441433e-06	-4.818909e-09	-2.562143e+01	-3.175481e+02
4.000000e-07	-3.380683e-06	-4.806174e-09	-2.516915e+01	-3.158822e+02
4.100000e-07	-3.318839e-06	-4.774095e-09	-2.470872e+01	-3.141693e+02
4.200000e-07	-3.255894e-06	-4.739212e-09	-2.424009e+01	-3.124061e+02
4.300000e-07	-3.191974e-06	-4.719283e-09	-2.376421e+01	-3.105873e+02
4.400000e-07	-3.126892e-06	-4.685648e-09	-2.327968e+01	-3.087062e+02
4.500000e-07	-3.060377e-06	-4.654833e-09	-2.278447e+01	-3.067551e+02
4.600000e-07	-2.992703e-06	-4.630538e-09	-2.228065e+01	-3.047256e+02
4.700000e-07	-2.924191e-06	-4.594750e-09	-2.177057e+01	-3.026100e+02
4.800000e-07	-2.854763e-06	-4.546764e-09	-2.125368e+01	-3.004013e+02
4.900000e-07	-2.784293e-06	-4.509537e-09	-2.072903e+01	-2.980938e+02
5.000000e-07	-2.712862e-06	-4.486901e-09	-2.019723e+01	-2.956841e+02
5.100000e-07	-2.640502e-06	-4.452221e-09	-1.965851e+01	-2.931704e+02
5.200000e-07	-2.567058e-06	-4.401209e-09	-1.911172e+01	-2.905530e+02
5.300000e-07	-2.492416e-06	-4.355725e-09	-1.855601e+01	-2.878334e+02
5.400000e-07	-2.416645e-06	-4.315396e-09	-1.799190e+01	-2.850144e+02
5.500000e-07	-2.339940e-06	-4.271285e-09	-1.742083e+01	-2.820986e+02
5.600000e-07	-2.262300e-06	-4.224110e-09	-1.684280e+01	-2.790880e+02
5.700000e-07	-2.183557e-06	-4.180724e-09	-1.625656e+01	-2.759834e+02
5.800000e-07	-2.103813e-06	-4.129052e-09	-1.566286e+01	-2.727830e+02
5.900000e-07	-2.023274e-06	-4.070306e-09	-1.506326e+01	-2.694825e+02
6.000000e-07	-1.942035e-06	-4.022043e-09	-1.445843e+01	-2.660748e+02
6.100000e-07	-1.860081e-06	-3.973317e-09	-1.384828e+01	-2.625495e+02
6.200000e-07	-1.777440e-06	-3.912952e-09	-1.323302e+01	-2.588940e+02
6.300000e-07	-1.694292e-06	-3.849179e-09	-1.261399e+01	-2.550937e+02
6.400000e-07	-1.610702e-06	-3.793521e-09	-1.199166e+01	-2.511326e+02
6.500000e-07	-1.526656e-06	-3.732060e-09	-1.136594e+01	-2.469950e+02
6.600000e-07	-1.442261e-06	-3.660868e-09	-1.073762e+01	-2.426655e+02
6.700000e-07	-1.357506e-06	-3.592564e-09	-1.010662e+01	-2.381305e+02
6.800000e-07	-1.272242e-06	-3.524789e-09	-9.471825e+00	-2.333784e+02
6.900000e-07	-1.186524e-06	-3.449190e-09	-8.833659e+00	-2.284000e+02
7.000000e-07	-1.100462e-06	-3.367157e-09	-8.192926e+00	-2.231883e+02
7.100000e-07	-1.014094e-06	-3.285660e-09	-7.549916e+00	-2.177376e+02
7.200000e-07	-9.273801e-07	-3.199498e-09	-6.904335e+00	-2.120431e+02
7.300000e-07	-8.403581e-07	-3.106575e-09	-6.256457e+00	-2.060988e+02
7.400000e-07	-7.531482e-07	-3.011866e-09	-5.607180e+00	-1.998966e+02
7.500000e-07	-6.657401e-07	-2.913941e-09	-4.956428e+00	-1.934245e+02
7.600000e-07	-5.781270e-07	-2.808727e-09	-4.304150e+00	-1.866647e+02
7.700000e-07	-4.903597e-07	-2.698297e-09	-3.650723e+00	-1.795931e+02
7.800000e-07	-4.025182e-07	-2.587849e-09	-2.996743e+00	-1.721784e+02
7.900000e-07	-3.146279e-07	-2.471488e-09	-2.342401e+00	-1.643816e+02
8.000000e-07	-2.266467e-07	-2.343483e-09	-1.687383e+00	-1.561576e+02
8.100000e-07	-1.385651e-07	-2.207424e-09	-1.031616e+00	-1.474561e+02
8.200000e-07	-5.043473e-08	-2.066071e-09	-3.754860e-01	-1.382240e+02
8.300000e-07	3.777058e-08	-1.915259e-09	2.812016e-01	-1.284086e+02
8.400000e-07	1.259853e-07	-1.753393e-09	9.379594e-01	-1.179610e+02
8.500000e-07	2.141498e-07	-1.581887e-09	1.594343e+00	-1.068401e+02
8.600000e-07	3.022827e-07	-1.400480e-09	2.250492e+00	-9.501627e+01
8.700000e-07	3.903308e-07	-1.211025e-09	2.906008e+00	-8.247506e+01
8.800000e-07	4.782774e-07	-1.014005e-09	3.560770e+00	-6.922048e+01
8.900000e-07	5.661190e-07	-8.088863e-10	4.214750e+00	-5.527727e+01
9.000000e-07	6.538360e-07	-5.922988e-10	4.867802e+00	-4.069220e+01
9.100000e-07	7.413853e-07	-3.624417e-10	5.519606e+00	-2.553428e+01
9.200000e-07	8.287611e-07	-1.214768e-10	6.170117e+00	-9.893676e+00
9.300000e-07	9.158925e-07	1.252456e-10	6.818810e+00	6.120607e+00
9.400000e-07	1.002726e-06	3.751730e-10	7.465284e+00	2.238415e+01
9.500000e-07	1.089245e-06	6.274803e-10	8.109420e+00	3.876154e+01
9.600000e-07	1.175332e-06	8.798273e-10	8.750337e+00	5.511144e+01
9.700000e-07	1.260977e-06	1.128386e-09	9.387958e+00	7.129207e+01
9.800000e-07	1.346205e-06	1.369809e-09	1.002248e+01	8.716675e+01
9.900000e-07	1.430933e-06	1.603308e-09	1.065328e+01	1.026091e+02
1.000000e-06	1.515177e-06	1.825752e-09	1.128047e+01	1.175077e+02
1.010000e-06	1.599025e-06	2.036338e-09	1.190472e+01	1.317699e+02
1.020000e-06	1.682451e-06	2.236544e-09	1.252583e+01	1.453241e+02
1.030000e-06	1.765287e-06	2.427977e-09	1.314254e+01	1.581216e+02
1.040000e-06	1.847358e-06	2.610112e-09	1.375356e+01	1.701365e+02
1.050000e-06	1.928689e-06	2.781785e-09	1.435907e+01	1.813646e+02
1.060000e-06	2.009354e-06	2.943212e-09	1.495962e+01	1.918214e+02
1.070000e-06	2.089347e-06	3.091150e-09	1.555517e+01	2.015387e+02
1.080000e-06	2.168574e-06	3.226626e-09	1.614501e+01	2.105613e+02
1.090000e-06	2.246943e-06	3.352186e-09	1.672847e+01	2.189430e+02
1.100000e-06	2.324472e-06	3.470470e-09	1.730567e+01	2.267420e+02
1.110000e-06	2.401216e-06	3.582324e-09	1.787703e+01	2.340179e+02
1.120000e-06	2.477126e-06	3.689105e-09	1.844218e+01	2.408277e+02
1.130000e-06	2.552089e-06	3.788987e-09	1.900027e+01	2.472234e+02
1.140000e-06	2.625903e-06	3.881913e-09	1.954982e+01	2.532504e+02
1.150000e-06	2.698543e-06	3.967987e-09	2.009062e+01	2.589457e+02
1.160000e-06	2.770224e-06	4.047494e-09	2.062429e+01	2.643386e+02
1.170000e-06	2.840936e-06	4.122571e-09	2.115074e+01	2.694503e+02
1.180000e-06	2.910640e-06	4.193080e-09	2.166968e+01	2.742955e+02
1.190000e-06	2.979401e-06	4.261413e-09	2.218161e+01	2.788840e+02
1.200000e-06	3.047268e-06	4.327637e-09	2.268688e+01	2.832217e+02
1.210000e-06	3.114101e-06	4.389649e-09	2.318445e+01	2.873132e+02
1.220000e-06	3.179592e-06	4.444799e-09	2.367203e+01	2.911626e+02
1.230000e-06	3.243787e-06	4.494740e-09	2.414996e+01	2.947755e+02
1.240000e-06	3.306934e-06	4.541953e-09	2.462009e+01	2.981595e+02
1.250000e-06	3.368997e-06	4.587603e-09	2.508215e+01	3.013244e+02
1.260000e-06	3.429934e-06	4.630520e-09	2.553582e+01	3.042831e+02
1.270000e-06	3.489868e-06	4.670312e-09	2.598203e+01	3.070503e+02
1.280000e-06	3.548566e-06	4.707073e-09	2.641904e+01	3.096427e+02
1.290000e-06	3.605686e-06	4.741804e-09	2.684429e+01	3.120772e+02
1.300000e-06	3.661350e-06	4.776157e-09	2.725871e+01	3.143708e+02
1.310000e-06	3.715808e-06	4.809813e-09	2.766415e+01	3.165394e+02
1.320000e-06	3.768973e-06	4.840106e-09	2.805996e+01	3.185966e+02
1.330000e-06	3.820580e-06	4.868260e-09	2.844418e+01	3.205538e+02
1.340000e-06	3.870476e-06	4.895102e-09	2.881565e+01	3.224196e+02
1.350000e-06	3.918702e-06	4.919201e-09	2.917469e+01	3.241997e+02
1.360000e-06	3.965488e-06	4.942801e-09	2.952302e+01	3.258974e+02
1.370000e-06	4.010993e-06	4.966944e-09	2.986180e+01	3.275139e+02
1.380000e-06	4.055260e-06	4.990650e-09	3.019137e+01	3.290493e+02
1.390000e-06	4.098067e-06	5.011812e-09	3.051006e+01	3.305027e+02
1.400000e-06	4.139220e-06	5.031128e-09	3.081645e+01	3.318736e+02
1.410000e-06	4.178910e-06	5.049833e-09	3.111194e+01	3.331621e+02
1.420000e-06	4.217249e-06	5.066822e-09	3.139738e+01	3.343694e+02
1.430000e-06	4.254231e-06	5.083819e-09	3.167270e+01	3.354980e+02
1.440000e-06	4.289817e-06	5.100647e-09	3.193764e+01	3.365519e+02
1.450000e-06	4.323766e-06	5.117084e-09	3.219039e+01	3.375362e+02
1.460000e-06	4.356118e-06	5.132556e-09	3.243126e+01	3.384569e+02
1.470000e-06	4.387003e-06	5.146493e-09	3.266119e+01	3.393202e+02
1.480000e-06	4.416412e-06	5.160077e-09	3.288014e+01	3.401321e+02
1.490000e-06	4.444378e-06	5.172098e-09	3.308835e+01	3.408978e+02
1.500000e-06	4.470725e-06	5.183296e-09	3.328450e+01	3.416213e+02
1.510000e-06	4.495296e-06	5.194101e-09	3.346743e+01	3.423051e+02
1.520000e-06	4.518171e-06	5.204240e-09	3.363773e+01	3.429498e+02
1.530000e-06	4.539569e-06	5.214608e-09	3.379704e+01	3.435548e+02
1.540000e-06	4.559574e-06	5.224562e-09	3.394598e+01	3.441180e+02
1.550000e-06	4.578021e-06	5.233298e-09	3.408332e+01	3.446364e+02
1.560000e-06	4.594680e-06	5.240233e-09	3.420734e+01	3.451065e+02
1.570000e-06	4.609587e-06	5.245895e-09	3.431833e+01	3.455251e+02
1.580000e-06	4.622861e-06	5.251739e-09	3.441715e+01	3.458897e+02
1.590000e-06	4.634325e-06	5.257550e-09	3.450250e+01	3.461991e+02
1.600000e-06	4.643875e-06	5.262491e-09	3.457360e+01	3.464533e+02
1.610000e-06	4.651662e-06	5.266604e-09	3.463157e+01	3.466542e+02
1.620000e-06	4.657818e-06	5.270131e-09	3.467740e+01	3.468050e+02
1.630000e-06	4.662458e-06	5.273136e-09	3.471195e+01	3.469103e+02
1.640000e-06	4.665470e-06	5.275899e-09	3.473438e+01	3.469755e+02
1.650000e-06	4.666723e-06	5.278172e-09	3.474370e+01	3.470065e+02
1.660000e-06	4.666307e-06	5.278535e-09	3.474060e+01	3.470087e+02
1.670000e-06	4.664330e-06	5.278913e-09	3.472588e+01	3.469868e+02
1.680000e-06	4.661010e-06	5.279549e-09	3.470117e+01	3.469440e+02
1.690000e-06	4.656296e-06	5.279420e-09	3.466607e+01	3.468819e+02
1.700000e-06	4.649888e-06	5.279026e-09	3.461836e+01	3.468001e+02
1.710000e-06	4.641891e-06	5.278875e-09	3.455883e+01	3.466964e+02
1.720000e-06	4.632536e-06	5.280296e-09	3.448918e+01	3.465668e+02
1.730000e-06	4.621805e-06	5.287418e-09	3.440929e+01	3.464061e+02
1.740000e-06	4.609509e-06	5.255209e-09	3.431775e+01	3.462084e+02
1.750000e-06	4.595109e-06	5.250133e-09	3.421054e+01	3.459676e+02
1.760000e-06	4.578281e-06	5.247579e-09	3.408525e+01	3.456781e+02
1.770000e-06	4.559430e-06	5.251409e-09	3.394491e+01	3.453356e+02
1.780000e-06	4.539310e-06	5.287664e-09	3.379512e+01	3.449372e+02
1.790000e-06	4.518544e-06	5.229493e-09	3.364051e+01	3.444820e+02
1.800000e-06	4.496686e-06	5.242832e-09	3.347778e+01	3.439709e+02
1.810000e-06	4.472838e-06	5.276807e-09	3.330023e+01	3.434066e+02
1.820000e-06	4.447238e-06	5.172449e-09	3.310964e+01	3.427936e+02
1.830000e-06	4.420376e-06	5.186845e-09	3.290966e+01	3.421372e+02
1.840000e-06	4.391862e-06	5.223742e-09	3.269737e+01	3.414429e+02
1.850000e-06	4.361500e-06	5.137451e-09	3.247132e+01	3.407164e+02
1.860000e-06	4.329585e-06	5.187521e-09	3.223371e+01	3.399623e+02
1.870000e-06	4.296182e-06	5.197596e-09	3.198503e+01	3.391836e+02
1.880000e-06	4.261406e-06	5.125017e-09	3.172613e+01	3.383820e+02
1.890000e-06	4.225172e-06	5.174493e-09	3.145636e+01	3.375568e+02
1.900000e-06	4.187181e-06	5.117695e-09	3.117352e+01	3.367055e+02
1.910000e-06	4.147530e-06	5.094768e-09	3.087832e+01	3.358241e+02
1.920000e-06	4.106320e-06	5.152018e-09	3.057151e+01	3.349071e+02
1.930000e-06	4.063722e-06	5.064077e-09	3.025437e+01	3.339482e+02
1.940000e-06	4.019943e-06	5.077428e-09	2.992843e+01	3.329411e+02
1.950000e-06	3.974765e-06	5.082167e-09	2.959208e+01	3.318801e+02
1.960000e-06	3.927959e-06	5.007171e-09	2.924361e+01	3.307605e+02
1.970000e-06	3.879651e-06	5.028749e-09	2.888396e+01	3.295788e+02
1.980000e-06	3.829986e-06	5.009311e-09	2.851420e+01	3.283337e+02
1.990000e-06	3.778898e-06	4.999021e-09	2.813385e+01	3.270254e+02
2.000000e-06	3.726195e-06	4.973390e-09	2.774148e+01	3.256556e+02
2.010000e-06	3.671872e-06	4.932119e-09	2.733705e+01	3.242273e+02
2.020000e-06	3.616118e-06	4.937055e-09	2.692196e+01	3.227442e+02
2.030000e-06	3.559070e-06	4.883549e-09	2.649724e+01	3.212101e+02
2.040000e-06	3.500834e-06	4.873236e-09	2.606368e+01	3.196279e+02
2.050000e-06	3.441536e-06	4.863294e-09	2.562220e+01	3.179996e+02
2.060000e-06	3.381171e-06	4.832375e-09	2.517278e+01	3.163255e+02
2.070000e-06	3.319484e-06	4.817965e-09	2.471352e+01	3.146039e+02
2.080000e-06	3.256394e-06	4.757741e-09	2.424382e+01	3.128312e+02
2.090000e-06	3.192088e-06	4.754769e-09	2.376506e+01	3.110018e+02
2.100000e-06	3.126706e-06	4.727801e-09	2.327829e+01	3.091088e+02
2.110000e-06	3.060282e-06	4.671215e-09	2.278376e+01	3.071443e+02
2.120000e-06	2.992890e-06	4.654501e-09	2.228203e+01	3.051001e+02
2.130000e-06	2.924521e-06	4.625704e-09	2.177303e+01	3.029683e+02
2.140000e-06	2.854951e-06	4.604102e-09	2.125508e+01	3.007423e+02
2.150000e-06	2.784068e-06	4.550580e-09	2.072736e+01	2.984168e+02
2.160000e-06	2.712109e-06	4.518088e-09	2.019162e+01	2.959886e+02
2.170000e-06	2.639311e-06	4.493880e-09	1.964964e+01	2.934563e+02
2.180000e-06	2.565626e-06	4.438726e-09	1.910106e+01	2.908204e+02
2.190000e-06	2.490972e-06	4.400396e-09	1.854526e+01	2.880829e+02
2.200000e-06	2.415353e-06	4.362293e-09	1.798228e+01	2.852464e+02
2.210000e-06	2.338755e-06	4.326354e-09	1.741201e+01	2.823136e+02
2.220000e-06	2.261041e-06	4.266021e-09	1.683342e+01	2.792863e+02
2.230000e-06	2.182249e-06	4.216995e-09	1.624682e+01	2.761647e+02
2.240000e-06	2.102605e-06	4.186313e-09	1.565388e+01	2.729468e+02
2.250000e-06	2.022281e-06	4.134754e-09	1.505586e+01	2.696278e+02
2.260000e-06	1.941289e-06	4.078902e-09	1.445287e+01	2.661999e+02
2.270000e-06	1.859575e-06	4.024236e-09	1.384452e+01	2.626524e+02
2.280000e-06	1.777190e-06	3.971622e-09	1.323116e+01	2.589722e+02
2.290000e-06	1.694214e-06	3.904592e-09	1.261341e+01	2.551443e+02
2.300000e-06	1.610811e-06	3.839621e-09	1.199247e+01	2.511529e+02
2.310000e-06	1.527045e-06	3.781513e-09	1.136883e+01	2.469821e+02
2.320000e-06	1.442836e-06	3.712535e-09	1.074190e+01	2.426168e+02
2.330000e-06	1.358087e-06	3.639330e-09	1.011095e+01	2.380439e+02
2.340000e-06	1.272770e-06	3.569003e-09	9.475762e+00	2.332520e+02
2.350000e-06	1.186832e-06	3.499405e-09	8.835954e+00	2.282324e+02
2.360000e-06	1.100287e-06	3.419717e-09	8.191622e+00	2.229784e+02
2.370000e-06	1.013383e-06	3.335687e-09	7.544625e+00	2.174845e+02
2.380000e-06	9.262029e-07	3.250541e-09	6.895571e+00	2.117459e+02
2.390000e-06	8.387039e-07	3.159101e-09	6.244141e+00	2.057562e+02
2.400000e-06	7.509224e-07	3.062226e-09	5.590609e+00	1.995069e+02
2.410000e-06	6.629377e-07	2.963928e-09	4.935564e+00	1.929848e+02
2.420000e-06	5.747703e-07	2.862460e-09	4.279159e+00	1.861713e+02
2.430000e-06	4.864575e-07	2.753857e-09	3.621671e+00	1.790410e+02
2.440000e-06	3.980994e-07	2.639567e-09	2.963846e+00	1.715611e+02
2.450000e-06	3.096468e-07	2.520674e-09	2.305317e+00	1.636916e+02
2.460000e-06	2.210308e-07	2.393423e-09	1.645572e+00	1.553861e+02
2.470000e-06	1.323177e-07	2.255729e-09	9.851040e-01	1.465937e+02
2.480000e-06	4.357711e-08	2.111848e-09	3.244311e-01	1.372613e+02
2.490000e-06	-4.519079e-08	1.960986e-09	-3.364450e-01	1.273364e+02
2.500000e-06	-1.339463e-07	1.799392e-09	-9.972285e-01	1.167714e+02
2.510000e-06	-2.226369e-07	1.628399e-09	-1.657529e+00	1.055267e+02
2.520000e-06	-3.112524e-07	1.451080e-09	-2.317271e+00	9.357532e+01
2.530000e-06	-3.998174e-07	1.262066e-09	-2.976636e+00	8.090585e+01
2.540000e-06	-4.883007e-07	1.059042e-09	-3.635393e+00	6.752587e+01
2.550000e-06	-5.766604e-07	8.454531e-10	-4.293230e+00	5.346397e+01
2.560000e-06	-6.648433e-07	6.205328e-10	-4.949752e+00	3.877092e+01
2.570000e-06	-7.528112e-07	3.849086e-10	-5.604671e+00	2.351962e+01
2.580000e-06	-8.405563e-07	1.411665e-10	-6.257933e+00	7.803794e+00
2.590000e-06	-9.280373e-07	-1.068535e-10	-6.909228e+00	-8.264502e+00
2.600000e-06	-1.015196e-06	-3.580451e-10	-7.558122e+00	-2.455855e+01
2.610000e-06	-1.101918e-06	-6.105789e-10	-8.203767e+00	-4.094148e+01
2.620000e-06	-1.188038e-06	-8.603073e-10	-8.844933e+00	-5.727147e+01
2.630000e-06	-1.273478e-06	-1.106386e-09	-9.481034e+00	-7.340725e+01
2.640000e-06	-1.358267e-06	-1.348177e-09	-1.011228e+01	-8.921362e+01
2.650000e-06	-1.442541e-06	-1.584707e-09	-1.073971e+01	-1.045666e+02
2.660000e-06	-1.526371e-06	-1.814507e-09	-1.136382e+01	-1.193577e+02
2.670000e-06	-1.609735e-06	-2.034654e-09	-1.198446e+01	-1.334981e+02
2.680000e-06	-1.692590e-06	-2.241813e-09	-1.260131e+01	-1.469200e+02
2.690000e-06	-1.774853e-06	-2.434122e-09	-1.321376e+01	-1.595791e+02
2.700000e-06	-1.856526e-06	-2.613085e-09	-1.382181e+01	-1.714532e+02
2.710000e-06	-1.937607e-06	-2.781595e-09	-1.442546e+01	-1.825419e+02
2.720000e-06	-2.018033e-06	-2.940634e-09	-1.502424e+01	-1.928638e+02
2.730000e-06	-2.097869e-06	-3.088806e-09	-1.561861e+01	-2.024535e+02
2.740000e-06	-2.177113e-06	-3.224232e-09	-1.620858e+01	-2.113576e+02
2.750000e-06	-2.255420e-06	-3.350713e-09	-1.679158e+01	-2.196308e+02
2.760000e-06	-2.332533e-06	-3.470681e-09	-1.736568e+01	-2.273321e+02
2.770000e-06	-2.408587e-06	-3.581710e-09	-1.793191e+01	-2.345206e+02
2.780000e-06	-2.483737e-06	-3.684940e-09	-1.849139e+01	-2.412528e+02
2.790000e-06	-2.558006e-06	-3.783338e-09	-1.904433e+01	-2.475797e+02
2.800000e-06	-2.631408e-06	-3.877681e-09	-1.959080e+01	-2.535449e+02
2.810000e-06	-2.703959e-06	-3.964930e-09	-2.013095e+01	-2.591843e+02
2.820000e-06	-2.775701e-06	-4.045816e-09	-2.066506e+01	-2.645256e+02
2.830000e-06	-2.846471e-06	-4.122484e-09	-2.119195e+01	-2.695888e+02
2.840000e-06	-2.915989e-06	-4.193550e-09	-2.170951e+01	-2.743876e+02
2.850000e-06	-2.984327e-06	-4.260605e-09	-2.221828e+01	-2.789309e+02
2.860000e-06	-3.051659e-06	-4.325731e-09	-2.271957e+01	-2.832244e+02
2.870000e-06	-3.117996e-06	-4.390703e-09	-2.321344e+01	-2.872723e+02
2.880000e-06	-3.183293e-06	-4.453051e-09	-2.369958e+01	-2.910790e+02
2.890000e-06	-3.247535e-06	-4.511500e-09	-2.417786e+01	-2.946505e+02
2.900000e-06	-3.310651e-06	-4.568252e-09	-2.464776e+01	-2.979944e+02
2.910000e-06	-3.372373e-06	-4.621623e-09	-2.510728e+01	-3.011216e+02
2.920000e-06	-3.432721e-06	-4.668865e-09	-2.555657e+01	-3.040449e+02
2.930000e-06	-3.491917e-06	-4.710979e-09	-2.599729e+01	-3.067797e+02
2.940000e-06	-3.549935e-06	-4.752643e-09	-2.642923e+01	-3.093425e+02
2.950000e-06	-3.606685e-06	-4.792401e-09	-2.685173e+01	-3.117507e+02
2.960000e-06	-3.662159e-06	-4.827441e-09	-2.726474e+01	-3.140209e+02
2.970000e-06	-3.716153e-06	-4.861333e-09	-2.766672e+01	-3.161686e+02
2.980000e-06	-3.768500e-06	-4.896024e-09	-2.805644e+01	-3.182072e+02
2.990000e-06	-3.819315e-06	-4.927803e-09	-2.843476e+01	-3.201476e+02
3.000000e-06	-3.868534e-06	-4.955862e-09	-2.880119e+01	-3.219977e+02
3.010000e-06	-3.916069e-06	-4.983768e-09	-2.915509e+01	-3.237629e+02
3.020000e-06	-3.962119e-06	-5.011468e-09	-2.949793e+01	-3.254461e+02
3.030000e-06	-4.006961e-06	-5.036196e-09	-2.983178e+01	-3.270481e+02
3.040000e-06	-4.050650e-06	-5.058293e-09	-3.015705e+01	-3.285689e+02
3.050000e-06	-4.093108e-06	-5.079901e-09	-3.047315e+01	-3.300076e+02
3.060000e-06	-4.134255e-06	-5.100826e-09	-3.077949e+01	-3.313638e+02
3.070000e-06	-4.174138e-06	-5.120016e-09	-3.107642e+01	-3.326376e+02
3.080000e-06	-4.212494e-06	-5.136773e-09	-3.136198e+01	-3.338306e+02
3.090000e-06	-4.249088e-06	-5.152993e-09	-3.163442e+01	-3.349455e+02
3.100000e-06	-4.284216e-06	-5.169947e-09	-3.189594e+01	-3.359866e+02
3.110000e-06	-4.317993e-06	-5.186916e-09	-3.214742e+01	-3.369591e+02
3.120000e-06	-4.350351e-06	-5.202109e-09	-3.238832e+01	-3.378691e+02
3.130000e-06	-4.381110e-06	-5.215031e-09	-3.261732e+01	-3.387229e+02
3.140000e-06	-4.410164e-06	-5.228061e-09	-3.283362e+01	-3.395261e+02
3.150000e-06	-4.437666e-06	-5.239459e-09	-3.303838e+01	-3.402841e+02
3.160000e-06	-4.463651e-06	-5.248561e-09	-3.323184e+01	-3.410003e+02
3.170000e-06	-4.488085e-06	-5.257049e-09	-3.341374e+01	-3.416771e+02
3.180000e-06	-4.510880e-06	-5.266830e-09	-3.358345e+01	-3.423148e+02
3.190000e-06	-4.531952e-06	-5.275784e-09	-3.374033e+01	-3.429126e+02
3.200000e-06	-4.551458e-06	-5.282507e-09	-3.388556e+01	-3.434680e+02
3.210000e-06	-4.569459e-06	-5.288319e-09	-3.401957e+01	-3.439779e+02
3.220000e-06	-4.585878e-06	-5.294017e-09	-3.414181e+01	-3.444391e+02
3.230000e-06	-4.600523e-06	-5.298714e-09	-3.425084e+01	-3.448482e+02
3.240000e-06	-4.613221e-06	-5.302963e-09	-3.434538e+01	-3.452030e+02
3.250000e-06	-4.624145e-06	-5.308000e-09	-3.442671e+01	-3.455025e+02
3.260000e-06	-4.633496e-06	-5.311120e-09	-3.449633e+01	-3.457470e+02
3.270000e-06	-4.641253e-06	-5.312019e-09	-3.455408e+01	-3.459387e+02
3.280000e-06	-4.647224e-06	-5.312781e-09	-3.459853e+01	-3.460809e+02
3.290000e-06	-4.651444e-06	-5.314764e-09	-3.462995e+01	-3.461787e+02
3.300000e-06	-4.654133e-06	-5.315231e-09	-3.464997e+01	-3.462374e+02
3.310000e-06	-4.655292e-06	-5.314701e-09	-3.465860e+01	-3.462628e+02
