# Temperatura_=_20.0
# Concentracion g/m^3_=_6200.0
# C_Vs_to_Am_M_A/Vsm_=_65563218390.804596
# pendiente_HvsI_1/m_=_3716.3
# ordenada_HvsI_A/m_=_1297.0
# frecuencia_Hz_=_302102.2819674299

Tiempo_(s)	Campo_(V.s)	Magnetizacion_(V.s)	Campo_(kA/m)	Magnetizacion_(A/m)
0.000000e+00	-6.274638e-06	-4.008210e-09	-4.559612e+01	-2.625500e+02
1.000000e-08	-6.272737e-06	-4.013283e-09	-4.558230e+01	-2.625550e+02
2.000000e-08	-6.268653e-06	-4.010830e-09	-4.555263e+01	-2.624310e+02
3.000000e-08	-6.262576e-06	-4.009449e-09	-4.550847e+01	-2.622130e+02
4.000000e-08	-6.254582e-06	-4.009999e-09	-4.545038e+01	-2.619759e+02
5.000000e-08	-6.244482e-06	-4.007980e-09	-4.537699e+01	-2.618000e+02
6.000000e-08	-6.232013e-06	-4.005594e-09	-4.528637e+01	-2.617310e+02
7.000000e-08	-6.217252e-06	-3.989864e-09	-4.517911e+01	-2.617571e+02
8.000000e-08	-6.200203e-06	-3.977809e-09	-4.505522e+01	-2.618139e+02
9.000000e-08	-6.180968e-06	-4.042361e-09	-4.491545e+01	-2.618147e+02
1.000000e-07	-6.159579e-06	-4.029824e-09	-4.476002e+01	-2.616937e+02
1.100000e-07	-6.135785e-06	-3.977502e-09	-4.458711e+01	-2.614402e+02
1.200000e-07	-6.109448e-06	-3.992906e-09	-4.439573e+01	-2.611075e+02
1.300000e-07	-6.081021e-06	-3.994736e-09	-4.418915e+01	-2.607941e+02
1.400000e-07	-6.050958e-06	-3.915862e-09	-4.397070e+01	-2.606038e+02
1.500000e-07	-6.019304e-06	-4.032722e-09	-4.374068e+01	-2.606041e+02
1.600000e-07	-5.985651e-06	-4.054676e-09	-4.349613e+01	-2.608011e+02
1.700000e-07	-5.949985e-06	-3.911457e-09	-4.323695e+01	-2.611384e+02
1.800000e-07	-5.912601e-06	-4.074628e-09	-4.296529e+01	-2.615206e+02
1.900000e-07	-5.873092e-06	-4.016117e-09	-4.267819e+01	-2.618470e+02
2.000000e-07	-5.831274e-06	-3.952314e-09	-4.237431e+01	-2.620417e+02
2.100000e-07	-5.787284e-06	-4.046004e-09	-4.205465e+01	-2.620690e+02
2.200000e-07	-5.741144e-06	-3.967143e-09	-4.171936e+01	-2.619310e+02
2.300000e-07	-5.692798e-06	-4.002410e-09	-4.136805e+01	-2.616535e+02
2.400000e-07	-5.641970e-06	-4.009987e-09	-4.099869e+01	-2.612701e+02
2.500000e-07	-5.588686e-06	-3.965588e-09	-4.061149e+01	-2.608122e+02
2.600000e-07	-5.533306e-06	-3.988390e-09	-4.020906e+01	-2.603063e+02
2.700000e-07	-5.475773e-06	-3.932748e-09	-3.979098e+01	-2.597768e+02
2.800000e-07	-5.416137e-06	-3.944853e-09	-3.935762e+01	-2.592468e+02
2.900000e-07	-5.354582e-06	-3.939466e-09	-3.891032e+01	-2.587346e+02
3.000000e-07	-5.291180e-06	-3.943643e-09	-3.844959e+01	-2.582466e+02
3.100000e-07	-5.225789e-06	-3.944779e-09	-3.797442e+01	-2.577710e+02
3.200000e-07	-5.158260e-06	-3.915700e-09	-3.748370e+01	-2.572790e+02
3.300000e-07	-5.088803e-06	-3.933518e-09	-3.697898e+01	-2.567345e+02
3.400000e-07	-5.017637e-06	-3.890449e-09	-3.646183e+01	-2.561104e+02
3.500000e-07	-4.944781e-06	-3.889458e-09	-3.593241e+01	-2.554024e+02
3.600000e-07	-4.869939e-06	-3.877627e-09	-3.538855e+01	-2.546334e+02
3.700000e-07	-4.792974e-06	-3.855436e-09	-3.482926e+01	-2.538446e+02
3.800000e-07	-4.713974e-06	-3.866577e-09	-3.425519e+01	-2.530761e+02
3.900000e-07	-4.633091e-06	-3.842504e-09	-3.366744e+01	-2.523477e+02
4.000000e-07	-4.550641e-06	-3.833541e-09	-3.306830e+01	-2.516478e+02
4.100000e-07	-4.466758e-06	-3.817640e-09	-3.245874e+01	-2.509384e+02
4.200000e-07	-4.381473e-06	-3.801412e-09	-3.183899e+01	-2.501727e+02
4.300000e-07	-4.294836e-06	-3.790958e-09	-3.120943e+01	-2.493176e+02
4.400000e-07	-4.206735e-06	-3.778424e-09	-3.056922e+01	-2.483689e+02
4.500000e-07	-4.117051e-06	-3.772661e-09	-2.991751e+01	-2.473518e+02
4.600000e-07	-4.025772e-06	-3.745777e-09	-2.925421e+01	-2.463063e+02
4.700000e-07	-3.933091e-06	-3.728775e-09	-2.858072e+01	-2.452653e+02
4.800000e-07	-3.839157e-06	-3.713030e-09	-2.789813e+01	-2.442369e+02
4.900000e-07	-3.743927e-06	-3.694638e-09	-2.720612e+01	-2.432001e+02
5.000000e-07	-3.647296e-06	-3.677424e-09	-2.650393e+01	-2.421156e+02
5.100000e-07	-3.549179e-06	-3.660528e-09	-2.579094e+01	-2.409465e+02
5.200000e-07	-3.449691e-06	-3.644816e-09	-2.506798e+01	-2.396768e+02
5.300000e-07	-3.348890e-06	-3.615114e-09	-2.433549e+01	-2.383173e+02
5.400000e-07	-3.246991e-06	-3.594972e-09	-2.359502e+01	-2.368981e+02
5.500000e-07	-3.144043e-06	-3.574625e-09	-2.284692e+01	-2.354500e+02
5.600000e-07	-3.039887e-06	-3.549023e-09	-2.209005e+01	-2.339872e+02
5.700000e-07	-2.934503e-06	-3.520817e-09	-2.132425e+01	-2.324998e+02
5.800000e-07	-2.827970e-06	-3.499562e-09	-2.055011e+01	-2.309611e+02
5.900000e-07	-2.720350e-06	-3.479395e-09	-1.976805e+01	-2.293440e+02
6.000000e-07	-2.611627e-06	-3.451523e-09	-1.897800e+01	-2.276371e+02
6.100000e-07	-2.501991e-06	-3.422412e-09	-1.818130e+01	-2.258502e+02
6.200000e-07	-2.391561e-06	-3.388991e-09	-1.737884e+01	-2.240065e+02
6.300000e-07	-2.280281e-06	-3.356593e-09	-1.657020e+01	-2.221249e+02
6.400000e-07	-2.168139e-06	-3.324905e-09	-1.575529e+01	-2.202043e+02
6.500000e-07	-2.055168e-06	-3.297936e-09	-1.493436e+01	-2.182198e+02
6.600000e-07	-1.941323e-06	-3.266013e-09	-1.410708e+01	-2.161343e+02
6.700000e-07	-1.826633e-06	-3.231169e-09	-1.327366e+01	-2.139196e+02
6.800000e-07	-1.711218e-06	-3.199296e-09	-1.243497e+01	-2.115735e+02
6.900000e-07	-1.595143e-06	-3.164142e-09	-1.159148e+01	-2.091222e+02
7.000000e-07	-1.478434e-06	-3.123230e-09	-1.074339e+01	-2.066035e+02
7.100000e-07	-1.361246e-06	-3.078076e-09	-9.891812e+00	-2.040370e+02
7.200000e-07	-1.243680e-06	-3.035147e-09	-9.037490e+00	-2.014008e+02
7.300000e-07	-1.125698e-06	-2.991452e-09	-8.180146e+00	-1.986262e+02
7.400000e-07	-1.007405e-06	-2.946939e-09	-7.320546e+00	-1.956203e+02
7.500000e-07	-8.887655e-07	-2.897023e-09	-6.458422e+00	-1.923055e+02
7.600000e-07	-7.696883e-07	-2.843251e-09	-5.593120e+00	-1.886562e+02
7.700000e-07	-6.503153e-07	-2.785028e-09	-4.725668e+00	-1.847112e+02
7.800000e-07	-5.308126e-07	-2.722993e-09	-3.857274e+00	-1.805483e+02
7.900000e-07	-4.112214e-07	-2.660640e-09	-2.988236e+00	-1.762315e+02
8.000000e-07	-2.914810e-07	-2.590074e-09	-2.118115e+00	-1.717536e+02
8.100000e-07	-1.715639e-07	-2.513015e-09	-1.246709e+00	-1.670060e+02
8.200000e-07	-5.159238e-08	-2.428346e-09	-3.749081e-01	-1.617955e+02
8.300000e-07	6.837886e-08	-2.337095e-09	4.968909e-01	-1.559047e+02
8.400000e-07	1.883713e-07	-2.237620e-09	1.368844e+00	-1.491673e+02
8.500000e-07	3.083280e-07	-2.129085e-09	2.240537e+00	-1.415167e+02
8.600000e-07	4.282019e-07	-2.005472e-09	3.111629e+00	-1.329721e+02
8.700000e-07	5.479945e-07	-1.861110e-09	3.982130e+00	-1.235574e+02
8.800000e-07	6.676890e-07	-1.698516e-09	4.851918e+00	-1.131829e+02
8.900000e-07	7.872077e-07	-1.515693e-09	5.720428e+00	-1.015478e+02
9.000000e-07	9.065062e-07	-1.305922e-09	6.587339e+00	-8.812790e+01
9.100000e-07	1.025474e-06	-1.062292e-09	7.451848e+00	-7.228096e+01
9.200000e-07	1.144073e-06	-7.830784e-10	8.313670e+00	-5.345789e+01
9.300000e-07	1.262277e-06	-4.589346e-10	9.172633e+00	-3.145426e+01
9.400000e-07	1.380015e-06	-8.440449e-11	1.002820e+01	-6.608135e+00
9.500000e-07	1.497302e-06	3.291015e-10	1.088049e+01	2.014271e+01
9.600000e-07	1.614025e-06	7.539137e-10	1.172869e+01	4.738616e+01
9.700000e-07	1.730021e-06	1.158399e-09	1.257160e+01	7.351975e+01
9.800000e-07	1.845332e-06	1.514581e-09	1.340954e+01	9.710801e+01
9.900000e-07	1.959934e-06	1.806383e-09	1.424232e+01	1.171976e+02
1.000000e-06	2.073570e-06	2.039826e-09	1.506808e+01	1.334880e+02
1.010000e-06	2.186216e-06	2.229329e-09	1.588665e+01	1.463085e+02
1.020000e-06	2.298084e-06	2.390654e-09	1.669956e+01	1.564219e+02
1.030000e-06	2.409211e-06	2.528332e-09	1.750709e+01	1.647363e+02
1.040000e-06	2.519477e-06	2.646346e-09	1.830837e+01	1.720315e+02
1.050000e-06	2.628817e-06	2.746666e-09	1.910291e+01	1.787891e+02
1.060000e-06	2.737264e-06	2.831567e-09	1.989096e+01	1.851669e+02
1.070000e-06	2.844828e-06	2.911814e-09	2.067260e+01	1.910967e+02
1.080000e-06	2.951438e-06	2.987448e-09	2.144731e+01	1.964414e+02
1.090000e-06	3.056799e-06	3.062499e-09	2.221294e+01	2.011327e+02
1.100000e-06	3.160912e-06	3.130553e-09	2.296950e+01	2.052346e+02
1.110000e-06	3.263936e-06	3.191472e-09	2.371815e+01	2.089204e+02
1.120000e-06	3.365778e-06	3.245706e-09	2.445821e+01	2.123889e+02
1.130000e-06	3.466523e-06	3.294266e-09	2.519030e+01	2.157763e+02
1.140000e-06	3.566177e-06	3.339673e-09	2.591446e+01	2.191059e+02
1.150000e-06	3.664541e-06	3.380596e-09	2.662924e+01	2.223010e+02
1.160000e-06	3.761425e-06	3.417445e-09	2.733327e+01	2.252456e+02
1.170000e-06	3.856877e-06	3.451224e-09	2.802690e+01	2.278583e+02
1.180000e-06	3.951035e-06	3.484944e-09	2.871112e+01	2.301400e+02
1.190000e-06	4.043944e-06	3.516698e-09	2.938626e+01	2.321740e+02
1.200000e-06	4.135538e-06	3.547403e-09	3.005185e+01	2.340825e+02
1.210000e-06	4.225607e-06	3.575488e-09	3.070636e+01	2.359656e+02
1.220000e-06	4.314073e-06	3.603398e-09	3.134922e+01	2.378569e+02
1.230000e-06	4.400969e-06	3.629072e-09	3.198067e+01	2.397161e+02
1.240000e-06	4.486369e-06	3.651629e-09	3.260125e+01	2.414617e+02
1.250000e-06	4.570366e-06	3.671729e-09	3.321163e+01	2.430214e+02
1.260000e-06	4.652783e-06	3.689216e-09	3.381054e+01	2.443745e+02
1.270000e-06	4.733448e-06	3.705838e-09	3.439670e+01	2.455631e+02
1.280000e-06	4.812299e-06	3.723829e-09	3.496970e+01	2.466686e+02
1.290000e-06	4.889370e-06	3.743026e-09	3.552975e+01	2.477681e+02
1.300000e-06	4.964581e-06	3.761337e-09	3.607629e+01	2.488956e+02
1.310000e-06	5.037797e-06	3.777959e-09	3.660833e+01	2.500279e+02
1.320000e-06	5.109088e-06	3.793093e-09	3.712638e+01	2.511035e+02
1.330000e-06	5.178587e-06	3.806808e-09	3.763141e+01	2.520606e+02
1.340000e-06	5.246352e-06	3.819286e-09	3.812384e+01	2.528748e+02
1.350000e-06	5.312162e-06	3.831797e-09	3.860206e+01	2.535752e+02
1.360000e-06	5.375924e-06	3.843851e-09	3.906541e+01	2.542295e+02
1.370000e-06	5.437828e-06	3.855230e-09	3.951525e+01	2.549087e+02
1.380000e-06	5.497970e-06	3.866730e-09	3.995228e+01	2.556488e+02
1.390000e-06	5.556171e-06	3.876623e-09	4.037521e+01	2.564318e+02
1.400000e-06	5.612316e-06	3.885745e-09	4.078320e+01	2.571956e+02
1.410000e-06	5.666513e-06	3.894948e-09	4.117704e+01	2.578672e+02
1.420000e-06	5.718571e-06	3.904852e-09	4.155533e+01	2.584017e+02
1.430000e-06	5.768190e-06	3.914209e-09	4.191589e+01	2.588072e+02
1.440000e-06	5.815527e-06	3.923793e-09	4.225988e+01	2.591406e+02
1.450000e-06	5.860924e-06	3.933322e-09	4.258977e+01	2.594797e+02
1.460000e-06	5.904366e-06	3.940291e-09	4.290546e+01	2.598832e+02
1.470000e-06	5.945623e-06	3.945704e-09	4.320525e+01	2.603630e+02
1.480000e-06	5.984710e-06	3.950828e-09	4.348929e+01	2.608797e+02
1.490000e-06	6.021849e-06	3.957811e-09	4.375917e+01	2.613653e+02
1.500000e-06	6.056922e-06	3.965029e-09	4.401404e+01	2.617590e+02
1.510000e-06	6.089738e-06	3.969189e-09	4.425250e+01	2.620384e+02
1.520000e-06	6.120414e-06	3.973003e-09	4.447541e+01	2.622281e+02
1.530000e-06	6.149110e-06	3.978960e-09	4.468394e+01	2.623843e+02
1.540000e-06	6.175595e-06	3.984270e-09	4.487640e+01	2.625626e+02
1.550000e-06	6.199618e-06	3.986649e-09	4.505097e+01	2.627874e+02
1.560000e-06	6.221414e-06	3.988398e-09	4.520935e+01	2.630406e+02
1.570000e-06	6.241183e-06	3.991791e-09	4.535301e+01	2.632734e+02
1.580000e-06	6.258715e-06	3.996776e-09	4.548041e+01	2.634360e+02
1.590000e-06	6.273842e-06	3.998238e-09	4.559033e+01	2.635075e+02
1.600000e-06	6.286661e-06	3.997274e-09	4.568349e+01	2.635099e+02
1.610000e-06	6.296989e-06	3.998675e-09	4.575854e+01	2.634979e+02
1.620000e-06	6.304861e-06	4.001246e-09	4.581574e+01	2.635293e+02
1.630000e-06	6.310575e-06	4.005493e-09	4.585727e+01	2.636325e+02
1.640000e-06	6.314143e-06	4.009284e-09	4.588319e+01	2.637882e+02
1.650000e-06	6.315438e-06	4.015475e-09	4.589260e+01	2.639365e+02
1.660000e-06	6.314518e-06	4.014945e-09	4.588592e+01	2.640059e+02
1.670000e-06	6.311629e-06	4.011168e-09	4.586492e+01	2.639507e+02
1.680000e-06	6.306660e-06	4.010919e-09	4.582881e+01	2.637760e+02
1.690000e-06	6.299430e-06	4.008773e-09	4.577628e+01	2.635389e+02
1.700000e-06	6.290138e-06	4.007232e-09	4.570875e+01	2.633220e+02
1.710000e-06	6.278928e-06	4.009898e-09	4.562730e+01	2.631937e+02
1.720000e-06	6.265460e-06	4.024507e-09	4.552942e+01	2.631744e+02
1.730000e-06	6.249762e-06	4.033205e-09	4.541535e+01	2.632255e+02
1.740000e-06	6.232156e-06	3.939963e-09	4.528742e+01	2.632672e+02
1.750000e-06	6.212065e-06	3.968510e-09	4.514142e+01	2.632173e+02
1.760000e-06	6.188854e-06	4.017685e-09	4.497275e+01	2.630325e+02
1.770000e-06	6.162957e-06	3.979313e-09	4.478456e+01	2.627325e+02
1.780000e-06	6.135259e-06	4.063647e-09	4.458329e+01	2.623957e+02
1.790000e-06	6.106192e-06	4.032847e-09	4.437207e+01	2.621282e+02
1.800000e-06	6.075543e-06	3.878271e-09	4.414935e+01	2.620219e+02
1.810000e-06	6.042683e-06	4.039573e-09	4.391056e+01	2.621173e+02
1.820000e-06	6.007750e-06	3.947589e-09	4.365671e+01	2.623899e+02
1.830000e-06	5.971140e-06	3.904663e-09	4.339068e+01	2.627615e+02
1.840000e-06	5.932245e-06	4.133730e-09	4.310804e+01	2.631298e+02
1.850000e-06	5.891049e-06	3.959372e-09	4.280868e+01	2.634026e+02
1.860000e-06	5.847948e-06	4.041618e-09	4.249548e+01	2.635219e+02
1.870000e-06	5.802751e-06	4.050799e-09	4.216704e+01	2.634708e+02
1.880000e-06	5.755526e-06	3.899953e-09	4.182387e+01	2.632645e+02
1.890000e-06	5.706084e-06	4.058716e-09	4.146459e+01	2.629340e+02
1.900000e-06	5.654226e-06	3.962792e-09	4.108775e+01	2.625129e+02
1.910000e-06	5.599930e-06	4.013925e-09	4.069319e+01	2.620300e+02
1.920000e-06	5.543371e-06	4.058166e-09	4.028220e+01	2.615106e+02
1.930000e-06	5.485042e-06	3.919107e-09	3.985834e+01	2.609786e+02
1.940000e-06	5.424786e-06	4.037571e-09	3.942047e+01	2.604555e+02
1.950000e-06	5.362401e-06	3.928789e-09	3.896714e+01	2.599552e+02
1.960000e-06	5.297912e-06	3.965032e-09	3.849852e+01	2.594760e+02
1.970000e-06	5.231461e-06	3.947957e-09	3.801563e+01	2.589976e+02
1.980000e-06	5.163249e-06	3.910303e-09	3.751995e+01	2.584860e+02
1.990000e-06	5.092959e-06	4.000409e-09	3.700918e+01	2.579072e+02
2.000000e-06	5.020683e-06	3.885055e-09	3.648397e+01	2.572434e+02
2.010000e-06	4.946667e-06	3.946179e-09	3.594611e+01	2.565032e+02
2.020000e-06	4.870707e-06	3.900062e-09	3.539413e+01	2.557198e+02
2.030000e-06	4.792758e-06	3.887554e-09	3.482769e+01	2.549367e+02
2.040000e-06	4.712903e-06	3.901214e-09	3.424741e+01	2.541867e+02
2.050000e-06	4.631464e-06	3.846178e-09	3.365562e+01	2.534752e+02
2.060000e-06	4.548652e-06	3.901032e-09	3.305384e+01	2.527771e+02
2.070000e-06	4.464242e-06	3.835729e-09	3.244045e+01	2.520475e+02
2.080000e-06	4.378131e-06	3.839751e-09	3.181471e+01	2.512433e+02
2.090000e-06	4.290391e-06	3.817741e-09	3.117712e+01	2.503437e+02
2.100000e-06	4.201183e-06	3.822969e-09	3.052887e+01	2.493592e+02
2.110000e-06	4.110674e-06	3.813871e-09	2.987117e+01	2.483242e+02
2.120000e-06	4.018862e-06	3.768045e-09	2.920399e+01	2.472784e+02
2.130000e-06	3.925541e-06	3.778543e-09	2.852586e+01	2.462445e+02
2.140000e-06	3.830687e-06	3.748036e-09	2.783658e+01	2.452168e+02
2.150000e-06	3.734394e-06	3.739450e-09	2.713684e+01	2.441634e+02
2.160000e-06	3.636766e-06	3.708288e-09	2.642741e+01	2.430438e+02
2.170000e-06	3.538005e-06	3.712963e-09	2.570974e+01	2.418288e+02
2.180000e-06	3.437955e-06	3.693223e-09	2.498270e+01	2.405149e+02
2.190000e-06	3.336541e-06	3.664962e-09	2.424576e+01	2.391238e+02
2.200000e-06	3.233834e-06	3.647174e-09	2.349941e+01	2.376885e+02
2.210000e-06	3.129921e-06	3.631651e-09	2.274430e+01	2.362337e+02
2.220000e-06	3.024829e-06	3.606527e-09	2.198063e+01	2.347625e+02
2.230000e-06	2.918645e-06	3.568439e-09	2.120902e+01	2.332555e+02
2.240000e-06	2.811519e-06	3.550350e-09	2.043056e+01	2.316835e+02
2.250000e-06	2.703544e-06	3.527414e-09	1.964594e+01	2.300252e+02
2.260000e-06	2.594624e-06	3.508089e-09	1.885444e+01	2.282792e+02
2.270000e-06	2.484752e-06	3.480167e-09	1.805603e+01	2.264634e+02
2.280000e-06	2.373895e-06	3.462356e-09	1.725046e+01	2.246011e+02
2.290000e-06	2.261961e-06	3.428864e-09	1.643707e+01	2.227034e+02
2.300000e-06	2.149245e-06	3.393721e-09	1.561799e+01	2.207578e+02
2.310000e-06	2.035872e-06	3.360884e-09	1.479414e+01	2.187315e+02
2.320000e-06	1.921787e-06	3.329510e-09	1.396511e+01	2.165886e+02
2.330000e-06	1.806915e-06	3.296217e-09	1.313037e+01	2.143117e+02
2.340000e-06	1.691336e-06	3.259152e-09	1.229049e+01	2.119126e+02
2.350000e-06	1.575121e-06	3.225302e-09	1.144598e+01	2.094262e+02
2.360000e-06	1.458246e-06	3.187394e-09	1.059668e+01	2.068854e+02
2.370000e-06	1.340699e-06	3.151751e-09	9.742504e+00	2.042927e+02
2.380000e-06	1.222644e-06	3.109846e-09	8.884626e+00	2.016035e+02
2.390000e-06	1.104227e-06	3.065053e-09	8.024121e+00	1.987336e+02
2.400000e-06	9.854432e-07	3.012453e-09	7.160953e+00	1.955918e+02
2.410000e-06	8.663388e-07	2.960156e-09	6.295453e+00	1.921213e+02
2.420000e-06	7.468390e-07	2.905245e-09	5.427080e+00	1.883270e+02
2.430000e-06	6.270832e-07	2.844677e-09	4.556846e+00	1.842709e+02
2.440000e-06	5.072180e-07	2.780842e-09	3.685818e+00	1.800321e+02
2.450000e-06	3.872076e-07	2.712055e-09	2.813734e+00	1.756478e+02
2.460000e-06	2.670103e-07	2.639825e-09	1.940292e+00	1.710648e+02
2.470000e-06	1.466570e-07	2.562157e-09	1.065718e+00	1.661300e+02
2.480000e-06	2.627479e-08	2.479193e-09	1.909319e-01	1.606296e+02
2.490000e-06	-9.410568e-08	2.385862e-09	-6.838409e-01	1.543614e+02
2.500000e-06	-2.144770e-07	2.277445e-09	-1.558547e+00	1.472023e+02
2.510000e-06	-3.347680e-07	2.155761e-09	-2.432670e+00	1.391318e+02
2.520000e-06	-4.549311e-07	2.020626e-09	-3.305863e+00	1.301848e+02
2.530000e-06	-5.749642e-07	1.870465e-09	-4.178111e+00	1.203473e+02
2.540000e-06	-6.948065e-07	1.700971e-09	-5.048974e+00	1.094398e+02
2.550000e-06	-8.143837e-07	1.506278e-09	-5.917909e+00	9.705277e+01
2.560000e-06	-9.336782e-07	1.282748e-09	-6.784790e+00	8.258647e+01
2.570000e-06	-1.052644e-06	1.023083e-09	-7.649280e+00	6.541128e+01
2.580000e-06	-1.171217e-06	7.236358e-10	-8.510922e+00	4.510779e+01
2.590000e-06	-1.289304e-06	3.786751e-10	-9.369029e+00	2.170570e+01
2.600000e-06	-1.406743e-06	-1.492720e-11	-1.022243e+01	-4.174783e+00
2.610000e-06	-1.523481e-06	-4.434850e-10	-1.107073e+01	-3.134907e+01
2.620000e-06	-1.639560e-06	-8.750641e-10	-1.191425e+01	-5.827438e+01
2.630000e-06	-1.755003e-06	-1.270547e-09	-1.275314e+01	-8.338112e+01
2.640000e-06	-1.869662e-06	-1.605249e-09	-1.358634e+01	-1.054253e+02
2.650000e-06	-1.983512e-06	-1.873504e-09	-1.441365e+01	-1.237469e+02
2.660000e-06	-2.096589e-06	-2.087187e-09	-1.523535e+01	-1.383525e+02
2.670000e-06	-2.208695e-06	-2.263302e-09	-1.605000e+01	-1.498049e+02
2.680000e-06	-2.319747e-06	-2.412983e-09	-1.685698e+01	-1.589720e+02
2.690000e-06	-2.429865e-06	-2.542206e-09	-1.765718e+01	-1.667316e+02
2.700000e-06	-2.539134e-06	-2.653762e-09	-1.845121e+01	-1.737376e+02
2.710000e-06	-2.647520e-06	-2.752455e-09	-1.923882e+01	-1.803158e+02
2.720000e-06	-2.755122e-06	-2.842583e-09	-2.002074e+01	-1.865016e+02
2.730000e-06	-2.861891e-06	-2.925130e-09	-2.079660e+01	-1.921748e+02
2.740000e-06	-2.967692e-06	-2.999913e-09	-2.156543e+01	-1.972166e+02
2.750000e-06	-3.072454e-06	-3.067260e-09	-2.232670e+01	-2.016178e+02
2.760000e-06	-3.176085e-06	-3.131198e-09	-2.307976e+01	-2.055007e+02
2.770000e-06	-3.278474e-06	-3.191347e-09	-2.382379e+01	-2.090624e+02
2.780000e-06	-3.379536e-06	-3.245323e-09	-2.455818e+01	-2.124824e+02
2.790000e-06	-3.479387e-06	-3.297185e-09	-2.528378e+01	-2.158466e+02
2.800000e-06	-3.578090e-06	-3.348586e-09	-2.600102e+01	-2.191271e+02
2.810000e-06	-3.675591e-06	-3.396771e-09	-2.670954e+01	-2.222194e+02
2.820000e-06	-3.771907e-06	-3.441551e-09	-2.740944e+01	-2.250152e+02
2.830000e-06	-3.867001e-06	-3.485507e-09	-2.810047e+01	-2.274680e+02
2.840000e-06	-3.960631e-06	-3.527236e-09	-2.878085e+01	-2.296202e+02
2.850000e-06	-4.052794e-06	-3.562196e-09	-2.945057e+01	-2.315803e+02
2.860000e-06	-4.143609e-06	-3.591083e-09	-3.011050e+01	-2.334675e+02
2.870000e-06	-4.232961e-06	-3.619314e-09	-3.075980e+01	-2.353546e+02
2.880000e-06	-4.320809e-06	-3.647340e-09	-3.139817e+01	-2.372392e+02
2.890000e-06	-4.407014e-06	-3.674034e-09	-3.202460e+01	-2.390561e+02
2.900000e-06	-4.491529e-06	-3.698315e-09	-3.263874e+01	-2.407214e+02
2.910000e-06	-4.574543e-06	-3.722162e-09	-3.324198e+01	-2.421834e+02
2.920000e-06	-4.656043e-06	-3.746889e-09	-3.383423e+01	-2.434512e+02
2.930000e-06	-4.735865e-06	-3.769817e-09	-3.441426e+01	-2.445899e+02
2.940000e-06	-4.813742e-06	-3.788686e-09	-3.498018e+01	-2.456845e+02
2.950000e-06	-4.889690e-06	-3.804226e-09	-3.553207e+01	-2.467958e+02
2.960000e-06	-4.963797e-06	-3.818066e-09	-3.607059e+01	-2.479311e+02
2.970000e-06	-5.036066e-06	-3.830892e-09	-3.659575e+01	-2.490453e+02
2.980000e-06	-5.106351e-06	-3.843643e-09	-3.710649e+01	-2.500716e+02
2.990000e-06	-5.174629e-06	-3.855202e-09	-3.760265e+01	-2.509617e+02
3.000000e-06	-5.241119e-06	-3.868022e-09	-3.808581e+01	-2.517161e+02
3.010000e-06	-5.305870e-06	-3.881960e-09	-3.855634e+01	-2.523850e+02
3.020000e-06	-5.368799e-06	-3.894890e-09	-3.901363e+01	-2.530430e+02
3.030000e-06	-5.429705e-06	-3.904645e-09	-3.945622e+01	-2.537487e+02
3.040000e-06	-5.488528e-06	-3.913683e-09	-3.988367e+01	-2.545138e+02
3.050000e-06	-5.545444e-06	-3.924177e-09	-4.029726e+01	-2.552969e+02
3.060000e-06	-5.600508e-06	-3.934361e-09	-4.069740e+01	-2.560256e+02
3.070000e-06	-5.653342e-06	-3.941199e-09	-4.108132e+01	-2.566357e+02
3.080000e-06	-5.703842e-06	-3.948989e-09	-4.144829e+01	-2.571055e+02
3.090000e-06	-5.752019e-06	-3.955755e-09	-4.179839e+01	-2.574679e+02
3.100000e-06	-5.797944e-06	-3.960140e-09	-4.213211e+01	-2.577941e+02
3.110000e-06	-5.842001e-06	-3.962809e-09	-4.245226e+01	-2.581578e+02
3.120000e-06	-5.884228e-06	-3.967048e-09	-4.275912e+01	-2.585982e+02
3.130000e-06	-5.924603e-06	-3.973700e-09	-4.305251e+01	-2.591021e+02
3.140000e-06	-5.962928e-06	-3.980275e-09	-4.333101e+01	-2.596129e+02
3.150000e-06	-5.998980e-06	-3.987253e-09	-4.359299e+01	-2.600611e+02
3.160000e-06	-6.032971e-06	-3.992626e-09	-4.383999e+01	-2.604012e+02
3.170000e-06	-6.064875e-06	-3.999288e-09	-4.407183e+01	-2.606328e+02
3.180000e-06	-6.094553e-06	-4.002730e-09	-4.428749e+01	-2.607988e+02
3.190000e-06	-6.121986e-06	-4.003253e-09	-4.448684e+01	-2.609593e+02
3.200000e-06	-6.147195e-06	-4.003983e-09	-4.467003e+01	-2.611583e+02
3.210000e-06	-6.170240e-06	-4.005787e-09	-4.483749e+01	-2.614005e+02
3.220000e-06	-6.191059e-06	-4.007311e-09	-4.498878e+01	-2.616507e+02
3.230000e-06	-6.209631e-06	-4.010117e-09	-4.512373e+01	-2.618555e+02
3.240000e-06	-6.226068e-06	-4.012806e-09	-4.524317e+01	-2.619754e+02
3.250000e-06	-6.240167e-06	-4.014602e-09	-4.534563e+01	-2.620092e+02
3.260000e-06	-6.251676e-06	-4.015759e-09	-4.542926e+01	-2.619967e+02
3.270000e-06	-6.260869e-06	-4.016485e-09	-4.549607e+01	-2.619984e+02
3.280000e-06	-6.267855e-06	-4.016784e-09	-4.554683e+01	-2.620619e+02
3.290000e-06	-6.272492e-06	-4.016520e-09	-4.558052e+01	-2.621944e+02
3.300000e-06	-6.274956e-06	-4.012211e-09	-4.559843e+01	-2.623552e+02
3.310000e-06	-6.275339e-06	-4.007597e-09	-4.560122e+01	-2.624746e+02
