# Temperatura_=_20.0
# Concentracion g/m^3_=_6200.0
# C_Vs_to_Am_M_A/Vsm_=_65563218390.804596
# pendiente_HvsI_1/m_=_3716.3
# ordenada_HvsI_A/m_=_1297.0
# frecuencia_Hz_=_302097.81041089067

Tiempo_(s)	Campo_(V.s)	Magnetizacion_(V.s)	Campo_(kA/m)	Magnetizacion_(A/m)
0.000000e+00	-6.257178e-06	-4.026564e-09	-4.558060e+01	-2.582877e+02
1.000000e-08	-6.253781e-06	-4.024123e-09	-4.555585e+01	-2.582725e+02
2.000000e-08	-6.248355e-06	-4.025786e-09	-4.551633e+01	-2.583032e+02
3.000000e-08	-6.240948e-06	-4.027697e-09	-4.546237e+01	-2.583801e+02
4.000000e-08	-6.231423e-06	-4.028478e-09	-4.539299e+01	-2.584682e+02
5.000000e-08	-6.219582e-06	-4.027767e-09	-4.530672e+01	-2.585079e+02
6.000000e-08	-6.205465e-06	-4.021320e-09	-4.520389e+01	-2.584387e+02
7.000000e-08	-6.189068e-06	-4.003186e-09	-4.508445e+01	-2.582294e+02
8.000000e-08	-6.170545e-06	-3.973180e-09	-4.494952e+01	-2.578965e+02
9.000000e-08	-6.149908e-06	-3.957578e-09	-4.479918e+01	-2.575029e+02
1.000000e-07	-6.126833e-06	-3.983399e-09	-4.463109e+01	-2.571341e+02
1.100000e-07	-6.101194e-06	-4.003339e-09	-4.444433e+01	-2.568646e+02
1.200000e-07	-6.073357e-06	-4.001421e-09	-4.424154e+01	-2.567289e+02
1.300000e-07	-6.043857e-06	-4.026125e-09	-4.402665e+01	-2.567134e+02
1.400000e-07	-6.012794e-06	-4.031931e-09	-4.380038e+01	-2.567708e+02
1.500000e-07	-5.979892e-06	-3.957362e-09	-4.356070e+01	-2.568513e+02
1.600000e-07	-5.944895e-06	-3.963544e-09	-4.330576e+01	-2.569311e+02
1.700000e-07	-5.908059e-06	-3.976268e-09	-4.303743e+01	-2.570230e+02
1.800000e-07	-5.869264e-06	-3.923335e-09	-4.275482e+01	-2.571626e+02
1.900000e-07	-5.828263e-06	-3.942793e-09	-4.245615e+01	-2.573745e+02
2.000000e-07	-5.785079e-06	-3.916728e-09	-4.214158e+01	-2.576399e+02
2.100000e-07	-5.739668e-06	-3.880095e-09	-4.181078e+01	-2.578825e+02
2.200000e-07	-5.692198e-06	-3.921998e-09	-4.146498e+01	-2.579845e+02
2.300000e-07	-5.642249e-06	-3.939705e-09	-4.110113e+01	-2.578301e+02
2.400000e-07	-5.589675e-06	-3.908356e-09	-4.071815e+01	-2.573552e+02
2.500000e-07	-5.534936e-06	-3.862738e-09	-4.031941e+01	-2.565813e+02
2.600000e-07	-5.478210e-06	-3.822638e-09	-3.990618e+01	-2.556144e+02
2.700000e-07	-5.419362e-06	-3.818620e-09	-3.947750e+01	-2.546076e+02
2.800000e-07	-5.358441e-06	-3.833421e-09	-3.903372e+01	-2.537018e+02
2.900000e-07	-5.295670e-06	-3.839481e-09	-3.857646e+01	-2.529711e+02
3.000000e-07	-5.231029e-06	-3.829383e-09	-3.810558e+01	-2.523969e+02
3.100000e-07	-5.164287e-06	-3.817662e-09	-3.761940e+01	-2.518823e+02
3.200000e-07	-5.095482e-06	-3.781554e-09	-3.711819e+01	-2.512991e+02
3.300000e-07	-5.024832e-06	-3.757159e-09	-3.660354e+01	-2.505453e+02
3.400000e-07	-4.952640e-06	-3.763594e-09	-3.607765e+01	-2.495875e+02
3.500000e-07	-4.878555e-06	-3.742828e-09	-3.553798e+01	-2.484692e+02
3.600000e-07	-4.802237e-06	-3.711953e-09	-3.498203e+01	-2.472848e+02
3.700000e-07	-4.724048e-06	-3.695555e-09	-3.441246e+01	-2.461334e+02
3.800000e-07	-4.643915e-06	-3.684660e-09	-3.382873e+01	-2.450756e+02
3.900000e-07	-4.562051e-06	-3.665311e-09	-3.323239e+01	-2.441133e+02
4.000000e-07	-4.478772e-06	-3.645853e-09	-3.262575e+01	-2.431977e+02
4.100000e-07	-4.394136e-06	-3.635177e-09	-3.200922e+01	-2.422594e+02
4.200000e-07	-4.308115e-06	-3.627800e-09	-3.138259e+01	-2.412421e+02
4.300000e-07	-4.220664e-06	-3.612531e-09	-3.074555e+01	-2.401234e+02
4.400000e-07	-4.131738e-06	-3.589748e-09	-3.009776e+01	-2.389143e+02
4.500000e-07	-4.041139e-06	-3.561292e-09	-2.943779e+01	-2.376428e+02
4.600000e-07	-3.949058e-06	-3.525751e-09	-2.876703e+01	-2.363322e+02
4.700000e-07	-3.855768e-06	-3.496689e-09	-2.808745e+01	-2.349904e+02
4.800000e-07	-3.761153e-06	-3.485325e-09	-2.739823e+01	-2.336121e+02
4.900000e-07	-3.665159e-06	-3.478990e-09	-2.669896e+01	-2.321929e+02
5.000000e-07	-3.567678e-06	-3.458628e-09	-2.598885e+01	-2.307407e+02
5.100000e-07	-3.468775e-06	-3.435220e-09	-2.526839e+01	-2.292773e+02
5.200000e-07	-3.368613e-06	-3.413624e-09	-2.453876e+01	-2.278241e+02
5.300000e-07	-3.267282e-06	-3.384348e-09	-2.380061e+01	-2.263830e+02
5.400000e-07	-3.164809e-06	-3.352163e-09	-2.305415e+01	-2.249226e+02
5.500000e-07	-3.061155e-06	-3.331010e-09	-2.229908e+01	-2.233843e+02
5.600000e-07	-2.956381e-06	-3.311451e-09	-2.153584e+01	-2.217069e+02
5.700000e-07	-2.850389e-06	-3.278241e-09	-2.076374e+01	-2.198593e+02
5.800000e-07	-2.743198e-06	-3.243126e-09	-1.998291e+01	-2.178642e+02
5.900000e-07	-2.634986e-06	-3.216012e-09	-1.919463e+01	-2.157951e+02
6.000000e-07	-2.525871e-06	-3.189316e-09	-1.839978e+01	-2.137460e+02
6.100000e-07	-2.415964e-06	-3.154932e-09	-1.759916e+01	-2.117846e+02
6.200000e-07	-2.305220e-06	-3.124251e-09	-1.679244e+01	-2.099136e+02
6.300000e-07	-2.193631e-06	-3.098043e-09	-1.597957e+01	-2.080615e+02
6.400000e-07	-2.081218e-06	-3.065005e-09	-1.516069e+01	-2.061113e+02
6.500000e-07	-1.967936e-06	-3.024188e-09	-1.433549e+01	-2.039555e+02
6.600000e-07	-1.853799e-06	-2.985280e-09	-1.350405e+01	-2.015510e+02
6.700000e-07	-1.738898e-06	-2.950918e-09	-1.266705e+01	-1.989431e+02
6.800000e-07	-1.623236e-06	-2.912998e-09	-1.182451e+01	-1.962453e+02
6.900000e-07	-1.506916e-06	-2.875372e-09	-1.097717e+01	-1.935794e+02
7.000000e-07	-1.390085e-06	-2.839102e-09	-1.012611e+01	-1.910061e+02
7.100000e-07	-1.272821e-06	-2.798172e-09	-9.271901e+00	-1.884822e+02
7.200000e-07	-1.155194e-06	-2.753658e-09	-8.415044e+00	-1.858679e+02
7.300000e-07	-1.037175e-06	-2.709001e-09	-7.555330e+00	-1.829863e+02
7.400000e-07	-9.188664e-07	-2.658758e-09	-6.693509e+00	-1.797060e+02
7.500000e-07	-8.002789e-07	-2.602216e-09	-5.829655e+00	-1.760045e+02
7.600000e-07	-6.813717e-07	-2.545205e-09	-4.963472e+00	-1.719774e+02
7.700000e-07	-5.622446e-07	-2.488930e-09	-4.095687e+00	-1.677835e+02
7.800000e-07	-4.429989e-07	-2.428809e-09	-3.227038e+00	-1.635496e+02
7.900000e-07	-3.236302e-07	-2.361707e-09	-2.357493e+00	-1.592821e+02
8.000000e-07	-2.040979e-07	-2.291092e-09	-1.486757e+00	-1.548333e+02
8.100000e-07	-8.443252e-08	-2.212685e-09	-6.150512e-01	-1.499435e+02
8.200000e-07	3.527278e-08	-2.126276e-09	2.569456e-01	-1.443419e+02
8.300000e-07	1.549804e-07	-2.033709e-09	1.128959e+00	-1.378544e+02
8.400000e-07	2.746725e-07	-1.929236e-09	2.000860e+00	-1.304557e+02
8.500000e-07	3.942653e-07	-1.806666e-09	2.872037e+00	-1.222285e+02
8.600000e-07	5.137221e-07	-1.666561e-09	3.742223e+00	-1.132335e+02
8.700000e-07	6.330656e-07	-1.510331e-09	4.611585e+00	-1.033498e+02
8.800000e-07	7.522425e-07	-1.333178e-09	5.479733e+00	-9.216875e+01
8.900000e-07	8.712062e-07	-1.128272e-09	6.346327e+00	-7.901425e+01
9.000000e-07	9.899102e-07	-8.878129e-10	7.211030e+00	-6.311698e+01
9.100000e-07	1.108236e-06	-6.043069e-10	8.072980e+00	-4.389844e+01
9.200000e-07	1.226195e-06	-2.713018e-10	8.932253e+00	-2.126626e+01
9.300000e-07	1.343784e-06	1.135995e-10	9.788835e+00	4.198259e+00
9.400000e-07	1.460913e-06	5.355484e-10	1.064206e+01	3.124953e+01
9.500000e-07	1.577510e-06	9.592826e-10	1.149141e+01	5.820326e+01
9.600000e-07	1.693457e-06	1.342890e-09	1.233604e+01	8.331541e+01
9.700000e-07	1.808642e-06	1.658919e-09	1.317510e+01	1.051913e+02
9.800000e-07	1.923091e-06	1.908650e-09	1.400881e+01	1.230886e+02
9.900000e-07	2.036785e-06	2.106006e-09	1.483702e+01	1.370173e+02
1.000000e-06	2.149515e-06	2.266630e-09	1.565820e+01	1.476168e+02
1.010000e-06	2.261334e-06	2.402504e-09	1.647276e+01	1.558695e+02
1.020000e-06	2.372337e-06	2.517284e-09	1.728136e+01	1.627658e+02
1.030000e-06	2.482476e-06	2.615605e-09	1.808367e+01	1.690382e+02
1.040000e-06	2.591821e-06	2.701950e-09	1.888020e+01	1.750445e+02
1.050000e-06	2.700308e-06	2.779807e-09	1.967047e+01	1.808104e+02
1.060000e-06	2.807834e-06	2.851537e-09	2.045375e+01	1.861812e+02
1.070000e-06	2.914399e-06	2.917572e-09	2.123003e+01	1.909980e+02
1.080000e-06	3.019870e-06	2.980719e-09	2.199833e+01	1.952185e+02
1.090000e-06	3.124114e-06	3.039938e-09	2.275770e+01	1.989443e+02
1.100000e-06	3.227207e-06	3.094675e-09	2.350868e+01	2.023632e+02
1.110000e-06	3.329217e-06	3.143538e-09	2.425178e+01	2.056527e+02
1.120000e-06	3.430102e-06	3.186828e-09	2.498667e+01	2.089024e+02
1.130000e-06	3.529818e-06	3.228859e-09	2.571306e+01	2.120917e+02
1.140000e-06	3.628345e-06	3.270509e-09	2.643079e+01	2.151273e+02
1.150000e-06	3.725441e-06	3.307543e-09	2.713808e+01	2.179124e+02
1.160000e-06	3.821032e-06	3.339348e-09	2.783442e+01	2.204075e+02
1.170000e-06	3.915314e-06	3.367909e-09	2.852122e+01	2.226516e+02
1.180000e-06	4.008328e-06	3.396225e-09	2.919878e+01	2.247365e+02
1.190000e-06	4.100062e-06	3.426121e-09	2.986702e+01	2.267539e+02
1.200000e-06	4.190476e-06	3.455531e-09	3.052564e+01	2.287462e+02
1.210000e-06	4.279250e-06	3.481204e-09	3.117232e+01	2.306896e+02
1.220000e-06	4.366331e-06	3.504993e-09	3.180666e+01	2.325156e+02
1.230000e-06	4.451943e-06	3.526823e-09	3.243031e+01	2.341582e+02
1.240000e-06	4.536096e-06	3.544937e-09	3.304332e+01	2.355988e+02
1.250000e-06	4.618729e-06	3.560979e-09	3.364526e+01	2.368833e+02
1.260000e-06	4.699605e-06	3.575474e-09	3.423441e+01	2.381025e+02
1.270000e-06	4.778723e-06	3.592006e-09	3.481075e+01	2.393470e+02
1.280000e-06	4.856180e-06	3.609714e-09	3.537498e+01	2.406612e+02
1.290000e-06	4.931743e-06	3.629167e-09	3.592543e+01	2.420204e+02
1.300000e-06	5.005301e-06	3.648330e-09	3.646126e+01	2.433453e+02
1.310000e-06	5.076944e-06	3.663404e-09	3.698315e+01	2.445429e+02
1.320000e-06	5.146734e-06	3.676749e-09	3.749153e+01	2.455559e+02
1.330000e-06	5.214733e-06	3.688356e-09	3.798687e+01	2.463921e+02
1.340000e-06	5.280879e-06	3.699454e-09	3.846872e+01	2.471217e+02
1.350000e-06	5.345010e-06	3.711440e-09	3.893588e+01	2.478421e+02
1.360000e-06	5.407235e-06	3.723925e-09	3.938916e+01	2.486315e+02
1.370000e-06	5.467770e-06	3.735149e-09	3.983013e+01	2.495121e+02
1.380000e-06	5.526518e-06	3.744209e-09	4.025808e+01	2.504432e+02
1.390000e-06	5.583167e-06	3.754551e-09	4.067074e+01	2.513447e+02
1.400000e-06	5.637712e-06	3.766476e-09	4.106808e+01	2.521381e+02
1.410000e-06	5.690207e-06	3.777409e-09	4.145048e+01	2.527852e+02
1.420000e-06	5.740370e-06	3.785826e-09	4.181589e+01	2.533040e+02
1.430000e-06	5.788189e-06	3.792738e-09	4.216423e+01	2.537562e+02
1.440000e-06	5.834004e-06	3.798888e-09	4.249797e+01	2.542155e+02
1.450000e-06	5.877923e-06	3.804237e-09	4.281790e+01	2.547314e+02
1.460000e-06	5.919678e-06	3.810702e-09	4.312207e+01	2.553090e+02
1.470000e-06	5.959230e-06	3.817722e-09	4.341018e+01	2.559109e+02
1.480000e-06	5.996800e-06	3.825186e-09	4.368386e+01	2.564800e+02
1.490000e-06	6.032422e-06	3.832926e-09	4.394335e+01	2.569679e+02
1.500000e-06	6.065789e-06	3.838623e-09	4.418641e+01	2.573561e+02
1.510000e-06	6.096899e-06	3.841540e-09	4.441304e+01	2.576594e+02
1.520000e-06	6.125993e-06	3.843896e-09	4.462497e+01	2.579134e+02
1.530000e-06	6.153035e-06	3.847590e-09	4.482196e+01	2.581537e+02
1.540000e-06	6.177760e-06	3.850269e-09	4.500207e+01	2.584003e+02
1.550000e-06	6.200134e-06	3.852898e-09	4.516506e+01	2.586531e+02
1.560000e-06	6.220498e-06	3.856293e-09	4.531340e+01	2.588988e+02
1.570000e-06	6.238720e-06	3.858877e-09	4.544614e+01	2.591235e+02
1.580000e-06	6.254562e-06	3.859129e-09	4.556154e+01	2.593211e+02
1.590000e-06	6.268068e-06	3.857731e-09	4.565992e+01	2.594936e+02
1.600000e-06	6.279116e-06	3.858215e-09	4.574041e+01	2.596448e+02
1.610000e-06	6.287638e-06	3.861462e-09	4.580248e+01	2.597722e+02
1.620000e-06	6.293863e-06	3.863806e-09	4.584783e+01	2.598654e+02
1.630000e-06	6.298067e-06	3.864862e-09	4.587845e+01	2.599129e+02
1.640000e-06	6.300009e-06	3.865358e-09	4.589260e+01	2.599132e+02
1.650000e-06	6.299596e-06	3.865882e-09	4.588959e+01	2.598825e+02
1.660000e-06	6.297185e-06	3.869522e-09	4.587203e+01	2.598532e+02
1.670000e-06	6.292893e-06	3.873069e-09	4.584076e+01	2.598587e+02
1.680000e-06	6.286381e-06	3.874805e-09	4.579333e+01	2.599144e+02
1.690000e-06	6.277631e-06	3.874589e-09	4.572959e+01	2.600031e+02
1.700000e-06	6.266986e-06	3.873790e-09	4.565204e+01	2.600750e+02
1.710000e-06	6.254240e-06	3.873665e-09	4.555919e+01	2.600664e+02
1.720000e-06	6.239225e-06	3.885466e-09	4.544981e+01	2.599281e+02
1.730000e-06	6.222152e-06	3.916024e-09	4.532545e+01	2.596515e+02
1.740000e-06	6.202831e-06	3.925223e-09	4.518470e+01	2.592781e+02
1.750000e-06	6.180508e-06	3.884988e-09	4.502209e+01	2.588858e+02
1.760000e-06	6.155275e-06	3.862618e-09	4.483828e+01	2.585592e+02
1.770000e-06	6.127998e-06	3.847954e-09	4.463958e+01	2.583552e+02
1.780000e-06	6.099378e-06	3.807439e-09	4.443110e+01	2.582838e+02
1.790000e-06	6.069431e-06	3.861250e-09	4.421294e+01	2.583114e+02
1.800000e-06	6.037397e-06	3.912946e-09	4.397960e+01	2.583853e+02
1.810000e-06	6.003013e-06	3.864061e-09	4.372912e+01	2.584658e+02
1.820000e-06	5.966943e-06	3.852076e-09	4.346637e+01	2.585478e+02
1.830000e-06	5.928743e-06	3.870399e-09	4.318810e+01	2.586587e+02
1.840000e-06	5.888163e-06	3.951728e-09	4.289250e+01	2.588332e+02
1.850000e-06	5.845708e-06	4.034578e-09	4.258323e+01	2.590777e+02
1.860000e-06	5.801197e-06	3.987854e-09	4.225899e+01	2.593444e+02
1.870000e-06	5.754646e-06	3.949523e-09	4.191989e+01	2.595322e+02
1.880000e-06	5.705847e-06	3.931918e-09	4.156441e+01	2.595182e+02
1.890000e-06	5.654706e-06	3.953891e-09	4.119187e+01	2.592065e+02
1.900000e-06	5.601334e-06	4.014375e-09	4.080308e+01	2.585734e+02
1.910000e-06	5.545629e-06	3.996976e-09	4.039730e+01	2.576853e+02
1.920000e-06	5.487934e-06	3.978094e-09	3.997701e+01	2.566784e+02
1.930000e-06	5.428447e-06	3.945412e-09	3.954368e+01	2.557074e+02
1.940000e-06	5.366878e-06	3.909679e-09	3.909518e+01	2.548854e+02
1.950000e-06	5.303174e-06	3.895720e-09	3.863113e+01	2.542407e+02
1.960000e-06	5.237376e-06	3.895324e-09	3.815182e+01	2.537116e+02
1.970000e-06	5.169767e-06	3.935343e-09	3.765932e+01	2.531781e+02
1.980000e-06	5.100207e-06	3.910404e-09	3.715261e+01	2.525185e+02
1.990000e-06	5.028599e-06	3.872901e-09	3.663097e+01	2.516617e+02
2.000000e-06	4.955224e-06	3.862317e-09	3.609647e+01	2.506138e+02
2.010000e-06	4.880012e-06	3.855691e-09	3.554859e+01	2.494490e+02
2.020000e-06	4.802975e-06	3.867052e-09	3.498741e+01	2.482701e+02
2.030000e-06	4.723924e-06	3.838835e-09	3.441157e+01	2.471613e+02
2.040000e-06	4.643103e-06	3.808730e-09	3.382282e+01	2.461545e+02
2.050000e-06	4.560841e-06	3.797777e-09	3.322358e+01	2.452236e+02
2.060000e-06	4.477097e-06	3.788793e-09	3.261355e+01	2.443049e+02
2.070000e-06	4.391818e-06	3.765771e-09	3.199233e+01	2.433321e+02
2.080000e-06	4.304705e-06	3.731609e-09	3.135775e+01	2.422644e+02
2.090000e-06	4.216027e-06	3.732989e-09	3.071177e+01	2.410973e+02
2.100000e-06	4.126047e-06	3.739576e-09	3.005631e+01	2.398532e+02
2.110000e-06	4.034743e-06	3.722315e-09	2.939120e+01	2.385598e+02
2.120000e-06	3.942177e-06	3.691715e-09	2.871691e+01	2.372335e+02
2.130000e-06	3.848092e-06	3.671442e-09	2.803154e+01	2.358743e+02
2.140000e-06	3.752447e-06	3.652186e-09	2.733481e+01	2.344753e+02
2.150000e-06	3.655434e-06	3.606756e-09	2.662812e+01	2.330373e+02
2.160000e-06	3.557184e-06	3.578398e-09	2.591241e+01	2.315762e+02
2.170000e-06	3.457697e-06	3.584815e-09	2.518770e+01	2.301158e+02
2.180000e-06	3.357033e-06	3.583926e-09	2.445440e+01	2.286701e+02
2.190000e-06	3.255011e-06	3.542732e-09	2.371122e+01	2.272251e+02
2.200000e-06	3.151559e-06	3.499172e-09	2.295763e+01	2.257339e+02
2.210000e-06	3.046960e-06	3.485757e-09	2.219567e+01	2.241324e+02
2.220000e-06	2.941267e-06	3.465322e-09	2.142574e+01	2.223705e+02
2.230000e-06	2.834555e-06	3.426938e-09	2.064840e+01	2.204425e+02
2.240000e-06	2.726992e-06	3.398053e-09	1.986486e+01	2.183987e+02
2.250000e-06	2.618548e-06	3.381601e-09	1.907489e+01	2.163282e+02
2.260000e-06	2.509113e-06	3.349661e-09	1.827771e+01	2.143177e+02
2.270000e-06	2.398779e-06	3.306975e-09	1.747398e+01	2.124058e+02
2.280000e-06	2.287513e-06	3.279463e-09	1.666345e+01	2.105569e+02
2.290000e-06	2.175356e-06	3.258166e-09	1.584644e+01	2.086710e+02
2.300000e-06	2.062409e-06	3.224460e-09	1.502368e+01	2.066283e+02
2.310000e-06	1.948750e-06	3.185439e-09	1.419573e+01	2.043479e+02
2.320000e-06	1.834359e-06	3.155278e-09	1.336244e+01	2.018305e+02
2.330000e-06	1.719290e-06	3.121532e-09	1.252422e+01	1.991610e+02
2.340000e-06	1.603652e-06	3.075907e-09	1.168185e+01	1.964661e+02
2.350000e-06	1.487360e-06	3.031939e-09	1.083472e+01	1.938447e+02
2.360000e-06	1.370442e-06	2.994650e-09	9.983025e+00	1.913082e+02
2.370000e-06	1.252996e-06	2.953436e-09	9.127485e+00	1.887605e+02
2.380000e-06	1.135108e-06	2.906837e-09	8.268726e+00	1.860336e+02
2.390000e-06	1.016776e-06	2.860730e-09	7.406738e+00	1.829631e+02
2.400000e-06	8.980790e-07	2.811839e-09	6.542082e+00	1.794668e+02
2.410000e-06	7.790287e-07	2.755567e-09	5.674858e+00	1.755844e+02
2.420000e-06	6.597284e-07	2.693746e-09	4.805811e+00	1.714535e+02
2.430000e-06	5.401668e-07	2.627940e-09	3.934861e+00	1.672294e+02
2.440000e-06	4.203505e-07	2.557727e-09	3.062056e+00	1.629874e+02
2.450000e-06	3.004254e-07	2.486228e-09	2.188458e+00	1.586564e+02
2.460000e-06	1.803449e-07	2.410705e-09	1.313728e+00	1.540228e+02
2.470000e-06	6.020929e-08	2.326212e-09	4.385963e-01	1.488069e+02
2.480000e-06	-5.994420e-08	2.234279e-09	-4.366653e-01	1.427748e+02
2.490000e-06	-1.800861e-07	2.136235e-09	-1.311843e+00	1.358257e+02
2.500000e-06	-3.001103e-07	2.025985e-09	-2.186163e+00	1.279999e+02
2.510000e-06	-4.200507e-07	1.895555e-09	-3.059872e+00	1.193887e+02
2.520000e-06	-5.399212e-07	1.746433e-09	-3.933072e+00	1.099810e+02
2.530000e-06	-6.595884e-07	1.580151e-09	-4.804791e+00	9.951856e+01
2.540000e-06	-7.789576e-07	1.388713e-09	-5.674339e+00	8.744663e+01
2.550000e-06	-8.980143e-07	1.163377e-09	-6.541611e+00	7.301216e+01
2.560000e-06	-1.016718e-06	9.009232e-10	-7.406309e+00	5.550221e+01
2.570000e-06	-1.135016e-06	5.960939e-10	-8.268057e+00	3.454846e+01
2.580000e-06	-1.252870e-06	2.397666e-10	-9.126568e+00	1.038286e+01
2.590000e-06	-1.370260e-06	-1.683774e-10	-9.981699e+00	-1.606593e+01
2.600000e-06	-1.487086e-06	-6.039914e-10	-1.083272e+01	-4.329284e+01
2.610000e-06	-1.603208e-06	-1.022952e-09	-1.167862e+01	-6.953112e+01
2.620000e-06	-1.718539e-06	-1.390653e-09	-1.251875e+01	-9.316394e+01
2.630000e-06	-1.833081e-06	-1.692815e-09	-1.335313e+01	-1.130961e+02
2.640000e-06	-1.946867e-06	-1.929057e-09	-1.418201e+01	-1.289635e+02
2.650000e-06	-2.059828e-06	-2.112325e-09	-1.500488e+01	-1.411185e+02
2.660000e-06	-2.171928e-06	-2.260542e-09	-1.582147e+01	-1.504140e+02
2.670000e-06	-2.283121e-06	-2.385420e-09	-1.663146e+01	-1.578763e+02
2.680000e-06	-2.393336e-06	-2.492150e-09	-1.743433e+01	-1.643919e+02
2.690000e-06	-2.502651e-06	-2.585715e-09	-1.823063e+01	-1.705102e+02
2.700000e-06	-2.611120e-06	-2.672340e-09	-1.902078e+01	-1.764088e+02
2.710000e-06	-2.718758e-06	-2.755462e-09	-1.980487e+01	-1.820007e+02
2.720000e-06	-2.825506e-06	-2.835233e-09	-2.058248e+01	-1.871092e+02
2.730000e-06	-2.931347e-06	-2.909203e-09	-2.135349e+01	-1.916238e+02
2.740000e-06	-3.036187e-06	-2.974980e-09	-2.211719e+01	-1.955770e+02
2.750000e-06	-3.139871e-06	-3.034764e-09	-2.287248e+01	-1.991244e+02
2.760000e-06	-3.242369e-06	-3.090689e-09	-2.361913e+01	-2.024608e+02
2.770000e-06	-3.343609e-06	-3.143238e-09	-2.435662e+01	-2.057265e+02
2.780000e-06	-3.443612e-06	-3.193080e-09	-2.508509e+01	-2.089548e+02
2.790000e-06	-3.542464e-06	-3.240521e-09	-2.580518e+01	-2.120811e+02
2.800000e-06	-3.640231e-06	-3.287562e-09	-2.651737e+01	-2.150012e+02
2.810000e-06	-3.736766e-06	-3.333973e-09	-2.722058e+01	-2.176415e+02
2.820000e-06	-3.831961e-06	-3.377147e-09	-2.791403e+01	-2.200020e+02
2.830000e-06	-3.925811e-06	-3.417908e-09	-2.859768e+01	-2.221539e+02
2.840000e-06	-4.018243e-06	-3.457847e-09	-2.927101e+01	-2.241960e+02
2.850000e-06	-4.109236e-06	-3.493126e-09	-2.993385e+01	-2.262000e+02
2.860000e-06	-4.198755e-06	-3.523107e-09	-3.058595e+01	-2.281748e+02
2.870000e-06	-4.286822e-06	-3.551601e-09	-3.122748e+01	-2.300692e+02
2.880000e-06	-4.373402e-06	-3.579147e-09	-3.185818e+01	-2.318098e+02
2.890000e-06	-4.458270e-06	-3.604563e-09	-3.247640e+01	-2.333499e+02
2.900000e-06	-4.541532e-06	-3.628119e-09	-3.308292e+01	-2.347033e+02
2.910000e-06	-4.623331e-06	-3.652917e-09	-3.367879e+01	-2.359428e+02
2.920000e-06	-4.703406e-06	-3.679800e-09	-3.426210e+01	-2.371655e+02
2.930000e-06	-4.781630e-06	-3.704979e-09	-3.483193e+01	-2.384437e+02
2.940000e-06	-4.857960e-06	-3.727320e-09	-3.538795e+01	-2.397878e+02
2.950000e-06	-4.932404e-06	-3.747464e-09	-3.593024e+01	-2.411421e+02
2.960000e-06	-5.004959e-06	-3.765045e-09	-3.645877e+01	-2.424139e+02
2.970000e-06	-5.075628e-06	-3.782038e-09	-3.697356e+01	-2.435229e+02
2.980000e-06	-5.144369e-06	-3.796827e-09	-3.747430e+01	-2.444423e+02
2.990000e-06	-5.211197e-06	-3.809898e-09	-3.796112e+01	-2.452139e+02
3.000000e-06	-5.276306e-06	-3.823284e-09	-3.843541e+01	-2.459270e+02
3.010000e-06	-5.339620e-06	-3.837431e-09	-3.889662e+01	-2.466753e+02
3.020000e-06	-5.400851e-06	-3.852126e-09	-3.934266e+01	-2.475118e+02
3.030000e-06	-5.460059e-06	-3.865544e-09	-3.977396e+01	-2.484263e+02
3.040000e-06	-5.517451e-06	-3.879608e-09	-4.019204e+01	-2.493538e+02
3.050000e-06	-5.572920e-06	-3.894061e-09	-4.059610e+01	-2.502094e+02
3.060000e-06	-5.626173e-06	-3.904281e-09	-4.098402e+01	-2.509312e+02
3.070000e-06	-5.677091e-06	-3.912453e-09	-4.135493e+01	-2.515088e+02
3.080000e-06	-5.725655e-06	-3.922972e-09	-4.170870e+01	-2.519851e+02
3.090000e-06	-5.772065e-06	-3.935439e-09	-4.204677e+01	-2.524326e+02
3.100000e-06	-5.816629e-06	-3.944065e-09	-4.237141e+01	-2.529168e+02
3.110000e-06	-5.859351e-06	-3.950342e-09	-4.268261e+01	-2.534661e+02
3.120000e-06	-5.900199e-06	-3.959015e-09	-4.298017e+01	-2.540627e+02
3.130000e-06	-5.938982e-06	-3.968675e-09	-4.326269e+01	-2.546556e+02
3.140000e-06	-5.975573e-06	-3.979059e-09	-4.352923e+01	-2.551888e+02
3.150000e-06	-6.010076e-06	-3.988566e-09	-4.378058e+01	-2.556271e+02
3.160000e-06	-6.042493e-06	-3.996162e-09	-4.401672e+01	-2.559695e+02
3.170000e-06	-6.072663e-06	-3.999198e-09	-4.423649e+01	-2.562434e+02
3.180000e-06	-6.100648e-06	-4.000699e-09	-4.444035e+01	-2.564870e+02
3.190000e-06	-6.126497e-06	-4.004329e-09	-4.462865e+01	-2.567295e+02
3.200000e-06	-6.150103e-06	-4.008051e-09	-4.480061e+01	-2.569805e+02
3.210000e-06	-6.171432e-06	-4.012198e-09	-4.495598e+01	-2.572320e+02
3.220000e-06	-6.190590e-06	-4.019105e-09	-4.509553e+01	-2.574688e+02
3.230000e-06	-6.207617e-06	-4.025840e-09	-4.521957e+01	-2.576803e+02
3.240000e-06	-6.222233e-06	-4.029274e-09	-4.532604e+01	-2.578649e+02
3.250000e-06	-6.234309e-06	-4.032552e-09	-4.541401e+01	-2.580268e+02
3.260000e-06	-6.244021e-06	-4.037164e-09	-4.548475e+01	-2.581671e+02
3.270000e-06	-6.251558e-06	-4.038496e-09	-4.553966e+01	-2.582793e+02
3.280000e-06	-6.256777e-06	-4.036392e-09	-4.557767e+01	-2.583509e+02
3.290000e-06	-6.259767e-06	-4.035143e-09	-4.559945e+01	-2.583742e+02
3.300000e-06	-6.260742e-06	-4.034817e-09	-4.560656e+01	-2.583559e+02
3.310000e-06	-6.259536e-06	-4.031615e-09	-4.559778e+01	-2.583216e+02
