# Temperatura_=_20.0
# Concentracion g/m^3_=_8200.0
# C_Vs_to_Am_M_A/Vsm_=_65563218390.804596
# pendiente_HvsI_1/m_=_3716.3
# ordenada_HvsI_A/m_=_1297.0
# frecuencia_Hz_=_301440.569634926

Tiempo_(s)	Campo_(V.s)	Magnetizacion_(V.s)	Campo_(kA/m)	Magnetizacion_(A/m)
0.000000e+00	-3.217757e-06	-4.747192e-09	-2.354994e+01	-3.082242e+02
1.000000e-08	-3.216605e-06	-4.749328e-09	-2.354151e+01	-3.083034e+02
2.000000e-08	-3.214185e-06	-4.747662e-09	-2.352380e+01	-3.083300e+02
3.000000e-08	-3.210566e-06	-4.746371e-09	-2.349732e+01	-3.083062e+02
4.000000e-08	-3.206023e-06	-4.747718e-09	-2.346406e+01	-3.082346e+02
5.000000e-08	-3.200524e-06	-4.746453e-09	-2.342382e+01	-3.081185e+02
6.000000e-08	-3.193953e-06	-4.736890e-09	-2.337573e+01	-3.079618e+02
7.000000e-08	-3.186392e-06	-4.722217e-09	-2.332039e+01	-3.077684e+02
8.000000e-08	-3.177819e-06	-4.742486e-09	-2.325765e+01	-3.075424e+02
9.000000e-08	-3.167697e-06	-4.790757e-09	-2.318357e+01	-3.072874e+02
1.000000e-07	-3.155808e-06	-4.796385e-09	-2.309656e+01	-3.070067e+02
1.100000e-07	-3.142666e-06	-4.691992e-09	-2.300037e+01	-3.067025e+02
1.200000e-07	-3.128676e-06	-4.616288e-09	-2.289798e+01	-3.063762e+02
1.300000e-07	-3.113520e-06	-4.720510e-09	-2.278706e+01	-3.060282e+02
1.400000e-07	-3.096980e-06	-4.776869e-09	-2.266601e+01	-3.056576e+02
1.500000e-07	-3.079490e-06	-4.672732e-09	-2.253800e+01	-3.052625e+02
1.600000e-07	-3.061206e-06	-4.677709e-09	-2.240419e+01	-3.048400e+02
1.700000e-07	-3.041893e-06	-4.745529e-09	-2.226284e+01	-3.043864e+02
1.800000e-07	-3.021615e-06	-4.586451e-09	-2.211443e+01	-3.038972e+02
1.900000e-07	-3.000512e-06	-4.548831e-09	-2.195998e+01	-3.033678e+02
2.000000e-07	-2.978296e-06	-4.682432e-09	-2.179739e+01	-3.027934e+02
2.100000e-07	-2.954953e-06	-4.587547e-09	-2.162655e+01	-3.021692e+02
2.200000e-07	-2.930788e-06	-4.538259e-09	-2.144969e+01	-3.014909e+02
2.300000e-07	-2.905500e-06	-4.667809e-09	-2.126461e+01	-3.007547e+02
2.400000e-07	-2.878796e-06	-4.615980e-09	-2.106917e+01	-2.999573e+02
2.500000e-07	-2.850958e-06	-4.502656e-09	-2.086544e+01	-2.990965e+02
2.600000e-07	-2.822199e-06	-4.540746e-09	-2.065496e+01	-2.981704e+02
2.700000e-07	-2.792509e-06	-4.539227e-09	-2.043766e+01	-2.971782e+02
2.800000e-07	-2.761838e-06	-4.516976e-09	-2.021319e+01	-2.961195e+02
2.900000e-07	-2.730289e-06	-4.509406e-09	-1.998229e+01	-2.949947e+02
3.000000e-07	-2.697944e-06	-4.472340e-09	-1.974556e+01	-2.938044e+02
3.100000e-07	-2.664486e-06	-4.474764e-09	-1.950069e+01	-2.925497e+02
3.200000e-07	-2.629776e-06	-4.454984e-09	-1.924666e+01	-2.912317e+02
3.300000e-07	-2.594109e-06	-4.375830e-09	-1.898562e+01	-2.898517e+02
3.400000e-07	-2.557639e-06	-4.401648e-09	-1.871871e+01	-2.884108e+02
3.500000e-07	-2.520261e-06	-4.421912e-09	-1.844515e+01	-2.869102e+02
3.600000e-07	-2.481906e-06	-4.328397e-09	-1.816444e+01	-2.853506e+02
3.700000e-07	-2.442697e-06	-4.306386e-09	-1.787747e+01	-2.837328e+02
3.800000e-07	-2.402885e-06	-4.324560e-09	-1.758611e+01	-2.820571e+02
3.900000e-07	-2.362452e-06	-4.277545e-09	-1.729018e+01	-2.803239e+02
4.000000e-07	-2.320951e-06	-4.210534e-09	-1.698645e+01	-2.785332e+02
4.100000e-07	-2.278165e-06	-4.197215e-09	-1.667331e+01	-2.766847e+02
4.200000e-07	-2.234486e-06	-4.200989e-09	-1.635364e+01	-2.747781e+02
4.300000e-07	-2.190193e-06	-4.168999e-09	-1.602947e+01	-2.728127e+02
4.400000e-07	-2.145150e-06	-4.111308e-09	-1.569980e+01	-2.707879e+02
4.500000e-07	-2.099341e-06	-4.077619e-09	-1.536454e+01	-2.687027e+02
4.600000e-07	-2.052822e-06	-4.061374e-09	-1.502408e+01	-2.665559e+02
4.700000e-07	-2.005616e-06	-4.011652e-09	-1.467859e+01	-2.643461e+02
4.800000e-07	-1.957779e-06	-3.972043e-09	-1.432848e+01	-2.620717e+02
4.900000e-07	-1.909213e-06	-3.962899e-09	-1.397304e+01	-2.597309e+02
5.000000e-07	-1.859612e-06	-3.933946e-09	-1.361003e+01	-2.573215e+02
5.100000e-07	-1.808940e-06	-3.866457e-09	-1.323917e+01	-2.548412e+02
5.200000e-07	-1.757429e-06	-3.822500e-09	-1.286217e+01	-2.522872e+02
5.300000e-07	-1.705222e-06	-3.801032e-09	-1.248008e+01	-2.496568e+02
5.400000e-07	-1.652360e-06	-3.762507e-09	-1.209320e+01	-2.469466e+02
5.500000e-07	-1.598890e-06	-3.710701e-09	-1.170187e+01	-2.441534e+02
5.600000e-07	-1.544869e-06	-3.661817e-09	-1.130650e+01	-2.412736e+02
5.700000e-07	-1.490249e-06	-3.621895e-09	-1.090675e+01	-2.383034e+02
5.800000e-07	-1.435072e-06	-3.574498e-09	-1.050292e+01	-2.352390e+02
5.900000e-07	-1.379520e-06	-3.525987e-09	-1.009635e+01	-2.320761e+02
6.000000e-07	-1.323671e-06	-3.475282e-09	-9.687608e+00	-2.288107e+02
6.100000e-07	-1.267479e-06	-3.421385e-09	-9.276353e+00	-2.254383e+02
6.200000e-07	-1.210804e-06	-3.366222e-09	-8.861562e+00	-2.219545e+02
6.300000e-07	-1.153561e-06	-3.314170e-09	-8.442621e+00	-2.183549e+02
6.400000e-07	-1.095635e-06	-3.258666e-09	-8.018676e+00	-2.146347e+02
6.500000e-07	-1.037019e-06	-3.196536e-09	-7.589677e+00	-2.107894e+02
6.600000e-07	-9.779061e-07	-3.135012e-09	-7.157045e+00	-2.068143e+02
6.700000e-07	-9.184113e-07	-3.071531e-09	-6.721618e+00	-2.027047e+02
6.800000e-07	-8.587068e-07	-3.007768e-09	-6.284656e+00	-1.984560e+02
6.900000e-07	-7.988928e-07	-2.942109e-09	-5.846893e+00	-1.940636e+02
7.000000e-07	-7.389755e-07	-2.874317e-09	-5.408373e+00	-1.895230e+02
7.100000e-07	-6.789328e-07	-2.798435e-09	-4.968936e+00	-1.848293e+02
7.200000e-07	-6.186824e-07	-2.722781e-09	-4.527979e+00	-1.799780e+02
7.300000e-07	-5.582427e-07	-2.653005e-09	-4.085636e+00	-1.749641e+02
7.400000e-07	-4.976132e-07	-2.580757e-09	-3.641904e+00	-1.697823e+02
7.500000e-07	-4.368006e-07	-2.497755e-09	-3.196832e+00	-1.644267e+02
7.600000e-07	-3.758570e-07	-2.405861e-09	-2.750802e+00	-1.588910e+02
7.700000e-07	-3.147582e-07	-2.316264e-09	-2.303635e+00	-1.531677e+02
7.800000e-07	-2.535134e-07	-2.225084e-09	-1.855400e+00	-1.472486e+02
7.900000e-07	-1.921865e-07	-2.130246e-09	-1.406564e+00	-1.411241e+02
8.000000e-07	-1.307824e-07	-2.032353e-09	-9.571629e-01	-1.347835e+02
8.100000e-07	-6.928311e-08	-1.934068e-09	-5.070654e-01	-1.282151e+02
8.200000e-07	-7.732765e-09	-1.832129e-09	-5.659413e-02	-1.214059e+02
8.300000e-07	5.382522e-08	-1.723019e-09	3.939331e-01	-1.143423e+02
8.400000e-07	1.153565e-07	-1.609841e-09	8.442648e-01	-1.070104e+02
8.500000e-07	1.768340e-07	-1.491113e-09	1.294203e+00	-9.939627e+01
8.600000e-07	2.382321e-07	-1.367757e-09	1.743560e+00	-9.148714e+01
8.700000e-07	2.995959e-07	-1.240924e-09	2.192666e+00	-8.327175e+01
8.800000e-07	3.608452e-07	-1.111642e-09	2.640934e+00	-7.474138e+01
8.900000e-07	4.218826e-07	-9.768500e-10	3.087651e+00	-6.589073e+01
9.000000e-07	4.827764e-07	-8.366814e-10	3.533317e+00	-5.671883e+01
9.100000e-07	5.434752e-07	-6.918395e-10	3.977557e+00	-4.722979e+01
9.200000e-07	6.039733e-07	-5.436515e-10	4.420326e+00	-3.743356e+01
9.300000e-07	6.642828e-07	-3.914713e-10	4.861716e+00	-2.734639e+01
9.400000e-07	7.243851e-07	-2.317310e-10	5.301590e+00	-1.699113e+01
9.500000e-07	7.843245e-07	-6.778467e-11	5.740271e+00	-6.397259e+00
9.600000e-07	8.441232e-07	9.786971e-11	6.177922e+00	4.399399e+00
9.700000e-07	9.037530e-07	2.645817e-10	6.614338e+00	1.535723e+01
9.800000e-07	9.631209e-07	4.346016e-10	7.048836e+00	2.642965e+01
9.900000e-07	1.022130e-06	6.058340e-10	7.480708e+00	3.756623e+01
1.000000e-06	1.080585e-06	7.788373e-10	7.908526e+00	4.871397e+01
1.010000e-06	1.138264e-06	9.511693e-10	8.330667e+00	5.981874e+01
1.020000e-06	1.195221e-06	1.118638e-09	8.747515e+00	7.082680e+01
1.030000e-06	1.251659e-06	1.283308e-09	9.160574e+00	8.168632e+01
1.040000e-06	1.307683e-06	1.445705e-09	9.570598e+00	9.234879e+01
1.050000e-06	1.363407e-06	1.604850e-09	9.978426e+00	1.027703e+02
1.060000e-06	1.418837e-06	1.758295e-09	1.038410e+01	1.129126e+02
1.070000e-06	1.473793e-06	1.907204e-09	1.078632e+01	1.227440e+02
1.080000e-06	1.528218e-06	2.050184e-09	1.118463e+01	1.322393e+02
1.090000e-06	1.582117e-06	2.187288e-09	1.157911e+01	1.413809e+02
1.100000e-06	1.635490e-06	2.319833e-09	1.196974e+01	1.501577e+02
1.110000e-06	1.688275e-06	2.449336e-09	1.235606e+01	1.585651e+02
1.120000e-06	1.740433e-06	2.573047e-09	1.273779e+01	1.666044e+02
1.130000e-06	1.791899e-06	2.687279e-09	1.311445e+01	1.742817e+02
1.140000e-06	1.842518e-06	2.798599e-09	1.348492e+01	1.816068e+02
1.150000e-06	1.892156e-06	2.909258e-09	1.384821e+01	1.885923e+02
1.160000e-06	1.940818e-06	3.014947e-09	1.420436e+01	1.952527e+02
1.170000e-06	1.988772e-06	3.111514e-09	1.455532e+01	2.016031e+02
1.180000e-06	2.036125e-06	3.201322e-09	1.490188e+01	2.076587e+02
1.190000e-06	2.082786e-06	3.285981e-09	1.524338e+01	2.134336e+02
1.200000e-06	2.128765e-06	3.366866e-09	1.557989e+01	2.189412e+02
1.210000e-06	2.174009e-06	3.447339e-09	1.591102e+01	2.241931e+02
1.220000e-06	2.218494e-06	3.524273e-09	1.623659e+01	2.291996e+02
1.230000e-06	2.262370e-06	3.594652e-09	1.655771e+01	2.339693e+02
1.240000e-06	2.305589e-06	3.660084e-09	1.687402e+01	2.385100e+02
1.250000e-06	2.347848e-06	3.723430e-09	1.718330e+01	2.428284e+02
1.260000e-06	2.388996e-06	3.783478e-09	1.748445e+01	2.469310e+02
1.270000e-06	2.429169e-06	3.838845e-09	1.777847e+01	2.508240e+02
1.280000e-06	2.468540e-06	3.890268e-09	1.806662e+01	2.545139e+02
1.290000e-06	2.507122e-06	3.939275e-09	1.834899e+01	2.580079e+02
1.300000e-06	2.544825e-06	3.986977e-09	1.862492e+01	2.613135e+02
1.310000e-06	2.581657e-06	4.032762e-09	1.889449e+01	2.644394e+02
1.320000e-06	2.617710e-06	4.075942e-09	1.915835e+01	2.673945e+02
1.330000e-06	2.652951e-06	4.115074e-09	1.941627e+01	2.701884e+02
1.340000e-06	2.687147e-06	4.150425e-09	1.966654e+01	2.728310e+02
1.350000e-06	2.720137e-06	4.184723e-09	1.990799e+01	2.753320e+02
1.360000e-06	2.752060e-06	4.218664e-09	2.014163e+01	2.777008e+02
1.370000e-06	2.783102e-06	4.249872e-09	2.036881e+01	2.799463e+02
1.380000e-06	2.813291e-06	4.278362e-09	2.058976e+01	2.820764e+02
1.390000e-06	2.842589e-06	4.305676e-09	2.080419e+01	2.840981e+02
1.400000e-06	2.871060e-06	4.333045e-09	2.101256e+01	2.860171e+02
1.410000e-06	2.898677e-06	4.361719e-09	2.121468e+01	2.878382e+02
1.420000e-06	2.925120e-06	4.389579e-09	2.140820e+01	2.895650e+02
1.430000e-06	2.950177e-06	4.414081e-09	2.159160e+01	2.912004e+02
1.440000e-06	2.974073e-06	4.435335e-09	2.176648e+01	2.927465e+02
1.450000e-06	2.996982e-06	4.455411e-09	2.193415e+01	2.942051e+02
1.460000e-06	3.018896e-06	4.472840e-09	2.209453e+01	2.955778e+02
1.470000e-06	3.039856e-06	4.488858e-09	2.224793e+01	2.968662e+02
1.480000e-06	3.059920e-06	4.506563e-09	2.239477e+01	2.980724e+02
1.490000e-06	3.079009e-06	4.524859e-09	2.253448e+01	2.991986e+02
1.500000e-06	3.096938e-06	4.541311e-09	2.266570e+01	3.002475e+02
1.510000e-06	3.113721e-06	4.555091e-09	2.278853e+01	3.012223e+02
1.520000e-06	3.129353e-06	4.571255e-09	2.290294e+01	3.021263e+02
1.530000e-06	3.143730e-06	4.588173e-09	2.300816e+01	3.029631e+02
1.540000e-06	3.156956e-06	4.601271e-09	2.310495e+01	3.037363e+02
1.550000e-06	3.169086e-06	4.611127e-09	2.319373e+01	3.044493e+02
1.560000e-06	3.179956e-06	4.618777e-09	2.327329e+01	3.051050e+02
1.570000e-06	3.189424e-06	4.625080e-09	2.334258e+01	3.057058e+02
1.580000e-06	3.197560e-06	4.631158e-09	2.340213e+01	3.062536e+02
1.590000e-06	3.204603e-06	4.637964e-09	2.345367e+01	3.067493e+02
1.600000e-06	3.210573e-06	4.645832e-09	2.349737e+01	3.071935e+02
1.610000e-06	3.215444e-06	4.653436e-09	2.353302e+01	3.075859e+02
1.620000e-06	3.219353e-06	4.661260e-09	2.356162e+01	3.079262e+02
1.630000e-06	3.222165e-06	4.668609e-09	2.358221e+01	3.082135e+02
1.640000e-06	3.223642e-06	4.672684e-09	2.359301e+01	3.084471e+02
1.650000e-06	3.223886e-06	4.674076e-09	2.359480e+01	3.086266e+02
1.660000e-06	3.223084e-06	4.673431e-09	2.358893e+01	3.087519e+02
1.670000e-06	3.221276e-06	4.672316e-09	2.357570e+01	3.088237e+02
1.680000e-06	3.218467e-06	4.671867e-09	2.355514e+01	3.088432e+02
1.690000e-06	3.214731e-06	4.672745e-09	2.352779e+01	3.088126e+02
1.700000e-06	3.210141e-06	4.673108e-09	2.349420e+01	3.087346e+02
1.710000e-06	3.204404e-06	4.675600e-09	2.345222e+01	3.086127e+02
1.720000e-06	3.197371e-06	4.690833e-09	2.340074e+01	3.084507e+02
1.730000e-06	3.189323e-06	4.685118e-09	2.334184e+01	3.082526e+02
1.740000e-06	3.180221e-06	4.629406e-09	2.327523e+01	3.080225e+02
1.750000e-06	3.169585e-06	4.582655e-09	2.319739e+01	3.077639e+02
1.760000e-06	3.156985e-06	4.655342e-09	2.310517e+01	3.074799e+02
1.770000e-06	3.142901e-06	4.732773e-09	2.300209e+01	3.071727e+02
1.780000e-06	3.128365e-06	4.656228e-09	2.289571e+01	3.068436e+02
1.790000e-06	3.113332e-06	4.538232e-09	2.278568e+01	3.064926e+02
1.800000e-06	3.096979e-06	4.622082e-09	2.266600e+01	3.061189e+02
1.810000e-06	3.079417e-06	4.692772e-09	2.253747e+01	3.057203e+02
1.820000e-06	3.061150e-06	4.578174e-09	2.240377e+01	3.052938e+02
1.830000e-06	3.041966e-06	4.700517e-09	2.226337e+01	3.048356e+02
1.840000e-06	3.021650e-06	4.818711e-09	2.211469e+01	3.043412e+02
1.850000e-06	3.000302e-06	4.614037e-09	2.195845e+01	3.038059e+02
1.860000e-06	2.977722e-06	4.574923e-09	2.179319e+01	3.032248e+02
1.870000e-06	2.953916e-06	4.695155e-09	2.161896e+01	3.025934e+02
1.880000e-06	2.929126e-06	4.572428e-09	2.143752e+01	3.019072e+02
1.890000e-06	2.903181e-06	4.529303e-09	2.124764e+01	3.011627e+02
1.900000e-06	2.876070e-06	4.666141e-09	2.104922e+01	3.003566e+02
1.910000e-06	2.848069e-06	4.621676e-09	2.084429e+01	2.994867e+02
1.920000e-06	2.819068e-06	4.544797e-09	2.063204e+01	2.985514e+02
1.930000e-06	2.788845e-06	4.551613e-09	2.041084e+01	2.975499e+02
1.940000e-06	2.757531e-06	4.507232e-09	2.018167e+01	2.964820e+02
1.950000e-06	2.725156e-06	4.517253e-09	1.994473e+01	2.953480e+02
1.960000e-06	2.691802e-06	4.487072e-09	1.970061e+01	2.941487e+02
1.970000e-06	2.657626e-06	4.431704e-09	1.945049e+01	2.928850e+02
1.980000e-06	2.622546e-06	4.519391e-09	1.919375e+01	2.915583e+02
1.990000e-06	2.586715e-06	4.460215e-09	1.893151e+01	2.901698e+02
2.000000e-06	2.550116e-06	4.339067e-09	1.866365e+01	2.887205e+02
2.010000e-06	2.512292e-06	4.401898e-09	1.838683e+01	2.872116e+02
2.020000e-06	2.473227e-06	4.395850e-09	1.810092e+01	2.856439e+02
2.030000e-06	2.433285e-06	4.307023e-09	1.780859e+01	2.840180e+02
2.040000e-06	2.392600e-06	4.315684e-09	1.751083e+01	2.823344e+02
2.050000e-06	2.351178e-06	4.323784e-09	1.720767e+01	2.805932e+02
2.060000e-06	2.308999e-06	4.274837e-09	1.689897e+01	2.787944e+02
2.070000e-06	2.266046e-06	4.198815e-09	1.658461e+01	2.769378e+02
2.080000e-06	2.222452e-06	4.166334e-09	1.626556e+01	2.750231e+02
2.090000e-06	2.178304e-06	4.198156e-09	1.594245e+01	2.730495e+02
2.100000e-06	2.133401e-06	4.150439e-09	1.561382e+01	2.710163e+02
2.110000e-06	2.087497e-06	4.081672e-09	1.527786e+01	2.689226e+02
2.120000e-06	2.040861e-06	4.083756e-09	1.493654e+01	2.667671e+02
2.130000e-06	1.993664e-06	4.069173e-09	1.459112e+01	2.645484e+02
2.140000e-06	1.945645e-06	4.005520e-09	1.423968e+01	2.622649e+02
2.150000e-06	1.896751e-06	3.941608e-09	1.388184e+01	2.599146e+02
2.160000e-06	1.847181e-06	3.933906e-09	1.351905e+01	2.574955e+02
2.170000e-06	1.797023e-06	3.915929e-09	1.315196e+01	2.550050e+02
2.180000e-06	1.746186e-06	3.850772e-09	1.277989e+01	2.524405e+02
2.190000e-06	1.694668e-06	3.810524e-09	1.240284e+01	2.497991e+02
2.200000e-06	1.642523e-06	3.785327e-09	1.202120e+01	2.470775e+02
2.210000e-06	1.589609e-06	3.739862e-09	1.163394e+01	2.442724e+02
2.220000e-06	1.535742e-06	3.689016e-09	1.123970e+01	2.413801e+02
2.230000e-06	1.480981e-06	3.646227e-09	1.083892e+01	2.383969e+02
2.240000e-06	1.425588e-06	3.613574e-09	1.043352e+01	2.353189e+02
2.250000e-06	1.369770e-06	3.560354e-09	1.002500e+01	2.321418e+02
2.260000e-06	1.313638e-06	3.492913e-09	9.614183e+00	2.288616e+02
2.270000e-06	1.257102e-06	3.445654e-09	9.200410e+00	2.254738e+02
2.280000e-06	1.200069e-06	3.399064e-09	8.782997e+00	2.219740e+02
2.290000e-06	1.142647e-06	3.348509e-09	8.362741e+00	2.183576e+02
2.300000e-06	1.084884e-06	3.288810e-09	7.939987e+00	2.146200e+02
2.310000e-06	1.026769e-06	3.225508e-09	7.514662e+00	2.107567e+02
2.320000e-06	9.682869e-07	3.168538e-09	7.086645e+00	2.067628e+02
2.330000e-06	9.093722e-07	3.105014e-09	6.655463e+00	2.026339e+02
2.340000e-06	8.500684e-07	3.038304e-09	6.221434e+00	1.983652e+02
2.350000e-06	7.905289e-07	2.968010e-09	5.785680e+00	1.939521e+02
2.360000e-06	7.308444e-07	2.900132e-09	5.348864e+00	1.893901e+02
2.370000e-06	6.710583e-07	2.833395e-09	4.911304e+00	1.846745e+02
2.380000e-06	6.111795e-07	2.756543e-09	4.473067e+00	1.798005e+02
2.390000e-06	5.511796e-07	2.675104e-09	4.033943e+00	1.747631e+02
2.400000e-06	4.910408e-07	2.596023e-09	3.593803e+00	1.695570e+02
2.410000e-06	4.307554e-07	2.514878e-09	3.152589e+00	1.641764e+02
2.420000e-06	3.703569e-07	2.429713e-09	2.710548e+00	1.586145e+02
2.430000e-06	3.098531e-07	2.345269e-09	2.267736e+00	1.528640e+02
2.440000e-06	2.492669e-07	2.261883e-09	1.824321e+00	1.469164e+02
2.450000e-06	1.885708e-07	2.169938e-09	1.380102e+00	1.407619e+02
2.460000e-06	1.276909e-07	2.064336e-09	9.345368e-01	1.343898e+02
2.470000e-06	6.667527e-08	1.959122e-09	4.879793e-01	1.277880e+02
2.480000e-06	5.645068e-09	1.858530e-09	4.131481e-02	1.209435e+02
2.490000e-06	-5.541338e-08	1.753810e-09	-4.055564e-01	1.138426e+02
2.500000e-06	-1.165000e-07	1.641633e-09	-8.526339e-01	1.064714e+02
2.510000e-06	-1.775282e-07	1.525336e-09	-1.299284e+00	9.881616e+01
2.520000e-06	-2.384780e-07	1.405901e-09	-1.745359e+00	9.086414e+01
2.530000e-06	-2.992833e-07	1.280945e-09	-2.190378e+00	8.260443e+01
2.540000e-06	-3.599594e-07	1.151767e-09	-2.634451e+00	7.402875e+01
2.550000e-06	-4.204861e-07	1.017822e-09	-3.077430e+00	6.513237e+01
2.560000e-06	-4.808161e-07	8.777605e-10	-3.518971e+00	5.591499e+01
2.570000e-06	-5.409841e-07	7.301893e-10	-3.959325e+00	4.638154e+01
2.580000e-06	-6.010316e-07	5.791295e-10	-4.398797e+00	3.654281e+01
2.590000e-06	-6.609941e-07	4.256832e-10	-4.837647e+00	2.641600e+01
2.600000e-06	-7.208521e-07	2.686867e-10	-5.275733e+00	1.602492e+01
2.610000e-06	-7.805577e-07	1.077969e-10	-5.712703e+00	5.399956e+00
2.620000e-06	-8.400617e-07	-5.816951e-11	-6.148198e+00	-5.422185e+00
2.630000e-06	-8.993022e-07	-2.262822e-10	-6.581763e+00	-1.639912e+01
2.640000e-06	-9.582060e-07	-3.944415e-10	-7.012865e+00	-2.748366e+01
2.650000e-06	-1.016724e-06	-5.624367e-10	-7.441143e+00	-3.862490e+01
2.660000e-06	-1.074825e-06	-7.333274e-10	-7.866368e+00	-4.976961e+01
2.670000e-06	-1.132500e-06	-9.045193e-10	-8.288480e+00	-6.086361e+01
2.680000e-06	-1.189723e-06	-1.071369e-09	-8.707279e+00	-7.185335e+01
2.690000e-06	-1.246470e-06	-1.233642e-09	-9.122593e+00	-8.268738e+01
2.700000e-06	-1.302828e-06	-1.394436e-09	-9.535066e+00	-9.331778e+01
2.710000e-06	-1.358856e-06	-1.553451e-09	-9.945117e+00	-1.037014e+02
2.720000e-06	-1.414570e-06	-1.706815e-09	-1.035288e+01	-1.138009e+02
2.730000e-06	-1.469849e-06	-1.855400e-09	-1.075745e+01	-1.235853e+02
2.740000e-06	-1.524440e-06	-2.000773e-09	-1.115698e+01	-1.330309e+02
2.750000e-06	-1.578180e-06	-2.142127e-09	-1.155030e+01	-1.421206e+02
2.760000e-06	-1.631058e-06	-2.277150e-09	-1.193730e+01	-1.508446e+02
2.770000e-06	-1.683237e-06	-2.405073e-09	-1.231918e+01	-1.591990e+02
2.780000e-06	-1.734819e-06	-2.527034e-09	-1.269670e+01	-1.671859e+02
2.790000e-06	-1.785749e-06	-2.644824e-09	-1.306944e+01	-1.748120e+02
2.800000e-06	-1.836053e-06	-2.756972e-09	-1.343761e+01	-1.820875e+02
2.810000e-06	-1.885685e-06	-2.861839e-09	-1.380085e+01	-1.890255e+02
2.820000e-06	-1.934462e-06	-2.961869e-09	-1.415783e+01	-1.956404e+02
2.830000e-06	-1.982190e-06	-3.058237e-09	-1.450714e+01	-2.019476e+02
2.840000e-06	-2.029029e-06	-3.150350e-09	-1.484995e+01	-2.079620e+02
2.850000e-06	-2.075283e-06	-3.237362e-09	-1.518846e+01	-2.136978e+02
2.860000e-06	-2.120946e-06	-3.320206e-09	-1.552266e+01	-2.191679e+02
2.870000e-06	-2.165884e-06	-3.400494e-09	-1.585155e+01	-2.243840e+02
2.880000e-06	-2.210128e-06	-3.478627e-09	-1.617536e+01	-2.293559e+02
2.890000e-06	-2.253806e-06	-3.553554e-09	-1.649503e+01	-2.340922e+02
2.900000e-06	-2.296837e-06	-3.625295e-09	-1.680996e+01	-2.386006e+02
2.910000e-06	-2.339102e-06	-3.694841e-09	-1.711929e+01	-2.428876e+02
2.920000e-06	-2.380530e-06	-3.760698e-09	-1.742249e+01	-2.469596e+02
2.930000e-06	-2.421204e-06	-3.822282e-09	-1.772017e+01	-2.508229e+02
2.940000e-06	-2.461146e-06	-3.879747e-09	-1.801250e+01	-2.544842e+02
2.950000e-06	-2.500175e-06	-3.934520e-09	-1.829814e+01	-2.579505e+02
2.960000e-06	-2.538032e-06	-3.988349e-09	-1.857521e+01	-2.612298e+02
2.970000e-06	-2.574764e-06	-4.041447e-09	-1.884404e+01	-2.643304e+02
2.980000e-06	-2.610640e-06	-4.091201e-09	-1.910661e+01	-2.672617e+02
2.990000e-06	-2.645677e-06	-4.136950e-09	-1.936303e+01	-2.700332e+02
3.000000e-06	-2.679792e-06	-4.180163e-09	-1.961271e+01	-2.726547e+02
3.010000e-06	-2.712950e-06	-4.220950e-09	-1.985539e+01	-2.751361e+02
3.020000e-06	-2.745235e-06	-4.258175e-09	-2.009168e+01	-2.774865e+02
3.030000e-06	-2.776708e-06	-4.292725e-09	-2.032202e+01	-2.797149e+02
3.040000e-06	-2.807146e-06	-4.327340e-09	-2.054479e+01	-2.818289e+02
3.050000e-06	-2.836314e-06	-4.361517e-09	-2.075826e+01	-2.838353e+02
3.060000e-06	-2.864421e-06	-4.392902e-09	-2.096397e+01	-2.857399e+02
3.070000e-06	-2.891674e-06	-4.421779e-09	-2.116343e+01	-2.875471e+02
3.080000e-06	-2.917918e-06	-4.450130e-09	-2.135550e+01	-2.892605e+02
3.090000e-06	-2.943072e-06	-4.476257e-09	-2.153959e+01	-2.908827e+02
3.100000e-06	-2.967323e-06	-4.500650e-09	-2.171708e+01	-2.924160e+02
3.110000e-06	-2.990703e-06	-4.524416e-09	-2.188819e+01	-2.938620e+02
3.120000e-06	-3.012838e-06	-4.546453e-09	-2.205020e+01	-2.952224e+02
3.130000e-06	-3.033669e-06	-4.565552e-09	-2.220265e+01	-2.964988e+02
3.140000e-06	-3.053489e-06	-4.581718e-09	-2.234770e+01	-2.976932e+02
3.150000e-06	-3.072351e-06	-4.598615e-09	-2.248575e+01	-2.988079e+02
3.160000e-06	-3.090169e-06	-4.617124e-09	-2.261616e+01	-2.998458e+02
3.170000e-06	-3.106981e-06	-4.633553e-09	-2.273920e+01	-3.008100e+02
3.180000e-06	-3.122869e-06	-4.646958e-09	-2.285548e+01	-3.017040e+02
3.190000e-06	-3.137547e-06	-4.658763e-09	-2.296291e+01	-3.025313e+02
3.200000e-06	-3.150746e-06	-4.671202e-09	-2.305950e+01	-3.032955e+02
3.210000e-06	-3.162510e-06	-4.683016e-09	-2.314560e+01	-3.039999e+02
3.220000e-06	-3.173041e-06	-4.693115e-09	-2.322268e+01	-3.046474e+02
3.230000e-06	-3.182524e-06	-4.702271e-09	-2.329208e+01	-3.052404e+02
3.240000e-06	-3.190982e-06	-4.709602e-09	-2.335399e+01	-3.057804e+02
3.250000e-06	-3.198360e-06	-4.716378e-09	-2.340798e+01	-3.062686e+02
3.260000e-06	-3.204464e-06	-4.723576e-09	-2.345265e+01	-3.067051e+02
3.270000e-06	-3.209286e-06	-4.730292e-09	-2.348794e+01	-3.070900e+02
3.280000e-06	-3.213025e-06	-4.735373e-09	-2.351531e+01	-3.074225e+02
3.290000e-06	-3.215757e-06	-4.738320e-09	-2.353530e+01	-3.077019e+02
3.300000e-06	-3.217400e-06	-4.740709e-09	-2.354733e+01	-3.079276e+02
3.310000e-06	-3.217993e-06	-4.743974e-09	-2.355167e+01	-3.080991e+02
