# Temperatura_=_20.0
# Concentracion g/m^3_=_8200.0
# C_Vs_to_Am_M_A/Vsm_=_65563218390.804596
# pendiente_HvsI_1/m_=_3716.3
# ordenada_HvsI_A/m_=_1297.0
# frecuencia_Hz_=_301518.941688634

Tiempo_(s)	Campo_(V.s)	Magnetizacion_(V.s)	Campo_(kA/m)	Magnetizacion_(A/m)
0.000000e+00	-4.646423e-06	-5.156402e-09	-3.466439e+01	-3.369150e+02
1.000000e-08	-4.644932e-06	-5.161734e-09	-3.465327e+01	-3.369000e+02
2.000000e-08	-4.641667e-06	-5.161091e-09	-3.462892e+01	-3.368591e+02
3.000000e-08	-4.636973e-06	-5.158889e-09	-3.459389e+01	-3.367946e+02
4.000000e-08	-4.630891e-06	-5.159351e-09	-3.454852e+01	-3.367069e+02
5.000000e-08	-4.623409e-06	-5.159416e-09	-3.449270e+01	-3.365956e+02
6.000000e-08	-4.614439e-06	-5.156074e-09	-3.442578e+01	-3.364588e+02
7.000000e-08	-4.603696e-06	-5.145729e-09	-3.434563e+01	-3.362936e+02
8.000000e-08	-4.591217e-06	-5.120608e-09	-3.425254e+01	-3.360963e+02
9.000000e-08	-4.576816e-06	-5.164793e-09	-3.414509e+01	-3.358631e+02
1.000000e-07	-4.560066e-06	-5.207723e-09	-3.402013e+01	-3.355902e+02
1.100000e-07	-4.541366e-06	-5.161605e-09	-3.388062e+01	-3.352743e+02
1.200000e-07	-4.521287e-06	-5.153699e-09	-3.373083e+01	-3.349130e+02
1.300000e-07	-4.500057e-06	-5.042258e-09	-3.357244e+01	-3.345051e+02
1.400000e-07	-4.477739e-06	-5.017207e-09	-3.340593e+01	-3.340504e+02
1.500000e-07	-4.454171e-06	-5.242378e-09	-3.323011e+01	-3.335498e+02
1.600000e-07	-4.429215e-06	-5.065733e-09	-3.304393e+01	-3.330051e+02
1.700000e-07	-4.402692e-06	-4.985504e-09	-3.284605e+01	-3.324188e+02
1.800000e-07	-4.374421e-06	-5.193262e-09	-3.263514e+01	-3.317933e+02
1.900000e-07	-4.344618e-06	-4.978322e-09	-3.241279e+01	-3.311309e+02
2.000000e-07	-4.313479e-06	-4.943392e-09	-3.218048e+01	-3.304332e+02
2.100000e-07	-4.280830e-06	-5.134361e-09	-3.193691e+01	-3.297009e+02
2.200000e-07	-4.246474e-06	-4.939815e-09	-3.168060e+01	-3.289333e+02
2.300000e-07	-4.210604e-06	-4.923813e-09	-3.141299e+01	-3.281286e+02
2.400000e-07	-4.173257e-06	-5.045830e-09	-3.113436e+01	-3.272836e+02
2.500000e-07	-4.134380e-06	-4.915022e-09	-3.084432e+01	-3.263942e+02
2.600000e-07	-4.094054e-06	-4.961830e-09	-3.054347e+01	-3.254560e+02
2.700000e-07	-4.051990e-06	-4.970024e-09	-3.022966e+01	-3.244641e+02
2.800000e-07	-4.008343e-06	-4.886699e-09	-2.990404e+01	-3.234141e+02
2.900000e-07	-3.963331e-06	-4.897458e-09	-2.956822e+01	-3.223026e+02
3.000000e-07	-3.916877e-06	-4.875504e-09	-2.922165e+01	-3.211271e+02
3.100000e-07	-3.868954e-06	-4.855199e-09	-2.886413e+01	-3.198870e+02
3.200000e-07	-3.819222e-06	-4.859321e-09	-2.849311e+01	-3.185828e+02
3.300000e-07	-3.767619e-06	-4.829863e-09	-2.810813e+01	-3.172169e+02
3.400000e-07	-3.714523e-06	-4.766148e-09	-2.771200e+01	-3.157927e+02
3.500000e-07	-3.660134e-06	-4.752494e-09	-2.730624e+01	-3.143144e+02
3.600000e-07	-3.604670e-06	-4.783931e-09	-2.689245e+01	-3.127866e+02
3.700000e-07	-3.548069e-06	-4.742482e-09	-2.647019e+01	-3.112135e+02
3.800000e-07	-3.489941e-06	-4.704901e-09	-2.603652e+01	-3.095983e+02
3.900000e-07	-3.430383e-06	-4.695419e-09	-2.559219e+01	-3.079427e+02
4.000000e-07	-3.369675e-06	-4.650066e-09	-2.513928e+01	-3.062467e+02
4.100000e-07	-3.307839e-06	-4.625489e-09	-2.467796e+01	-3.045081e+02
4.200000e-07	-3.244967e-06	-4.582129e-09	-2.420890e+01	-3.027227e+02
4.300000e-07	-3.181204e-06	-4.560130e-09	-2.373321e+01	-3.008846e+02
4.400000e-07	-3.116250e-06	-4.557363e-09	-2.324862e+01	-2.989862e+02
4.500000e-07	-3.049780e-06	-4.509903e-09	-2.275272e+01	-2.970191e+02
4.600000e-07	-2.982115e-06	-4.471524e-09	-2.224791e+01	-2.949750e+02
4.700000e-07	-2.913605e-06	-4.451141e-09	-2.173680e+01	-2.928457e+02
4.800000e-07	-2.844241e-06	-4.423337e-09	-2.121931e+01	-2.906243e+02
4.900000e-07	-2.773902e-06	-4.361436e-09	-2.069455e+01	-2.883058e+02
5.000000e-07	-2.702587e-06	-4.325494e-09	-2.016251e+01	-2.858869e+02
5.100000e-07	-2.630412e-06	-4.315418e-09	-1.962405e+01	-2.833664e+02
5.200000e-07	-2.557216e-06	-4.269404e-09	-1.907797e+01	-2.807452e+02
5.300000e-07	-2.482692e-06	-4.212617e-09	-1.852200e+01	-2.780256e+02
5.400000e-07	-2.406952e-06	-4.172117e-09	-1.795694e+01	-2.752108e+02
5.500000e-07	-2.330346e-06	-4.135773e-09	-1.738542e+01	-2.723043e+02
5.600000e-07	-2.252900e-06	-4.083941e-09	-1.680765e+01	-2.693086e+02
5.700000e-07	-2.174392e-06	-4.034481e-09	-1.622194e+01	-2.662252e+02
5.800000e-07	-2.094804e-06	-3.994900e-09	-1.562817e+01	-2.630529e+02
5.900000e-07	-2.014383e-06	-3.944345e-09	-1.502820e+01	-2.597882e+02
6.000000e-07	-1.933297e-06	-3.884031e-09	-1.442326e+01	-2.564244e+02
6.100000e-07	-1.851461e-06	-3.831922e-09	-1.381273e+01	-2.529521e+02
6.200000e-07	-1.768922e-06	-3.780591e-09	-1.319695e+01	-2.493592e+02
6.300000e-07	-1.685894e-06	-3.719174e-09	-1.257752e+01	-2.456317e+02
6.400000e-07	-1.602439e-06	-3.658010e-09	-1.195491e+01	-2.417543e+02
6.500000e-07	-1.518552e-06	-3.604536e-09	-1.132908e+01	-2.377116e+02
6.600000e-07	-1.434281e-06	-3.541390e-09	-1.070038e+01	-2.334885e+02
6.700000e-07	-1.349615e-06	-3.465612e-09	-1.006873e+01	-2.290716e+02
6.800000e-07	-1.264472e-06	-3.392902e-09	-9.433525e+00	-2.244493e+02
6.900000e-07	-1.178891e-06	-3.320247e-09	-8.795054e+00	-2.196123e+02
7.000000e-07	-1.092950e-06	-3.245587e-09	-8.153894e+00	-2.145531e+02
7.100000e-07	-1.006669e-06	-3.169293e-09	-7.510200e+00	-2.092658e+02
7.200000e-07	-9.200748e-07	-3.088587e-09	-6.864170e+00	-2.037452e+02
7.300000e-07	-8.332169e-07	-2.999783e-09	-6.216171e+00	-1.979852e+02
7.400000e-07	-7.461342e-07	-2.905747e-09	-5.566495e+00	-1.919776e+02
7.500000e-07	-6.588401e-07	-2.810695e-09	-4.915242e+00	-1.857105e+02
7.600000e-07	-5.713959e-07	-2.709821e-09	-4.262869e+00	-1.791670e+02
7.700000e-07	-4.838104e-07	-2.603223e-09	-3.609442e+00	-1.723239e+02
7.800000e-07	-3.960820e-07	-2.492318e-09	-2.954949e+00	-1.651515e+02
7.900000e-07	-3.082514e-07	-2.378012e-09	-2.299693e+00	-1.576130e+02
8.000000e-07	-2.203636e-07	-2.255220e-09	-1.644011e+00	-1.496653e+02
8.100000e-07	-1.323809e-07	-2.123651e-09	-9.876209e-01	-1.412609e+02
8.200000e-07	-4.430734e-08	-1.985188e-09	-3.305526e-01	-1.323494e+02
8.300000e-07	4.379372e-08	-1.840756e-09	3.267208e-01	-1.228809e+02
8.400000e-07	1.318881e-07	-1.689471e-09	9.839443e-01	-1.128086e+02
8.500000e-07	2.199354e-07	-1.526353e-09	1.640816e+00	-1.020934e+02
8.600000e-07	3.079345e-07	-1.351546e-09	2.297329e+00	-9.070678e+01
8.700000e-07	3.958385e-07	-1.165822e-09	2.953132e+00	-7.863452e+01
8.800000e-07	4.836367e-07	-9.717511e-10	3.608146e+00	-6.587989e+01
8.900000e-07	5.713278e-07	-7.704158e-10	4.262361e+00	-5.246572e+01
9.000000e-07	6.588712e-07	-5.632786e-10	4.915474e+00	-3.843577e+01
9.100000e-07	7.462631e-07	-3.467077e-10	5.567457e+00	-2.385500e+01
9.200000e-07	8.334319e-07	-1.187967e-10	6.217775e+00	-8.808547e+00
9.300000e-07	9.203154e-07	1.184980e-10	6.865965e+00	6.600327e+00
9.400000e-07	1.006956e-06	3.604811e-10	7.512344e+00	2.225349e+01
9.500000e-07	1.093279e-06	6.036800e-10	8.156349e+00	3.802205e+01
9.600000e-07	1.179158e-06	8.473725e-10	8.797045e+00	5.377115e+01
9.700000e-07	1.264586e-06	1.087094e-09	9.434374e+00	6.936520e+01
9.800000e-07	1.349571e-06	1.319880e-09	1.006841e+01	8.467313e+01
9.900000e-07	1.434129e-06	1.543992e-09	1.069924e+01	9.957340e+01
1.000000e-06	1.518244e-06	1.760116e-09	1.132678e+01	1.139585e+02
1.010000e-06	1.601906e-06	1.964435e-09	1.195094e+01	1.277385e+02
1.020000e-06	1.685153e-06	2.156833e-09	1.257199e+01	1.408439e+02
1.030000e-06	1.767837e-06	2.341187e-09	1.318885e+01	1.532267e+02
1.040000e-06	1.849735e-06	2.514983e-09	1.379985e+01	1.648610e+02
1.050000e-06	1.930837e-06	2.677633e-09	1.440491e+01	1.757418e+02
1.060000e-06	2.011215e-06	2.830489e-09	1.500457e+01	1.858831e+02
1.070000e-06	2.090897e-06	2.977279e-09	1.559903e+01	1.953152e+02
1.080000e-06	2.169832e-06	3.113205e-09	1.618792e+01	2.040810e+02
1.090000e-06	2.247915e-06	3.236907e-09	1.677045e+01	2.122322e+02
1.100000e-06	2.325195e-06	3.352234e-09	1.734699e+01	2.198255e+02
1.110000e-06	2.401706e-06	3.460325e-09	1.791780e+01	2.269188e+02
1.120000e-06	2.477355e-06	3.562004e-09	1.848218e+01	2.335677e+02
1.130000e-06	2.552034e-06	3.657266e-09	1.903931e+01	2.398232e+02
1.140000e-06	2.625573e-06	3.749497e-09	1.958795e+01	2.457296e+02
1.150000e-06	2.697921e-06	3.836923e-09	2.012770e+01	2.513233e+02
1.160000e-06	2.769285e-06	3.918221e-09	2.066010e+01	2.566324e+02
1.170000e-06	2.839755e-06	3.993118e-09	2.118584e+01	2.616774e+02
1.180000e-06	2.909242e-06	4.062686e-09	2.170425e+01	2.664716e+02
1.190000e-06	2.977785e-06	4.127885e-09	2.221561e+01	2.710233e+02
1.200000e-06	3.045442e-06	4.190976e-09	2.272036e+01	2.753366e+02
1.210000e-06	3.112027e-06	4.249959e-09	2.321712e+01	2.794139e+02
1.220000e-06	3.177256e-06	4.302820e-09	2.370375e+01	2.832569e+02
1.230000e-06	3.241211e-06	4.351911e-09	2.418088e+01	2.868683e+02
1.240000e-06	3.304119e-06	4.401506e-09	2.465021e+01	2.902531e+02
1.250000e-06	3.365975e-06	4.449656e-09	2.511168e+01	2.934185e+02
1.260000e-06	3.426766e-06	4.492394e-09	2.556521e+01	2.963747e+02
1.270000e-06	3.486555e-06	4.532565e-09	2.601126e+01	2.991345e+02
1.280000e-06	3.545114e-06	4.572279e-09	2.644813e+01	3.017127e+02
1.290000e-06	3.602090e-06	4.608837e-09	2.687320e+01	3.041254e+02
1.300000e-06	3.657577e-06	4.639926e-09	2.728716e+01	3.063890e+02
1.310000e-06	3.711802e-06	4.668865e-09	2.769170e+01	3.085194e+02
1.320000e-06	3.764793e-06	4.698261e-09	2.808704e+01	3.105309e+02
1.330000e-06	3.816337e-06	4.727505e-09	2.847158e+01	3.124361e+02
1.340000e-06	3.866067e-06	4.754625e-09	2.884259e+01	3.142449e+02
1.350000e-06	3.914099e-06	4.780732e-09	2.920093e+01	3.159646e+02
1.360000e-06	3.960708e-06	4.806360e-09	2.954865e+01	3.176000e+02
1.370000e-06	4.005953e-06	4.829734e-09	2.988620e+01	3.191540e+02
1.380000e-06	4.049957e-06	4.851093e-09	3.021449e+01	3.206277e+02
1.390000e-06	4.092557e-06	4.871957e-09	3.053231e+01	3.220212e+02
1.400000e-06	4.133493e-06	4.892846e-09	3.083770e+01	3.233343e+02
1.410000e-06	4.172989e-06	4.911776e-09	3.113236e+01	3.245672e+02
1.420000e-06	4.211167e-06	4.928131e-09	3.141719e+01	3.257208e+02
1.430000e-06	4.247962e-06	4.944531e-09	3.169170e+01	3.267970e+02
1.440000e-06	4.283419e-06	4.960275e-09	3.195623e+01	3.277991e+02
1.450000e-06	4.317219e-06	4.974126e-09	3.220839e+01	3.287314e+02
1.460000e-06	4.349323e-06	4.987095e-09	3.244790e+01	3.295992e+02
1.470000e-06	4.380027e-06	5.001154e-09	3.267696e+01	3.304082e+02
1.480000e-06	4.409304e-06	5.014907e-09	3.289538e+01	3.311645e+02
1.490000e-06	4.437178e-06	5.026543e-09	3.310333e+01	3.318733e+02
1.500000e-06	4.463371e-06	5.037369e-09	3.329875e+01	3.325395e+02
1.510000e-06	4.487718e-06	5.047855e-09	3.348039e+01	3.331665e+02
1.520000e-06	4.510485e-06	5.058088e-09	3.365024e+01	3.337563e+02
1.530000e-06	4.531780e-06	5.067161e-09	3.380910e+01	3.343098e+02
1.540000e-06	4.551654e-06	5.075297e-09	3.395738e+01	3.348262e+02
1.550000e-06	4.569975e-06	5.084428e-09	3.409406e+01	3.353041e+02
1.560000e-06	4.586508e-06	5.092231e-09	3.421741e+01	3.357410e+02
1.570000e-06	4.601295e-06	5.096660e-09	3.432772e+01	3.361345e+02
1.580000e-06	4.614435e-06	5.100742e-09	3.442575e+01	3.364823e+02
1.590000e-06	4.625761e-06	5.106206e-09	3.451025e+01	3.367827e+02
1.600000e-06	4.635072e-06	5.112195e-09	3.457971e+01	3.370351e+02
1.610000e-06	4.642588e-06	5.116834e-09	3.463579e+01	3.372400e+02
1.620000e-06	4.648562e-06	5.120041e-09	3.468035e+01	3.373988e+02
1.630000e-06	4.653114e-06	5.123400e-09	3.471431e+01	3.375144e+02
1.640000e-06	4.656024e-06	5.126274e-09	3.473602e+01	3.375903e+02
1.650000e-06	4.657053e-06	5.130927e-09	3.474370e+01	3.376303e+02
1.660000e-06	4.656482e-06	5.134250e-09	3.473944e+01	3.376386e+02
1.670000e-06	4.654501e-06	5.131522e-09	3.472466e+01	3.376188e+02
1.680000e-06	4.651171e-06	5.132199e-09	3.469982e+01	3.375736e+02
1.690000e-06	4.646409e-06	5.129933e-09	3.466429e+01	3.375049e+02
1.700000e-06	4.639881e-06	5.126692e-09	3.461559e+01	3.374132e+02
1.710000e-06	4.631743e-06	5.125422e-09	3.455487e+01	3.372975e+02
1.720000e-06	4.622286e-06	5.127276e-09	3.448432e+01	3.371559e+02
1.730000e-06	4.611479e-06	5.148278e-09	3.440370e+01	3.369852e+02
1.740000e-06	4.599137e-06	5.123991e-09	3.431162e+01	3.367818e+02
1.750000e-06	4.584687e-06	5.034442e-09	3.420382e+01	3.365418e+02
1.760000e-06	4.567785e-06	5.060724e-09	3.407772e+01	3.362614e+02
1.770000e-06	4.548785e-06	5.065011e-09	3.393598e+01	3.359376e+02
1.780000e-06	4.528549e-06	5.184881e-09	3.378500e+01	3.355681e+02
1.790000e-06	4.507814e-06	5.195691e-09	3.363031e+01	3.351519e+02
1.800000e-06	4.485921e-06	4.923662e-09	3.346698e+01	3.346888e+02
1.810000e-06	4.461813e-06	5.133710e-09	3.328712e+01	3.341802e+02
1.820000e-06	4.436075e-06	5.201465e-09	3.309511e+01	3.336279e+02
1.830000e-06	4.409245e-06	4.930291e-09	3.289494e+01	3.330344e+02
1.840000e-06	4.380592e-06	5.158798e-09	3.268118e+01	3.324022e+02
1.850000e-06	4.350011e-06	5.175391e-09	3.245303e+01	3.317334e+02
1.860000e-06	4.318009e-06	4.910147e-09	3.221428e+01	3.310296e+02
1.870000e-06	4.284552e-06	5.139528e-09	3.196467e+01	3.302911e+02
1.880000e-06	4.249756e-06	5.079445e-09	3.170508e+01	3.295171e+02
1.890000e-06	4.213569e-06	4.935029e-09	3.143511e+01	3.287054e+02
1.900000e-06	4.175513e-06	5.115565e-09	3.115120e+01	3.278528e+02
1.910000e-06	4.135806e-06	4.934924e-09	3.085496e+01	3.269551e+02
1.920000e-06	4.094622e-06	4.957072e-09	3.054771e+01	3.260076e+02
1.930000e-06	4.051992e-06	5.047504e-09	3.022967e+01	3.250057e+02
1.940000e-06	4.008260e-06	4.876931e-09	2.990341e+01	3.239450e+02
1.950000e-06	3.963119e-06	4.985497e-09	2.956664e+01	3.228222e+02
1.960000e-06	3.916365e-06	4.940852e-09	2.921784e+01	3.216352e+02
1.970000e-06	3.868090e-06	4.837118e-09	2.885768e+01	3.203835e+02
1.980000e-06	3.818358e-06	4.890969e-09	2.848666e+01	3.190681e+02
1.990000e-06	3.767346e-06	4.845824e-09	2.810609e+01	3.176915e+02
2.000000e-06	3.714853e-06	4.884396e-09	2.771447e+01	3.162573e+02
2.010000e-06	3.660660e-06	4.787496e-09	2.731016e+01	3.147699e+02
2.020000e-06	3.604909e-06	4.768934e-09	2.689424e+01	3.132338e+02
2.030000e-06	3.547897e-06	4.807001e-09	2.646890e+01	3.116530e+02
2.040000e-06	3.489687e-06	4.690852e-09	2.603463e+01	3.100305e+02
2.050000e-06	3.430361e-06	4.732725e-09	2.559203e+01	3.083677e+02
2.060000e-06	3.370129e-06	4.705846e-09	2.514267e+01	3.066643e+02
2.070000e-06	3.308557e-06	4.692309e-09	2.468332e+01	3.049178e+02
2.080000e-06	3.245461e-06	4.656192e-09	2.421259e+01	3.031235e+02
2.090000e-06	3.181261e-06	4.551283e-09	2.373363e+01	3.012752e+02
2.100000e-06	3.116007e-06	4.610149e-09	2.324681e+01	2.993652e+02
2.110000e-06	3.049687e-06	4.564295e-09	2.275203e+01	2.973850e+02
2.120000e-06	2.982399e-06	4.501643e-09	2.225003e+01	2.953262e+02
2.130000e-06	2.914212e-06	4.479368e-09	2.174133e+01	2.931810e+02
2.140000e-06	2.844891e-06	4.459842e-09	2.122416e+01	2.909426e+02
2.150000e-06	2.774158e-06	4.444216e-09	2.069646e+01	2.886064e+02
2.160000e-06	2.702282e-06	4.354572e-09	2.016024e+01	2.861693e+02
2.170000e-06	2.629523e-06	4.347785e-09	1.961742e+01	2.836308e+02
2.180000e-06	2.555931e-06	4.323540e-09	1.906839e+01	2.809918e+02
2.190000e-06	2.481424e-06	4.254945e-09	1.851253e+01	2.782550e+02
2.200000e-06	2.405935e-06	4.211914e-09	1.794935e+01	2.754236e+02
2.210000e-06	2.329475e-06	4.179183e-09	1.737893e+01	2.725010e+02
2.220000e-06	2.251808e-06	4.152730e-09	1.679950e+01	2.694897e+02
2.230000e-06	2.173019e-06	4.073377e-09	1.621169e+01	2.663905e+02
2.240000e-06	2.093399e-06	4.027951e-09	1.561769e+01	2.632021e+02
2.250000e-06	2.013101e-06	4.001871e-09	1.501863e+01	2.599203e+02
2.260000e-06	1.932202e-06	3.944156e-09	1.441509e+01	2.565379e+02
2.270000e-06	1.850646e-06	3.881559e-09	1.380665e+01	2.530451e+02
2.280000e-06	1.768424e-06	3.824843e-09	1.319323e+01	2.494292e+02
2.290000e-06	1.685585e-06	3.775240e-09	1.257522e+01	2.456761e+02
2.300000e-06	1.602265e-06	3.699334e-09	1.195361e+01	2.417703e+02
2.310000e-06	1.518607e-06	3.636942e-09	1.132949e+01	2.376964e+02
2.320000e-06	1.434593e-06	3.588894e-09	1.070271e+01	2.334397e+02
2.330000e-06	1.350062e-06	3.522001e-09	1.007207e+01	2.289869e+02
2.340000e-06	1.264907e-06	3.445289e-09	9.436773e+00	2.243270e+02
2.350000e-06	1.179149e-06	3.368628e-09	8.796976e+00	2.194507e+02
2.360000e-06	1.092823e-06	3.295397e-09	8.152949e+00	2.143512e+02
2.370000e-06	1.006111e-06	3.211770e-09	7.506040e+00	2.090227e+02
2.380000e-06	9.191065e-07	3.125288e-09	6.856946e+00	2.034599e+02
2.390000e-06	8.317857e-07	3.039864e-09	6.205493e+00	1.976563e+02
2.400000e-06	7.441847e-07	2.949290e-09	5.551951e+00	1.916034e+02
2.410000e-06	6.563372e-07	2.853831e-09	4.896569e+00	1.852883e+02
2.420000e-06	5.683425e-07	2.752755e-09	4.240089e+00	1.786933e+02
2.430000e-06	4.802530e-07	2.645580e-09	3.582902e+00	1.717938e+02
2.440000e-06	3.920363e-07	2.532006e-09	2.924766e+00	1.645589e+02
2.450000e-06	3.036468e-07	2.418656e-09	2.265341e+00	1.569507e+02
2.460000e-06	2.151836e-07	2.300232e-09	1.605366e+00	1.489251e+02
2.470000e-06	1.267317e-07	2.168930e-09	9.454750e-01	1.404338e+02
2.480000e-06	3.816812e-08	2.027279e-09	2.847513e-01	1.314265e+02
2.490000e-06	-5.050102e-08	1.878081e-09	-3.767602e-01	1.218534e+02
2.500000e-06	-1.390836e-07	1.721762e-09	-1.037626e+00	1.116690e+02
2.510000e-06	-2.275880e-07	1.557150e-09	-1.697908e+00	1.008356e+02
2.520000e-06	-3.160685e-07	1.385745e-09	-2.358012e+00	8.932715e+01
2.530000e-06	-4.044638e-07	1.205444e-09	-3.017481e+00	7.713228e+01
2.540000e-06	-4.927533e-07	1.012513e-09	-3.676160e+00	6.425763e+01
2.550000e-06	-5.808804e-07	8.065387e-10	-4.333628e+00	5.072968e+01
2.560000e-06	-6.688509e-07	5.896136e-10	-4.989927e+00	3.659603e+01
2.570000e-06	-7.566609e-07	3.645309e-10	-5.645029e+00	2.192531e+01
2.580000e-06	-8.442389e-07	1.325551e-10	-6.298400e+00	6.806109e+00
2.590000e-06	-9.315605e-07	-1.068077e-10	-6.949858e+00	-8.655404e+00
2.600000e-06	-1.018554e-06	-3.505109e-10	-7.598871e+00	-2.433885e+01
2.610000e-06	-1.105053e-06	-5.937868e-10	-8.244192e+00	-4.011389e+01
2.620000e-06	-1.190950e-06	-8.363256e-10	-8.885019e+00	-5.584518e+01
2.630000e-06	-1.276204e-06	-1.077219e-09	-9.521053e+00	-7.139752e+01
2.640000e-06	-1.360824e-06	-1.312601e-09	-1.015236e+01	-8.664120e+01
2.650000e-06	-1.444909e-06	-1.537735e-09	-1.077967e+01	-1.014569e+02
2.660000e-06	-1.528574e-06	-1.754602e-09	-1.140385e+01	-1.157399e+02
2.670000e-06	-1.611819e-06	-1.965754e-09	-1.202489e+01	-1.294040e+02
2.680000e-06	-1.694518e-06	-2.166278e-09	-1.264186e+01	-1.423832e+02
2.690000e-06	-1.776602e-06	-2.352012e-09	-1.325425e+01	-1.546336e+02
2.700000e-06	-1.858085e-06	-2.525506e-09	-1.386215e+01	-1.661331e+02
2.710000e-06	-1.938966e-06	-2.688350e-09	-1.446555e+01	-1.768802e+02
2.720000e-06	-2.019240e-06	-2.840729e-09	-1.506443e+01	-1.868923e+02
2.730000e-06	-2.098933e-06	-2.985332e-09	-1.565898e+01	-1.962020e+02
2.740000e-06	-2.177885e-06	-3.120807e-09	-1.624800e+01	-2.048540e+02
2.750000e-06	-2.255826e-06	-3.245502e-09	-1.682947e+01	-2.129014e+02
2.760000e-06	-2.332661e-06	-3.362038e-09	-1.740270e+01	-2.204011e+02
2.770000e-06	-2.408475e-06	-3.471489e-09	-1.796830e+01	-2.274110e+02
2.780000e-06	-2.483391e-06	-3.571396e-09	-1.852721e+01	-2.339861e+02
2.790000e-06	-2.557429e-06	-3.665434e-09	-1.907957e+01	-2.401762e+02
2.800000e-06	-2.630602e-06	-3.755298e-09	-1.962547e+01	-2.460243e+02
2.810000e-06	-2.702955e-06	-3.839909e-09	-2.016525e+01	-2.515654e+02
2.820000e-06	-2.774456e-06	-3.919828e-09	-2.069868e+01	-2.568260e+02
2.830000e-06	-2.844954e-06	-3.995941e-09	-2.122463e+01	-2.618254e+02
2.840000e-06	-2.914187e-06	-4.069935e-09	-2.174114e+01	-2.665758e+02
2.850000e-06	-2.982251e-06	-4.138684e-09	-2.224893e+01	-2.710847e+02
2.860000e-06	-3.049415e-06	-4.203253e-09	-2.275000e+01	-2.753557e+02
2.870000e-06	-3.115622e-06	-4.268523e-09	-2.324393e+01	-2.793910e+02
2.880000e-06	-3.180765e-06	-4.332331e-09	-2.372993e+01	-2.831924e+02
2.890000e-06	-3.244851e-06	-4.390728e-09	-2.420804e+01	-2.867629e+02
2.900000e-06	-3.307847e-06	-4.445015e-09	-2.467802e+01	-2.901078e+02
2.910000e-06	-3.369424e-06	-4.496417e-09	-2.513741e+01	-2.932350e+02
2.920000e-06	-3.429598e-06	-4.542366e-09	-2.558634e+01	-2.961552e+02
2.930000e-06	-3.488682e-06	-4.583536e-09	-2.602713e+01	-2.988814e+02
2.940000e-06	-3.546565e-06	-4.625464e-09	-2.645896e+01	-3.014289e+02
2.950000e-06	-3.603162e-06	-4.667351e-09	-2.688120e+01	-3.038137e+02
2.960000e-06	-3.658490e-06	-4.704873e-09	-2.729397e+01	-3.060524e+02
2.970000e-06	-3.712279e-06	-4.739316e-09	-2.769527e+01	-3.081605e+02
2.980000e-06	-3.764404e-06	-4.772890e-09	-2.808414e+01	-3.101522e+02
2.990000e-06	-3.815003e-06	-4.803677e-09	-2.846163e+01	-3.120395e+02
3.000000e-06	-3.864055e-06	-4.828818e-09	-2.882758e+01	-3.138318e+02
3.010000e-06	-3.911465e-06	-4.852660e-09	-2.918128e+01	-3.155362e+02
3.020000e-06	-3.957437e-06	-4.876298e-09	-2.952425e+01	-3.171569e+02
3.030000e-06	-4.002171e-06	-4.898633e-09	-2.985798e+01	-3.186965e+02
3.040000e-06	-4.045716e-06	-4.919737e-09	-3.018285e+01	-3.201559e+02
3.050000e-06	-4.088058e-06	-4.941067e-09	-3.049874e+01	-3.215350e+02
3.060000e-06	-4.129050e-06	-4.959697e-09	-3.080456e+01	-3.228338e+02
3.070000e-06	-4.168724e-06	-4.978198e-09	-3.110055e+01	-3.240524e+02
3.080000e-06	-4.206837e-06	-4.996603e-09	-3.138489e+01	-3.251920e+02
3.090000e-06	-4.243239e-06	-5.013339e-09	-3.165646e+01	-3.262547e+02
3.100000e-06	-4.278218e-06	-5.027933e-09	-3.191742e+01	-3.272439e+02
3.110000e-06	-4.311767e-06	-5.040433e-09	-3.216771e+01	-3.281643e+02
3.120000e-06	-4.343950e-06	-5.053514e-09	-3.240781e+01	-3.290211e+02
3.130000e-06	-4.374617e-06	-5.066402e-09	-3.263660e+01	-3.298203e+02
3.140000e-06	-4.403483e-06	-5.079476e-09	-3.285195e+01	-3.305676e+02
3.150000e-06	-4.430774e-06	-5.092636e-09	-3.305556e+01	-3.312686e+02
3.160000e-06	-4.456604e-06	-5.103814e-09	-3.324826e+01	-3.319275e+02
3.170000e-06	-4.480940e-06	-5.110499e-09	-3.342982e+01	-3.325477e+02
3.180000e-06	-4.503660e-06	-5.114449e-09	-3.359932e+01	-3.331310e+02
3.190000e-06	-4.524601e-06	-5.120373e-09	-3.375555e+01	-3.336779e+02
3.200000e-06	-4.543938e-06	-5.128274e-09	-3.389981e+01	-3.341876e+02
3.210000e-06	-4.561776e-06	-5.134347e-09	-3.403289e+01	-3.346583e+02
3.220000e-06	-4.578092e-06	-5.139754e-09	-3.415461e+01	-3.350876e+02
3.230000e-06	-4.592621e-06	-5.144105e-09	-3.426301e+01	-3.354731e+02
3.240000e-06	-4.605172e-06	-5.148540e-09	-3.435665e+01	-3.358125e+02
3.250000e-06	-4.615939e-06	-5.152350e-09	-3.443697e+01	-3.361044e+02
3.260000e-06	-4.625054e-06	-5.155970e-09	-3.450497e+01	-3.363482e+02
3.270000e-06	-4.632618e-06	-5.157961e-09	-3.456141e+01	-3.365447e+02
3.280000e-06	-4.638436e-06	-5.158264e-09	-3.460481e+01	-3.366956e+02
3.290000e-06	-4.642568e-06	-5.158811e-09	-3.463564e+01	-3.368038e+02
3.300000e-06	-4.645249e-06	-5.157951e-09	-3.465563e+01	-3.368729e+02
3.310000e-06	-4.646437e-06	-5.156251e-09	-3.466450e+01	-3.369070e+02
