# Temperatura_=_20.0
# Concentracion g/m^3_=_8200.0
# C_Vs_to_Am_M_A/Vsm_=_65563218390.804596
# pendiente_HvsI_1/m_=_3716.3
# ordenada_HvsI_A/m_=_1297.0
# frecuencia_Hz_=_301516.25971780816

Tiempo_(s)	Campo_(V.s)	Magnetizacion_(V.s)	Campo_(kA/m)	Magnetizacion_(A/m)
0.000000e+00	-4.644626e-06	-4.979664e-09	-3.466259e+01	-3.257668e+02
1.000000e-08	-4.643283e-06	-4.986321e-09	-3.465257e+01	-3.257773e+02
2.000000e-08	-4.640226e-06	-4.987483e-09	-3.462976e+01	-3.257592e+02
3.000000e-08	-4.635650e-06	-4.982938e-09	-3.459561e+01	-3.257128e+02
4.000000e-08	-4.629680e-06	-4.980874e-09	-3.455105e+01	-3.256377e+02
5.000000e-08	-4.622345e-06	-4.979547e-09	-3.449632e+01	-3.255325e+02
6.000000e-08	-4.613535e-06	-4.975771e-09	-3.443057e+01	-3.253954e+02
7.000000e-08	-4.602952e-06	-4.963258e-09	-3.435159e+01	-3.252238e+02
8.000000e-08	-4.590632e-06	-4.933547e-09	-3.425964e+01	-3.250149e+02
9.000000e-08	-4.576433e-06	-4.980630e-09	-3.415368e+01	-3.247661e+02
1.000000e-07	-4.559973e-06	-5.046888e-09	-3.403084e+01	-3.244748e+02
1.100000e-07	-4.541562e-06	-5.001513e-09	-3.389344e+01	-3.241391e+02
1.200000e-07	-4.521730e-06	-4.982446e-09	-3.374543e+01	-3.237577e+02
1.300000e-07	-4.500690e-06	-4.863154e-09	-3.358841e+01	-3.233301e+02
1.400000e-07	-4.478524e-06	-4.809892e-09	-3.342299e+01	-3.228567e+02
1.500000e-07	-4.455100e-06	-5.076804e-09	-3.324818e+01	-3.223385e+02
1.600000e-07	-4.430273e-06	-4.912359e-09	-3.306289e+01	-3.217772e+02
1.700000e-07	-4.403904e-06	-4.769097e-09	-3.286610e+01	-3.211748e+02
1.800000e-07	-4.375781e-06	-5.015505e-09	-3.265622e+01	-3.205334e+02
1.900000e-07	-4.346080e-06	-4.809618e-09	-3.243457e+01	-3.198550e+02
2.000000e-07	-4.315106e-06	-4.732371e-09	-3.220341e+01	-3.191410e+02
2.100000e-07	-4.282717e-06	-4.989680e-09	-3.196169e+01	-3.183922e+02
2.200000e-07	-4.248565e-06	-4.808443e-09	-3.170682e+01	-3.176086e+02
2.300000e-07	-4.212882e-06	-4.754052e-09	-3.144051e+01	-3.167894e+02
2.400000e-07	-4.175781e-06	-4.897552e-09	-3.116363e+01	-3.159326e+02
2.500000e-07	-4.137113e-06	-4.744284e-09	-3.087505e+01	-3.150359e+02
2.600000e-07	-4.096974e-06	-4.772916e-09	-3.057550e+01	-3.140964e+02
2.700000e-07	-4.055142e-06	-4.795711e-09	-3.026331e+01	-3.131108e+02
2.800000e-07	-4.011701e-06	-4.714356e-09	-2.993911e+01	-3.120762e+02
2.900000e-07	-3.966842e-06	-4.728378e-09	-2.960433e+01	-3.109896e+02
3.000000e-07	-3.920539e-06	-4.686431e-09	-2.925878e+01	-3.098492e+02
3.100000e-07	-3.872807e-06	-4.674267e-09	-2.890255e+01	-3.086535e+02
3.200000e-07	-3.823318e-06	-4.712586e-09	-2.853322e+01	-3.074023e+02
3.300000e-07	-3.771925e-06	-4.679308e-09	-2.814968e+01	-3.060960e+02
3.400000e-07	-3.718979e-06	-4.609248e-09	-2.775454e+01	-3.047358e+02
3.500000e-07	-3.664755e-06	-4.589521e-09	-2.734987e+01	-3.033236e+02
3.600000e-07	-3.609438e-06	-4.611228e-09	-2.693705e+01	-3.018613e+02
3.700000e-07	-3.552977e-06	-4.565554e-09	-2.651568e+01	-3.003510e+02
3.800000e-07	-3.495004e-06	-4.530107e-09	-2.608303e+01	-2.987940e+02
3.900000e-07	-3.435584e-06	-4.529294e-09	-2.563958e+01	-2.971911e+02
4.000000e-07	-3.375024e-06	-4.480490e-09	-2.518762e+01	-2.955419e+02
4.100000e-07	-3.313342e-06	-4.465690e-09	-2.472730e+01	-2.938448e+02
4.200000e-07	-3.250508e-06	-4.431870e-09	-2.425837e+01	-2.920969e+02
4.300000e-07	-3.186734e-06	-4.407787e-09	-2.378243e+01	-2.902944e+02
4.400000e-07	-3.121826e-06	-4.404306e-09	-2.329802e+01	-2.884322e+02
4.500000e-07	-3.055395e-06	-4.345051e-09	-2.280225e+01	-2.865046e+02
4.600000e-07	-2.987780e-06	-4.297144e-09	-2.229765e+01	-2.845056e+02
4.700000e-07	-2.919379e-06	-4.281147e-09	-2.178717e+01	-2.824291e+02
4.800000e-07	-2.850161e-06	-4.268619e-09	-2.127060e+01	-2.802696e+02
4.900000e-07	-2.779892e-06	-4.215007e-09	-2.074619e+01	-2.780222e+02
5.000000e-07	-2.708696e-06	-4.170557e-09	-2.021485e+01	-2.756827e+02
5.100000e-07	-2.636736e-06	-4.159191e-09	-1.967782e+01	-2.732484e+02
5.200000e-07	-2.563644e-06	-4.118873e-09	-1.913234e+01	-2.707172e+02
5.300000e-07	-2.489180e-06	-4.060956e-09	-1.857662e+01	-2.680881e+02
5.400000e-07	-2.413554e-06	-4.019632e-09	-1.801223e+01	-2.653603e+02
5.500000e-07	-2.337093e-06	-3.985486e-09	-1.744160e+01	-2.625336e+02
5.600000e-07	-2.259832e-06	-3.930588e-09	-1.686501e+01	-2.596071e+02
5.700000e-07	-2.181502e-06	-3.872938e-09	-1.628043e+01	-2.565797e+02
5.800000e-07	-2.102004e-06	-3.839621e-09	-1.568714e+01	-2.534487e+02
5.900000e-07	-2.021663e-06	-3.802125e-09	-1.508757e+01	-2.502106e+02
6.000000e-07	-1.940658e-06	-3.742340e-09	-1.448303e+01	-2.468599e+02
6.100000e-07	-1.858937e-06	-3.686438e-09	-1.387314e+01	-2.433900e+02
6.200000e-07	-1.776575e-06	-3.634876e-09	-1.325849e+01	-2.397926e+02
6.300000e-07	-1.693654e-06	-3.572272e-09	-1.263965e+01	-2.360585e+02
6.400000e-07	-1.610276e-06	-3.504362e-09	-1.201740e+01	-2.321776e+02
6.500000e-07	-1.526473e-06	-3.448735e-09	-1.139199e+01	-2.281397e+02
6.600000e-07	-1.442264e-06	-3.388427e-09	-1.076354e+01	-2.239346e+02
6.700000e-07	-1.357680e-06	-3.312828e-09	-1.013229e+01	-2.195528e+02
6.800000e-07	-1.272616e-06	-3.242250e-09	-9.497466e+00	-2.149853e+02
6.900000e-07	-1.187115e-06	-3.176049e-09	-8.859377e+00	-2.102243e+02
7.000000e-07	-1.101287e-06	-3.106549e-09	-8.218846e+00	-2.052626e+02
7.100000e-07	-1.015087e-06	-3.029981e-09	-7.575542e+00	-2.000934e+02
7.200000e-07	-9.285487e-07	-2.947922e-09	-6.929710e+00	-1.947098e+02
7.300000e-07	-8.417514e-07	-2.858007e-09	-6.281946e+00	-1.891042e+02
7.400000e-07	-7.547396e-07	-2.762728e-09	-5.632582e+00	-1.832670e+02
7.500000e-07	-6.675581e-07	-2.668444e-09	-4.981951e+00	-1.771865e+02
7.600000e-07	-5.802042e-07	-2.568838e-09	-4.330033e+00	-1.708476e+02
7.700000e-07	-4.926745e-07	-2.463136e-09	-3.676804e+00	-1.642313e+02
7.800000e-07	-4.050281e-07	-2.355654e-09	-3.022703e+00	-1.573145e+02
7.900000e-07	-3.172684e-07	-2.250017e-09	-2.367757e+00	-1.500702e+02
8.000000e-07	-2.294161e-07	-2.138656e-09	-1.712120e+00	-1.424675e+02
8.100000e-07	-1.415271e-07	-2.017829e-09	-1.056209e+00	-1.344731e+02
8.200000e-07	-5.352055e-08	-1.889190e-09	-3.994210e-01	-1.260526e+02
8.300000e-07	3.457413e-08	-1.753099e-09	2.580249e-01	-1.171719e+02
8.400000e-07	1.226580e-07	-1.607834e-09	9.153902e-01	-1.077999e+02
8.500000e-07	2.107263e-07	-1.453307e-09	1.572639e+00	-9.791031e+01
8.600000e-07	2.987580e-07	-1.291792e-09	2.229615e+00	-8.748458e+01
8.700000e-07	3.867154e-07	-1.121778e-09	2.886037e+00	-7.651375e+01
8.800000e-07	4.745625e-07	-9.452167e-10	3.541635e+00	-6.500070e+01
8.900000e-07	5.622753e-07	-7.629090e-10	4.196231e+00	-5.296169e+01
9.000000e-07	6.497878e-07	-5.784512e-10	4.849332e+00	-4.042735e+01
9.100000e-07	7.370752e-07	-3.865015e-10	5.500753e+00	-2.744307e+01
9.200000e-07	8.241341e-07	-1.856700e-10	6.150469e+00	-1.406854e+01
9.300000e-07	9.109711e-07	2.207551e-11	6.798529e+00	-3.766503e-01
9.400000e-07	9.975593e-07	2.348215e-10	7.444732e+00	1.354845e+01
9.500000e-07	1.083867e-06	4.485005e-10	8.088841e+00	2.761383e+01
9.600000e-07	1.169837e-06	6.637849e-10	8.730431e+00	4.172084e+01
9.700000e-07	1.255283e-06	8.779403e-10	9.368109e+00	5.576844e+01
9.800000e-07	1.340173e-06	1.087226e-09	1.000164e+01	6.965672e+01
9.900000e-07	1.424650e-06	1.289310e-09	1.063209e+01	8.329038e+01
1.000000e-06	1.508775e-06	1.488186e-09	1.125991e+01	9.658189e+01
1.010000e-06	1.592499e-06	1.681570e-09	1.188473e+01	1.094543e+02
1.020000e-06	1.675723e-06	1.866007e-09	1.250583e+01	1.218434e+02
1.030000e-06	1.758297e-06	2.044705e-09	1.312208e+01	1.336991e+02
1.040000e-06	1.840131e-06	2.216228e-09	1.373280e+01	1.449866e+02
1.050000e-06	1.921276e-06	2.378774e-09	1.433838e+01	1.556856e+02
1.060000e-06	2.001769e-06	2.530562e-09	1.493909e+01	1.657904e+02
1.070000e-06	2.081506e-06	2.676957e-09	1.553417e+01	1.753077e+02
1.080000e-06	2.160457e-06	2.816173e-09	1.612337e+01	1.842556e+02
1.090000e-06	2.238624e-06	2.943801e-09	1.670673e+01	1.926604e+02
1.100000e-06	2.315952e-06	3.060695e-09	1.728383e+01	2.005549e+02
1.110000e-06	2.392489e-06	3.171849e-09	1.785502e+01	2.079754e+02
1.120000e-06	2.468251e-06	3.279316e-09	1.842043e+01	2.149599e+02
1.130000e-06	2.543005e-06	3.380164e-09	1.897831e+01	2.215453e+02
1.140000e-06	2.616551e-06	3.477848e-09	1.952718e+01	2.277666e+02
1.150000e-06	2.688991e-06	3.571179e-09	2.006780e+01	2.336548e+02
1.160000e-06	2.760447e-06	3.657301e-09	2.060107e+01	2.392367e+02
1.170000e-06	2.831009e-06	3.736326e-09	2.112767e+01	2.445345e+02
1.180000e-06	2.900623e-06	3.809986e-09	2.164719e+01	2.495656e+02
1.190000e-06	2.969243e-06	3.878704e-09	2.215931e+01	2.543433e+02
1.200000e-06	3.036980e-06	3.945170e-09	2.266482e+01	2.588778e+02
1.210000e-06	3.103680e-06	4.007924e-09	2.316260e+01	2.631765e+02
1.220000e-06	3.169083e-06	4.066733e-09	2.365070e+01	2.672455e+02
1.230000e-06	3.233183e-06	4.122990e-09	2.412907e+01	2.710901e+02
1.240000e-06	3.296172e-06	4.177790e-09	2.459916e+01	2.747158e+02
1.250000e-06	3.358071e-06	4.228279e-09	2.506110e+01	2.781290e+02
1.260000e-06	3.418886e-06	4.272690e-09	2.551497e+01	2.813371e+02
1.270000e-06	3.478726e-06	4.315143e-09	2.596155e+01	2.843489e+02
1.280000e-06	3.537341e-06	4.357759e-09	2.639899e+01	2.871745e+02
1.290000e-06	3.594410e-06	4.396852e-09	2.682489e+01	2.898251e+02
1.300000e-06	3.650007e-06	4.430113e-09	2.723981e+01	2.923128e+02
1.310000e-06	3.704365e-06	4.462192e-09	2.764548e+01	2.946497e+02
1.320000e-06	3.757454e-06	4.494797e-09	2.804168e+01	2.968479e+02
1.330000e-06	3.809043e-06	4.526681e-09	2.842668e+01	2.989191e+02
1.340000e-06	3.858904e-06	4.556657e-09	2.879879e+01	3.008738e+02
1.350000e-06	3.907101e-06	4.583750e-09	2.915849e+01	3.027215e+02
1.360000e-06	3.953863e-06	4.610126e-09	2.950747e+01	3.044704e+02
1.370000e-06	3.999311e-06	4.635459e-09	2.984664e+01	3.061272e+02
1.380000e-06	4.043515e-06	4.658754e-09	3.017654e+01	3.076976e+02
1.390000e-06	4.086357e-06	4.680409e-09	3.049627e+01	3.091859e+02
1.400000e-06	4.127578e-06	4.700790e-09	3.080390e+01	3.105958e+02
1.410000e-06	4.167215e-06	4.721147e-09	3.109971e+01	3.119302e+02
1.420000e-06	4.205464e-06	4.740131e-09	3.138515e+01	3.131917e+02
1.430000e-06	4.242347e-06	4.758220e-09	3.166041e+01	3.143827e+02
1.440000e-06	4.277913e-06	4.775621e-09	3.192584e+01	3.155054e+02
1.450000e-06	4.311906e-06	4.793161e-09	3.217953e+01	3.165622e+02
1.460000e-06	4.344176e-06	4.809859e-09	3.242035e+01	3.175555e+02
1.470000e-06	4.375005e-06	4.824712e-09	3.265043e+01	3.184876e+02
1.480000e-06	4.404413e-06	4.839280e-09	3.286990e+01	3.193607e+02
1.490000e-06	4.432360e-06	4.853126e-09	3.307847e+01	3.201771e+02
1.500000e-06	4.458689e-06	4.864529e-09	3.327496e+01	3.209384e+02
1.510000e-06	4.483206e-06	4.874359e-09	3.345793e+01	3.216463e+02
1.520000e-06	4.506088e-06	4.885730e-09	3.362870e+01	3.223019e+02
1.530000e-06	4.527493e-06	4.898166e-09	3.378844e+01	3.229060e+02
1.540000e-06	4.547501e-06	4.910048e-09	3.393776e+01	3.234592e+02
1.550000e-06	4.566007e-06	4.920869e-09	3.407587e+01	3.239619e+02
1.560000e-06	4.582801e-06	4.930505e-09	3.420120e+01	3.244144e+02
1.570000e-06	4.597834e-06	4.937077e-09	3.431339e+01	3.248173e+02
1.580000e-06	4.611168e-06	4.940722e-09	3.441290e+01	3.251715e+02
1.590000e-06	4.622768e-06	4.944005e-09	3.449947e+01	3.254779e+02
1.600000e-06	4.632411e-06	4.948271e-09	3.457144e+01	3.257383e+02
1.610000e-06	4.640207e-06	4.953400e-09	3.462962e+01	3.259547e+02
1.620000e-06	4.646403e-06	4.957648e-09	3.467586e+01	3.261295e+02
1.630000e-06	4.651063e-06	4.961776e-09	3.471063e+01	3.262654e+02
1.640000e-06	4.654148e-06	4.966521e-09	3.473366e+01	3.263651e+02
1.650000e-06	4.655493e-06	4.974093e-09	3.474370e+01	3.264313e+02
1.660000e-06	4.655166e-06	4.979812e-09	3.474126e+01	3.264663e+02
1.670000e-06	4.653296e-06	4.975664e-09	3.472730e+01	3.264717e+02
1.680000e-06	4.650002e-06	4.974191e-09	3.470272e+01	3.264486e+02
1.690000e-06	4.645391e-06	4.972190e-09	3.466831e+01	3.263972e+02
1.700000e-06	4.639156e-06	4.969651e-09	3.462178e+01	3.263169e+02
1.710000e-06	4.631293e-06	4.967448e-09	3.456310e+01	3.262063e+02
1.720000e-06	4.622058e-06	4.966273e-09	3.449418e+01	3.260633e+02
1.730000e-06	4.611393e-06	4.989528e-09	3.441458e+01	3.258853e+02
1.740000e-06	4.599260e-06	4.976943e-09	3.432403e+01	3.256695e+02
1.750000e-06	4.585092e-06	4.864610e-09	3.421830e+01	3.254134e+02
1.760000e-06	4.568365e-06	4.886531e-09	3.409347e+01	3.251144e+02
1.770000e-06	4.549461e-06	4.904486e-09	3.395239e+01	3.247707e+02
1.780000e-06	4.529230e-06	5.032095e-09	3.380141e+01	3.243811e+02
1.790000e-06	4.508460e-06	5.070422e-09	3.364640e+01	3.239454e+02
1.800000e-06	4.486751e-06	4.739752e-09	3.348438e+01	3.234639e+02
1.810000e-06	4.462927e-06	4.940808e-09	3.330659e+01	3.229380e+02
1.820000e-06	4.437296e-06	5.077760e-09	3.311530e+01	3.223693e+02
1.830000e-06	4.410624e-06	4.735981e-09	3.291625e+01	3.217598e+02
1.840000e-06	4.382330e-06	4.964143e-09	3.270509e+01	3.211118e+02
1.850000e-06	4.352078e-06	5.046371e-09	3.247933e+01	3.204270e+02
1.860000e-06	4.320265e-06	4.685277e-09	3.224191e+01	3.197068e+02
1.870000e-06	4.286932e-06	4.919008e-09	3.199314e+01	3.189519e+02
1.880000e-06	4.252254e-06	4.911447e-09	3.173435e+01	3.181621e+02
1.890000e-06	4.216248e-06	4.702715e-09	3.146564e+01	3.173363e+02
1.900000e-06	4.178406e-06	4.930192e-09	3.118322e+01	3.164727e+02
1.910000e-06	4.138821e-06	4.771310e-09	3.088780e+01	3.155687e+02
1.920000e-06	4.097719e-06	4.753488e-09	3.058106e+01	3.146213e+02
1.930000e-06	4.055257e-06	4.873302e-09	3.026417e+01	3.136272e+02
1.940000e-06	4.011675e-06	4.669501e-09	2.993892e+01	3.125836e+02
1.950000e-06	3.966679e-06	4.800722e-09	2.960312e+01	3.114876e+02
1.960000e-06	3.920069e-06	4.774432e-09	2.925527e+01	3.103374e+02
1.970000e-06	3.871939e-06	4.626870e-09	2.889608e+01	3.091319e+02
1.980000e-06	3.822382e-06	4.713108e-09	2.852623e+01	3.078709e+02
1.990000e-06	3.771559e-06	4.651001e-09	2.814695e+01	3.065549e+02
2.000000e-06	3.719230e-06	4.695192e-09	2.775641e+01	3.051854e+02
2.010000e-06	3.665183e-06	4.620697e-09	2.735307e+01	3.037641e+02
2.020000e-06	3.609626e-06	4.583617e-09	2.693845e+01	3.022933e+02
2.030000e-06	3.552769e-06	4.654188e-09	2.651412e+01	3.007746e+02
2.040000e-06	3.494654e-06	4.513595e-09	2.608042e+01	2.992095e+02
2.050000e-06	3.435382e-06	4.544585e-09	2.563807e+01	2.975984e+02
2.060000e-06	3.375199e-06	4.526935e-09	2.518893e+01	2.959408e+02
2.070000e-06	3.313836e-06	4.501765e-09	2.473098e+01	2.942350e+02
2.080000e-06	3.250934e-06	4.490139e-09	2.426155e+01	2.924778e+02
2.090000e-06	3.186801e-06	4.362569e-09	2.378292e+01	2.906651e+02
2.100000e-06	3.121661e-06	4.430713e-09	2.329679e+01	2.887917e+02
2.110000e-06	3.055478e-06	4.405053e-09	2.280287e+01	2.868518e+02
2.120000e-06	2.988261e-06	4.332662e-09	2.230124e+01	2.848395e+02
2.130000e-06	2.920147e-06	4.314858e-09	2.179290e+01	2.827487e+02
2.140000e-06	2.850940e-06	4.284405e-09	2.127642e+01	2.805739e+02
2.150000e-06	2.780314e-06	4.281455e-09	2.074934e+01	2.783104e+02
2.160000e-06	2.708571e-06	4.180261e-09	2.021392e+01	2.759543e+02
2.170000e-06	2.635915e-06	4.169724e-09	1.967169e+01	2.735028e+02
2.180000e-06	2.562393e-06	4.167180e-09	1.912301e+01	2.709543e+02
2.190000e-06	2.488009e-06	4.094569e-09	1.856788e+01	2.683076e+02
2.200000e-06	2.412729e-06	4.048203e-09	1.800607e+01	2.655623e+02
2.210000e-06	2.336539e-06	4.014560e-09	1.743747e+01	2.627179e+02
2.220000e-06	2.259205e-06	4.005427e-09	1.686033e+01	2.597736e+02
2.230000e-06	2.180675e-06	3.923118e-09	1.627426e+01	2.567279e+02
2.240000e-06	2.101170e-06	3.862073e-09	1.568092e+01	2.535783e+02
2.250000e-06	2.020967e-06	3.837801e-09	1.508237e+01	2.503205e+02
2.260000e-06	1.940141e-06	3.781836e-09	1.447917e+01	2.469492e+02
2.270000e-06	1.858675e-06	3.720570e-09	1.387119e+01	2.434572e+02
2.280000e-06	1.776598e-06	3.665330e-09	1.325865e+01	2.398362e+02
2.290000e-06	1.693852e-06	3.629114e-09	1.264113e+01	2.360767e+02
2.300000e-06	1.610570e-06	3.554560e-09	1.201960e+01	2.321686e+02
2.310000e-06	1.526935e-06	3.482347e-09	1.139544e+01	2.281016e+02
2.320000e-06	1.442953e-06	3.435248e-09	1.076868e+01	2.238658e+02
2.330000e-06	1.358515e-06	3.372808e-09	1.013853e+01	2.194515e+02
2.340000e-06	1.273528e-06	3.294714e-09	9.504269e+00	2.148501e+02
2.350000e-06	1.187955e-06	3.213250e-09	8.865643e+00	2.100538e+02
2.360000e-06	1.101769e-06	3.143193e-09	8.222443e+00	2.050556e+02
2.370000e-06	1.015176e-06	3.065069e-09	7.576206e+00	1.998487e+02
2.380000e-06	9.282841e-07	2.982799e-09	6.927735e+00	1.944262e+02
2.390000e-06	8.410380e-07	2.901936e-09	6.276622e+00	1.887800e+02
2.400000e-06	7.534497e-07	2.813631e-09	5.622955e+00	1.829004e+02
2.410000e-06	6.655985e-07	2.718578e-09	4.967327e+00	1.767751e+02
2.420000e-06	5.776024e-07	2.622350e-09	4.310616e+00	1.703882e+02
2.430000e-06	4.894586e-07	2.522209e-09	3.652803e+00	1.637201e+02
2.440000e-06	4.012295e-07	2.411180e-09	2.994354e+00	1.567470e+02
2.450000e-06	3.129516e-07	2.298539e-09	2.335541e+00	1.494411e+02
2.460000e-06	2.245563e-07	2.183727e-09	1.675852e+00	1.417710e+02
2.470000e-06	1.360224e-07	2.060304e-09	1.015128e+00	1.337032e+02
2.480000e-06	4.741156e-08	1.928129e-09	3.538300e-01	1.252030e+02
2.490000e-06	-4.121052e-08	1.792185e-09	-3.075519e-01	1.162368e+02
2.500000e-06	-1.297672e-07	1.650501e-09	-9.684460e-01	1.067742e+02
2.510000e-06	-2.182652e-07	1.498115e-09	-1.628901e+00	9.679009e+01
2.520000e-06	-3.067786e-07	1.337858e-09	-2.289472e+00	8.626743e+01
2.530000e-06	-3.952351e-07	1.171564e-09	-2.949618e+00	7.519927e+01
2.540000e-06	-4.835588e-07	9.966567e-10	-3.608773e+00	6.359078e+01
2.550000e-06	-5.717678e-07	8.125584e-10	-4.267073e+00	5.146072e+01
2.560000e-06	-6.598778e-07	6.218830e-10	-4.924633e+00	3.884235e+01
2.570000e-06	-7.477569e-07	4.226498e-10	-5.580470e+00	2.578368e+01
2.580000e-06	-8.353400e-07	2.157913e-10	-6.234098e+00	1.234686e+01
2.590000e-06	-9.226012e-07	2.770384e-12	-6.885324e+00	-1.393062e+00
2.600000e-06	-1.009523e-06	-2.142253e-10	-7.534019e+00	-1.535016e+01
2.610000e-06	-1.095995e-06	-4.335896e-10	-8.179353e+00	-2.943025e+01
2.620000e-06	-1.181889e-06	-6.530221e-10	-8.820377e+00	-4.353400e+01
2.630000e-06	-1.267132e-06	-8.727366e-10	-9.456538e+00	-5.756032e+01
2.640000e-06	-1.351756e-06	-1.090204e-09	-1.008808e+01	-7.140986e+01
2.650000e-06	-1.435908e-06	-1.298091e-09	-1.071611e+01	-8.498849e+01
2.660000e-06	-1.519592e-06	-1.498882e-09	-1.134064e+01	-9.821039e+01
2.670000e-06	-1.602833e-06	-1.696313e-09	-1.196185e+01	-1.110007e+02
2.680000e-06	-1.685580e-06	-1.885569e-09	-1.257939e+01	-1.232977e+02
2.690000e-06	-1.767753e-06	-2.061242e-09	-1.319265e+01	-1.350541e+02
2.700000e-06	-1.849310e-06	-2.228910e-09	-1.380130e+01	-1.462374e+02
2.710000e-06	-1.930271e-06	-2.390923e-09	-1.440551e+01	-1.568303e+02
2.720000e-06	-2.010646e-06	-2.543452e-09	-1.500535e+01	-1.668292e+02
2.730000e-06	-2.090356e-06	-2.689615e-09	-1.560022e+01	-1.762433e+02
2.740000e-06	-2.169271e-06	-2.830140e-09	-1.618916e+01	-1.850919e+02
2.750000e-06	-2.247189e-06	-2.959270e-09	-1.677065e+01	-1.934030e+02
2.760000e-06	-2.324005e-06	-3.077617e-09	-1.734392e+01	-2.012100e+02
2.770000e-06	-2.399827e-06	-3.190370e-09	-1.790978e+01	-2.085498e+02
2.780000e-06	-2.474783e-06	-3.295630e-09	-1.846917e+01	-2.154603e+02
2.790000e-06	-2.548883e-06	-3.390501e-09	-1.902218e+01	-2.219781e+02
2.800000e-06	-2.622074e-06	-3.480871e-09	-1.956840e+01	-2.281377e+02
2.810000e-06	-2.694406e-06	-3.571233e-09	-2.010821e+01	-2.339693e+02
2.820000e-06	-2.765940e-06	-3.659654e-09	-2.064207e+01	-2.394990e+02
2.830000e-06	-2.836484e-06	-3.741806e-09	-2.116853e+01	-2.447478e+02
2.840000e-06	-2.905825e-06	-3.818070e-09	-2.168601e+01	-2.497327e+02
2.850000e-06	-2.974041e-06	-3.890255e-09	-2.219511e+01	-2.544663e+02
2.860000e-06	-3.041291e-06	-3.958542e-09	-2.269700e+01	-2.589581e+02
2.870000e-06	-3.107562e-06	-4.024867e-09	-2.319157e+01	-2.632153e+02
2.880000e-06	-3.172810e-06	-4.088041e-09	-2.367851e+01	-2.672438e+02
2.890000e-06	-3.237002e-06	-4.146467e-09	-2.415757e+01	-2.710488e+02
2.900000e-06	-3.300019e-06	-4.203672e-09	-2.462787e+01	-2.746360e+02
2.910000e-06	-3.361677e-06	-4.261838e-09	-2.508802e+01	-2.780119e+02
2.920000e-06	-3.422003e-06	-4.316261e-09	-2.553823e+01	-2.811842e+02
2.930000e-06	-3.481180e-06	-4.362548e-09	-2.597986e+01	-2.841619e+02
2.940000e-06	-3.539146e-06	-4.406262e-09	-2.641246e+01	-2.869553e+02
2.950000e-06	-3.595890e-06	-4.452128e-09	-2.683593e+01	-2.895759e+02
2.960000e-06	-3.651392e-06	-4.493197e-09	-2.725014e+01	-2.920357e+02
2.970000e-06	-3.705309e-06	-4.528650e-09	-2.765253e+01	-2.943468e+02
2.980000e-06	-3.757558e-06	-4.563430e-09	-2.804245e+01	-2.965215e+02
2.990000e-06	-3.808315e-06	-4.596977e-09	-2.842126e+01	-2.985710e+02
3.000000e-06	-3.857503e-06	-4.625488e-09	-2.878834e+01	-3.005059e+02
3.010000e-06	-3.904965e-06	-4.652732e-09	-2.914254e+01	-3.023353e+02
3.020000e-06	-3.950970e-06	-4.680896e-09	-2.948588e+01	-3.040672e+02
3.030000e-06	-3.995798e-06	-4.707562e-09	-2.982043e+01	-3.057082e+02
3.040000e-06	-4.039468e-06	-4.730657e-09	-3.014634e+01	-3.072635e+02
3.050000e-06	-4.081923e-06	-4.752154e-09	-3.046317e+01	-3.087375e+02
3.060000e-06	-4.123037e-06	-4.771261e-09	-3.077001e+01	-3.101336e+02
3.070000e-06	-4.162833e-06	-4.789430e-09	-3.106700e+01	-3.114548e+02
3.080000e-06	-4.201102e-06	-4.807497e-09	-3.135260e+01	-3.127034e+02
3.090000e-06	-4.237713e-06	-4.825540e-09	-3.162583e+01	-3.138820e+02
3.100000e-06	-4.272900e-06	-4.844163e-09	-3.188842e+01	-3.149927e+02
3.110000e-06	-4.306670e-06	-4.859955e-09	-3.214045e+01	-3.160379e+02
3.120000e-06	-4.339014e-06	-4.874249e-09	-3.238183e+01	-3.170200e+02
3.130000e-06	-4.369782e-06	-4.888588e-09	-3.261145e+01	-3.179414e+02
3.140000e-06	-4.398804e-06	-4.902308e-09	-3.282804e+01	-3.188041e+02
3.150000e-06	-4.426273e-06	-4.914527e-09	-3.303304e+01	-3.196105e+02
3.160000e-06	-4.452244e-06	-4.924658e-09	-3.322686e+01	-3.203621e+02
3.170000e-06	-4.476694e-06	-4.933094e-09	-3.340933e+01	-3.210605e+02
3.180000e-06	-4.499542e-06	-4.938342e-09	-3.357985e+01	-3.217067e+02
3.190000e-06	-4.520678e-06	-4.944618e-09	-3.373758e+01	-3.223016e+02
3.200000e-06	-4.540245e-06	-4.952879e-09	-3.388361e+01	-3.228457e+02
3.210000e-06	-4.558265e-06	-4.960360e-09	-3.401809e+01	-3.233393e+02
3.220000e-06	-4.574762e-06	-4.967305e-09	-3.414121e+01	-3.237829e+02
3.230000e-06	-4.589500e-06	-4.971735e-09	-3.425119e+01	-3.241770e+02
3.240000e-06	-4.602190e-06	-4.974410e-09	-3.434590e+01	-3.245224e+02
3.250000e-06	-4.613115e-06	-4.976316e-09	-3.442744e+01	-3.248204e+02
3.260000e-06	-4.622457e-06	-4.979434e-09	-3.449715e+01	-3.250728e+02
3.270000e-06	-4.630258e-06	-4.979749e-09	-3.455537e+01	-3.252815e+02
3.280000e-06	-4.636280e-06	-4.978263e-09	-3.460031e+01	-3.254490e+02
3.290000e-06	-4.640551e-06	-4.980448e-09	-3.463219e+01	-3.255782e+02
3.300000e-06	-4.643355e-06	-4.983179e-09	-3.465311e+01	-3.256717e+02
3.310000e-06	-4.644616e-06	-4.981727e-09	-3.466253e+01	-3.257321e+02
