# Temperatura_=_20.0
# Concentracion g/m^3_=_6600.0
# C_Vs_to_Am_M_A/Vsm_=_65563218390.804596
# pendiente_HvsI_1/m_=_3716.3
# ordenada_HvsI_A/m_=_1297.0
# frecuencia_Hz_=_302605.4264851336

Tiempo_(s)	Campo_(V.s)	Magnetizacion_(V.s)	Campo_(kA/m)	Magnetizacion_(A/m)
0.000000e+00	-7.990354e-06	-3.948091e-09	-5.754165e+01	-2.575153e+02
1.000000e-08	-7.985603e-06	-3.948611e-09	-5.750743e+01	-2.575438e+02
2.000000e-08	-7.978303e-06	-3.945809e-09	-5.745486e+01	-2.576536e+02
3.000000e-08	-7.968258e-06	-3.943463e-09	-5.738252e+01	-2.577280e+02
4.000000e-08	-7.955292e-06	-3.940827e-09	-5.728915e+01	-2.576551e+02
5.000000e-08	-7.939399e-06	-3.936740e-09	-5.717470e+01	-2.573950e+02
6.000000e-08	-7.920896e-06	-3.930654e-09	-5.704145e+01	-2.570070e+02
7.000000e-08	-7.900135e-06	-3.920516e-09	-5.689194e+01	-2.566219e+02
8.000000e-08	-7.876838e-06	-3.934939e-09	-5.672417e+01	-2.563724e+02
9.000000e-08	-7.850461e-06	-3.966519e-09	-5.653422e+01	-2.563192e+02
1.000000e-07	-7.820882e-06	-3.945224e-09	-5.632121e+01	-2.564136e+02
1.100000e-07	-7.788373e-06	-3.915792e-09	-5.608710e+01	-2.565199e+02
1.200000e-07	-7.753121e-06	-3.916651e-09	-5.583324e+01	-2.564868e+02
1.300000e-07	-7.715339e-06	-3.922434e-09	-5.556115e+01	-2.562297e+02
1.400000e-07	-7.675244e-06	-3.903616e-09	-5.527242e+01	-2.557797e+02
1.500000e-07	-7.632816e-06	-3.870705e-09	-5.496688e+01	-2.552703e+02
1.600000e-07	-7.587795e-06	-3.912298e-09	-5.464266e+01	-2.548675e+02
1.700000e-07	-7.540029e-06	-3.917703e-09	-5.429868e+01	-2.546785e+02
1.800000e-07	-7.489457e-06	-3.894083e-09	-5.393449e+01	-2.546887e+02
1.900000e-07	-7.435978e-06	-3.922127e-09	-5.354937e+01	-2.547614e+02
2.000000e-07	-7.379704e-06	-3.873472e-09	-5.314411e+01	-2.547037e+02
2.100000e-07	-7.320716e-06	-3.841605e-09	-5.271932e+01	-2.543644e+02
2.200000e-07	-7.259114e-06	-3.830499e-09	-5.227570e+01	-2.537141e+02
2.300000e-07	-7.194934e-06	-3.831648e-09	-5.181352e+01	-2.528642e+02
2.400000e-07	-7.127961e-06	-3.860417e-09	-5.133122e+01	-2.520139e+02
2.500000e-07	-7.058246e-06	-3.841815e-09	-5.082917e+01	-2.513508e+02
2.600000e-07	-6.985827e-06	-3.828880e-09	-5.030766e+01	-2.509579e+02
2.700000e-07	-6.910556e-06	-3.812795e-09	-4.976560e+01	-2.507732e+02
2.800000e-07	-6.832484e-06	-3.816189e-09	-4.920337e+01	-2.506242e+02
2.900000e-07	-6.751713e-06	-3.808346e-09	-4.862171e+01	-2.503184e+02
3.000000e-07	-6.668458e-06	-3.806895e-09	-4.802216e+01	-2.497417e+02
3.100000e-07	-6.582944e-06	-3.813844e-09	-4.740634e+01	-2.489139e+02
3.200000e-07	-6.495087e-06	-3.780348e-09	-4.677365e+01	-2.479719e+02
3.300000e-07	-6.404823e-06	-3.766517e-09	-4.612362e+01	-2.470929e+02
3.400000e-07	-6.312264e-06	-3.762259e-09	-4.545707e+01	-2.463976e+02
3.500000e-07	-6.217439e-06	-3.753876e-09	-4.477420e+01	-2.458877e+02
3.600000e-07	-6.120335e-06	-3.728779e-09	-4.407491e+01	-2.454502e+02
3.700000e-07	-6.021010e-06	-3.715900e-09	-4.335964e+01	-2.449250e+02
3.800000e-07	-5.919492e-06	-3.720986e-09	-4.262856e+01	-2.441982e+02
3.900000e-07	-5.815828e-06	-3.705841e-09	-4.188204e+01	-2.432674e+02
4.000000e-07	-5.710183e-06	-3.683970e-09	-4.112125e+01	-2.422444e+02
4.100000e-07	-5.602576e-06	-3.675659e-09	-4.034633e+01	-2.412903e+02
4.200000e-07	-5.492930e-06	-3.672972e-09	-3.955672e+01	-2.405211e+02
4.300000e-07	-5.381252e-06	-3.648674e-09	-3.875249e+01	-2.399364e+02
4.400000e-07	-5.267534e-06	-3.636525e-09	-3.793356e+01	-2.394113e+02
4.500000e-07	-5.151784e-06	-3.640348e-09	-3.710000e+01	-2.387600e+02
4.600000e-07	-5.034078e-06	-3.625012e-09	-3.625235e+01	-2.378369e+02
4.700000e-07	-4.914550e-06	-3.591719e-09	-3.539159e+01	-2.366205e+02
4.800000e-07	-4.793277e-06	-3.574610e-09	-3.451825e+01	-2.352317e+02
4.900000e-07	-4.670218e-06	-3.566875e-09	-3.363206e+01	-2.338742e+02
5.000000e-07	-4.545431e-06	-3.544344e-09	-3.273342e+01	-2.327261e+02
5.100000e-07	-4.419011e-06	-3.525972e-09	-3.182302e+01	-2.318417e+02
5.200000e-07	-4.290944e-06	-3.520736e-09	-3.090076e+01	-2.311164e+02
5.300000e-07	-4.161304e-06	-3.507338e-09	-2.996717e+01	-2.303375e+02
5.400000e-07	-4.030126e-06	-3.479225e-09	-2.902250e+01	-2.292950e+02
5.500000e-07	-3.897370e-06	-3.459906e-09	-2.806647e+01	-2.278938e+02
5.600000e-07	-3.763055e-06	-3.443237e-09	-2.709922e+01	-2.262052e+02
5.700000e-07	-3.627334e-06	-3.415634e-09	-2.612184e+01	-2.244288e+02
5.800000e-07	-3.490303e-06	-3.386873e-09	-2.513503e+01	-2.227815e+02
5.900000e-07	-3.351889e-06	-3.365036e-09	-2.413826e+01	-2.213753e+02
6.000000e-07	-3.212010e-06	-3.337351e-09	-2.313093e+01	-2.201501e+02
6.100000e-07	-3.070769e-06	-3.303166e-09	-2.211380e+01	-2.189031e+02
6.200000e-07	-2.928307e-06	-3.281835e-09	-2.108788e+01	-2.174002e+02
6.300000e-07	-2.784707e-06	-3.264098e-09	-2.005376e+01	-2.155112e+02
6.400000e-07	-2.640090e-06	-3.234801e-09	-1.901232e+01	-2.132920e+02
6.500000e-07	-2.494538e-06	-3.203290e-09	-1.796414e+01	-2.109623e+02
6.600000e-07	-2.348115e-06	-3.179270e-09	-1.690969e+01	-2.087867e+02
6.700000e-07	-2.200880e-06	-3.152544e-09	-1.584939e+01	-2.069179e+02
6.800000e-07	-2.052938e-06	-3.118350e-09	-1.478401e+01	-2.052916e+02
6.900000e-07	-1.904358e-06	-3.085973e-09	-1.371402e+01	-2.036359e+02
7.000000e-07	-1.755210e-06	-3.051600e-09	-1.263995e+01	-2.016016e+02
7.100000e-07	-1.605472e-06	-3.007115e-09	-1.156163e+01	-1.989493e+02
7.200000e-07	-1.455103e-06	-2.959738e-09	-1.047876e+01	-1.956929e+02
7.300000e-07	-1.304217e-06	-2.918351e-09	-9.392173e+00	-1.921120e+02
7.400000e-07	-1.152974e-06	-2.877123e-09	-8.303014e+00	-1.886131e+02
7.500000e-07	-1.001383e-06	-2.828628e-09	-7.211348e+00	-1.855003e+02
7.600000e-07	-8.494119e-07	-2.776837e-09	-6.116946e+00	-1.827732e+02
7.700000e-07	-6.971601e-07	-2.724465e-09	-5.020521e+00	-1.800687e+02
7.800000e-07	-5.446721e-07	-2.664859e-09	-3.922396e+00	-1.767949e+02
7.900000e-07	-3.919699e-07	-2.595122e-09	-2.822728e+00	-1.724036e+02
8.000000e-07	-2.391111e-07	-2.518232e-09	-1.721932e+00	-1.666651e+02
8.100000e-07	-8.611515e-08	-2.431727e-09	-6.201487e-01	-1.597848e+02
8.200000e-07	6.692956e-08	-2.330027e-09	4.819858e-01	-1.522662e+02
8.300000e-07	2.199193e-07	-2.207773e-09	1.583724e+00	-1.445469e+02
8.400000e-07	3.728554e-07	-2.066169e-09	2.685077e+00	-1.365596e+02
8.500000e-07	5.256735e-07	-1.902175e-09	3.785580e+00	-1.274394e+02
8.600000e-07	6.783476e-07	-1.702709e-09	4.885045e+00	-1.155629e+02
8.700000e-07	8.308607e-07	-1.453049e-09	5.983351e+00	-9.897762e+01
8.800000e-07	9.831635e-07	-1.132847e-09	7.080143e+00	-7.610433e+01
8.900000e-07	1.135174e-06	-7.185216e-10	8.174831e+00	-4.645730e+01
9.000000e-07	1.286829e-06	-1.856854e-10	9.266955e+00	-1.108586e+01
9.100000e-07	1.438080e-06	4.481184e-10	1.035617e+01	2.747152e+01
9.200000e-07	1.588756e-06	1.089798e-09	1.144125e+01	6.574796e+01
9.300000e-07	1.738792e-06	1.626047e-09	1.252172e+01	1.002477e+02
9.400000e-07	1.888166e-06	2.009481e-09	1.359742e+01	1.283706e+02
9.500000e-07	2.036825e-06	2.267665e-09	1.466797e+01	1.490352e+02
9.600000e-07	2.184723e-06	2.448960e-09	1.573304e+01	1.627923e+02
9.700000e-07	2.331806e-06	2.590494e-09	1.679224e+01	1.714206e+02
9.800000e-07	2.478010e-06	2.709701e-09	1.784511e+01	1.771891e+02
9.900000e-07	2.623260e-06	2.810460e-09	1.889111e+01	1.820849e+02
1.000000e-06	2.767568e-06	2.895953e-09	1.993034e+01	1.872850e+02
1.010000e-06	2.910846e-06	2.972512e-09	2.096214e+01	1.930295e+02
1.020000e-06	3.052927e-06	3.041251e-09	2.198532e+01	1.988719e+02
1.030000e-06	3.193827e-06	3.102342e-09	2.299999e+01	2.041367e+02
1.040000e-06	3.333542e-06	3.160351e-09	2.400613e+01	2.083562e+02
1.050000e-06	3.471913e-06	3.214494e-09	2.500260e+01	2.115012e+02
1.060000e-06	3.608920e-06	3.261892e-09	2.598923e+01	2.139441e+02
1.070000e-06	3.744604e-06	3.305629e-09	2.696635e+01	2.162214e+02
1.080000e-06	3.878882e-06	3.347800e-09	2.793334e+01	2.187461e+02
1.090000e-06	4.011721e-06	3.385480e-09	2.888996e+01	2.216216e+02
1.100000e-06	4.143189e-06	3.417725e-09	2.983672e+01	2.246383e+02
1.110000e-06	4.273215e-06	3.447448e-09	3.077309e+01	2.274310e+02
1.120000e-06	4.401740e-06	3.478478e-09	3.169864e+01	2.296990e+02
1.130000e-06	4.528740e-06	3.507394e-09	3.261322e+01	2.313675e+02
1.140000e-06	4.654129e-06	3.532655e-09	3.351619e+01	2.326142e+02
1.150000e-06	4.777931e-06	3.556877e-09	3.440774e+01	2.337591e+02
1.160000e-06	4.900132e-06	3.578493e-09	3.528776e+01	2.350881e+02
1.170000e-06	5.020626e-06	3.599631e-09	3.615548e+01	2.367090e+02
1.180000e-06	5.139259e-06	3.621324e-09	3.700980e+01	2.385120e+02
1.190000e-06	5.255914e-06	3.642343e-09	3.784988e+01	2.402480e+02
1.200000e-06	5.370551e-06	3.660050e-09	3.867543e+01	2.416751e+02
1.210000e-06	5.483098e-06	3.674752e-09	3.948592e+01	2.426902e+02
1.220000e-06	5.593630e-06	3.688412e-09	4.028191e+01	2.433771e+02
1.230000e-06	5.702241e-06	3.700675e-09	4.106405e+01	2.439531e+02
1.240000e-06	5.808795e-06	3.713463e-09	4.183139e+01	2.446464e+02
1.250000e-06	5.913194e-06	3.727306e-09	4.258321e+01	2.455766e+02
1.260000e-06	6.015420e-06	3.740250e-09	4.331938e+01	2.467002e+02
1.270000e-06	6.115426e-06	3.751285e-09	4.403956e+01	2.478467e+02
1.280000e-06	6.213126e-06	3.762480e-09	4.474314e+01	2.488209e+02
1.290000e-06	6.308490e-06	3.774399e-09	4.542989e+01	2.495125e+02
1.300000e-06	6.401595e-06	3.783860e-09	4.610038e+01	2.499524e+02
1.310000e-06	6.492434e-06	3.792446e-09	4.675454e+01	2.502895e+02
1.320000e-06	6.580937e-06	3.804283e-09	4.739188e+01	2.507032e+02
1.330000e-06	6.667108e-06	3.816400e-09	4.801244e+01	2.513024e+02
1.340000e-06	6.750933e-06	3.825692e-09	4.861609e+01	2.520672e+02
1.350000e-06	6.832295e-06	3.832461e-09	4.920202e+01	2.528637e+02
1.360000e-06	6.911149e-06	3.839201e-09	4.976987e+01	2.535216e+02
1.370000e-06	6.987506e-06	3.845776e-09	5.031975e+01	2.539299e+02
1.380000e-06	7.061220e-06	3.849455e-09	5.085059e+01	2.540990e+02
1.390000e-06	7.132276e-06	3.852556e-09	5.136230e+01	2.541547e+02
1.400000e-06	7.200792e-06	3.857761e-09	5.185570e+01	2.542706e+02
1.410000e-06	7.266747e-06	3.864566e-09	5.233067e+01	2.545749e+02
1.420000e-06	7.330142e-06	3.871638e-09	5.278720e+01	2.550843e+02
1.430000e-06	7.391100e-06	3.877463e-09	5.322618e+01	2.556985e+02
1.440000e-06	7.449539e-06	3.880924e-09	5.364703e+01	2.562576e+02
1.450000e-06	7.505304e-06	3.883633e-09	5.404861e+01	2.566293e+02
1.460000e-06	7.558220e-06	3.887257e-09	5.442968e+01	2.567782e+02
1.470000e-06	7.608039e-06	3.893132e-09	5.478845e+01	2.567817e+02
1.480000e-06	7.654918e-06	3.900375e-09	5.512604e+01	2.567834e+02
1.490000e-06	7.699118e-06	3.905051e-09	5.544434e+01	2.569139e+02
1.500000e-06	7.740553e-06	3.907389e-09	5.574273e+01	2.572207e+02
1.510000e-06	7.779151e-06	3.909048e-09	5.602069e+01	2.576458e+02
1.520000e-06	7.815116e-06	3.912202e-09	5.627969e+01	2.580617e+02
1.530000e-06	7.848381e-06	3.916779e-09	5.651924e+01	2.583436e+02
1.540000e-06	7.878807e-06	3.919406e-09	5.673835e+01	2.584376e+02
1.550000e-06	7.906472e-06	3.922382e-09	5.693758e+01	2.583872e+02
1.560000e-06	7.931212e-06	3.926365e-09	5.711574e+01	2.583052e+02
1.570000e-06	7.953073e-06	3.929049e-09	5.727317e+01	2.583075e+02
1.580000e-06	7.972191e-06	3.929786e-09	5.741084e+01	2.584475e+02
1.590000e-06	7.988390e-06	3.930087e-09	5.752750e+01	2.586874e+02
1.600000e-06	8.001564e-06	3.931321e-09	5.762237e+01	2.589212e+02
1.610000e-06	8.011580e-06	3.932272e-09	5.769451e+01	2.590373e+02
1.620000e-06	8.018531e-06	3.933287e-09	5.774456e+01	2.589826e+02
1.630000e-06	8.022730e-06	3.934521e-09	5.777480e+01	2.587934e+02
1.640000e-06	8.024113e-06	3.934357e-09	5.778476e+01	2.585744e+02
1.650000e-06	8.022668e-06	3.931986e-09	5.777435e+01	2.584379e+02
1.660000e-06	8.018569e-06	3.929132e-09	5.774483e+01	2.584384e+02
1.670000e-06	8.011773e-06	3.931311e-09	5.769590e+01	2.585392e+02
1.680000e-06	8.002307e-06	3.932269e-09	5.762772e+01	2.586316e+02
1.690000e-06	7.990049e-06	3.930397e-09	5.753945e+01	2.585966e+02
1.700000e-06	7.974965e-06	3.929977e-09	5.743082e+01	2.583748e+02
1.710000e-06	7.957378e-06	3.932222e-09	5.730418e+01	2.580044e+02
1.720000e-06	7.937513e-06	3.934240e-09	5.716112e+01	2.576061e+02
1.730000e-06	7.914994e-06	3.895703e-09	5.699895e+01	2.573189e+02
1.740000e-06	7.889074e-06	3.878959e-09	5.681229e+01	2.572237e+02
1.750000e-06	7.859442e-06	3.912219e-09	5.659890e+01	2.572954e+02
1.760000e-06	7.826618e-06	3.917388e-09	5.636252e+01	2.574125e+02
1.770000e-06	7.791419e-06	3.905387e-09	5.610904e+01	2.574195e+02
1.780000e-06	7.753928e-06	3.922272e-09	5.583905e+01	2.572118e+02
1.790000e-06	7.714229e-06	3.951581e-09	5.555317e+01	2.567943e+02
1.800000e-06	7.672495e-06	3.876191e-09	5.525262e+01	2.562831e+02
1.810000e-06	7.628206e-06	3.879004e-09	5.493368e+01	2.558449e+02
1.820000e-06	7.581192e-06	3.902993e-09	5.459511e+01	2.556065e+02
1.830000e-06	7.531512e-06	3.861640e-09	5.423735e+01	2.555817e+02
1.840000e-06	7.478863e-06	3.913582e-09	5.385820e+01	2.556565e+02
1.850000e-06	7.423328e-06	3.887968e-09	5.345827e+01	2.556422e+02
1.860000e-06	7.365009e-06	3.927974e-09	5.303829e+01	2.553704e+02
1.870000e-06	7.304012e-06	3.930690e-09	5.259903e+01	2.547815e+02
1.880000e-06	7.240336e-06	3.866877e-09	5.214047e+01	2.539591e+02
1.890000e-06	7.173818e-06	3.887508e-09	5.166145e+01	2.530908e+02
1.900000e-06	7.104539e-06	3.844905e-09	5.116255e+01	2.523757e+02
1.910000e-06	7.032446e-06	3.856477e-09	5.064338e+01	2.519250e+02
1.920000e-06	6.957643e-06	3.850450e-09	5.010469e+01	2.517072e+02
1.930000e-06	6.880063e-06	3.866358e-09	4.954601e+01	2.515675e+02
1.940000e-06	6.799710e-06	3.854461e-09	4.896736e+01	2.513086e+02
1.950000e-06	6.716918e-06	3.787831e-09	4.837114e+01	2.507929e+02
1.960000e-06	6.631665e-06	3.808855e-09	4.775720e+01	2.500102e+02
1.970000e-06	6.543926e-06	3.797187e-09	4.712535e+01	2.490774e+02
1.980000e-06	6.453791e-06	3.805090e-09	4.647626e+01	2.481713e+02
1.990000e-06	6.361465e-06	3.793732e-09	4.581138e+01	2.474317e+02
2.000000e-06	6.266917e-06	3.791605e-09	4.513051e+01	2.468882e+02
2.010000e-06	6.170042e-06	3.778205e-09	4.443287e+01	2.464482e+02
2.020000e-06	6.070972e-06	3.731715e-09	4.371943e+01	2.459540e+02
2.030000e-06	5.969746e-06	3.739683e-09	4.299046e+01	2.452746e+02
2.040000e-06	5.866367e-06	3.748051e-09	4.224599e+01	2.443812e+02
2.050000e-06	5.760906e-06	3.736920e-09	4.148653e+01	2.433645e+02
2.060000e-06	5.653505e-06	3.705151e-09	4.071309e+01	2.423826e+02
2.070000e-06	5.544187e-06	3.707241e-09	3.992584e+01	2.415690e+02
2.080000e-06	5.432838e-06	3.701227e-09	3.912398e+01	2.409514e+02
2.090000e-06	5.319366e-06	3.670919e-09	3.830683e+01	2.404283e+02
2.100000e-06	5.203924e-06	3.652509e-09	3.747548e+01	2.398189e+02
2.110000e-06	5.086603e-06	3.650493e-09	3.663061e+01	2.389607e+02
2.120000e-06	4.967315e-06	3.632531e-09	3.577157e+01	2.378011e+02
2.130000e-06	4.846143e-06	3.609433e-09	3.489896e+01	2.364333e+02
2.140000e-06	4.723197e-06	3.612201e-09	3.401358e+01	2.350512e+02
2.150000e-06	4.598560e-06	3.605821e-09	3.311602e+01	2.338481e+02
2.160000e-06	4.472271e-06	3.571840e-09	3.220656e+01	2.329105e+02
2.170000e-06	4.344315e-06	3.538062e-09	3.128510e+01	2.321665e+02
2.180000e-06	4.214757e-06	3.532784e-09	3.035210e+01	2.314186e+02
2.190000e-06	4.083646e-06	3.519848e-09	2.940792e+01	2.304456e+02
2.200000e-06	3.951019e-06	3.497721e-09	2.845283e+01	2.291207e+02
2.210000e-06	3.816945e-06	3.482259e-09	2.748730e+01	2.274797e+02
2.220000e-06	3.681411e-06	3.469516e-09	2.651127e+01	2.257022e+02
2.230000e-06	3.544422e-06	3.442345e-09	2.552476e+01	2.240124e+02
2.240000e-06	3.406054e-06	3.419696e-09	2.452832e+01	2.225532e+02
2.250000e-06	3.266404e-06	3.409317e-09	2.352264e+01	2.213024e+02
2.260000e-06	3.125470e-06	3.385740e-09	2.250772e+01	2.200807e+02
2.270000e-06	2.983301e-06	3.348666e-09	2.148391e+01	2.186487e+02
2.280000e-06	2.840028e-06	3.317604e-09	2.045215e+01	2.168443e+02
2.290000e-06	2.695676e-06	3.295192e-09	1.941261e+01	2.146814e+02
2.300000e-06	2.550345e-06	3.264553e-09	1.836603e+01	2.123520e+02
2.310000e-06	2.404124e-06	3.233179e-09	1.731303e+01	2.101242e+02
2.320000e-06	2.257149e-06	3.204996e-09	1.625461e+01	2.081867e+02
2.330000e-06	2.109437e-06	3.171839e-09	1.519088e+01	2.065253e+02
2.340000e-06	1.960957e-06	3.134042e-09	1.412161e+01	2.049051e+02
2.350000e-06	1.811805e-06	3.101089e-09	1.304752e+01	2.029784e+02
2.360000e-06	1.662135e-06	3.069587e-09	1.196968e+01	2.004671e+02
2.370000e-06	1.512001e-06	3.026886e-09	1.088851e+01	1.973242e+02
2.380000e-06	1.361364e-06	2.978882e-09	9.803714e+00	1.937795e+02
2.390000e-06	1.210283e-06	2.934707e-09	8.715721e+00	1.902300e+02
2.400000e-06	1.058799e-06	2.889496e-09	7.624826e+00	1.870217e+02
2.410000e-06	9.069625e-07	2.837722e-09	6.531390e+00	1.842307e+02
2.420000e-06	7.548391e-07	2.781790e-09	5.435890e+00	1.815668e+02
2.430000e-06	6.024377e-07	2.722379e-09	4.338388e+00	1.784670e+02
2.440000e-06	4.497965e-07	2.656746e-09	3.239159e+00	1.743484e+02
2.450000e-06	2.969918e-07	2.584676e-09	2.138753e+00	1.688957e+02
2.460000e-06	1.440499e-07	2.503969e-09	1.037359e+00	1.622232e+02
2.470000e-06	-8.957346e-09	2.409196e-09	-6.450533e-02	1.547952e+02
2.480000e-06	-1.620129e-07	2.296264e-09	-1.166718e+00	1.471010e+02
2.490000e-06	-3.150432e-07	2.161640e-09	-2.268749e+00	1.392145e+02
2.500000e-06	-4.679384e-07	2.002688e-09	-3.369806e+00	1.304516e+02
2.510000e-06	-6.207088e-07	1.812818e-09	-4.469965e+00	1.193282e+02
2.520000e-06	-7.732493e-07	1.578448e-09	-5.568469e+00	1.039091e+02
2.530000e-06	-9.255413e-07	1.281457e-09	-6.665182e+00	8.247059e+01
2.540000e-06	-1.077558e-06	9.001886e-10	-7.759911e+00	5.424177e+01
2.550000e-06	-1.229148e-06	4.087269e-10	-8.851573e+00	1.992845e+01
2.560000e-06	-1.380301e-06	-1.986092e-10	-9.940087e+00	-1.821895e+01
2.570000e-06	-1.530977e-06	-8.546476e-10	-1.102516e+01	-5.686413e+01
2.580000e-06	-1.681075e-06	-1.438468e-09	-1.210607e+01	-9.243523e+01
2.590000e-06	-1.830569e-06	-1.873636e-09	-1.318264e+01	-1.220732e+02
2.600000e-06	-1.979414e-06	-2.171025e-09	-1.425453e+01	-1.443424e+02
2.610000e-06	-2.127572e-06	-2.377759e-09	-1.532147e+01	-1.594623e+02
2.620000e-06	-2.274916e-06	-2.528853e-09	-1.638256e+01	-1.690030e+02
2.630000e-06	-2.421317e-06	-2.648467e-09	-1.743685e+01	-1.751973e+02
2.640000e-06	-2.566786e-06	-2.750362e-09	-1.848443e+01	-1.801488e+02
2.650000e-06	-2.711262e-06	-2.839347e-09	-1.952486e+01	-1.852334e+02
2.660000e-06	-2.854648e-06	-2.920715e-09	-2.055743e+01	-1.908820e+02
2.670000e-06	-2.996875e-06	-2.995472e-09	-2.158166e+01	-1.967602e+02
2.680000e-06	-3.137902e-06	-3.062600e-09	-2.259725e+01	-2.022008e+02
2.690000e-06	-3.277747e-06	-3.124653e-09	-2.360433e+01	-2.066631e+02
2.700000e-06	-3.416331e-06	-3.183174e-09	-2.460233e+01	-2.100183e+02
2.710000e-06	-3.553570e-06	-3.238252e-09	-2.559064e+01	-2.125677e+02
2.720000e-06	-3.689526e-06	-3.288522e-09	-2.656971e+01	-2.148379e+02
2.730000e-06	-3.824123e-06	-3.332389e-09	-2.753900e+01	-2.172892e+02
2.740000e-06	-3.957348e-06	-3.372560e-09	-2.849840e+01	-2.200982e+02
2.750000e-06	-4.089188e-06	-3.408712e-09	-2.944784e+01	-2.231137e+02
2.760000e-06	-4.219561e-06	-3.443518e-09	-3.038670e+01	-2.259854e+02
2.770000e-06	-4.348506e-06	-3.479210e-09	-3.131528e+01	-2.283815e+02
2.780000e-06	-4.475940e-06	-3.513247e-09	-3.223299e+01	-2.301714e+02
2.790000e-06	-4.601799e-06	-3.542311e-09	-3.313935e+01	-2.314841e+02
2.800000e-06	-4.726074e-06	-3.567579e-09	-3.403430e+01	-2.326231e+02
2.810000e-06	-4.848706e-06	-3.592801e-09	-3.491742e+01	-2.338964e+02
2.820000e-06	-4.969599e-06	-3.615743e-09	-3.578801e+01	-2.354573e+02
2.830000e-06	-5.088560e-06	-3.634918e-09	-3.664470e+01	-2.372397e+02
2.840000e-06	-5.205481e-06	-3.653541e-09	-3.748669e+01	-2.390133e+02
2.850000e-06	-5.320374e-06	-3.673065e-09	-3.831408e+01	-2.405217e+02
2.860000e-06	-5.433157e-06	-3.692508e-09	-3.912627e+01	-2.416245e+02
2.870000e-06	-5.543806e-06	-3.711619e-09	-3.992310e+01	-2.423666e+02
2.880000e-06	-5.652453e-06	-3.730186e-09	-4.070551e+01	-2.429457e+02
2.890000e-06	-5.759146e-06	-3.747022e-09	-4.147385e+01	-2.435989e+02
2.900000e-06	-5.863756e-06	-3.759858e-09	-4.222718e+01	-2.444766e+02
2.910000e-06	-5.966188e-06	-3.771073e-09	-4.296484e+01	-2.455703e+02
2.920000e-06	-6.066471e-06	-3.780244e-09	-4.368702e+01	-2.467296e+02
2.930000e-06	-6.164620e-06	-3.789542e-09	-4.439383e+01	-2.477546e+02
2.940000e-06	-6.260567e-06	-3.801716e-09	-4.508478e+01	-2.485093e+02
2.950000e-06	-6.354209e-06	-3.816140e-09	-4.575913e+01	-2.489939e+02
2.960000e-06	-6.445552e-06	-3.829457e-09	-4.641692e+01	-2.493376e+02
2.970000e-06	-6.534599e-06	-3.838575e-09	-4.705819e+01	-2.497222e+02
2.980000e-06	-6.621289e-06	-3.846477e-09	-4.768248e+01	-2.502789e+02
2.990000e-06	-6.705558e-06	-3.853022e-09	-4.828933e+01	-2.510167e+02
3.000000e-06	-6.787428e-06	-3.858771e-09	-4.887891e+01	-2.518213e+02
3.010000e-06	-6.866833e-06	-3.863843e-09	-4.945073e+01	-2.525218e+02
3.020000e-06	-6.943524e-06	-3.870699e-09	-5.000301e+01	-2.529875e+02
3.030000e-06	-7.017529e-06	-3.879139e-09	-5.053596e+01	-2.532007e+02
3.040000e-06	-7.089018e-06	-3.885098e-09	-5.105078e+01	-2.532666e+02
3.050000e-06	-7.157964e-06	-3.889850e-09	-5.154728e+01	-2.533561e+02
3.060000e-06	-7.224386e-06	-3.894564e-09	-5.202561e+01	-2.536146e+02
3.070000e-06	-7.288283e-06	-3.900169e-09	-5.248576e+01	-2.540852e+02
3.080000e-06	-7.349568e-06	-3.906910e-09	-5.292709e+01	-2.546900e+02
3.090000e-06	-7.408246e-06	-3.912770e-09	-5.334966e+01	-2.552745e+02
3.100000e-06	-7.464285e-06	-3.918053e-09	-5.375322e+01	-2.556935e+02
3.110000e-06	-7.517544e-06	-3.922206e-09	-5.413676e+01	-2.558874e+02
3.120000e-06	-7.567804e-06	-3.924275e-09	-5.449870e+01	-2.559114e+02
3.130000e-06	-7.615063e-06	-3.924974e-09	-5.483903e+01	-2.559010e+02
3.140000e-06	-7.659607e-06	-3.926314e-09	-5.515981e+01	-2.559966e+02
3.150000e-06	-7.701660e-06	-3.930765e-09	-5.546265e+01	-2.562673e+02
3.160000e-06	-7.741133e-06	-3.935313e-09	-5.574691e+01	-2.566766e+02
3.170000e-06	-7.777792e-06	-3.938438e-09	-5.601091e+01	-2.571065e+02
3.180000e-06	-7.811673e-06	-3.941088e-09	-5.625489e+01	-2.574251e+02
3.190000e-06	-7.842714e-06	-3.943828e-09	-5.647843e+01	-2.575592e+02
3.200000e-06	-7.870831e-06	-3.945582e-09	-5.668091e+01	-2.575321e+02
3.210000e-06	-7.896182e-06	-3.944809e-09	-5.686347e+01	-2.574462e+02
3.220000e-06	-7.918650e-06	-3.946202e-09	-5.702528e+01	-2.574233e+02
3.230000e-06	-7.938213e-06	-3.948728e-09	-5.716616e+01	-2.575342e+02
3.240000e-06	-7.954980e-06	-3.948600e-09	-5.728690e+01	-2.577603e+02
3.250000e-06	-7.968693e-06	-3.946736e-09	-5.738566e+01	-2.580059e+02
3.260000e-06	-7.979321e-06	-3.946263e-09	-5.746219e+01	-2.581547e+02
3.270000e-06	-7.987051e-06	-3.946700e-09	-5.751786e+01	-2.581369e+02
3.280000e-06	-7.991866e-06	-3.946125e-09	-5.755254e+01	-2.579695e+02
3.290000e-06	-7.993894e-06	-3.944611e-09	-5.756714e+01	-2.577468e+02
3.300000e-06	-7.993169e-06	-3.944298e-09	-5.756192e+01	-2.575856e+02
