# Temperatura_=_20.0
# Concentracion g/m^3_=_6200.0
# C_Vs_to_Am_M_A/Vsm_=_65563218390.804596
# pendiente_HvsI_1/m_=_3716.3
# ordenada_HvsI_A/m_=_1297.0
# frecuencia_Hz_=_302629.63753221405

Tiempo_(s)	Campo_(V.s)	Magnetizacion_(V.s)	Campo_(kA/m)	Magnetizacion_(A/m)
0.000000e+00	-8.056835e-06	-4.307014e-09	-5.753596e+01	-2.821299e+02
1.000000e-08	-8.052381e-06	-4.305326e-09	-5.750415e+01	-2.821272e+02
2.000000e-08	-8.045381e-06	-4.303381e-09	-5.745417e+01	-2.823177e+02
3.000000e-08	-8.035602e-06	-4.303350e-09	-5.738433e+01	-2.825624e+02
4.000000e-08	-8.022864e-06	-4.304637e-09	-5.729337e+01	-2.826669e+02
5.000000e-08	-8.007177e-06	-4.304161e-09	-5.718134e+01	-2.824950e+02
6.000000e-08	-7.988849e-06	-4.301784e-09	-5.705046e+01	-2.820536e+02
7.000000e-08	-7.968265e-06	-4.292472e-09	-5.690346e+01	-2.815003e+02
8.000000e-08	-7.945101e-06	-4.293733e-09	-5.673804e+01	-2.810648e+02
9.000000e-08	-7.918813e-06	-4.316945e-09	-5.655032e+01	-2.809250e+02
1.000000e-07	-7.889370e-06	-4.308086e-09	-5.634005e+01	-2.811042e+02
1.100000e-07	-7.857007e-06	-4.286526e-09	-5.610894e+01	-2.814466e+02
1.200000e-07	-7.821760e-06	-4.286639e-09	-5.585723e+01	-2.816889e+02
1.300000e-07	-7.783878e-06	-4.297402e-09	-5.558671e+01	-2.815927e+02
1.400000e-07	-7.743723e-06	-4.289258e-09	-5.529995e+01	-2.810702e+02
1.500000e-07	-7.701284e-06	-4.242768e-09	-5.499688e+01	-2.802356e+02
1.600000e-07	-7.656261e-06	-4.250769e-09	-5.467536e+01	-2.793538e+02
1.700000e-07	-7.608450e-06	-4.238703e-09	-5.433393e+01	-2.787101e+02
1.800000e-07	-7.557747e-06	-4.214523e-09	-5.397185e+01	-2.784674e+02
1.900000e-07	-7.504102e-06	-4.260036e-09	-5.358875e+01	-2.785843e+02
2.000000e-07	-7.447588e-06	-4.253054e-09	-5.318517e+01	-2.788368e+02
2.100000e-07	-7.388372e-06	-4.263903e-09	-5.276230e+01	-2.789314e+02
2.200000e-07	-7.326610e-06	-4.250194e-09	-5.232124e+01	-2.786525e+02
2.300000e-07	-7.262141e-06	-4.212695e-09	-5.186085e+01	-2.779663e+02
2.400000e-07	-7.194853e-06	-4.216834e-09	-5.138032e+01	-2.770298e+02
2.500000e-07	-7.124867e-06	-4.205462e-09	-5.088053e+01	-2.761014e+02
2.600000e-07	-7.052094e-06	-4.208617e-09	-5.036085e+01	-2.754025e+02
2.700000e-07	-6.976449e-06	-4.197989e-09	-4.982065e+01	-2.750034e+02
2.800000e-07	-6.897923e-06	-4.195928e-09	-4.925987e+01	-2.747933e+02
2.900000e-07	-6.816724e-06	-4.171083e-09	-4.868001e+01	-2.745483e+02
3.000000e-07	-6.733157e-06	-4.153158e-09	-4.808323e+01	-2.740583e+02
3.100000e-07	-6.647254e-06	-4.154374e-09	-4.746978e+01	-2.732439e+02
3.200000e-07	-6.559005e-06	-4.136901e-09	-4.683957e+01	-2.721994e+02
3.300000e-07	-6.468389e-06	-4.138128e-09	-4.619246e+01	-2.711389e+02
3.400000e-07	-6.375413e-06	-4.131547e-09	-4.552849e+01	-2.702779e+02
3.500000e-07	-6.280098e-06	-4.122447e-09	-4.484782e+01	-2.697124e+02
3.600000e-07	-6.182419e-06	-4.101463e-09	-4.415027e+01	-2.693652e+02
3.700000e-07	-6.082500e-06	-4.081801e-09	-4.343672e+01	-2.690262e+02
3.800000e-07	-5.980467e-06	-4.071739e-09	-4.270807e+01	-2.684665e+02
3.900000e-07	-5.876244e-06	-4.062654e-09	-4.196379e+01	-2.675630e+02
4.000000e-07	-5.769850e-06	-4.055595e-09	-4.120401e+01	-2.663651e+02
4.100000e-07	-5.661470e-06	-4.047440e-09	-4.043004e+01	-2.650675e+02
4.200000e-07	-5.551101e-06	-4.035973e-09	-3.964186e+01	-2.639028e+02
4.300000e-07	-5.438646e-06	-4.004870e-09	-3.883879e+01	-2.630128e+02
4.400000e-07	-5.324093e-06	-3.978942e-09	-3.802074e+01	-2.623701e+02
4.500000e-07	-5.207504e-06	-3.967711e-09	-3.718815e+01	-2.617916e+02
4.600000e-07	-5.088972e-06	-3.964322e-09	-3.634168e+01	-2.610393e+02
4.700000e-07	-4.968608e-06	-3.954868e-09	-3.548213e+01	-2.599516e+02
4.800000e-07	-4.846487e-06	-3.942586e-09	-3.461003e+01	-2.585333e+02
4.900000e-07	-4.722588e-06	-3.922610e-09	-3.372524e+01	-2.569547e+02
5.000000e-07	-4.596954e-06	-3.888029e-09	-3.282805e+01	-2.554574e+02
5.100000e-07	-4.469655e-06	-3.858502e-09	-3.191898e+01	-2.542202e+02
5.200000e-07	-4.340666e-06	-3.843687e-09	-3.099783e+01	-2.532579e+02
5.300000e-07	-4.210031e-06	-3.831819e-09	-3.006493e+01	-2.524110e+02
5.400000e-07	-4.077884e-06	-3.811832e-09	-2.912124e+01	-2.514325e+02
5.500000e-07	-3.944233e-06	-3.795644e-09	-2.816680e+01	-2.501259e+02
5.600000e-07	-3.809012e-06	-3.779265e-09	-2.720115e+01	-2.484564e+02
5.700000e-07	-3.672362e-06	-3.753986e-09	-2.622529e+01	-2.465725e+02
5.800000e-07	-3.534277e-06	-3.725340e-09	-2.523919e+01	-2.447224e+02
5.900000e-07	-3.394672e-06	-3.702406e-09	-2.424224e+01	-2.431106e+02
6.000000e-07	-3.253604e-06	-3.677793e-09	-2.323484e+01	-2.417743e+02
6.100000e-07	-3.111144e-06	-3.647082e-09	-2.221749e+01	-2.405516e+02
6.200000e-07	-2.967454e-06	-3.621931e-09	-2.119137e+01	-2.391639e+02
6.300000e-07	-2.822715e-06	-3.598289e-09	-2.015775e+01	-2.373706e+02
6.400000e-07	-2.676966e-06	-3.567020e-09	-1.911692e+01	-2.351106e+02
6.500000e-07	-2.530270e-06	-3.531069e-09	-1.806932e+01	-2.325474e+02
6.600000e-07	-2.382810e-06	-3.499176e-09	-1.701627e+01	-2.299859e+02
6.700000e-07	-2.234591e-06	-3.468253e-09	-1.595780e+01	-2.277007e+02
6.800000e-07	-2.085604e-06	-3.432779e-09	-1.489384e+01	-2.257682e+02
6.900000e-07	-1.935919e-06	-3.395632e-09	-1.382490e+01	-2.240006e+02
7.000000e-07	-1.785578e-06	-3.357963e-09	-1.275128e+01	-2.220283e+02
7.100000e-07	-1.634617e-06	-3.314015e-09	-1.167323e+01	-2.194946e+02
7.200000e-07	-1.483140e-06	-3.267700e-09	-1.059149e+01	-2.162607e+02
7.300000e-07	-1.331232e-06	-3.223595e-09	-9.506679e+00	-2.125008e+02
7.400000e-07	-1.178898e-06	-3.179220e-09	-8.418817e+00	-2.086214e+02
7.500000e-07	-1.026149e-06	-3.131862e-09	-7.327997e+00	-2.050321e+02
7.600000e-07	-8.729536e-07	-3.076179e-09	-6.233990e+00	-2.018825e+02
7.700000e-07	-7.193237e-07	-3.013378e-09	-5.136879e+00	-1.989148e+02
7.800000e-07	-5.654276e-07	-2.944980e-09	-4.037867e+00	-1.955304e+02
7.900000e-07	-4.113827e-07	-2.870038e-09	-2.937791e+00	-1.910616e+02
8.000000e-07	-2.572298e-07	-2.788435e-09	-1.836945e+00	-1.851169e+02
8.100000e-07	-1.029524e-07	-2.700850e-09	-7.352100e-01	-1.778091e+02
8.200000e-07	5.144271e-08	-2.602698e-09	3.673658e-01	-1.697059e+02
8.300000e-07	2.058173e-07	-2.485595e-09	1.469795e+00	-1.614717e+02
8.400000e-07	3.601467e-07	-2.343989e-09	2.571902e+00	-1.533323e+02
8.500000e-07	5.144004e-07	-2.175826e-09	3.673468e+00	-1.446144e+02
8.600000e-07	6.684602e-07	-1.974500e-09	4.773649e+00	-1.336219e+02
8.700000e-07	8.223502e-07	-1.726920e-09	5.872618e+00	-1.179942e+02
8.800000e-07	9.760109e-07	-1.411778e-09	6.969949e+00	-9.548364e+01
8.900000e-07	1.129275e-06	-9.990573e-10	8.064448e+00	-6.488758e+01
9.000000e-07	1.282064e-06	-4.551506e-10	9.155555e+00	-2.676479e+01
9.100000e-07	1.434314e-06	2.332241e-10	1.024281e+01	1.638529e+01
9.200000e-07	1.586055e-06	9.927912e-10	1.132643e+01	6.060830e+01
9.300000e-07	1.737350e-06	1.659806e-09	1.240687e+01	1.015128e+02
9.400000e-07	1.888070e-06	2.131911e-09	1.348320e+01	1.354692e+02
9.500000e-07	2.038022e-06	2.435402e-09	1.455405e+01	1.605610e+02
9.600000e-07	2.187160e-06	2.638573e-09	1.561908e+01	1.769512e+02
9.700000e-07	2.335560e-06	2.789469e-09	1.667885e+01	1.865607e+02
9.800000e-07	2.483155e-06	2.912026e-09	1.773286e+01	1.922188e+02
9.900000e-07	2.629780e-06	3.015555e-09	1.877995e+01	1.966384e+02
1.000000e-06	2.775381e-06	3.106534e-09	1.981972e+01	2.016071e+02
1.010000e-06	2.919942e-06	3.190787e-09	2.085207e+01	2.076636e+02
1.020000e-06	3.063469e-06	3.264172e-09	2.187704e+01	2.143051e+02
1.030000e-06	3.205786e-06	3.331873e-09	2.289335e+01	2.205551e+02
1.040000e-06	3.346797e-06	3.396119e-09	2.390035e+01	2.255935e+02
1.050000e-06	3.486527e-06	3.457470e-09	2.489820e+01	2.291710e+02
1.060000e-06	3.624876e-06	3.510960e-09	2.588619e+01	2.316622e+02
1.070000e-06	3.761833e-06	3.558061e-09	2.686423e+01	2.337979e+02
1.080000e-06	3.897447e-06	3.603768e-09	2.783269e+01	2.362562e+02
1.090000e-06	4.031592e-06	3.647550e-09	2.879065e+01	2.393345e+02
1.100000e-06	4.164249e-06	3.687089e-09	2.973799e+01	2.428548e+02
1.110000e-06	4.295513e-06	3.724052e-09	3.067538e+01	2.463215e+02
1.120000e-06	4.425218e-06	3.762641e-09	3.160164e+01	2.492225e+02
1.130000e-06	4.553359e-06	3.798250e-09	3.251673e+01	2.513056e+02
1.140000e-06	4.679979e-06	3.828167e-09	3.342095e+01	2.526912e+02
1.150000e-06	4.804977e-06	3.856598e-09	3.431360e+01	2.537800e+02
1.160000e-06	4.928337e-06	3.884708e-09	3.519454e+01	2.550224e+02
1.170000e-06	5.049932e-06	3.908114e-09	3.606289e+01	2.566824e+02
1.180000e-06	5.169695e-06	3.928741e-09	3.691815e+01	2.587196e+02
1.190000e-06	5.287593e-06	3.949531e-09	3.776008e+01	2.608413e+02
1.200000e-06	5.403493e-06	3.970103e-09	3.858776e+01	2.626831e+02
1.210000e-06	5.517234e-06	3.988815e-09	3.940001e+01	2.640143e+02
1.220000e-06	5.628867e-06	4.007818e-09	4.019721e+01	2.648551e+02
1.230000e-06	5.738506e-06	4.027417e-09	4.098017e+01	2.654506e+02
1.240000e-06	5.846153e-06	4.045306e-09	4.174890e+01	2.661252e+02
1.250000e-06	5.951680e-06	4.061125e-09	4.250250e+01	2.671022e+02
1.260000e-06	6.054964e-06	4.075371e-09	4.324008e+01	2.683893e+02
1.270000e-06	6.156032e-06	4.088564e-09	4.396184e+01	2.697882e+02
1.280000e-06	6.254822e-06	4.101332e-09	4.466732e+01	2.710165e+02
1.290000e-06	6.351239e-06	4.112649e-09	4.535586e+01	2.718715e+02
1.300000e-06	6.445302e-06	4.123892e-09	4.602759e+01	2.723421e+02
1.310000e-06	6.537127e-06	4.134904e-09	4.668333e+01	2.726119e+02
1.320000e-06	6.626616e-06	4.146007e-09	4.732240e+01	2.729534e+02
1.330000e-06	6.713756e-06	4.156237e-09	4.794469e+01	2.735750e+02
1.340000e-06	6.798564e-06	4.166960e-09	4.855033e+01	2.745068e+02
1.350000e-06	6.880951e-06	4.179550e-09	4.913867e+01	2.755861e+02
1.360000e-06	6.960816e-06	4.191305e-09	4.970901e+01	2.765494e+02
1.370000e-06	7.038089e-06	4.199196e-09	5.026083e+01	2.771787e+02
1.380000e-06	7.112704e-06	4.204250e-09	5.079368e+01	2.774219e+02
1.390000e-06	7.184697e-06	4.209439e-09	5.130780e+01	2.774220e+02
1.400000e-06	7.254201e-06	4.215412e-09	5.180414e+01	2.774398e+02
1.410000e-06	7.321168e-06	4.223058e-09	5.228238e+01	2.777141e+02
1.420000e-06	7.385504e-06	4.232642e-09	5.274181e+01	2.783346e+02
1.430000e-06	7.447245e-06	4.242895e-09	5.318273e+01	2.791954e+02
1.440000e-06	7.506427e-06	4.251507e-09	5.360536e+01	2.800540e+02
1.450000e-06	7.562951e-06	4.257350e-09	5.400901e+01	2.806614e+02
1.460000e-06	7.616700e-06	4.260655e-09	5.439284e+01	2.808936e+02
1.470000e-06	7.667376e-06	4.262979e-09	5.475474e+01	2.808150e+02
1.480000e-06	7.714965e-06	4.267329e-09	5.509458e+01	2.806399e+02
1.490000e-06	7.759818e-06	4.271993e-09	5.541489e+01	2.806170e+02
1.500000e-06	7.801975e-06	4.276275e-09	5.571595e+01	2.808978e+02
1.510000e-06	7.841276e-06	4.281401e-09	5.599660e+01	2.814602e+02
1.520000e-06	7.877821e-06	4.285830e-09	5.625758e+01	2.821273e+02
1.530000e-06	7.911584e-06	4.290241e-09	5.649869e+01	2.826660e+02
1.540000e-06	7.942501e-06	4.294246e-09	5.671948e+01	2.829138e+02
1.550000e-06	7.970694e-06	4.298271e-09	5.692081e+01	2.828620e+02
1.560000e-06	7.995966e-06	4.300998e-09	5.710128e+01	2.826539e+02
1.570000e-06	8.018293e-06	4.301872e-09	5.726073e+01	2.825009e+02
1.580000e-06	8.037844e-06	4.302120e-09	5.740035e+01	2.825649e+02
1.590000e-06	8.054459e-06	4.302919e-09	5.751899e+01	2.828715e+02
1.600000e-06	8.067980e-06	4.307445e-09	5.761556e+01	2.833015e+02
1.610000e-06	8.078366e-06	4.312604e-09	5.768972e+01	2.836625e+02
1.620000e-06	8.085655e-06	4.315786e-09	5.774178e+01	2.837993e+02
1.630000e-06	8.090075e-06	4.318103e-09	5.777334e+01	2.836811e+02
1.640000e-06	8.091674e-06	4.321361e-09	5.778476e+01	2.834154e+02
1.650000e-06	8.090497e-06	4.325059e-09	5.777636e+01	2.831834e+02
1.660000e-06	8.086684e-06	4.323510e-09	5.774912e+01	2.831328e+02
1.670000e-06	8.080137e-06	4.322639e-09	5.770237e+01	2.832893e+02
1.680000e-06	8.070874e-06	4.321045e-09	5.763622e+01	2.835379e+02
1.690000e-06	8.058811e-06	4.317164e-09	5.755007e+01	2.836870e+02
1.700000e-06	8.043867e-06	4.313966e-09	5.744336e+01	2.835788e+02
1.710000e-06	8.026404e-06	4.313889e-09	5.731865e+01	2.831858e+02
1.720000e-06	8.006653e-06	4.319393e-09	5.717760e+01	2.826372e+02
1.730000e-06	7.984200e-06	4.292696e-09	5.701726e+01	2.821572e+02
1.740000e-06	7.958369e-06	4.274345e-09	5.683280e+01	2.819452e+02
1.750000e-06	7.928849e-06	4.297513e-09	5.662198e+01	2.820629e+02
1.760000e-06	7.896063e-06	4.305098e-09	5.638785e+01	2.823901e+02
1.770000e-06	7.860835e-06	4.292140e-09	5.613628e+01	2.826763e+02
1.780000e-06	7.823312e-06	4.292328e-09	5.586832e+01	2.826660e+02
1.790000e-06	7.783608e-06	4.326215e-09	5.558478e+01	2.822315e+02
1.800000e-06	7.741829e-06	4.279686e-09	5.528642e+01	2.814444e+02
1.810000e-06	7.697444e-06	4.280149e-09	5.496946e+01	2.805465e+02
1.820000e-06	7.650335e-06	4.308474e-09	5.463304e+01	2.798315e+02
1.830000e-06	7.600453e-06	4.270967e-09	5.427682e+01	2.794983e+02
1.840000e-06	7.547498e-06	4.286559e-09	5.389865e+01	2.795515e+02
1.850000e-06	7.491663e-06	4.231608e-09	5.349993e+01	2.797989e+02
1.860000e-06	7.433120e-06	4.246248e-09	5.308186e+01	2.799497e+02
1.870000e-06	7.371845e-06	4.271777e-09	5.264427e+01	2.797602e+02
1.880000e-06	7.307798e-06	4.269328e-09	5.218689e+01	2.791531e+02
1.890000e-06	7.240912e-06	4.291511e-09	5.170925e+01	2.782493e+02
1.900000e-06	7.171214e-06	4.232384e-09	5.121152e+01	2.772966e+02
1.910000e-06	7.098716e-06	4.221316e-09	5.069379e+01	2.765357e+02
1.920000e-06	7.023518e-06	4.193156e-09	5.015678e+01	2.760754e+02
1.930000e-06	6.945564e-06	4.216374e-09	4.960009e+01	2.758410e+02
1.940000e-06	6.864888e-06	4.235821e-09	4.902396e+01	2.756231e+02
1.950000e-06	6.781698e-06	4.213319e-09	4.842988e+01	2.751974e+02
1.960000e-06	6.695966e-06	4.215136e-09	4.781765e+01	2.744498e+02
1.970000e-06	6.607718e-06	4.169020e-09	4.718744e+01	2.734385e+02
1.980000e-06	6.517141e-06	4.159954e-09	4.654061e+01	2.723607e+02
1.990000e-06	6.424303e-06	4.140314e-09	4.587763e+01	2.714428e+02
2.000000e-06	6.329109e-06	4.151018e-09	4.519782e+01	2.708139e+02
2.010000e-06	6.231630e-06	4.156498e-09	4.450170e+01	2.704339e+02
2.020000e-06	6.131935e-06	4.134607e-09	4.378975e+01	2.701132e+02
2.030000e-06	6.030021e-06	4.125616e-09	4.306195e+01	2.696158e+02
2.040000e-06	5.925991e-06	4.106655e-09	4.231905e+01	2.687874e+02
2.050000e-06	5.819946e-06	4.088285e-09	4.156175e+01	2.676393e+02
2.060000e-06	5.711945e-06	4.063840e-09	4.079049e+01	2.663422e+02
2.070000e-06	5.601903e-06	4.065524e-09	4.000465e+01	2.651316e+02
2.080000e-06	5.489812e-06	4.063973e-09	3.920418e+01	2.641783e+02
2.090000e-06	5.375700e-06	4.051272e-09	3.838928e+01	2.634932e+02
2.100000e-06	5.259513e-06	4.026644e-09	3.755956e+01	2.629205e+02
2.110000e-06	5.141251e-06	4.008436e-09	3.671502e+01	2.622229e+02
2.120000e-06	5.021022e-06	3.978678e-09	3.585643e+01	2.612124e+02
2.130000e-06	4.898990e-06	3.954374e-09	3.498497e+01	2.598548e+02
2.140000e-06	4.775230e-06	3.954352e-09	3.410116e+01	2.582901e+02
2.150000e-06	4.649727e-06	3.955404e-09	3.320492e+01	2.567556e+02
2.160000e-06	4.522505e-06	3.937945e-09	3.229639e+01	2.554543e+02
2.170000e-06	4.393600e-06	3.906199e-09	3.137585e+01	2.544408e+02
2.180000e-06	4.263137e-06	3.880550e-09	3.044417e+01	2.535883e+02
2.190000e-06	4.131176e-06	3.852650e-09	2.950181e+01	2.526578e+02
2.200000e-06	3.997611e-06	3.832794e-09	2.854798e+01	2.514305e+02
2.210000e-06	3.862522e-06	3.822152e-09	2.758328e+01	2.498313e+02
2.220000e-06	3.725922e-06	3.813548e-09	2.660778e+01	2.479733e+02
2.230000e-06	3.587874e-06	3.785275e-09	2.562195e+01	2.460943e+02
2.240000e-06	3.448493e-06	3.750650e-09	2.462659e+01	2.444208e+02
2.250000e-06	3.307786e-06	3.721758e-09	2.362176e+01	2.430322e+02
2.260000e-06	3.165763e-06	3.697560e-09	2.260754e+01	2.418062e+02
2.270000e-06	3.022507e-06	3.673666e-09	2.158451e+01	2.404773e+02
2.280000e-06	2.878092e-06	3.651563e-09	2.055320e+01	2.387832e+02
2.290000e-06	2.732608e-06	3.628013e-09	1.951426e+01	2.366161e+02
2.300000e-06	2.586215e-06	3.595586e-09	1.846884e+01	2.340941e+02
2.310000e-06	2.438915e-06	3.561088e-09	1.741693e+01	2.315046e+02
2.320000e-06	2.290831e-06	3.529176e-09	1.635942e+01	2.291445e+02
2.330000e-06	2.141989e-06	3.494970e-09	1.529650e+01	2.271429e+02
2.340000e-06	1.992360e-06	3.454657e-09	1.422796e+01	2.253667e+02
2.350000e-06	1.842024e-06	3.415518e-09	1.315438e+01	2.234716e+02
2.360000e-06	1.691145e-06	3.378961e-09	1.207691e+01	2.210792e+02
2.370000e-06	1.539832e-06	3.340728e-09	1.099634e+01	2.179908e+02
2.380000e-06	1.388072e-06	3.296888e-09	9.912582e+00	2.143140e+02
2.390000e-06	1.235822e-06	3.248884e-09	8.825327e+00	2.104210e+02
2.400000e-06	1.083122e-06	3.196038e-09	7.734857e+00	2.067440e+02
2.410000e-06	9.299651e-07	3.139556e-09	6.641124e+00	2.035069e+02
2.420000e-06	7.764413e-07	3.080679e-09	5.544771e+00	2.005414e+02
2.430000e-06	6.226630e-07	3.015486e-09	4.446599e+00	1.973049e+02
2.440000e-06	4.686245e-07	2.942201e-09	3.346570e+00	1.931151e+02
2.450000e-06	3.144783e-07	2.860814e-09	2.245772e+00	1.874952e+02
2.460000e-06	1.602467e-07	2.770004e-09	1.144364e+00	1.804431e+02
2.470000e-06	5.908832e-09	2.672556e-09	4.219651e-02	1.724495e+02
2.480000e-06	-1.484932e-07	2.564100e-09	-1.060429e+00	1.642004e+02
2.490000e-06	-3.028627e-07	2.433100e-09	-2.162822e+00	1.560613e+02
2.500000e-06	-4.570750e-07	2.274041e-09	-3.264092e+00	1.475768e+02
2.510000e-06	-6.110737e-07	2.080772e-09	-4.363837e+00	1.372568e+02
2.520000e-06	-7.648834e-07	1.844771e-09	-5.462232e+00	1.228291e+02
2.530000e-06	-9.184768e-07	1.549644e-09	-6.559083e+00	1.019432e+02
2.540000e-06	-1.071728e-06	1.170785e-09	-7.653491e+00	7.309924e+01
2.550000e-06	-1.224622e-06	6.720746e-10	-8.745343e+00	3.644150e+01
2.560000e-06	-1.377074e-06	2.121051e-11	-9.834046e+00	-5.927951e+00
2.570000e-06	-1.528979e-06	-7.406444e-10	-1.091884e+01	-5.029481e+01
2.580000e-06	-1.680365e-06	-1.462619e-09	-1.199993e+01	-9.225990e+01
2.590000e-06	-1.831140e-06	-2.003749e-09	-1.307665e+01	-1.279357e+02
2.600000e-06	-1.981197e-06	-2.355459e-09	-1.414824e+01	-1.549844e+02
2.610000e-06	-2.130472e-06	-2.585542e-09	-1.521426e+01	-1.731277e+02
2.620000e-06	-2.278933e-06	-2.749686e-09	-1.627446e+01	-1.839679e+02
2.630000e-06	-2.426612e-06	-2.878943e-09	-1.732907e+01	-1.902261e+02
2.640000e-06	-2.573403e-06	-2.988827e-09	-1.837734e+01	-1.947210e+02
2.650000e-06	-2.719118e-06	-3.084785e-09	-1.941793e+01	-1.994845e+02
2.660000e-06	-2.863799e-06	-3.170948e-09	-2.045114e+01	-2.053224e+02
2.670000e-06	-3.007440e-06	-3.251886e-09	-2.147692e+01	-2.119154e+02
2.680000e-06	-3.149847e-06	-3.327776e-09	-2.249388e+01	-2.183327e+02
2.690000e-06	-3.290980e-06	-3.398071e-09	-2.350175e+01	-2.236751e+02
2.700000e-06	-3.430875e-06	-3.462304e-09	-2.450078e+01	-2.275537e+02
2.710000e-06	-3.569368e-06	-3.520642e-09	-2.548979e+01	-2.302229e+02
2.720000e-06	-3.706469e-06	-3.572278e-09	-2.646886e+01	-2.323703e+02
2.730000e-06	-3.842299e-06	-3.619751e-09	-2.743886e+01	-2.347187e+02
2.740000e-06	-3.976691e-06	-3.665495e-09	-2.839859e+01	-2.376644e+02
2.750000e-06	-4.109629e-06	-3.707275e-09	-2.934793e+01	-2.411256e+02
2.760000e-06	-4.241231e-06	-3.745994e-09	-3.028774e+01	-2.446519e+02
2.770000e-06	-4.371392e-06	-3.782583e-09	-3.121725e+01	-2.477079e+02
2.780000e-06	-4.500032e-06	-3.818055e-09	-3.213590e+01	-2.499692e+02
2.790000e-06	-4.627129e-06	-3.850420e-09	-3.304353e+01	-2.514778e+02
2.800000e-06	-4.752563e-06	-3.879051e-09	-3.393929e+01	-2.525905e+02
2.810000e-06	-4.876339e-06	-3.906082e-09	-3.482321e+01	-2.537691e+02
2.820000e-06	-4.998397e-06	-3.930065e-09	-3.569486e+01	-2.553329e+02
2.830000e-06	-5.118614e-06	-3.952467e-09	-3.655336e+01	-2.573081e+02
2.840000e-06	-5.236870e-06	-3.978040e-09	-3.739786e+01	-2.594438e+02
2.850000e-06	-5.353032e-06	-4.002796e-09	-3.822740e+01	-2.613728e+02
2.860000e-06	-5.467018e-06	-4.023006e-09	-3.904141e+01	-2.628215e+02
2.870000e-06	-5.578762e-06	-4.042570e-09	-3.983939e+01	-2.637534e+02
2.880000e-06	-5.688422e-06	-4.062379e-09	-4.062251e+01	-2.643746e+02
2.890000e-06	-5.796136e-06	-4.078688e-09	-4.139172e+01	-2.650081e+02
2.900000e-06	-5.901850e-06	-4.091418e-09	-4.214665e+01	-2.659122e+02
2.910000e-06	-6.005407e-06	-4.105158e-09	-4.288618e+01	-2.671444e+02
2.920000e-06	-6.106682e-06	-4.120375e-09	-4.360941e+01	-2.685432e+02
2.930000e-06	-6.205758e-06	-4.134209e-09	-4.431694e+01	-2.698308e+02
2.940000e-06	-6.302662e-06	-4.146599e-09	-4.500896e+01	-2.707747e+02
2.950000e-06	-6.397238e-06	-4.159501e-09	-4.568435e+01	-2.713184e+02
2.960000e-06	-6.489482e-06	-4.171962e-09	-4.634309e+01	-2.716097e+02
2.970000e-06	-6.579446e-06	-4.182788e-09	-4.698555e+01	-2.719144e+02
2.980000e-06	-6.667063e-06	-4.191868e-09	-4.761124e+01	-2.724669e+02
2.990000e-06	-6.752207e-06	-4.201051e-09	-4.821927e+01	-2.733408e+02
3.000000e-06	-6.834871e-06	-4.211297e-09	-4.880960e+01	-2.744099e+02
3.010000e-06	-6.915171e-06	-4.220773e-09	-4.938305e+01	-2.754208e+02
3.020000e-06	-6.992842e-06	-4.228269e-09	-4.993772e+01	-2.761335e+02
3.030000e-06	-7.067797e-06	-4.232573e-09	-5.047299e+01	-2.764542e+02
3.040000e-06	-7.140191e-06	-4.236411e-09	-5.098997e+01	-2.764871e+02
3.050000e-06	-7.209980e-06	-4.241795e-09	-5.148835e+01	-2.764785e+02
3.060000e-06	-7.277208e-06	-4.247804e-09	-5.196844e+01	-2.766844e+02
3.070000e-06	-7.341933e-06	-4.254453e-09	-5.243066e+01	-2.772337e+02
3.080000e-06	-7.404111e-06	-4.262800e-09	-5.287469e+01	-2.780611e+02
3.090000e-06	-7.463631e-06	-4.269108e-09	-5.329974e+01	-2.789437e+02
3.100000e-06	-7.520395e-06	-4.273882e-09	-5.370511e+01	-2.796218e+02
3.110000e-06	-7.574307e-06	-4.277388e-09	-5.409011e+01	-2.799361e+02
3.120000e-06	-7.625278e-06	-4.280630e-09	-5.445410e+01	-2.799103e+02
3.130000e-06	-7.673190e-06	-4.284379e-09	-5.479626e+01	-2.797346e+02
3.140000e-06	-7.718324e-06	-4.285319e-09	-5.511857e+01	-2.796620e+02
3.150000e-06	-7.761003e-06	-4.287291e-09	-5.542335e+01	-2.798738e+02
3.160000e-06	-7.801035e-06	-4.292792e-09	-5.570923e+01	-2.803872e+02
3.170000e-06	-7.838235e-06	-4.299679e-09	-5.597488e+01	-2.810520e+02
3.180000e-06	-7.872676e-06	-4.304149e-09	-5.622083e+01	-2.816367e+02
3.190000e-06	-7.904282e-06	-4.306126e-09	-5.644654e+01	-2.819540e+02
3.200000e-06	-7.932953e-06	-4.306920e-09	-5.665129e+01	-2.819593e+02
3.210000e-06	-7.958780e-06	-4.307803e-09	-5.683573e+01	-2.817680e+02
3.220000e-06	-7.981737e-06	-4.309444e-09	-5.699967e+01	-2.815868e+02
3.230000e-06	-8.001810e-06	-4.311882e-09	-5.714302e+01	-2.815973e+02
3.240000e-06	-8.019017e-06	-4.313533e-09	-5.726590e+01	-2.818582e+02
3.250000e-06	-8.033142e-06	-4.314258e-09	-5.736676e+01	-2.822777e+02
3.260000e-06	-8.044126e-06	-4.312792e-09	-5.744521e+01	-2.826700e+02
3.270000e-06	-8.052204e-06	-4.311524e-09	-5.750289e+01	-2.828632e+02
3.280000e-06	-8.057396e-06	-4.310949e-09	-5.753997e+01	-2.827953e+02
3.290000e-06	-8.059774e-06	-4.309525e-09	-5.755695e+01	-2.825475e+02
3.300000e-06	-8.059353e-06	-4.308344e-09	-5.755395e+01	-2.822937e+02
