# Temperatura_=_20.0
# Concentracion g/m^3_=_4600.0
# C_Vs_to_Am_M_A/Vsm_=_65563218390.804596
# pendiente_HvsI_1/m_=_3716.3
# ordenada_HvsI_A/m_=_1297.0
# frecuencia_Hz_=_302562.1941907042

Tiempo_(s)	Campo_(V.s)	Magnetizacion_(V.s)	Campo_(kA/m)	Magnetizacion_(A/m)
0.000000e+00	-7.959770e-06	-2.811541e-09	-5.757693e+01	-1.837208e+02
1.000000e-08	-7.956320e-06	-2.808670e-09	-5.755197e+01	-1.836043e+02
2.000000e-08	-7.950262e-06	-2.807401e-09	-5.750815e+01	-1.833387e+02
3.000000e-08	-7.941616e-06	-2.803459e-09	-5.744560e+01	-1.830106e+02
4.000000e-08	-7.930186e-06	-2.799228e-09	-5.736292e+01	-1.827505e+02
5.000000e-08	-7.915869e-06	-2.796250e-09	-5.725937e+01	-1.826374e+02
6.000000e-08	-7.898696e-06	-2.794225e-09	-5.713514e+01	-1.826342e+02
7.000000e-08	-7.879070e-06	-2.789403e-09	-5.699318e+01	-1.826078e+02
8.000000e-08	-7.857142e-06	-2.798759e-09	-5.683456e+01	-1.824227e+02
9.000000e-08	-7.832416e-06	-2.777241e-09	-5.665571e+01	-1.820409e+02
1.000000e-07	-7.804541e-06	-2.766634e-09	-5.645408e+01	-1.815504e+02
1.100000e-07	-7.773660e-06	-2.771912e-09	-5.623070e+01	-1.810993e+02
1.200000e-07	-7.739915e-06	-2.762257e-09	-5.598660e+01	-1.807806e+02
1.300000e-07	-7.703447e-06	-2.756856e-09	-5.572281e+01	-1.805540e+02
1.400000e-07	-7.664645e-06	-2.756939e-09	-5.544214e+01	-1.802660e+02
1.500000e-07	-7.623655e-06	-2.772780e-09	-5.514564e+01	-1.797584e+02
1.600000e-07	-7.580203e-06	-2.718866e-09	-5.483133e+01	-1.789883e+02
1.700000e-07	-7.534066e-06	-2.690832e-09	-5.449760e+01	-1.780728e+02
1.800000e-07	-7.485165e-06	-2.731912e-09	-5.414387e+01	-1.772212e+02
1.900000e-07	-7.433310e-06	-2.681759e-09	-5.376878e+01	-1.765989e+02
2.000000e-07	-7.378545e-06	-2.702732e-09	-5.337264e+01	-1.762152e+02
2.100000e-07	-7.321064e-06	-2.728855e-09	-5.295685e+01	-1.759118e+02
2.200000e-07	-7.260928e-06	-2.693800e-09	-5.252186e+01	-1.754624e+02
2.300000e-07	-7.198221e-06	-2.680028e-09	-5.206826e+01	-1.747169e+02
2.400000e-07	-7.132848e-06	-2.633589e-09	-5.159539e+01	-1.736953e+02
2.500000e-07	-7.064758e-06	-2.644069e-09	-5.110286e+01	-1.725725e+02
2.600000e-07	-6.994009e-06	-2.620661e-09	-5.059110e+01	-1.715666e+02
2.700000e-07	-6.920434e-06	-2.613555e-09	-5.005889e+01	-1.708054e+02
2.800000e-07	-6.844048e-06	-2.610881e-09	-4.950636e+01	-1.702559e+02
2.900000e-07	-6.764933e-06	-2.603952e-09	-4.893408e+01	-1.697566e+02
3.000000e-07	-6.683156e-06	-2.589648e-09	-4.834255e+01	-1.691254e+02
3.100000e-07	-6.599037e-06	-2.544442e-09	-4.773407e+01	-1.682705e+02
3.200000e-07	-6.512734e-06	-2.550664e-09	-4.710980e+01	-1.672346e+02
3.300000e-07	-6.424137e-06	-2.537053e-09	-4.646893e+01	-1.661527e+02
3.400000e-07	-6.333137e-06	-2.521058e-09	-4.581069e+01	-1.651562e+02
3.500000e-07	-6.239838e-06	-2.508771e-09	-4.513581e+01	-1.642901e+02
3.600000e-07	-6.144298e-06	-2.499063e-09	-4.444472e+01	-1.634938e+02
3.700000e-07	-6.046408e-06	-2.480316e-09	-4.373663e+01	-1.626513e+02
3.800000e-07	-5.946314e-06	-2.453076e-09	-4.301261e+01	-1.616746e+02
3.900000e-07	-5.844171e-06	-2.437767e-09	-4.227376e+01	-1.605607e+02
4.000000e-07	-5.739972e-06	-2.418501e-09	-4.152004e+01	-1.593869e+02
4.100000e-07	-5.633735e-06	-2.412900e-09	-4.075157e+01	-1.582501e+02
4.200000e-07	-5.525506e-06	-2.396845e-09	-3.996870e+01	-1.571944e+02
4.300000e-07	-5.415330e-06	-2.372359e-09	-3.917174e+01	-1.561771e+02
4.400000e-07	-5.303149e-06	-2.345594e-09	-3.836028e+01	-1.550981e+02
4.500000e-07	-5.188889e-06	-2.329780e-09	-3.753378e+01	-1.538731e+02
4.600000e-07	-5.072603e-06	-2.309781e-09	-3.669263e+01	-1.524984e+02
4.700000e-07	-4.954477e-06	-2.291758e-09	-3.583816e+01	-1.510618e+02
4.800000e-07	-4.834575e-06	-2.281885e-09	-3.497085e+01	-1.496858e+02
4.900000e-07	-4.712878e-06	-2.264048e-09	-3.409056e+01	-1.484423e+02
5.000000e-07	-4.589431e-06	-2.232888e-09	-3.319761e+01	-1.472967e+02
5.100000e-07	-4.464334e-06	-2.200194e-09	-3.229272e+01	-1.461250e+02
5.200000e-07	-4.337623e-06	-2.183541e-09	-3.137615e+01	-1.447960e+02
5.300000e-07	-4.209336e-06	-2.160095e-09	-3.044820e+01	-1.432643e+02
5.400000e-07	-4.079519e-06	-2.133638e-09	-2.950916e+01	-1.416061e+02
5.500000e-07	-3.948092e-06	-2.113862e-09	-2.855849e+01	-1.399697e+02
5.600000e-07	-3.815088e-06	-2.100687e-09	-2.759640e+01	-1.384701e+02
5.700000e-07	-3.680647e-06	-2.076972e-09	-2.662393e+01	-1.371031e+02
5.800000e-07	-3.544845e-06	-2.051845e-09	-2.564160e+01	-1.357411e+02
5.900000e-07	-3.407644e-06	-2.033980e-09	-2.464916e+01	-1.342181e+02
6.000000e-07	-3.269119e-06	-2.006582e-09	-2.364714e+01	-1.324455e+02
6.100000e-07	-3.129301e-06	-1.968472e-09	-2.263577e+01	-1.304729e+02
6.200000e-07	-2.988127e-06	-1.936349e-09	-2.161459e+01	-1.284503e+02
6.300000e-07	-2.845732e-06	-1.915922e-09	-2.058458e+01	-1.265167e+02
6.400000e-07	-2.702205e-06	-1.883611e-09	-1.954638e+01	-1.246993e+02
6.500000e-07	-2.557688e-06	-1.846489e-09	-1.850102e+01	-1.228992e+02
6.600000e-07	-2.412294e-06	-1.816459e-09	-1.744931e+01	-1.209759e+02
6.700000e-07	-2.266004e-06	-1.790773e-09	-1.639112e+01	-1.188626e+02
6.800000e-07	-2.118937e-06	-1.758579e-09	-1.532731e+01	-1.166204e+02
6.900000e-07	-1.971202e-06	-1.726444e-09	-1.425867e+01	-1.143830e+02
7.000000e-07	-1.822857e-06	-1.696185e-09	-1.318562e+01	-1.122339e+02
7.100000e-07	-1.673956e-06	-1.657145e-09	-1.210854e+01	-1.101164e+02
7.200000e-07	-1.524593e-06	-1.613687e-09	-1.102813e+01	-1.078563e+02
7.300000e-07	-1.374787e-06	-1.572885e-09	-9.944507e+00	-1.052904e+02
7.400000e-07	-1.224517e-06	-1.537920e-09	-8.857534e+00	-1.024013e+02
7.500000e-07	-1.073787e-06	-1.498048e-09	-7.767226e+00	-9.934160e+01
7.600000e-07	-9.226108e-07	-1.453465e-09	-6.673697e+00	-9.631120e+01
7.700000e-07	-7.710945e-07	-1.406212e-09	-5.577705e+00	-9.337162e+01
7.800000e-07	-6.192894e-07	-1.356145e-09	-4.479624e+00	-9.034585e+01
7.900000e-07	-4.672373e-07	-1.301055e-09	-3.379757e+00	-8.690232e+01
8.000000e-07	-3.150508e-07	-1.240440e-09	-2.278917e+00	-8.277655e+01
8.100000e-07	-1.628167e-07	-1.173671e-09	-1.177733e+00	-7.795467e+01
8.200000e-07	-1.049656e-08	-1.097957e-09	-7.592676e-02	-7.263711e+01
8.300000e-07	1.419084e-07	-1.010213e-09	1.026493e+00	-6.694680e+01
8.400000e-07	2.943177e-07	-9.024870e-10	2.128944e+00	-6.055535e+01
8.500000e-07	4.466430e-07	-7.701982e-10	3.230788e+00	-5.251932e+01
8.600000e-07	5.988207e-07	-6.030123e-10	4.331564e+00	-4.153898e+01
8.700000e-07	7.508337e-07	-3.860359e-10	5.431149e+00	-2.659724e+01
8.800000e-07	9.026351e-07	-1.053711e-10	6.529203e+00	-7.662097e+00
8.900000e-07	1.054152e-06	2.311118e-10	7.625200e+00	1.396845e+01
9.000000e-07	1.205258e-06	5.805030e-10	8.718222e+00	3.594286e+01
9.100000e-07	1.355893e-06	8.836246e-10	9.807841e+00	5.567643e+01
9.200000e-07	1.506041e-06	1.105710e-09	1.089393e+01	7.131792e+01
9.300000e-07	1.655703e-06	1.257317e-09	1.197651e+01	8.237031e+01
9.400000e-07	1.804819e-06	1.364444e-09	1.305514e+01	8.966637e+01
9.500000e-07	1.953223e-06	1.449533e-09	1.412862e+01	9.476362e+01
9.600000e-07	2.100852e-06	1.523004e-09	1.519650e+01	9.913155e+01
9.700000e-07	2.247715e-06	1.590845e-09	1.625883e+01	1.035747e+02
9.800000e-07	2.393818e-06	1.654876e-09	1.731566e+01	1.081422e+02
9.900000e-07	2.539004e-06	1.714186e-09	1.836586e+01	1.124602e+02
1.000000e-06	2.683181e-06	1.766406e-09	1.940877e+01	1.161919e+02
1.010000e-06	2.826324e-06	1.814838e-09	2.044419e+01	1.193177e+02
1.020000e-06	2.968359e-06	1.863370e-09	2.147160e+01	1.221033e+02
1.030000e-06	3.109241e-06	1.907282e-09	2.249067e+01	1.248595e+02
1.040000e-06	3.248836e-06	1.947244e-09	2.350042e+01	1.277119e+02
1.050000e-06	3.387162e-06	1.986623e-09	2.450101e+01	1.305514e+02
1.060000e-06	3.524255e-06	2.025794e-09	2.549267e+01	1.331712e+02
1.070000e-06	3.660003e-06	2.060215e-09	2.647460e+01	1.354566e+02
1.080000e-06	3.794354e-06	2.090527e-09	2.744643e+01	1.374765e+02
1.090000e-06	3.927340e-06	2.121975e-09	2.840838e+01	1.394171e+02
1.100000e-06	4.058903e-06	2.152490e-09	2.936003e+01	1.414302e+02
1.110000e-06	4.189072e-06	2.179248e-09	3.030161e+01	1.435236e+02
1.120000e-06	4.317839e-06	2.205534e-09	3.123305e+01	1.455755e+02
1.130000e-06	4.445042e-06	2.233044e-09	3.215317e+01	1.474468e+02
1.140000e-06	4.570765e-06	2.260243e-09	3.306258e+01	1.490942e+02
1.150000e-06	4.694894e-06	2.285215e-09	3.396047e+01	1.505949e+02
1.160000e-06	4.817329e-06	2.307026e-09	3.484610e+01	1.520725e+02
1.170000e-06	4.938140e-06	2.326410e-09	3.571999e+01	1.535961e+02
1.180000e-06	5.057131e-06	2.346172e-09	3.658071e+01	1.551361e+02
1.190000e-06	5.174174e-06	2.364986e-09	3.742734e+01	1.566079e+02
1.200000e-06	5.289245e-06	2.383324e-09	3.825971e+01	1.579596e+02
1.210000e-06	5.402294e-06	2.402219e-09	3.907745e+01	1.592228e+02
1.220000e-06	5.513356e-06	2.423298e-09	3.988081e+01	1.604841e+02
1.230000e-06	5.622505e-06	2.444377e-09	4.067034e+01	1.618030e+02
1.240000e-06	5.729632e-06	2.463263e-09	4.144524e+01	1.631501e+02
1.250000e-06	5.834610e-06	2.481993e-09	4.220460e+01	1.644201e+02
1.260000e-06	5.937472e-06	2.499057e-09	4.294865e+01	1.655148e+02
1.270000e-06	6.038155e-06	2.513289e-09	4.367694e+01	1.664269e+02
1.280000e-06	6.136550e-06	2.525882e-09	4.438868e+01	1.672563e+02
1.290000e-06	6.232619e-06	2.540079e-09	4.508359e+01	1.681410e+02
1.300000e-06	6.326499e-06	2.554548e-09	4.576267e+01	1.691555e+02
1.310000e-06	6.418180e-06	2.568551e-09	4.642584e+01	1.702545e+02
1.320000e-06	6.507480e-06	2.582026e-09	4.707180e+01	1.713071e+02
1.330000e-06	6.594447e-06	2.595456e-09	4.770087e+01	1.721930e+02
1.340000e-06	6.679099e-06	2.607728e-09	4.831320e+01	1.728876e+02
1.350000e-06	6.761384e-06	2.617760e-09	4.890841e+01	1.734719e+02
1.360000e-06	6.841218e-06	2.629455e-09	4.948588e+01	1.740641e+02
1.370000e-06	6.918541e-06	2.641510e-09	5.004520e+01	1.747306e+02
1.380000e-06	6.993254e-06	2.650817e-09	5.058564e+01	1.754467e+02
1.390000e-06	7.065330e-06	2.658374e-09	5.110700e+01	1.761338e+02
1.400000e-06	7.134936e-06	2.666950e-09	5.161050e+01	1.767371e+02
1.410000e-06	7.202060e-06	2.677120e-09	5.209603e+01	1.772762e+02
1.420000e-06	7.266563e-06	2.687421e-09	5.256261e+01	1.778256e+02
1.430000e-06	7.328540e-06	2.698760e-09	5.301092e+01	1.784434e+02
1.440000e-06	7.388048e-06	2.709555e-09	5.344138e+01	1.791097e+02
1.450000e-06	7.444957e-06	2.717650e-09	5.385303e+01	1.797297e+02
1.460000e-06	7.499054e-06	2.724181e-09	5.424434e+01	1.802041e+02
1.470000e-06	7.550123e-06	2.730870e-09	5.461374e+01	1.805112e+02
1.480000e-06	7.598180e-06	2.736008e-09	5.496136e+01	1.807335e+02
1.490000e-06	7.643511e-06	2.739157e-09	5.528926e+01	1.810045e+02
1.500000e-06	7.686197e-06	2.744384e-09	5.559803e+01	1.814121e+02
1.510000e-06	7.726053e-06	2.752467e-09	5.588634e+01	1.819338e+02
1.520000e-06	7.763199e-06	2.760485e-09	5.615503e+01	1.824518e+02
1.530000e-06	7.797724e-06	2.766703e-09	5.640477e+01	1.828388e+02
1.540000e-06	7.829423e-06	2.771758e-09	5.663406e+01	1.830475e+02
1.550000e-06	7.858308e-06	2.774639e-09	5.684300e+01	1.831385e+02
1.560000e-06	7.884398e-06	2.777190e-09	5.703172e+01	1.832279e+02
1.570000e-06	7.907619e-06	2.780194e-09	5.719969e+01	1.833979e+02
1.580000e-06	7.928026e-06	2.782633e-09	5.734730e+01	1.836414e+02
1.590000e-06	7.945592e-06	2.786429e-09	5.747436e+01	1.838800e+02
1.600000e-06	7.960218e-06	2.791278e-09	5.758017e+01	1.840359e+02
1.610000e-06	7.971771e-06	2.795887e-09	5.766373e+01	1.840956e+02
1.620000e-06	7.980233e-06	2.799273e-09	5.772494e+01	1.841141e+02
1.630000e-06	7.985784e-06	2.801584e-09	5.776510e+01	1.841575e+02
1.640000e-06	7.988503e-06	2.803366e-09	5.778476e+01	1.842347e+02
1.650000e-06	7.988428e-06	2.800801e-09	5.778422e+01	1.842798e+02
1.660000e-06	7.985713e-06	2.800677e-09	5.776458e+01	1.842029e+02
1.670000e-06	7.980358e-06	2.798384e-09	5.772585e+01	1.839699e+02
1.680000e-06	7.972306e-06	2.796074e-09	5.766760e+01	1.836454e+02
1.690000e-06	7.961560e-06	2.794196e-09	5.758987e+01	1.833573e+02
1.700000e-06	7.948023e-06	2.792931e-09	5.749195e+01	1.832060e+02
1.710000e-06	7.931789e-06	2.790745e-09	5.737452e+01	1.831853e+02
1.720000e-06	7.913177e-06	2.786489e-09	5.723989e+01	1.831792e+02
1.730000e-06	7.892134e-06	2.774944e-09	5.708768e+01	1.830425e+02
1.740000e-06	7.868109e-06	2.800650e-09	5.691389e+01	1.827061e+02
1.750000e-06	7.840545e-06	2.785963e-09	5.671451e+01	1.822293e+02
1.760000e-06	7.809459e-06	2.772260e-09	5.648965e+01	1.817556e+02
1.770000e-06	7.775624e-06	2.778892e-09	5.624490e+01	1.814020e+02
1.780000e-06	7.739514e-06	2.774991e-09	5.598371e+01	1.811637e+02
1.790000e-06	7.701096e-06	2.722343e-09	5.570581e+01	1.809080e+02
1.800000e-06	7.660632e-06	2.746278e-09	5.541311e+01	1.804654e+02
1.810000e-06	7.617987e-06	2.770019e-09	5.510464e+01	1.797560e+02
1.820000e-06	7.572660e-06	2.693526e-09	5.477677e+01	1.788587e+02
1.830000e-06	7.524539e-06	2.764119e-09	5.442868e+01	1.779715e+02
1.840000e-06	7.473509e-06	2.706620e-09	5.405956e+01	1.772838e+02
1.850000e-06	7.419512e-06	2.673115e-09	5.366897e+01	1.768497e+02
1.860000e-06	7.362789e-06	2.673978e-09	5.325867e+01	1.765472e+02
1.870000e-06	7.303450e-06	2.641433e-09	5.282943e+01	1.761537e+02
1.880000e-06	7.241437e-06	2.714097e-09	5.238087e+01	1.754878e+02
1.890000e-06	7.176636e-06	2.664007e-09	5.191213e+01	1.745235e+02
1.900000e-06	7.109058e-06	2.659559e-09	5.142330e+01	1.734048e+02
1.910000e-06	7.038695e-06	2.632552e-09	5.091434e+01	1.723522e+02
1.920000e-06	6.965577e-06	2.593928e-09	5.038544e+01	1.715265e+02
1.930000e-06	6.889834e-06	2.612544e-09	4.983755e+01	1.709356e+02
1.940000e-06	6.811334e-06	2.589296e-09	4.926972e+01	1.704422e+02
1.950000e-06	6.730193e-06	2.624555e-09	4.868279e+01	1.698576e+02
1.960000e-06	6.646600e-06	2.586272e-09	4.807812e+01	1.690598e+02
1.970000e-06	6.560506e-06	2.566026e-09	4.745536e+01	1.680587e+02
1.980000e-06	6.471986e-06	2.554615e-09	4.681505e+01	1.669741e+02
1.990000e-06	6.381228e-06	2.532525e-09	4.615855e+01	1.659477e+02
2.000000e-06	6.288274e-06	2.530876e-09	4.548617e+01	1.650511e+02
2.010000e-06	6.193003e-06	2.501809e-09	4.479703e+01	1.642474e+02
2.020000e-06	6.095501e-06	2.505524e-09	4.409175e+01	1.634271e+02
2.030000e-06	5.995856e-06	2.483441e-09	4.337097e+01	1.624881e+02
2.040000e-06	5.894016e-06	2.484436e-09	4.263431e+01	1.614037e+02
2.050000e-06	5.790069e-06	2.458410e-09	4.188241e+01	1.602352e+02
2.060000e-06	5.684153e-06	2.432112e-09	4.111627e+01	1.590820e+02
2.070000e-06	5.576376e-06	2.419564e-09	4.033667e+01	1.580067e+02
2.080000e-06	5.466650e-06	2.405896e-09	3.954296e+01	1.569880e+02
2.090000e-06	5.354833e-06	2.401649e-09	3.873413e+01	1.559343e+02
2.100000e-06	5.241004e-06	2.384155e-09	3.791075e+01	1.547500e+02
2.110000e-06	5.125243e-06	2.366548e-09	3.707340e+01	1.534076e+02
2.120000e-06	5.007475e-06	2.325395e-09	3.622152e+01	1.519750e+02
2.130000e-06	4.887739e-06	2.294996e-09	3.535542e+01	1.505737e+02
2.140000e-06	4.766207e-06	2.283600e-09	3.447631e+01	1.492959e+02
2.150000e-06	4.642958e-06	2.286889e-09	3.358480e+01	1.481350e+02
2.160000e-06	4.518084e-06	2.270072e-09	3.268152e+01	1.469836e+02
2.170000e-06	4.391575e-06	2.250837e-09	3.176642e+01	1.457028e+02
2.180000e-06	4.263405e-06	2.230054e-09	3.083930e+01	1.442192e+02
2.190000e-06	4.133745e-06	2.201782e-09	2.990140e+01	1.425800e+02
2.200000e-06	4.002541e-06	2.170455e-09	2.895234e+01	1.409242e+02
2.210000e-06	3.869762e-06	2.151508e-09	2.799189e+01	1.393853e+02
2.220000e-06	3.735507e-06	2.136027e-09	2.702076e+01	1.379932e+02
2.230000e-06	3.599798e-06	2.103691e-09	2.603911e+01	1.366460e+02
2.240000e-06	3.462776e-06	2.075972e-09	2.504796e+01	1.351764e+02
2.250000e-06	3.324435e-06	2.058652e-09	2.404727e+01	1.334671e+02
2.260000e-06	3.184800e-06	2.039668e-09	2.303722e+01	1.315328e+02
2.270000e-06	3.043964e-06	2.004723e-09	2.201849e+01	1.295071e+02
2.280000e-06	2.901916e-06	1.976422e-09	2.099098e+01	1.275433e+02
2.290000e-06	2.758675e-06	1.952456e-09	1.995485e+01	1.257020e+02
2.300000e-06	2.614411e-06	1.921425e-09	1.891131e+01	1.239113e+02
2.310000e-06	2.469337e-06	1.886451e-09	1.786193e+01	1.220296e+02
2.320000e-06	2.323512e-06	1.858678e-09	1.680711e+01	1.199630e+02
2.330000e-06	2.176816e-06	1.828930e-09	1.574597e+01	1.177415e+02
2.340000e-06	2.029258e-06	1.791274e-09	1.467862e+01	1.154909e+02
2.350000e-06	1.881046e-06	1.759019e-09	1.360653e+01	1.133190e+02
2.360000e-06	1.732288e-06	1.732278e-09	1.253049e+01	1.112070e+02
2.370000e-06	1.582973e-06	1.698703e-09	1.145042e+01	1.090010e+02
2.380000e-06	1.433122e-06	1.656415e-09	1.036648e+01	1.065205e+02
2.390000e-06	1.282890e-06	1.614151e-09	9.279773e+00	1.037035e+02
2.400000e-06	1.132327e-06	1.572100e-09	8.190678e+00	1.006663e+02
2.410000e-06	9.813453e-07	1.525926e-09	7.098552e+00	9.761457e+01
2.420000e-06	8.300194e-07	1.477611e-09	6.003938e+00	9.465949e+01
2.430000e-06	6.784217e-07	1.430410e-09	4.907357e+00	9.168353e+01
2.440000e-06	5.264919e-07	1.376472e-09	3.808374e+00	8.837607e+01
2.450000e-06	3.743526e-07	1.315301e-09	2.707876e+00	8.443351e+01
2.460000e-06	2.221150e-07	1.247908e-09	1.606667e+00	7.977196e+01
2.470000e-06	6.974502e-08	1.172646e-09	5.044999e-01	7.455706e+01
2.480000e-06	-8.274779e-08	1.086505e-09	-5.985554e-01	6.896766e+01
2.490000e-06	-2.352390e-07	9.866005e-10	-1.701599e+00	6.281675e+01
2.500000e-06	-3.876213e-07	8.666631e-10	-2.803855e+00	5.530855e+01
2.510000e-06	-5.398997e-07	7.126021e-10	-3.905360e+00	4.518373e+01
2.520000e-06	-6.920127e-07	5.110129e-10	-5.005667e+00	3.128388e+01
2.530000e-06	-8.438657e-07	2.491175e-10	-6.104095e+00	1.327778e+01
2.540000e-06	-9.953508e-07	-7.456769e-11	-7.199861e+00	-7.869024e+00
2.550000e-06	-1.146434e-06	-4.314927e-10	-8.292717e+00	-3.000787e+01
2.560000e-06	-1.297078e-06	-7.606436e-10	-9.382400e+00	-5.051867e+01
2.570000e-06	-1.447279e-06	-1.013572e-09	-1.046888e+01	-6.728761e+01
2.580000e-06	-1.597048e-06	-1.187329e-09	-1.155223e+01	-7.945431e+01
2.590000e-06	-1.746263e-06	-1.309159e-09	-1.263157e+01	-8.755775e+01
2.600000e-06	-1.894835e-06	-1.402339e-09	-1.370627e+01	-9.305043e+01
2.610000e-06	-2.042675e-06	-1.480630e-09	-1.477567e+01	-9.749368e+01
2.620000e-06	-2.189661e-06	-1.552880e-09	-1.583889e+01	-1.018871e+02
2.630000e-06	-2.335780e-06	-1.620579e-09	-1.689584e+01	-1.064502e+02
2.640000e-06	-2.481102e-06	-1.683429e-09	-1.794703e+01	-1.108705e+02
2.650000e-06	-2.625499e-06	-1.739414e-09	-1.899152e+01	-1.147649e+02
2.660000e-06	-2.768741e-06	-1.793594e-09	-2.002766e+01	-1.180252e+02
2.670000e-06	-2.910840e-06	-1.847130e-09	-2.105553e+01	-1.208636e+02
2.680000e-06	-3.051841e-06	-1.894906e-09	-2.207546e+01	-1.236055e+02
2.690000e-06	-3.191710e-06	-1.935866e-09	-2.308720e+01	-1.264361e+02
2.700000e-06	-3.330313e-06	-1.973427e-09	-2.408979e+01	-1.292979e+02
2.710000e-06	-3.467612e-06	-2.011060e-09	-2.508294e+01	-1.319897e+02
2.720000e-06	-3.603642e-06	-2.047931e-09	-2.606691e+01	-1.343594e+02
2.730000e-06	-3.738282e-06	-2.083602e-09	-2.704083e+01	-1.364304e+02
2.740000e-06	-3.871622e-06	-2.120301e-09	-2.800534e+01	-1.383726e+02
2.750000e-06	-4.003641e-06	-2.155304e-09	-2.896030e+01	-1.403604e+02
2.760000e-06	-4.134187e-06	-2.185459e-09	-2.990460e+01	-1.424415e+02
2.770000e-06	-4.263397e-06	-2.213403e-09	-3.083925e+01	-1.445184e+02
2.780000e-06	-4.391137e-06	-2.243744e-09	-3.176325e+01	-1.464439e+02
2.790000e-06	-4.517242e-06	-2.273087e-09	-3.267543e+01	-1.481441e+02
2.800000e-06	-4.641829e-06	-2.298408e-09	-3.357663e+01	-1.496698e+02
2.810000e-06	-4.764775e-06	-2.323281e-09	-3.446596e+01	-1.511432e+02
2.820000e-06	-4.886001e-06	-2.348379e-09	-3.534285e+01	-1.526543e+02
2.830000e-06	-5.005475e-06	-2.371060e-09	-3.620706e+01	-1.541974e+02
2.840000e-06	-5.123088e-06	-2.393564e-09	-3.705781e+01	-1.556937e+02
2.850000e-06	-5.238643e-06	-2.418746e-09	-3.789367e+01	-1.570759e+02
2.860000e-06	-5.351951e-06	-2.441524e-09	-3.871329e+01	-1.583541e+02
2.870000e-06	-5.463129e-06	-2.461917e-09	-3.951749e+01	-1.596076e+02
2.880000e-06	-5.572313e-06	-2.483168e-09	-4.030727e+01	-1.609110e+02
2.890000e-06	-5.679520e-06	-2.502592e-09	-4.108275e+01	-1.622589e+02
2.900000e-06	-5.784741e-06	-2.517731e-09	-4.184387e+01	-1.635594e+02
2.910000e-06	-5.887893e-06	-2.532568e-09	-4.259002e+01	-1.647031e+02
2.920000e-06	-5.988960e-06	-2.548457e-09	-4.332108e+01	-1.656550e+02
2.930000e-06	-6.087871e-06	-2.563341e-09	-4.403656e+01	-1.664919e+02
2.940000e-06	-6.184551e-06	-2.577487e-09	-4.473589e+01	-1.673517e+02
2.950000e-06	-6.278996e-06	-2.594147e-09	-4.541906e+01	-1.683332e+02
2.960000e-06	-6.371163e-06	-2.613459e-09	-4.608575e+01	-1.694213e+02
2.970000e-06	-6.461091e-06	-2.629794e-09	-4.673624e+01	-1.704990e+02
2.980000e-06	-6.548713e-06	-2.641807e-09	-4.737005e+01	-1.714335e+02
2.990000e-06	-6.633932e-06	-2.651695e-09	-4.798649e+01	-1.721718e+02
3.000000e-06	-6.716742e-06	-2.660848e-09	-4.858549e+01	-1.727724e+02
3.010000e-06	-6.797066e-06	-2.669942e-09	-4.916651e+01	-1.733531e+02
3.020000e-06	-6.874832e-06	-2.679589e-09	-4.972904e+01	-1.739998e+02
3.030000e-06	-6.949945e-06	-2.689428e-09	-5.027236e+01	-1.747100e+02
3.040000e-06	-7.022462e-06	-2.698561e-09	-5.079692e+01	-1.754117e+02
3.050000e-06	-7.092515e-06	-2.707129e-09	-5.130364e+01	-1.760373e+02
3.060000e-06	-7.159983e-06	-2.716462e-09	-5.179167e+01	-1.765865e+02
3.070000e-06	-7.224901e-06	-2.727170e-09	-5.226125e+01	-1.771258e+02
3.080000e-06	-7.287368e-06	-2.737028e-09	-5.271311e+01	-1.777248e+02
3.090000e-06	-7.347206e-06	-2.744300e-09	-5.314595e+01	-1.783857e+02
3.100000e-06	-7.404377e-06	-2.749550e-09	-5.355949e+01	-1.790279e+02
3.110000e-06	-7.458852e-06	-2.752915e-09	-5.395354e+01	-1.795449e+02
3.120000e-06	-7.510430e-06	-2.758527e-09	-5.432663e+01	-1.798898e+02
3.130000e-06	-7.559000e-06	-2.765934e-09	-5.467796e+01	-1.801212e+02
3.140000e-06	-7.604667e-06	-2.771591e-09	-5.500829e+01	-1.803684e+02
3.150000e-06	-7.647808e-06	-2.776514e-09	-5.532035e+01	-1.807392e+02
3.160000e-06	-7.688457e-06	-2.781883e-09	-5.561438e+01	-1.812407e+02
3.170000e-06	-7.726408e-06	-2.788737e-09	-5.588890e+01	-1.817730e+02
3.180000e-06	-7.761620e-06	-2.793234e-09	-5.614361e+01	-1.822014e+02
3.190000e-06	-7.794023e-06	-2.797240e-09	-5.637799e+01	-1.824528e+02
3.200000e-06	-7.823586e-06	-2.800834e-09	-5.659184e+01	-1.825631e+02
3.210000e-06	-7.850322e-06	-2.802580e-09	-5.678523e+01	-1.826423e+02
3.220000e-06	-7.874252e-06	-2.803984e-09	-5.695833e+01	-1.827890e+02
3.230000e-06	-7.895297e-06	-2.804999e-09	-5.711056e+01	-1.830197e+02
3.240000e-06	-7.913507e-06	-2.808373e-09	-5.724228e+01	-1.832682e+02
3.250000e-06	-7.928865e-06	-2.810573e-09	-5.735337e+01	-1.834492e+02
3.260000e-06	-7.941101e-06	-2.810692e-09	-5.744188e+01	-1.835298e+02
3.270000e-06	-7.950338e-06	-2.810821e-09	-5.750870e+01	-1.835515e+02
3.280000e-06	-7.956758e-06	-2.811548e-09	-5.755514e+01	-1.835848e+02
3.290000e-06	-7.960320e-06	-2.811079e-09	-5.758090e+01	-1.836571e+02
3.300000e-06	-7.961098e-06	-2.810055e-09	-5.758653e+01	-1.837191e+02
