# Temperatura_=_20.0
# Concentracion g/m^3_=_6600.0
# C_Vs_to_Am_M_A/Vsm_=_65563218390.804596
# pendiente_HvsI_1/m_=_3716.3
# ordenada_HvsI_A/m_=_1297.0
# frecuencia_Hz_=_301425.55726344325

Tiempo_(s)	Campo_(V.s)	Magnetizacion_(V.s)	Campo_(kA/m)	Magnetizacion_(A/m)
0.000000e+00	-3.209912e-06	-3.590441e-09	-2.355356e+01	-2.332539e+02
1.000000e-08	-3.208985e-06	-3.593141e-09	-2.354676e+01	-2.334004e+02
2.000000e-08	-3.206734e-06	-3.594142e-09	-2.353024e+01	-2.334908e+02
3.000000e-08	-3.203277e-06	-3.595689e-09	-2.350488e+01	-2.335357e+02
4.000000e-08	-3.198919e-06	-3.598389e-09	-2.347290e+01	-2.335522e+02
5.000000e-08	-3.193609e-06	-3.599700e-09	-2.343393e+01	-2.335577e+02
6.000000e-08	-3.187215e-06	-3.599308e-09	-2.338702e+01	-2.335627e+02
7.000000e-08	-3.179850e-06	-3.597788e-09	-2.333298e+01	-2.335669e+02
8.000000e-08	-3.171527e-06	-3.583218e-09	-2.327191e+01	-2.335597e+02
9.000000e-08	-3.161730e-06	-3.596059e-09	-2.320002e+01	-2.335256e+02
1.000000e-07	-3.150144e-06	-3.614970e-09	-2.311500e+01	-2.334514e+02
1.100000e-07	-3.137148e-06	-3.631431e-09	-2.301964e+01	-2.333331e+02
1.200000e-07	-3.123240e-06	-3.565001e-09	-2.291759e+01	-2.331781e+02
1.300000e-07	-3.108261e-06	-3.519507e-09	-2.280768e+01	-2.330017e+02
1.400000e-07	-3.091904e-06	-3.607615e-09	-2.268765e+01	-2.328199e+02
1.500000e-07	-3.074594e-06	-3.628660e-09	-2.256064e+01	-2.326412e+02
1.600000e-07	-3.056581e-06	-3.490484e-09	-2.242846e+01	-2.324612e+02
1.700000e-07	-3.037546e-06	-3.535338e-09	-2.228878e+01	-2.322633e+02
1.800000e-07	-3.017394e-06	-3.607629e-09	-2.214091e+01	-2.320258e+02
1.900000e-07	-2.996449e-06	-3.446522e-09	-2.198723e+01	-2.317309e+02
2.000000e-07	-2.974591e-06	-3.498812e-09	-2.182683e+01	-2.313731e+02
2.100000e-07	-2.951561e-06	-3.593953e-09	-2.165784e+01	-2.309620e+02
2.200000e-07	-2.927683e-06	-3.455315e-09	-2.148264e+01	-2.305178e+02
2.300000e-07	-2.902804e-06	-3.446831e-09	-2.130008e+01	-2.300615e+02
2.400000e-07	-2.876452e-06	-3.551419e-09	-2.110672e+01	-2.296038e+02
2.500000e-07	-2.848903e-06	-3.470128e-09	-2.090457e+01	-2.291382e+02
2.600000e-07	-2.820458e-06	-3.473038e-09	-2.069584e+01	-2.286413e+02
2.700000e-07	-2.791066e-06	-3.510760e-09	-2.048017e+01	-2.280819e+02
2.800000e-07	-2.760702e-06	-3.423470e-09	-2.025737e+01	-2.274341e+02
2.900000e-07	-2.729448e-06	-3.420466e-09	-2.002803e+01	-2.266890e+02
3.000000e-07	-2.697372e-06	-3.447155e-09	-1.979267e+01	-2.258603e+02
3.100000e-07	-2.664231e-06	-3.405305e-09	-1.954949e+01	-2.249809e+02
3.200000e-07	-2.629819e-06	-3.418257e-09	-1.929698e+01	-2.240905e+02
3.300000e-07	-2.594346e-06	-3.410493e-09	-1.903669e+01	-2.232212e+02
3.400000e-07	-2.558087e-06	-3.341303e-09	-1.877063e+01	-2.223855e+02
3.500000e-07	-2.520964e-06	-3.366247e-09	-1.849823e+01	-2.215721e+02
3.600000e-07	-2.482875e-06	-3.370519e-09	-1.821874e+01	-2.207523e+02
3.700000e-07	-2.443913e-06	-3.339780e-09	-1.793285e+01	-2.198921e+02
3.800000e-07	-2.404267e-06	-3.311541e-09	-1.764194e+01	-2.189660e+02
3.900000e-07	-2.364046e-06	-3.301851e-09	-1.734680e+01	-2.179664e+02
4.000000e-07	-2.322857e-06	-3.311084e-09	-1.704457e+01	-2.169045e+02
4.100000e-07	-2.280380e-06	-3.274857e-09	-1.673288e+01	-2.158032e+02
4.200000e-07	-2.236941e-06	-3.238097e-09	-1.641414e+01	-2.146856e+02
4.300000e-07	-2.192830e-06	-3.246620e-09	-1.609046e+01	-2.135648e+02
4.400000e-07	-2.147980e-06	-3.246660e-09	-1.576137e+01	-2.124390e+02
4.500000e-07	-2.102414e-06	-3.189567e-09	-1.542701e+01	-2.112942e+02
4.600000e-07	-2.056165e-06	-3.181887e-09	-1.508765e+01	-2.101119e+02
4.700000e-07	-2.009180e-06	-3.197370e-09	-1.474288e+01	-2.088786e+02
4.800000e-07	-1.961548e-06	-3.156633e-09	-1.439337e+01	-2.075912e+02
4.900000e-07	-1.913233e-06	-3.102972e-09	-1.403885e+01	-2.062571e+02
5.000000e-07	-1.863994e-06	-3.109280e-09	-1.367754e+01	-2.048887e+02
5.100000e-07	-1.813657e-06	-3.111542e-09	-1.330818e+01	-2.034957e+02
5.200000e-07	-1.762375e-06	-3.061398e-09	-1.293189e+01	-2.020795e+02
5.300000e-07	-1.710445e-06	-3.038644e-09	-1.255084e+01	-2.006319e+02
5.400000e-07	-1.657892e-06	-3.032010e-09	-1.216521e+01	-1.991401e+02
5.500000e-07	-1.604693e-06	-3.005292e-09	-1.177485e+01	-1.975926e+02
5.600000e-07	-1.550890e-06	-2.963938e-09	-1.138006e+01	-1.959863e+02
5.700000e-07	-1.496540e-06	-2.950070e-09	-1.098125e+01	-1.943270e+02
5.800000e-07	-1.441693e-06	-2.929351e-09	-1.057879e+01	-1.926262e+02
5.900000e-07	-1.386396e-06	-2.885786e-09	-1.017304e+01	-1.908940e+02
6.000000e-07	-1.330756e-06	-2.860282e-09	-9.764766e+00	-1.891322e+02
6.100000e-07	-1.274794e-06	-2.845387e-09	-9.354136e+00	-1.873317e+02
6.200000e-07	-1.218416e-06	-2.812742e-09	-8.940441e+00	-1.854746e+02
6.300000e-07	-1.161469e-06	-2.771139e-09	-8.522581e+00	-1.835418e+02
6.400000e-07	-1.103833e-06	-2.749401e-09	-8.099664e+00	-1.815209e+02
6.500000e-07	-1.045543e-06	-2.720230e-09	-7.671946e+00	-1.794106e+02
6.600000e-07	-9.867331e-07	-2.680514e-09	-7.240411e+00	-1.772209e+02
6.700000e-07	-9.274834e-07	-2.645455e-09	-6.805651e+00	-1.749662e+02
6.800000e-07	-8.679485e-07	-2.614341e-09	-6.368798e+00	-1.726572e+02
6.900000e-07	-8.082868e-07	-2.572805e-09	-5.931015e+00	-1.702939e+02
7.000000e-07	-7.484919e-07	-2.531423e-09	-5.492254e+00	-1.678644e+02
7.100000e-07	-6.885150e-07	-2.500099e-09	-5.052158e+00	-1.653486e+02
7.200000e-07	-6.283821e-07	-2.459037e-09	-4.610917e+00	-1.627272e+02
7.300000e-07	-5.681275e-07	-2.414726e-09	-4.168783e+00	-1.599894e+02
7.400000e-07	-5.076643e-07	-2.375003e-09	-3.725119e+00	-1.571372e+02
7.500000e-07	-4.469686e-07	-2.336025e-09	-3.279748e+00	-1.541826e+02
7.600000e-07	-3.860666e-07	-2.286880e-09	-2.832864e+00	-1.511410e+02
7.700000e-07	-3.250432e-07	-2.237673e-09	-2.385089e+00	-1.480210e+02
7.800000e-07	-2.639699e-07	-2.191327e-09	-1.936948e+00	-1.448187e+02
7.900000e-07	-2.028284e-07	-2.138766e-09	-1.488306e+00	-1.415164e+02
8.000000e-07	-1.416336e-07	-2.082300e-09	-1.039273e+00	-1.380874e+02
8.100000e-07	-8.035470e-08	-2.027286e-09	-5.896235e-01	-1.345048e+02
8.200000e-07	-1.900114e-08	-1.972381e-09	-1.394258e-01	-1.307488e+02
8.300000e-07	4.236395e-08	-1.910605e-09	3.108565e-01	-1.268103e+02
8.400000e-07	1.037340e-07	-1.848152e-09	7.611755e-01	-1.226884e+02
8.500000e-07	1.650249e-07	-1.783961e-09	1.210913e+00	-1.183841e+02
8.600000e-07	2.262365e-07	-1.716825e-09	1.660069e+00	-1.138930e+02
8.700000e-07	2.874203e-07	-1.645940e-09	2.109021e+00	-1.092012e+02
8.800000e-07	3.484982e-07	-1.570978e-09	2.557196e+00	-1.042866e+02
8.900000e-07	4.094712e-07	-1.490638e-09	3.004602e+00	-9.912353e+01
9.000000e-07	4.702864e-07	-1.407028e-09	3.450849e+00	-9.368972e+01
9.100000e-07	5.308461e-07	-1.323510e-09	3.895221e+00	-8.796992e+01
9.200000e-07	5.911767e-07	-1.232371e-09	4.337913e+00	-8.195508e+01
9.300000e-07	6.513011e-07	-1.134016e-09	4.779091e+00	-7.563674e+01
9.400000e-07	7.112440e-07	-1.033035e-09	5.218938e+00	-6.899959e+01
9.500000e-07	7.710465e-07	-9.286253e-10	5.657754e+00	-6.201660e+01
9.600000e-07	8.307270e-07	-8.147551e-10	6.095676e+00	-5.464974e+01
9.700000e-07	8.902689e-07	-6.965018e-10	6.532579e+00	-4.685741e+01
9.800000e-07	9.496022e-07	-5.746316e-10	6.967953e+00	-3.860609e+01
9.900000e-07	1.008573e-06	-4.409164e-10	7.400667e+00	-2.988178e+01
1.000000e-06	1.066936e-06	-2.983140e-10	7.828921e+00	-2.069680e+01
1.010000e-06	1.124535e-06	-1.532830e-10	8.251565e+00	-1.108922e+01
1.020000e-06	1.181406e-06	-4.229176e-12	8.668877e+00	-1.115920e+00
1.030000e-06	1.237712e-06	1.534498e-10	9.082034e+00	9.157253e+00
1.040000e-06	1.293645e-06	3.141944e-10	9.492458e+00	1.966335e+01
1.050000e-06	1.349327e-06	4.777717e-10	9.901036e+00	3.033663e+01
1.060000e-06	1.404688e-06	6.449951e-10	1.030726e+01	4.110861e+01
1.070000e-06	1.459590e-06	8.116044e-10	1.071012e+01	5.190073e+01
1.080000e-06	1.513938e-06	9.741598e-10	1.110891e+01	6.261817e+01
1.090000e-06	1.567742e-06	1.134208e-09	1.150372e+01	7.314978e+01
1.100000e-06	1.621038e-06	1.291473e-09	1.189478e+01	8.337604e+01
1.110000e-06	1.673755e-06	1.438766e-09	1.228161e+01	9.318372e+01
1.120000e-06	1.725851e-06	1.577755e-09	1.266388e+01	1.024826e+02
1.130000e-06	1.777303e-06	1.711266e-09	1.304142e+01	1.112180e+02
1.140000e-06	1.827900e-06	1.835577e-09	1.341270e+01	1.193755e+02
1.150000e-06	1.877494e-06	1.947639e-09	1.377660e+01	1.269747e+02
1.160000e-06	1.926150e-06	2.055005e-09	1.413363e+01	1.340567e+02
1.170000e-06	1.974101e-06	2.158192e-09	1.448548e+01	1.406680e+02
1.180000e-06	2.021486e-06	2.251793e-09	1.483318e+01	1.468487e+02
1.190000e-06	2.068195e-06	2.337513e-09	1.517592e+01	1.526274e+02
1.200000e-06	2.114210e-06	2.418539e-09	1.551357e+01	1.580229e+02
1.210000e-06	2.159497e-06	2.495621e-09	1.584587e+01	1.630519e+02
1.220000e-06	2.204019e-06	2.564717e-09	1.617256e+01	1.677355e+02
1.230000e-06	2.247947e-06	2.628556e-09	1.649490e+01	1.721028e+02
1.240000e-06	2.291316e-06	2.688819e-09	1.681313e+01	1.761886e+02
1.250000e-06	2.333728e-06	2.743004e-09	1.712434e+01	1.800265e+02
1.260000e-06	2.374901e-06	2.793552e-09	1.742645e+01	1.836411e+02
1.270000e-06	2.415057e-06	2.844697e-09	1.772111e+01	1.870432e+02
1.280000e-06	2.454492e-06	2.893396e-09	1.801047e+01	1.902306e+02
1.290000e-06	2.493159e-06	2.935439e-09	1.829420e+01	1.931948e+02
1.300000e-06	2.530946e-06	2.973604e-09	1.857147e+01	1.959303e+02
1.310000e-06	2.567852e-06	3.008222e-09	1.884228e+01	1.984438e+02
1.320000e-06	2.603952e-06	3.039838e-09	1.910718e+01	2.007577e+02
1.330000e-06	2.639342e-06	3.070058e-09	1.936686e+01	2.029078e+02
1.340000e-06	2.673770e-06	3.099393e-09	1.961948e+01	2.049352e+02
1.350000e-06	2.706885e-06	3.127994e-09	1.986248e+01	2.068752e+02
1.360000e-06	2.738862e-06	3.156559e-09	2.009711e+01	2.087492e+02
1.370000e-06	2.770029e-06	3.185025e-09	2.032581e+01	2.105604e+02
1.380000e-06	2.800344e-06	3.210458e-09	2.054825e+01	2.122965e+02
1.390000e-06	2.829707e-06	3.231993e-09	2.076371e+01	2.139375e+02
1.400000e-06	2.858177e-06	3.252002e-09	2.097262e+01	2.154653e+02
1.410000e-06	2.885820e-06	3.272674e-09	2.117546e+01	2.168717e+02
1.420000e-06	2.912459e-06	3.292817e-09	2.137092e+01	2.181617e+02
1.430000e-06	2.937717e-06	3.312520e-09	2.155626e+01	2.193517e+02
1.440000e-06	2.961712e-06	3.331080e-09	2.173233e+01	2.204639e+02
1.450000e-06	2.984737e-06	3.346443e-09	2.190129e+01	2.215186e+02
1.460000e-06	3.006779e-06	3.359119e-09	2.206302e+01	2.225294e+02
1.470000e-06	3.027807e-06	3.371763e-09	2.221732e+01	2.235006e+02
1.480000e-06	3.047923e-06	3.385753e-09	2.236493e+01	2.244292e+02
1.490000e-06	3.067217e-06	3.399316e-09	2.250650e+01	2.253091e+02
1.500000e-06	3.085372e-06	3.410803e-09	2.263972e+01	2.261356e+02
1.510000e-06	3.102335e-06	3.422357e-09	2.276419e+01	2.269081e+02
1.520000e-06	3.118241e-06	3.434351e-09	2.288090e+01	2.276300e+02
1.530000e-06	3.132904e-06	3.445539e-09	2.298850e+01	2.283065e+02
1.540000e-06	3.146349e-06	3.456254e-09	2.308716e+01	2.289419e+02
1.550000e-06	3.158656e-06	3.465274e-09	2.317746e+01	2.295367e+02
1.560000e-06	3.169706e-06	3.472202e-09	2.325854e+01	2.300886e+02
1.570000e-06	3.179342e-06	3.478451e-09	2.332925e+01	2.305941e+02
1.580000e-06	3.187667e-06	3.485770e-09	2.339033e+01	2.310516e+02
1.590000e-06	3.194930e-06	3.493488e-09	2.344363e+01	2.314643e+02
1.600000e-06	3.201122e-06	3.499024e-09	2.348906e+01	2.318397e+02
1.610000e-06	3.206181e-06	3.503627e-09	2.352619e+01	2.321874e+02
1.620000e-06	3.210239e-06	3.509258e-09	2.355596e+01	2.325150e+02
1.630000e-06	3.213334e-06	3.514510e-09	2.357867e+01	2.328238e+02
1.640000e-06	3.215110e-06	3.519634e-09	2.359171e+01	2.331077e+02
1.650000e-06	3.215532e-06	3.525628e-09	2.359480e+01	2.333548e+02
1.660000e-06	3.214925e-06	3.531215e-09	2.359035e+01	2.335524e+02
1.670000e-06	3.213316e-06	3.532288e-09	2.357854e+01	2.336929e+02
1.680000e-06	3.210668e-06	3.530728e-09	2.355911e+01	2.337781e+02
1.690000e-06	3.207096e-06	3.530284e-09	2.353290e+01	2.338193e+02
1.700000e-06	3.202700e-06	3.530870e-09	2.350065e+01	2.338341e+02
1.710000e-06	3.197219e-06	3.531940e-09	2.346042e+01	2.338395e+02
1.720000e-06	3.190409e-06	3.532470e-09	2.341046e+01	2.338448e+02
1.730000e-06	3.182540e-06	3.541211e-09	2.335272e+01	2.338487e+02
1.740000e-06	3.173763e-06	3.544260e-09	2.328831e+01	2.338397e+02
1.750000e-06	3.163603e-06	3.507335e-09	2.321376e+01	2.338020e+02
1.760000e-06	3.151492e-06	3.490024e-09	2.312489e+01	2.337234e+02
1.770000e-06	3.137688e-06	3.534971e-09	2.302361e+01	2.336009e+02
1.780000e-06	3.123286e-06	3.589306e-09	2.291792e+01	2.334430e+02
1.790000e-06	3.108538e-06	3.543631e-09	2.280971e+01	2.332655e+02
1.800000e-06	3.092501e-06	3.448914e-09	2.269203e+01	2.330842e+02
1.810000e-06	3.075047e-06	3.582931e-09	2.256395e+01	2.329060e+02
1.820000e-06	3.056916e-06	3.575458e-09	2.243092e+01	2.327253e+02
1.830000e-06	3.038002e-06	3.444623e-09	2.229213e+01	2.325245e+02
1.840000e-06	3.017939e-06	3.588765e-09	2.214491e+01	2.322818e+02
1.850000e-06	2.996935e-06	3.635482e-09	2.199079e+01	2.319804e+02
1.860000e-06	2.974726e-06	3.473111e-09	2.182783e+01	2.316164e+02
1.870000e-06	2.951056e-06	3.530279e-09	2.165414e+01	2.312009e+02
1.880000e-06	2.926383e-06	3.603031e-09	2.147309e+01	2.307548e+02
1.890000e-06	2.900723e-06	3.478853e-09	2.128481e+01	2.302984e+02
1.900000e-06	2.873825e-06	3.506452e-09	2.108744e+01	2.298408e+02
1.910000e-06	2.846004e-06	3.531926e-09	2.088330e+01	2.293734e+02
1.920000e-06	2.817312e-06	3.459766e-09	2.067276e+01	2.288716e+02
1.930000e-06	2.787391e-06	3.523340e-09	2.045321e+01	2.283040e+02
1.940000e-06	2.756308e-06	3.507619e-09	2.022513e+01	2.276461e+02
1.950000e-06	2.724144e-06	3.429709e-09	1.998911e+01	2.268912e+02
1.960000e-06	2.690981e-06	3.515522e-09	1.974577e+01	2.260555e+02
1.970000e-06	2.657053e-06	3.430080e-09	1.949682e+01	2.251733e+02
1.980000e-06	2.622250e-06	3.376486e-09	1.924144e+01	2.242842e+02
1.990000e-06	2.586591e-06	3.485437e-09	1.897978e+01	2.234186e+02
2.000000e-06	2.550235e-06	3.417171e-09	1.871301e+01	2.225864e+02
2.010000e-06	2.512834e-06	3.365657e-09	1.843857e+01	2.217742e+02
2.020000e-06	2.474116e-06	3.401641e-09	1.815447e+01	2.209519e+02
2.030000e-06	2.434439e-06	3.369000e-09	1.786333e+01	2.200858e+02
2.040000e-06	2.393999e-06	3.357401e-09	1.756659e+01	2.191521e+02
2.050000e-06	2.352771e-06	3.327681e-09	1.726407e+01	2.181453e+02
2.060000e-06	2.310842e-06	3.322479e-09	1.695640e+01	2.170782e+02
2.070000e-06	2.268160e-06	3.363995e-09	1.664322e+01	2.159744e+02
2.080000e-06	2.224725e-06	3.271777e-09	1.632450e+01	2.148563e+02
2.090000e-06	2.180746e-06	3.233494e-09	1.600179e+01	2.137356e+02
2.100000e-06	2.136239e-06	3.293600e-09	1.567521e+01	2.126089e+02
2.110000e-06	2.090848e-06	3.252594e-09	1.534214e+01	2.114611e+02
2.120000e-06	2.044481e-06	3.196395e-09	1.500191e+01	2.102742e+02
2.130000e-06	1.997459e-06	3.186794e-09	1.465688e+01	2.090353e+02
2.140000e-06	1.949768e-06	3.212336e-09	1.430693e+01	2.077426e+02
2.150000e-06	1.901237e-06	3.173305e-09	1.395082e+01	2.064045e+02
2.160000e-06	1.851931e-06	3.108441e-09	1.358902e+01	2.050333e+02
2.170000e-06	1.801966e-06	3.135275e-09	1.322239e+01	2.036383e+02
2.180000e-06	1.751369e-06	3.119327e-09	1.285113e+01	2.022195e+02
2.190000e-06	1.700107e-06	3.052895e-09	1.247498e+01	2.007681e+02
2.200000e-06	1.648259e-06	3.041710e-09	1.209453e+01	1.992709e+02
2.210000e-06	1.595785e-06	3.045933e-09	1.170949e+01	1.977174e+02
2.220000e-06	1.542424e-06	3.014584e-09	1.131794e+01	1.961053e+02
2.230000e-06	1.488055e-06	2.964975e-09	1.091899e+01	1.944411e+02
2.240000e-06	1.432846e-06	2.952254e-09	1.051388e+01	1.927368e+02
2.250000e-06	1.377148e-06	2.950830e-09	1.010518e+01	1.910019e+02
2.260000e-06	1.321154e-06	2.900460e-09	9.694308e+00	1.892369e+02
2.270000e-06	1.264826e-06	2.873230e-09	9.280993e+00	1.874314e+02
2.280000e-06	1.208082e-06	2.859311e-09	8.864614e+00	1.855674e+02
2.290000e-06	1.150820e-06	2.816710e-09	8.444444e+00	1.836258e+02
2.300000e-06	1.093154e-06	2.780773e-09	8.021300e+00	1.815954e+02
2.310000e-06	1.035236e-06	2.758447e-09	7.596315e+00	1.794763e+02
2.320000e-06	9.769875e-07	2.736815e-09	7.168900e+00	1.772792e+02
2.330000e-06	9.183580e-07	2.689921e-09	6.738691e+00	1.750185e+02
2.340000e-06	8.593705e-07	2.651328e-09	6.305854e+00	1.727041e+02
2.350000e-06	8.000313e-07	2.627029e-09	5.870438e+00	1.703348e+02
2.360000e-06	7.404211e-07	2.584514e-09	5.433032e+00	1.678973e+02
2.370000e-06	6.806827e-07	2.543298e-09	4.994687e+00	1.653713e+02
2.380000e-06	6.208526e-07	2.508838e-09	4.555667e+00	1.627380e+02
2.390000e-06	5.608838e-07	2.465374e-09	4.115630e+00	1.599879e+02
2.400000e-06	5.008275e-07	2.414280e-09	3.674952e+00	1.571242e+02
2.410000e-06	4.406875e-07	2.369743e-09	3.233659e+00	1.541599e+02
2.420000e-06	3.803911e-07	2.328182e-09	2.791219e+00	1.511099e+02
2.430000e-06	3.199874e-07	2.275810e-09	2.347991e+00	1.479818e+02
2.440000e-06	2.595550e-07	2.221102e-09	1.904552e+00	1.447702e+02
2.450000e-06	1.990733e-07	2.176588e-09	1.460752e+00	1.414559e+02
2.460000e-06	1.384754e-07	2.130325e-09	1.016099e+00	1.380119e+02
2.470000e-06	7.775987e-08	2.076465e-09	5.705832e-01	1.344117e+02
2.480000e-06	1.704133e-08	2.017939e-09	1.250452e-01	1.306367e+02
2.490000e-06	-4.366422e-08	1.954816e-09	-3.203975e-01	1.266787e+02
2.500000e-06	-1.044233e-07	1.889765e-09	-7.662328e-01	1.225376e+02
2.510000e-06	-1.651665e-07	1.822802e-09	-1.211952e+00	1.182139e+02
2.520000e-06	-2.258396e-07	1.755120e-09	-1.657157e+00	1.137023e+02
2.530000e-06	-2.864752e-07	1.683284e-09	-2.102086e+00	1.089881e+02
2.540000e-06	-3.470569e-07	1.608281e-09	-2.546621e+00	1.040483e+02
2.550000e-06	-4.074587e-07	1.529224e-09	-2.989834e+00	9.885749e+01
2.560000e-06	-4.676567e-07	1.443954e-09	-3.431553e+00	9.339388e+01
2.570000e-06	-5.277548e-07	1.355740e-09	-3.872538e+00	8.764308e+01
2.580000e-06	-5.877730e-07	1.264686e-09	-4.312937e+00	8.159645e+01
2.590000e-06	-6.477199e-07	1.166625e-09	-4.752813e+00	7.524512e+01
2.600000e-06	-7.075769e-07	1.062818e-09	-5.192029e+00	6.857270e+01
2.610000e-06	-7.672867e-07	9.578461e-10	-5.630166e+00	6.155080e+01
2.620000e-06	-8.267553e-07	8.457657e-10	-6.066532e+00	5.414056e+01
2.630000e-06	-8.859161e-07	7.226826e-10	-6.500640e+00	4.630066e+01
2.640000e-06	-9.447043e-07	5.941106e-10	-6.932013e+00	3.799915e+01
2.650000e-06	-1.003054e-06	4.626745e-10	-7.360168e+00	2.922467e+01
2.660000e-06	-1.061033e-06	3.216440e-10	-7.785607e+00	1.999243e+01
2.670000e-06	-1.118681e-06	1.717529e-10	-8.208610e+00	1.034296e+01
2.680000e-06	-1.175926e-06	1.952079e-11	-8.628661e+00	3.345730e-01
2.690000e-06	-1.232673e-06	-1.372389e-10	-9.045058e+00	-9.966477e+00
2.700000e-06	-1.288945e-06	-2.984867e-10	-9.457966e+00	-2.049337e+01
2.710000e-06	-1.344898e-06	-4.602009e-10	-9.868539e+00	-3.118035e+01
2.720000e-06	-1.400549e-06	-6.214621e-10	-1.027689e+01	-4.195825e+01
2.730000e-06	-1.455755e-06	-7.860814e-10	-1.068198e+01	-5.274695e+01
2.740000e-06	-1.510307e-06	-9.492681e-10	-1.108227e+01	-6.344979e+01
2.750000e-06	-1.563990e-06	-1.107241e-09	-1.147619e+01	-7.395417e+01
2.760000e-06	-1.616827e-06	-1.263942e-09	-1.186389e+01	-8.414047e+01
2.770000e-06	-1.669000e-06	-1.416169e-09	-1.224672e+01	-9.389715e+01
2.780000e-06	-1.720597e-06	-1.557362e-09	-1.262533e+01	-1.031373e+02
2.790000e-06	-1.771532e-06	-1.689356e-09	-1.299908e+01	-1.118106e+02
2.800000e-06	-1.821782e-06	-1.817116e-09	-1.336780e+01	-1.199065e+02
2.810000e-06	-1.871316e-06	-1.933797e-09	-1.373126e+01	-1.274479e+02
2.820000e-06	-1.919906e-06	-2.038281e-09	-1.408781e+01	-1.344770e+02
2.830000e-06	-1.967586e-06	-2.138112e-09	-1.443768e+01	-1.410401e+02
2.840000e-06	-2.014521e-06	-2.234448e-09	-1.478207e+01	-1.471764e+02
2.850000e-06	-2.060788e-06	-2.322381e-09	-1.512157e+01	-1.529129e+02
2.860000e-06	-2.106467e-06	-2.403406e-09	-1.545675e+01	-1.582681e+02
2.870000e-06	-2.151487e-06	-2.482444e-09	-1.578710e+01	-1.632587e+02
2.880000e-06	-2.195816e-06	-2.556750e-09	-1.611237e+01	-1.679066e+02
2.890000e-06	-2.239542e-06	-2.625036e-09	-1.643322e+01	-1.722418e+02
2.900000e-06	-2.282641e-06	-2.689065e-09	-1.674947e+01	-1.762992e+02
2.910000e-06	-2.324959e-06	-2.750040e-09	-1.705999e+01	-1.801120e+02
2.920000e-06	-2.366429e-06	-2.805397e-09	-1.736429e+01	-1.837033e+02
2.930000e-06	-2.407073e-06	-2.858683e-09	-1.766253e+01	-1.870825e+02
2.940000e-06	-2.447027e-06	-2.912802e-09	-1.795570e+01	-1.902461e+02
2.950000e-06	-2.486211e-06	-2.960931e-09	-1.824322e+01	-1.931857e+02
2.960000e-06	-2.524172e-06	-3.003484e-09	-1.852177e+01	-1.958966e+02
2.970000e-06	-2.560948e-06	-3.045104e-09	-1.879162e+01	-1.983871e+02
2.980000e-06	-2.596895e-06	-3.083596e-09	-1.905539e+01	-2.006813e+02
2.990000e-06	-2.632043e-06	-3.115672e-09	-1.931330e+01	-2.028160e+02
3.000000e-06	-2.666319e-06	-3.148439e-09	-1.956481e+01	-2.048323e+02
3.010000e-06	-2.699645e-06	-3.181750e-09	-1.980935e+01	-2.067643e+02
3.020000e-06	-2.732087e-06	-3.210889e-09	-2.004740e+01	-2.086315e+02
3.030000e-06	-2.763778e-06	-3.237041e-09	-2.027994e+01	-2.104351e+02
3.040000e-06	-2.794432e-06	-3.265917e-09	-2.050488e+01	-2.121618e+02
3.050000e-06	-2.823665e-06	-3.293561e-09	-2.071937e+01	-2.137911e+02
3.060000e-06	-2.851798e-06	-3.315546e-09	-2.092581e+01	-2.153058e+02
3.070000e-06	-2.879164e-06	-3.336085e-09	-2.112662e+01	-2.166990e+02
3.080000e-06	-2.905536e-06	-3.358036e-09	-2.132012e+01	-2.179771e+02
3.090000e-06	-2.930831e-06	-3.378451e-09	-2.150573e+01	-2.191575e+02
3.100000e-06	-2.955232e-06	-3.393890e-09	-2.168478e+01	-2.202623e+02
3.110000e-06	-2.978778e-06	-3.409683e-09	-2.185756e+01	-2.213116e+02
3.120000e-06	-3.001127e-06	-3.425546e-09	-2.202155e+01	-2.223179e+02
3.130000e-06	-3.022116e-06	-3.440585e-09	-2.217557e+01	-2.232845e+02
3.140000e-06	-3.042066e-06	-3.455252e-09	-2.232195e+01	-2.242079e+02
3.150000e-06	-3.061129e-06	-3.469990e-09	-2.246183e+01	-2.250820e+02
3.160000e-06	-3.079146e-06	-3.483965e-09	-2.259403e+01	-2.259024e+02
3.170000e-06	-3.096091e-06	-3.496193e-09	-2.271837e+01	-2.266690e+02
3.180000e-06	-3.112071e-06	-3.506179e-09	-2.283563e+01	-2.273855e+02
3.190000e-06	-3.126892e-06	-3.514865e-09	-2.294438e+01	-2.280572e+02
3.200000e-06	-3.140311e-06	-3.523952e-09	-2.304285e+01	-2.286880e+02
3.210000e-06	-3.152330e-06	-3.533778e-09	-2.313104e+01	-2.292782e+02
3.220000e-06	-3.163070e-06	-3.542349e-09	-2.320985e+01	-2.298250e+02
3.230000e-06	-3.172713e-06	-3.549992e-09	-2.328061e+01	-2.303251e+02
3.240000e-06	-3.181381e-06	-3.557007e-09	-2.334421e+01	-2.307773e+02
3.250000e-06	-3.189044e-06	-3.563391e-09	-2.340044e+01	-2.311853e+02
3.260000e-06	-3.195430e-06	-3.569309e-09	-2.344730e+01	-2.315570e+02
3.270000e-06	-3.200412e-06	-3.575109e-09	-2.348386e+01	-2.319020e+02
3.280000e-06	-3.204299e-06	-3.580654e-09	-2.351238e+01	-2.322274e+02
3.290000e-06	-3.207237e-06	-3.583574e-09	-2.353393e+01	-2.325337e+02
3.300000e-06	-3.209102e-06	-3.584429e-09	-2.354762e+01	-2.328140e+02
3.310000e-06	-3.209913e-06	-3.586925e-09	-2.355357e+01	-2.330561e+02
