# Temperatura_=_20.0
# Concentracion g/m^3_=_6200.0
# C_Vs_to_Am_M_A/Vsm_=_65563218390.804596
# pendiente_HvsI_1/m_=_3716.3
# ordenada_HvsI_A/m_=_1297.0
# frecuencia_Hz_=_302086.0042979852

Tiempo_(s)	Campo_(V.s)	Magnetizacion_(V.s)	Campo_(kA/m)	Magnetizacion_(A/m)
0.000000e+00	-6.275268e-06	-4.274780e-09	-4.560008e+01	-2.799626e+02
1.000000e-08	-6.273364e-06	-4.280631e-09	-4.558624e+01	-2.799029e+02
2.000000e-08	-6.269255e-06	-4.275237e-09	-4.555638e+01	-2.798626e+02
3.000000e-08	-6.263227e-06	-4.271033e-09	-4.551258e+01	-2.798447e+02
4.000000e-08	-6.255305e-06	-4.270489e-09	-4.545502e+01	-2.798467e+02
5.000000e-08	-6.245177e-06	-4.269859e-09	-4.538142e+01	-2.798609e+02
6.000000e-08	-6.232662e-06	-4.267021e-09	-4.529048e+01	-2.798747e+02
7.000000e-08	-6.217924e-06	-4.249738e-09	-4.518338e+01	-2.798722e+02
8.000000e-08	-6.200947e-06	-4.241586e-09	-4.506001e+01	-2.798356e+02
9.000000e-08	-6.181814e-06	-4.305283e-09	-4.492098e+01	-2.797473e+02
1.000000e-07	-6.160367e-06	-4.306121e-09	-4.476513e+01	-2.795915e+02
1.100000e-07	-6.136490e-06	-4.254007e-09	-4.459163e+01	-2.793562e+02
1.200000e-07	-6.110136e-06	-4.256791e-09	-4.440012e+01	-2.790345e+02
1.300000e-07	-6.081647e-06	-4.255049e-09	-4.419310e+01	-2.786252e+02
1.400000e-07	-6.051611e-06	-4.180642e-09	-4.397484e+01	-2.781336e+02
1.500000e-07	-6.020018e-06	-4.271144e-09	-4.374527e+01	-2.775705e+02
1.600000e-07	-5.986307e-06	-4.296913e-09	-4.350031e+01	-2.769516e+02
1.700000e-07	-5.950625e-06	-4.133026e-09	-4.324102e+01	-2.762956e+02
1.800000e-07	-5.913287e-06	-4.288683e-09	-4.296970e+01	-2.756226e+02
1.900000e-07	-5.873785e-06	-4.250486e-09	-4.268264e+01	-2.749519e+02
2.000000e-07	-5.831963e-06	-4.162889e-09	-4.237874e+01	-2.743000e+02
2.100000e-07	-5.787995e-06	-4.281013e-09	-4.205924e+01	-2.736790e+02
2.200000e-07	-5.741910e-06	-4.168325e-09	-4.172436e+01	-2.730953e+02
2.300000e-07	-5.693566e-06	-4.151319e-09	-4.137306e+01	-2.725487e+02
2.400000e-07	-5.642669e-06	-4.177551e-09	-4.100321e+01	-2.720328e+02
2.500000e-07	-5.589366e-06	-4.144409e-09	-4.061588e+01	-2.715352e+02
2.600000e-07	-5.534057e-06	-4.173230e-09	-4.021397e+01	-2.710393e+02
2.700000e-07	-5.476560e-06	-4.132538e-09	-3.979616e+01	-2.705254e+02
2.800000e-07	-5.416935e-06	-4.123730e-09	-3.936289e+01	-2.699729e+02
2.900000e-07	-5.355412e-06	-4.099325e-09	-3.891582e+01	-2.693626e+02
3.000000e-07	-5.292017e-06	-4.107049e-09	-3.845516e+01	-2.686784e+02
3.100000e-07	-5.226615e-06	-4.123568e-09	-3.797990e+01	-2.679087e+02
3.200000e-07	-5.159098e-06	-4.079520e-09	-3.748928e+01	-2.670476e+02
3.300000e-07	-5.089639e-06	-4.080076e-09	-3.698454e+01	-2.660953e+02
3.400000e-07	-5.018447e-06	-4.029586e-09	-3.646722e+01	-2.650578e+02
3.500000e-07	-4.945617e-06	-4.020261e-09	-3.593799e+01	-2.639459e+02
3.600000e-07	-4.870777e-06	-4.019327e-09	-3.539415e+01	-2.627738e+02
3.700000e-07	-4.793802e-06	-3.988892e-09	-3.483481e+01	-2.615576e+02
3.800000e-07	-4.714869e-06	-3.989421e-09	-3.426123e+01	-2.603126e+02
3.900000e-07	-4.634022e-06	-3.951467e-09	-3.367375e+01	-2.590521e+02
4.000000e-07	-4.551548e-06	-3.931852e-09	-3.307444e+01	-2.577855e+02
4.100000e-07	-4.467673e-06	-3.925099e-09	-3.246495e+01	-2.565168e+02
4.200000e-07	-4.382429e-06	-3.904953e-09	-3.184551e+01	-2.552447e+02
4.300000e-07	-4.295819e-06	-3.867200e-09	-3.121615e+01	-2.539617e+02
4.400000e-07	-4.207747e-06	-3.835850e-09	-3.057616e+01	-2.526558e+02
4.500000e-07	-4.118043e-06	-3.835967e-09	-2.992431e+01	-2.513108e+02
4.600000e-07	-4.026708e-06	-3.809288e-09	-2.926061e+01	-2.499090e+02
4.700000e-07	-3.934012e-06	-3.786820e-09	-2.858703e+01	-2.484323e+02
4.800000e-07	-3.840077e-06	-3.764582e-09	-2.790444e+01	-2.468647e+02
4.900000e-07	-3.744797e-06	-3.727095e-09	-2.721207e+01	-2.451939e+02
5.000000e-07	-3.648164e-06	-3.683315e-09	-2.650987e+01	-2.434126e+02
5.100000e-07	-3.550065e-06	-3.656532e-09	-2.579703e+01	-2.415192e+02
5.200000e-07	-3.450544e-06	-3.644391e-09	-2.507384e+01	-2.395179e+02
5.300000e-07	-3.349831e-06	-3.607716e-09	-2.434199e+01	-2.374180e+02
5.400000e-07	-3.248025e-06	-3.570105e-09	-2.360221e+01	-2.352328e+02
5.500000e-07	-3.145036e-06	-3.537611e-09	-2.285383e+01	-2.329774e+02
5.600000e-07	-3.040861e-06	-3.503974e-09	-2.209682e+01	-2.306669e+02
5.700000e-07	-2.935598e-06	-3.462363e-09	-2.133192e+01	-2.283141e+02
5.800000e-07	-2.829105e-06	-3.429546e-09	-2.055807e+01	-2.259273e+02
5.900000e-07	-2.721430e-06	-3.397322e-09	-1.977564e+01	-2.235090e+02
6.000000e-07	-2.612793e-06	-3.350561e-09	-1.898621e+01	-2.210544e+02
6.100000e-07	-2.503315e-06	-3.302326e-09	-1.819068e+01	-2.185518e+02
6.200000e-07	-2.392932e-06	-3.260237e-09	-1.738856e+01	-2.159827e+02
6.300000e-07	-2.281573e-06	-3.218701e-09	-1.657936e+01	-2.133234e+02
6.400000e-07	-2.169383e-06	-3.171763e-09	-1.576411e+01	-2.105468e+02
6.500000e-07	-2.056403e-06	-3.132785e-09	-1.494313e+01	-2.076248e+02
6.600000e-07	-1.942620e-06	-3.087917e-09	-1.411631e+01	-2.045311e+02
6.700000e-07	-1.828086e-06	-3.032561e-09	-1.328403e+01	-2.012432e+02
6.800000e-07	-1.712758e-06	-2.975318e-09	-1.244599e+01	-1.977447e+02
6.900000e-07	-1.596637e-06	-2.921353e-09	-1.160218e+01	-1.940262e+02
7.000000e-07	-1.479902e-06	-2.863420e-09	-1.075391e+01	-1.900859e+02
7.100000e-07	-1.362734e-06	-2.795541e-09	-9.902493e+00	-1.859284e+02
7.200000e-07	-1.245184e-06	-2.729763e-09	-9.048297e+00	-1.815632e+02
7.300000e-07	-1.127251e-06	-2.663901e-09	-8.191324e+00	-1.770017e+02
7.400000e-07	-1.008971e-06	-2.595661e-09	-7.331820e+00	-1.722537e+02
7.500000e-07	-8.903059e-07	-2.521111e-09	-6.469528e+00	-1.673238e+02
7.600000e-07	-7.712658e-07	-2.442747e-09	-5.604506e+00	-1.622072e+02
7.700000e-07	-6.519868e-07	-2.358466e-09	-4.737750e+00	-1.568866e+02
7.800000e-07	-5.325081e-07	-2.268981e-09	-3.869542e+00	-1.513294e+02
7.900000e-07	-4.128650e-07	-2.179702e-09	-3.000139e+00	-1.454866e+02
8.000000e-07	-2.930341e-07	-2.084492e-09	-2.129372e+00	-1.392930e+02
8.100000e-07	-1.730024e-07	-1.980222e-09	-1.257145e+00	-1.326693e+02
8.200000e-07	-5.287448e-08	-1.865330e-09	-3.842195e-01	-1.255251e+02
8.300000e-07	6.725330e-08	-1.745348e-09	4.887051e-01	-1.177648e+02
8.400000e-07	1.873770e-07	-1.616842e-09	1.361600e+00	-1.092937e+02
8.500000e-07	3.074985e-07	-1.475827e-09	2.234479e+00	-1.000248e+02
8.600000e-07	4.275207e-07	-1.322446e-09	3.106637e+00	-8.988700e+01
8.700000e-07	5.474498e-07	-1.156203e-09	3.978118e+00	-7.883187e+01
8.800000e-07	6.672038e-07	-9.798926e-10	4.848326e+00	-6.683994e+01
8.900000e-07	7.867220e-07	-7.941346e-10	5.716821e+00	-5.392561e+01
9.000000e-07	9.059923e-07	-5.944201e-10	6.583515e+00	-4.014001e+01
9.100000e-07	1.024953e-06	-3.772093e-10	7.447962e+00	-2.557171e+01
9.200000e-07	1.143527e-06	-1.474025e-10	8.309594e+00	-1.034489e+01
9.300000e-07	1.261647e-06	9.424187e-11	9.167926e+00	5.384660e+00
9.400000e-07	1.379350e-06	3.445626e-10	1.002323e+01	2.143591e+01
9.500000e-07	1.496611e-06	5.983317e-10	1.087532e+01	3.761057e+01
9.600000e-07	1.613353e-06	8.494468e-10	1.172364e+01	5.370237e+01
9.700000e-07	1.729415e-06	1.095360e-09	1.256703e+01	6.950690e+01
9.800000e-07	1.844693e-06	1.334489e-09	1.340471e+01	8.483144e+01
9.900000e-07	1.959149e-06	1.560132e-09	1.423642e+01	9.950396e+01
1.000000e-06	2.072787e-06	1.765865e-09	1.506219e+01	1.133807e+02
1.010000e-06	2.185598e-06	1.951347e-09	1.588194e+01	1.263520e+02
1.020000e-06	2.297511e-06	2.123247e-09	1.669517e+01	1.383457e+02
1.030000e-06	2.408500e-06	2.282543e-09	1.750169e+01	1.493282e+02
1.040000e-06	2.518614e-06	2.430243e-09	1.830185e+01	1.593031e+02
1.050000e-06	2.627925e-06	2.561999e-09	1.909617e+01	1.683076e+02
1.060000e-06	2.736416e-06	2.679965e-09	1.988453e+01	1.764071e+02
1.070000e-06	2.843975e-06	2.788653e-09	2.066612e+01	1.836883e+02
1.080000e-06	2.950492e-06	2.891106e-09	2.144014e+01	1.902514e+02
1.090000e-06	3.055931e-06	2.989601e-09	2.220633e+01	1.962027e+02
1.100000e-06	3.160173e-06	3.077656e-09	2.296382e+01	2.016466e+02
1.110000e-06	3.263191e-06	3.160429e-09	2.371241e+01	2.066799e+02
1.120000e-06	3.365121e-06	3.235657e-09	2.445310e+01	2.113858e+02
1.130000e-06	3.465964e-06	3.303895e-09	2.518590e+01	2.158314e+02
1.140000e-06	3.565573e-06	3.368496e-09	2.590972e+01	2.200652e+02
1.150000e-06	3.663847e-06	3.429711e-09	2.662384e+01	2.241177e+02
1.160000e-06	3.760761e-06	3.485999e-09	2.732807e+01	2.280030e+02
1.170000e-06	3.856285e-06	3.536848e-09	2.802222e+01	2.317216e+02
1.180000e-06	3.950456e-06	3.586427e-09	2.870652e+01	2.352639e+02
1.190000e-06	4.043397e-06	3.633430e-09	2.938189e+01	2.386150e+02
1.200000e-06	4.135002e-06	3.675144e-09	3.004755e+01	2.417586e+02
1.210000e-06	4.225147e-06	3.711871e-09	3.070260e+01	2.446806e+02
1.220000e-06	4.313731e-06	3.747821e-09	3.134630e+01	2.473724e+02
1.230000e-06	4.400659e-06	3.781943e-09	3.197798e+01	2.498327e+02
1.240000e-06	4.486090e-06	3.812523e-09	3.259877e+01	2.520687e+02
1.250000e-06	4.570048e-06	3.840419e-09	3.320887e+01	2.540954e+02
1.260000e-06	4.652452e-06	3.866977e-09	3.380767e+01	2.559349e+02
1.270000e-06	4.733132e-06	3.892155e-09	3.439394e+01	2.576144e+02
1.280000e-06	4.811988e-06	3.917062e-09	3.496696e+01	2.591634e+02
1.290000e-06	4.889078e-06	3.941940e-09	3.552714e+01	2.606112e+02
1.300000e-06	4.964281e-06	3.965818e-09	3.607362e+01	2.619846e+02
1.310000e-06	5.037483e-06	3.987787e-09	3.660555e+01	2.633055e+02
1.320000e-06	5.108778e-06	4.006499e-09	3.712362e+01	2.645895e+02
1.330000e-06	5.178284e-06	4.025485e-09	3.762870e+01	2.658451e+02
1.340000e-06	5.245972e-06	4.045968e-09	3.812056e+01	2.670740e+02
1.350000e-06	5.311709e-06	4.064989e-09	3.859825e+01	2.682715e+02
1.360000e-06	5.375454e-06	4.080259e-09	3.906146e+01	2.694282e+02
1.370000e-06	5.437369e-06	4.094113e-09	3.951137e+01	2.705319e+02
1.380000e-06	5.497575e-06	4.108168e-09	3.994887e+01	2.715697e+02
1.390000e-06	5.555947e-06	4.121607e-09	4.037303e+01	2.725300e+02
1.400000e-06	5.612246e-06	4.134873e-09	4.078214e+01	2.734042e+02
1.410000e-06	5.666399e-06	4.146374e-09	4.117565e+01	2.741882e+02
1.420000e-06	5.718366e-06	4.159545e-09	4.155327e+01	2.748828e+02
1.430000e-06	5.767962e-06	4.171985e-09	4.191367e+01	2.754943e+02
1.440000e-06	5.815286e-06	4.182654e-09	4.225756e+01	2.760333e+02
1.450000e-06	5.860630e-06	4.192553e-09	4.258706e+01	2.765140e+02
1.460000e-06	5.904065e-06	4.200931e-09	4.290268e+01	2.769522e+02
1.470000e-06	5.945358e-06	4.210329e-09	4.320274e+01	2.773643e+02
1.480000e-06	5.984443e-06	4.218760e-09	4.348676e+01	2.777645e+02
1.490000e-06	6.021543e-06	4.226957e-09	4.375635e+01	2.781643e+02
1.500000e-06	6.056628e-06	4.235019e-09	4.401130e+01	2.785707e+02
1.510000e-06	6.089382e-06	4.241509e-09	4.424931e+01	2.789856e+02
1.520000e-06	6.119904e-06	4.248059e-09	4.447110e+01	2.794060e+02
1.530000e-06	6.148553e-06	4.254973e-09	4.467928e+01	2.798244e+02
1.540000e-06	6.175130e-06	4.261126e-09	4.487241e+01	2.802301e+02
1.550000e-06	6.199279e-06	4.266258e-09	4.504790e+01	2.806101e+02
1.560000e-06	6.221133e-06	4.271578e-09	4.520670e+01	2.809513e+02
1.570000e-06	6.240995e-06	4.276539e-09	4.535103e+01	2.812420e+02
1.580000e-06	6.258676e-06	4.279400e-09	4.547951e+01	2.814735e+02
1.590000e-06	6.273906e-06	4.282072e-09	4.559018e+01	2.816409e+02
1.600000e-06	6.286741e-06	4.285762e-09	4.568345e+01	2.817443e+02
1.610000e-06	6.297049e-06	4.289728e-09	4.575835e+01	2.817887e+02
1.620000e-06	6.304910e-06	4.293054e-09	4.581547e+01	2.817833e+02
1.630000e-06	6.310600e-06	4.295388e-09	4.585682e+01	2.817407e+02
1.640000e-06	6.314221e-06	4.297188e-09	4.588313e+01	2.816755e+02
1.650000e-06	6.315523e-06	4.299965e-09	4.589260e+01	2.816026e+02
1.660000e-06	6.314478e-06	4.299300e-09	4.588500e+01	2.815351e+02
1.670000e-06	6.311491e-06	4.296505e-09	4.586330e+01	2.814833e+02
1.680000e-06	6.306518e-06	4.298793e-09	4.582716e+01	2.814530e+02
1.690000e-06	6.299345e-06	4.298415e-09	4.577504e+01	2.814446e+02
1.700000e-06	6.290095e-06	4.297645e-09	4.570782e+01	2.814531e+02
1.710000e-06	6.278876e-06	4.299343e-09	4.562629e+01	2.814685e+02
1.720000e-06	6.265408e-06	4.309858e-09	4.552843e+01	2.814765e+02
1.730000e-06	6.249784e-06	4.318144e-09	4.541490e+01	2.814601e+02
1.740000e-06	6.232221e-06	4.232737e-09	4.528727e+01	2.814012e+02
1.750000e-06	6.212216e-06	4.247240e-09	4.514190e+01	2.812830e+02
1.760000e-06	6.189124e-06	4.295076e-09	4.497410e+01	2.810911e+02
1.770000e-06	6.163214e-06	4.270219e-09	4.478582e+01	2.808158e+02
1.780000e-06	6.135473e-06	4.330078e-09	4.458424e+01	2.804528e+02
1.790000e-06	6.106412e-06	4.324908e-09	4.437306e+01	2.800039e+02
1.800000e-06	6.075810e-06	4.165808e-09	4.415069e+01	2.794771e+02
1.810000e-06	6.043027e-06	4.279482e-09	4.391247e+01	2.788855e+02
1.820000e-06	6.008099e-06	4.225806e-09	4.365866e+01	2.782465e+02
1.830000e-06	5.971521e-06	4.125408e-09	4.339286e+01	2.775798e+02
1.840000e-06	5.932686e-06	4.304255e-09	4.311066e+01	2.769051e+02
1.850000e-06	5.891514e-06	4.127934e-09	4.281148e+01	2.762410e+02
1.860000e-06	5.848391e-06	4.160807e-09	4.249812e+01	2.756018e+02
1.870000e-06	5.803151e-06	4.229949e-09	4.216938e+01	2.749974e+02
1.880000e-06	5.755942e-06	4.082070e-09	4.182632e+01	2.744309e+02
1.890000e-06	5.706489e-06	4.227646e-09	4.146697e+01	2.738993e+02
1.900000e-06	5.654639e-06	4.145318e-09	4.109019e+01	2.733934e+02
1.910000e-06	5.600409e-06	4.111336e-09	4.069612e+01	2.728986e+02
1.920000e-06	5.543879e-06	4.175072e-09	4.028534e+01	2.723964e+02
1.930000e-06	5.485527e-06	4.076398e-09	3.986132e+01	2.718667e+02
1.940000e-06	5.425313e-06	4.191425e-09	3.942377e+01	2.712893e+02
1.950000e-06	5.363028e-06	4.087978e-09	3.897116e+01	2.706461e+02
1.960000e-06	5.298634e-06	4.085706e-09	3.850324e+01	2.699229e+02
1.970000e-06	5.232246e-06	4.083366e-09	3.802082e+01	2.691107e+02
1.980000e-06	5.164079e-06	4.028983e-09	3.752547e+01	2.682065e+02
1.990000e-06	5.093791e-06	4.124200e-09	3.701472e+01	2.672132e+02
2.000000e-06	5.021485e-06	4.016723e-09	3.648930e+01	2.661392e+02
2.010000e-06	4.947518e-06	4.050305e-09	3.595180e+01	2.649970e+02
2.020000e-06	4.871701e-06	4.010921e-09	3.540087e+01	2.638021e+02
2.030000e-06	4.793921e-06	3.967293e-09	3.483567e+01	2.625702e+02
2.040000e-06	4.714125e-06	3.998144e-09	3.425582e+01	2.613162e+02
2.050000e-06	4.632704e-06	3.943953e-09	3.366417e+01	2.600516e+02
2.060000e-06	4.549861e-06	3.980953e-09	3.306217e+01	2.587835e+02
2.070000e-06	4.465500e-06	3.913113e-09	3.244916e+01	2.575134e+02
2.080000e-06	4.379474e-06	3.894082e-09	3.182404e+01	2.562371e+02
2.090000e-06	4.291691e-06	3.881283e-09	3.118615e+01	2.549449e+02
2.100000e-06	4.202431e-06	3.879724e-09	3.053753e+01	2.536226e+02
2.110000e-06	4.111887e-06	3.863768e-09	2.987958e+01	2.522531e+02
2.120000e-06	4.020005e-06	3.793257e-09	2.921191e+01	2.508183e+02
2.130000e-06	3.926698e-06	3.794661e-09	2.853388e+01	2.493008e+02
2.140000e-06	3.831911e-06	3.781213e-09	2.784510e+01	2.476862e+02
2.150000e-06	3.735637e-06	3.767923e-09	2.714551e+01	2.459643e+02
2.160000e-06	3.638041e-06	3.720666e-09	2.643632e+01	2.441304e+02
2.170000e-06	3.539271e-06	3.699632e-09	2.571859e+01	2.421856e+02
2.180000e-06	3.439235e-06	3.666618e-09	2.499166e+01	2.401367e+02
2.190000e-06	3.337933e-06	3.627739e-09	2.425554e+01	2.379950e+02
2.200000e-06	3.235288e-06	3.613544e-09	2.350966e+01	2.357749e+02
2.210000e-06	3.131285e-06	3.600144e-09	2.275390e+01	2.334918e+02
2.220000e-06	3.026111e-06	3.561120e-09	2.198964e+01	2.311599e+02
2.230000e-06	2.919957e-06	3.497993e-09	2.121826e+01	2.287902e+02
2.240000e-06	2.812859e-06	3.468580e-09	2.044002e+01	2.263885e+02
2.250000e-06	2.704844e-06	3.442132e-09	1.965511e+01	2.239540e+02
2.260000e-06	2.595899e-06	3.409779e-09	1.886345e+01	2.214786e+02
2.270000e-06	2.486040e-06	3.366376e-09	1.806514e+01	2.189474e+02
2.280000e-06	2.375217e-06	3.329576e-09	1.725984e+01	2.163393e+02
2.290000e-06	2.263353e-06	3.277060e-09	1.644696e+01	2.136286e+02
2.300000e-06	2.150715e-06	3.226466e-09	1.562846e+01	2.107876e+02
2.310000e-06	2.037390e-06	3.190224e-09	1.480496e+01	2.077886e+02
2.320000e-06	1.923320e-06	3.147923e-09	1.397606e+01	2.046068e+02
2.330000e-06	1.808373e-06	3.088651e-09	1.314079e+01	2.012223e+02
2.340000e-06	1.692735e-06	3.026393e-09	1.230049e+01	1.976220e+02
2.350000e-06	1.576492e-06	2.977539e-09	1.145579e+01	1.937999e+02
2.360000e-06	1.459631e-06	2.921918e-09	1.060661e+01	1.897575e+02
2.370000e-06	1.342256e-06	2.860282e-09	9.753686e+00	1.855018e+02
2.380000e-06	1.224385e-06	2.794885e-09	8.897157e+00	1.810437e+02
2.390000e-06	1.106128e-06	2.729164e-09	8.037827e+00	1.763942e+02
2.400000e-06	9.874701e-07	2.656918e-09	7.175584e+00	1.715613e+02
2.410000e-06	8.684304e-07	2.584930e-09	6.310566e+00	1.665456e+02
2.420000e-06	7.490760e-07	2.509190e-09	5.443262e+00	1.613369e+02
2.430000e-06	6.294679e-07	2.420782e-09	4.574113e+00	1.559111e+02
2.440000e-06	5.095855e-07	2.323860e-09	3.702972e+00	1.502280e+02
2.450000e-06	3.894378e-07	2.227407e-09	2.829902e+00	1.442311e+02
2.460000e-06	2.691026e-07	2.130388e-09	1.955470e+00	1.378480e+02
2.470000e-06	1.486537e-07	2.022683e-09	1.080212e+00	1.309939e+02
2.480000e-06	2.815289e-08	1.905980e-09	2.045768e-01	1.235753e+02
2.490000e-06	-9.236572e-08	1.781014e-09	-6.711879e-01	1.154961e+02
2.500000e-06	-2.128689e-07	1.643966e-09	-1.546841e+00	1.066642e+02
2.510000e-06	-3.332964e-07	1.495310e-09	-2.421943e+00	9.699915e+01
2.520000e-06	-4.535820e-07	1.336964e-09	-3.296014e+00	8.643947e+01
2.530000e-06	-5.737252e-07	1.168040e-09	-4.169051e+00	7.494947e+01
2.540000e-06	-6.936421e-07	9.846781e-10	-5.040443e+00	6.252492e+01
2.550000e-06	-8.132264e-07	7.860805e-10	-5.909419e+00	4.919705e+01
2.560000e-06	-9.324630e-07	5.741759e-10	-6.775868e+00	3.503442e+01
2.570000e-06	-1.051336e-06	3.481755e-10	-7.639678e+00	2.014251e+01
2.580000e-06	-1.169804e-06	1.116610e-10	-8.500539e+00	4.660828e+00
2.590000e-06	-1.287844e-06	-1.342120e-10	-9.358291e+00	-1.124224e+01
2.600000e-06	-1.405382e-06	-3.884234e-10	-1.021239e+01	-2.737654e+01
2.610000e-06	-1.522311e-06	-6.455703e-10	-1.106208e+01	-4.353888e+01
2.620000e-06	-1.638557e-06	-9.001119e-10	-1.190680e+01	-5.952262e+01
2.630000e-06	-1.754061e-06	-1.146029e-09	-1.274612e+01	-7.512759e+01
2.640000e-06	-1.868731e-06	-1.381120e-09	-1.357938e+01	-9.016963e+01
2.650000e-06	-1.982492e-06	-1.601871e-09	-1.440604e+01	-1.044890e+02
2.660000e-06	-2.095454e-06	-1.805599e-09	-1.522690e+01	-1.179572e+02
2.670000e-06	-2.207624e-06	-1.993587e-09	-1.604200e+01	-1.304816e+02
2.680000e-06	-2.318862e-06	-2.163386e-09	-1.685032e+01	-1.420080e+02
2.690000e-06	-2.429107e-06	-2.317060e-09	-1.765143e+01	-1.525205e+02
2.700000e-06	-2.538449e-06	-2.458965e-09	-1.844598e+01	-1.620388e+02
2.710000e-06	-2.646945e-06	-2.590233e-09	-1.923438e+01	-1.706139e+02
2.720000e-06	-2.754564e-06	-2.711330e-09	-2.001641e+01	-1.783221e+02
2.730000e-06	-2.861282e-06	-2.819990e-09	-2.079189e+01	-1.852572e+02
2.740000e-06	-2.967113e-06	-2.916060e-09	-2.156093e+01	-1.915234e+02
2.750000e-06	-3.071935e-06	-3.002192e-09	-2.232263e+01	-1.972268e+02
2.760000e-06	-3.175567e-06	-3.082276e-09	-2.307569e+01	-2.024692e+02
2.770000e-06	-3.277963e-06	-3.160714e-09	-2.381976e+01	-2.073414e+02
2.780000e-06	-3.379134e-06	-3.237071e-09	-2.455493e+01	-2.119196e+02
2.790000e-06	-3.479056e-06	-3.308756e-09	-2.528103e+01	-2.162623e+02
2.800000e-06	-3.577771e-06	-3.375402e-09	-2.599835e+01	-2.204096e+02
2.810000e-06	-3.675366e-06	-3.436444e-09	-2.670754e+01	-2.243840e+02
2.820000e-06	-3.771715e-06	-3.493678e-09	-2.740768e+01	-2.281929e+02
2.830000e-06	-3.866708e-06	-3.548988e-09	-2.809796e+01	-2.318316e+02
2.840000e-06	-3.960381e-06	-3.600871e-09	-2.877864e+01	-2.352876e+02
2.850000e-06	-4.052593e-06	-3.647718e-09	-2.944871e+01	-2.385447e+02
2.860000e-06	-4.143291e-06	-3.692741e-09	-3.010778e+01	-2.415873e+02
2.870000e-06	-4.232593e-06	-3.738741e-09	-3.075670e+01	-2.444035e+02
2.880000e-06	-4.320375e-06	-3.781883e-09	-3.139458e+01	-2.469879e+02
2.890000e-06	-4.406575e-06	-3.820004e-09	-3.202097e+01	-2.493430e+02
2.900000e-06	-4.491190e-06	-3.854192e-09	-3.263584e+01	-2.514798e+02
2.910000e-06	-4.574255e-06	-3.887336e-09	-3.323944e+01	-2.534169e+02
2.920000e-06	-4.655799e-06	-3.917332e-09	-3.383199e+01	-2.551790e+02
2.930000e-06	-4.735595e-06	-3.945965e-09	-3.441184e+01	-2.567945e+02
2.940000e-06	-4.813516e-06	-3.976096e-09	-3.497806e+01	-2.582933e+02
2.950000e-06	-4.889469e-06	-4.003222e-09	-3.552998e+01	-2.597039e+02
2.960000e-06	-4.963495e-06	-4.024344e-09	-3.606791e+01	-2.610509e+02
2.970000e-06	-5.035718e-06	-4.042012e-09	-3.659272e+01	-2.623536e+02
2.980000e-06	-5.106035e-06	-4.061692e-09	-3.710369e+01	-2.636242e+02
2.990000e-06	-5.174388e-06	-4.081097e-09	-3.760039e+01	-2.648680e+02
3.000000e-06	-5.240888e-06	-4.096796e-09	-3.808362e+01	-2.660836e+02
3.010000e-06	-5.305633e-06	-4.112608e-09	-3.855409e+01	-2.672639e+02
3.020000e-06	-5.368471e-06	-4.127929e-09	-3.901071e+01	-2.683980e+02
3.030000e-06	-5.429265e-06	-4.140516e-09	-3.945248e+01	-2.694731e+02
3.040000e-06	-5.488147e-06	-4.151746e-09	-3.988036e+01	-2.704766e+02
3.050000e-06	-5.545226e-06	-4.162420e-09	-4.029513e+01	-2.713981e+02
3.060000e-06	-5.600296e-06	-4.173672e-09	-4.069531e+01	-2.722310e+02
3.070000e-06	-5.653090e-06	-4.182765e-09	-4.107894e+01	-2.729734e+02
3.080000e-06	-5.703533e-06	-4.192794e-09	-4.144549e+01	-2.736288e+02
3.090000e-06	-5.751645e-06	-4.203338e-09	-4.179510e+01	-2.742055e+02
3.100000e-06	-5.797625e-06	-4.211484e-09	-4.212922e+01	-2.747158e+02
3.110000e-06	-5.841781e-06	-4.219004e-09	-4.245008e+01	-2.751752e+02
3.120000e-06	-5.884112e-06	-4.225629e-09	-4.275769e+01	-2.755997e+02
3.130000e-06	-5.924503e-06	-4.233797e-09	-4.305120e+01	-2.760050e+02
3.140000e-06	-5.962800e-06	-4.241613e-09	-4.332949e+01	-2.764043e+02
3.150000e-06	-5.998902e-06	-4.246577e-09	-4.359183e+01	-2.768069e+02
3.160000e-06	-6.032903e-06	-4.250517e-09	-4.383890e+01	-2.772177e+02
3.170000e-06	-6.064850e-06	-4.252943e-09	-4.407105e+01	-2.776362e+02
3.180000e-06	-6.094524e-06	-4.257875e-09	-4.428668e+01	-2.780572e+02
3.190000e-06	-6.121933e-06	-4.263011e-09	-4.448585e+01	-2.784716e+02
3.200000e-06	-6.147263e-06	-4.266959e-09	-4.466991e+01	-2.788674e+02
3.210000e-06	-6.170413e-06	-4.269294e-09	-4.483813e+01	-2.792314e+02
3.220000e-06	-6.191221e-06	-4.271347e-09	-4.498934e+01	-2.795508e+02
3.230000e-06	-6.209820e-06	-4.274196e-09	-4.512449e+01	-2.798153e+02
3.240000e-06	-6.226350e-06	-4.276719e-09	-4.524461e+01	-2.800177e+02
3.250000e-06	-6.240400e-06	-4.278926e-09	-4.534671e+01	-2.801555e+02
3.260000e-06	-6.251869e-06	-4.277482e-09	-4.543005e+01	-2.802310e+02
3.270000e-06	-6.261108e-06	-4.274895e-09	-4.549718e+01	-2.802513e+02
3.280000e-06	-6.268140e-06	-4.273792e-09	-4.554828e+01	-2.802273e+02
3.290000e-06	-6.272859e-06	-4.274473e-09	-4.558257e+01	-2.801727e+02
3.300000e-06	-6.275395e-06	-4.273475e-09	-4.560100e+01	-2.801025e+02
3.310000e-06	-6.275867e-06	-4.272843e-09	-4.560443e+01	-2.800310e+02
