# Temperatura_=_20.0
# Concentracion g/m^3_=_6200.0
# C_Vs_to_Am_M_A/Vsm_=_65563218390.804596
# pendiente_HvsI_1/m_=_3716.3
# ordenada_HvsI_A/m_=_1297.0
# frecuencia_Hz_=_301439.3242599079

Tiempo_(s)	Campo_(V.s)	Magnetizacion_(V.s)	Campo_(kA/m)	Magnetizacion_(A/m)
0.000000e+00	-3.211543e-06	-2.267295e-09	-2.355134e+01	-1.475675e+02
1.000000e-08	-3.210787e-06	-2.271788e-09	-2.354580e+01	-1.475734e+02
2.000000e-08	-3.208571e-06	-2.273526e-09	-2.352954e+01	-1.475875e+02
3.000000e-08	-3.205201e-06	-2.274909e-09	-2.350483e+01	-1.476304e+02
4.000000e-08	-3.201002e-06	-2.277303e-09	-2.347403e+01	-1.477096e+02
5.000000e-08	-3.195803e-06	-2.277421e-09	-2.343591e+01	-1.478142e+02
6.000000e-08	-3.189488e-06	-2.268416e-09	-2.338960e+01	-1.479171e+02
7.000000e-08	-3.182181e-06	-2.247261e-09	-2.333601e+01	-1.479834e+02
8.000000e-08	-3.173924e-06	-2.270762e-09	-2.327546e+01	-1.479838e+02
9.000000e-08	-3.164190e-06	-2.347892e-09	-2.320408e+01	-1.479059e+02
1.000000e-07	-3.152684e-06	-2.363539e-09	-2.311971e+01	-1.477616e+02
1.100000e-07	-3.139791e-06	-2.247046e-09	-2.302516e+01	-1.475837e+02
1.200000e-07	-3.125968e-06	-2.117417e-09	-2.292378e+01	-1.474156e+02
1.300000e-07	-3.111072e-06	-2.291120e-09	-2.281454e+01	-1.472956e+02
1.400000e-07	-3.094760e-06	-2.434510e-09	-2.269492e+01	-1.472434e+02
1.500000e-07	-3.077466e-06	-2.176708e-09	-2.256810e+01	-1.472531e+02
1.600000e-07	-3.059544e-06	-2.220028e-09	-2.243667e+01	-1.472963e+02
1.700000e-07	-3.040595e-06	-2.400402e-09	-2.229772e+01	-1.473341e+02
1.800000e-07	-3.020525e-06	-2.166978e-09	-2.215054e+01	-1.473321e+02
1.900000e-07	-2.999701e-06	-2.145398e-09	-2.199783e+01	-1.472732e+02
2.000000e-07	-2.977917e-06	-2.391974e-09	-2.183808e+01	-1.471619e+02
2.100000e-07	-2.954912e-06	-2.210657e-09	-2.166937e+01	-1.470181e+02
2.200000e-07	-2.931072e-06	-2.122622e-09	-2.149455e+01	-1.468649e+02
2.300000e-07	-2.906213e-06	-2.368655e-09	-2.131224e+01	-1.467145e+02
2.400000e-07	-2.879819e-06	-2.244040e-09	-2.111869e+01	-1.465604e+02
2.500000e-07	-2.852267e-06	-2.149338e-09	-2.091664e+01	-1.463785e+02
2.600000e-07	-2.823851e-06	-2.296140e-09	-2.070826e+01	-1.461384e+02
2.700000e-07	-2.794494e-06	-2.220227e-09	-2.049298e+01	-1.458185e+02
2.800000e-07	-2.764123e-06	-2.180794e-09	-2.027025e+01	-1.454179e+02
2.900000e-07	-2.732838e-06	-2.254234e-09	-2.004083e+01	-1.449606e+02
3.000000e-07	-2.700837e-06	-2.163060e-09	-1.980615e+01	-1.444871e+02
3.100000e-07	-2.667786e-06	-2.212527e-09	-1.956378e+01	-1.440384e+02
3.200000e-07	-2.633345e-06	-2.241527e-09	-1.931121e+01	-1.436390e+02
3.300000e-07	-2.597880e-06	-2.103482e-09	-1.905113e+01	-1.432858e+02
3.400000e-07	-2.561694e-06	-2.174258e-09	-1.878577e+01	-1.429480e+02
3.500000e-07	-2.524620e-06	-2.255814e-09	-1.851389e+01	-1.425801e+02
3.600000e-07	-2.486582e-06	-2.136445e-09	-1.823495e+01	-1.421395e+02
3.700000e-07	-2.447647e-06	-2.116261e-09	-1.794943e+01	-1.416044e+02
3.800000e-07	-2.408054e-06	-2.180511e-09	-1.765907e+01	-1.409818e+02
3.900000e-07	-2.367891e-06	-2.135828e-09	-1.736455e+01	-1.403035e+02
4.000000e-07	-2.326670e-06	-2.103539e-09	-1.706226e+01	-1.396122e+02
4.100000e-07	-2.284147e-06	-2.098745e-09	-1.675042e+01	-1.389435e+02
4.200000e-07	-2.240757e-06	-2.120342e-09	-1.643223e+01	-1.383122e+02
4.300000e-07	-2.196765e-06	-2.122658e-09	-1.610963e+01	-1.377081e+02
4.400000e-07	-2.152051e-06	-2.063737e-09	-1.578172e+01	-1.371035e+02
4.500000e-07	-2.106572e-06	-2.042861e-09	-1.544820e+01	-1.364669e+02
4.600000e-07	-2.060347e-06	-2.089417e-09	-1.510923e+01	-1.357779e+02
4.700000e-07	-2.013397e-06	-2.073545e-09	-1.476493e+01	-1.350350e+02
4.800000e-07	-1.965857e-06	-1.997111e-09	-1.441630e+01	-1.342545e+02
4.900000e-07	-1.917662e-06	-2.019483e-09	-1.406287e+01	-1.334615e+02
5.000000e-07	-1.868374e-06	-2.050508e-09	-1.370142e+01	-1.326764e+02
5.100000e-07	-1.817932e-06	-1.997752e-09	-1.333152e+01	-1.319060e+02
5.200000e-07	-1.766648e-06	-1.960850e-09	-1.295543e+01	-1.311411e+02
5.300000e-07	-1.714694e-06	-1.990230e-09	-1.257444e+01	-1.303622e+02
5.400000e-07	-1.662072e-06	-1.987829e-09	-1.218854e+01	-1.295492e+02
5.500000e-07	-1.608853e-06	-1.943254e-09	-1.179827e+01	-1.286916e+02
5.600000e-07	-1.555069e-06	-1.927475e-09	-1.140385e+01	-1.277915e+02
5.700000e-07	-1.500614e-06	-1.933685e-09	-1.100452e+01	-1.268615e+02
5.800000e-07	-1.445640e-06	-1.911838e-09	-1.060137e+01	-1.259163e+02
5.900000e-07	-1.390330e-06	-1.874117e-09	-1.019576e+01	-1.249639e+02
6.000000e-07	-1.334756e-06	-1.876579e-09	-9.788219e+00	-1.240013e+02
6.100000e-07	-1.278838e-06	-1.872822e-09	-9.378153e+00	-1.230156e+02
6.200000e-07	-1.222468e-06	-1.841311e-09	-8.964775e+00	-1.219908e+02
6.300000e-07	-1.165496e-06	-1.823047e-09	-8.546974e+00	-1.209156e+02
6.400000e-07	-1.107750e-06	-1.820978e-09	-8.123507e+00	-1.197896e+02
6.500000e-07	-1.049333e-06	-1.795952e-09	-7.695118e+00	-1.186223e+02
6.600000e-07	-9.904174e-07	-1.761987e-09	-7.263067e+00	-1.174281e+02
6.700000e-07	-9.311250e-07	-1.753578e-09	-6.828256e+00	-1.162186e+02
6.800000e-07	-8.716119e-07	-1.740402e-09	-6.391826e+00	-1.149958e+02
6.900000e-07	-8.120176e-07	-1.712909e-09	-5.954801e+00	-1.137510e+02
7.000000e-07	-7.522979e-07	-1.693362e-09	-5.516856e+00	-1.124687e+02
7.100000e-07	-6.923390e-07	-1.680949e-09	-5.077157e+00	-1.111335e+02
7.200000e-07	-6.321508e-07	-1.653786e-09	-4.635776e+00	-1.097369e+02
7.300000e-07	-5.717882e-07	-1.627814e-09	-4.193117e+00	-1.082796e+02
7.400000e-07	-5.112601e-07	-1.612919e-09	-3.749244e+00	-1.067688e+02
7.500000e-07	-4.505611e-07	-1.587517e-09	-3.304118e+00	-1.052125e+02
7.600000e-07	-3.896921e-07	-1.552411e-09	-2.857744e+00	-1.036127e+02
7.700000e-07	-3.286192e-07	-1.525937e-09	-2.409876e+00	-1.019626e+02
7.800000e-07	-2.674089e-07	-1.508972e-09	-1.961000e+00	-1.002484e+02
7.900000e-07	-2.061624e-07	-1.478670e-09	-1.511859e+00	-9.845475e+01
8.000000e-07	-1.448881e-07	-1.446802e-09	-1.062514e+00	-9.657124e+01
8.100000e-07	-8.356222e-08	-1.423564e-09	-6.127902e-01	-9.459538e+01
8.200000e-07	-2.215229e-08	-1.395708e-09	-1.624503e-01	-9.253132e+01
8.300000e-07	3.924063e-08	-1.357541e-09	2.877648e-01	-9.038420e+01
8.400000e-07	1.005824e-07	-1.321140e-09	7.376047e-01	-8.815329e+01
8.500000e-07	1.619423e-07	-1.287472e-09	1.187578e+00	-8.582745e+01
8.600000e-07	2.232699e-07	-1.246637e-09	1.637314e+00	-8.338556e+01
8.700000e-07	2.845043e-07	-1.205286e-09	2.086366e+00	-8.080152e+01
8.800000e-07	3.456205e-07	-1.165451e-09	2.534553e+00	-7.805133e+01
8.900000e-07	4.066106e-07	-1.124979e-09	2.981814e+00	-7.511838e+01
9.000000e-07	4.674383e-07	-1.077261e-09	3.427884e+00	-7.199416e+01
9.100000e-07	5.280819e-07	-1.027439e-09	3.872604e+00	-6.867395e+01
9.200000e-07	5.885202e-07	-9.749691e-10	4.315819e+00	-6.514995e+01
9.300000e-07	6.486896e-07	-9.176054e-10	4.757061e+00	-6.140542e+01
9.400000e-07	7.086264e-07	-8.569698e-10	5.196598e+00	-5.741322e+01
9.500000e-07	7.684282e-07	-7.920920e-10	5.635145e+00	-5.313913e+01
9.600000e-07	8.280806e-07	-7.230325e-10	6.072596e+00	-4.854774e+01
9.700000e-07	8.875540e-07	-6.486069e-10	6.508735e+00	-4.360671e+01
9.800000e-07	9.468086e-07	-5.699241e-10	6.943269e+00	-3.828596e+01
9.900000e-07	1.005742e-06	-4.822239e-10	7.375448e+00	-3.255142e+01
1.000000e-06	1.064257e-06	-3.865101e-10	7.804558e+00	-2.635675e+01
1.010000e-06	1.122182e-06	-2.841155e-10	8.229344e+00	-1.963961e+01
1.020000e-06	1.179336e-06	-1.734584e-10	8.648473e+00	-1.232840e+01
1.030000e-06	1.235754e-06	-5.184412e-11	9.062200e+00	-4.362432e+00
1.040000e-06	1.291681e-06	7.892824e-11	9.472336e+00	4.278150e+00
1.050000e-06	1.347295e-06	2.183611e-10	9.880169e+00	1.354143e+01
1.060000e-06	1.402594e-06	3.681925e-10	1.028570e+01	2.328379e+01
1.070000e-06	1.457550e-06	5.195014e-10	1.068871e+01	3.327105e+01
1.080000e-06	1.511995e-06	6.703310e-10	1.108798e+01	4.320448e+01
1.090000e-06	1.565883e-06	8.161448e-10	1.148315e+01	5.276712e+01
1.100000e-06	1.619276e-06	9.523023e-10	1.187470e+01	6.167845e+01
1.110000e-06	1.672121e-06	1.073290e-09	1.226223e+01	6.974166e+01
1.120000e-06	1.724370e-06	1.180428e-09	1.264539e+01	7.687013e+01
1.130000e-06	1.775960e-06	1.275972e-09	1.302372e+01	8.308637e+01
1.140000e-06	1.826760e-06	1.357839e-09	1.339625e+01	8.849580e+01
1.150000e-06	1.876562e-06	1.429708e-09	1.376147e+01	9.324542e+01
1.160000e-06	1.925345e-06	1.494309e-09	1.411921e+01	9.748154e+01
1.170000e-06	1.973336e-06	1.550627e-09	1.447115e+01	1.013188e+02
1.180000e-06	2.020733e-06	1.598564e-09	1.481872e+01	1.048280e+02
1.190000e-06	2.067484e-06	1.644980e-09	1.516156e+01	1.080411e+02
1.200000e-06	2.113548e-06	1.688893e-09	1.549937e+01	1.109689e+02
1.210000e-06	2.158912e-06	1.725102e-09	1.583203e+01	1.136196e+02
1.220000e-06	2.203467e-06	1.754773e-09	1.615877e+01	1.160123e+02
1.230000e-06	2.247347e-06	1.785340e-09	1.648056e+01	1.181802e+02
1.240000e-06	2.290701e-06	1.817697e-09	1.679849e+01	1.201656e+02
1.250000e-06	2.333220e-06	1.847029e-09	1.711029e+01	1.220092e+02
1.260000e-06	2.374563e-06	1.873199e-09	1.741348e+01	1.237416e+02
1.270000e-06	2.414812e-06	1.897403e-09	1.770864e+01	1.253793e+02
1.280000e-06	2.454269e-06	1.917965e-09	1.799799e+01	1.269263e+02
1.290000e-06	2.492964e-06	1.937022e-09	1.828175e+01	1.283799e+02
1.300000e-06	2.530793e-06	1.957679e-09	1.855917e+01	1.297374e+02
1.310000e-06	2.567725e-06	1.978773e-09	1.883000e+01	1.310006e+02
1.320000e-06	2.603807e-06	1.996948e-09	1.909460e+01	1.321760e+02
1.330000e-06	2.639192e-06	2.014338e-09	1.935409e+01	1.332732e+02
1.340000e-06	2.673675e-06	2.032014e-09	1.960697e+01	1.343015e+02
1.350000e-06	2.706941e-06	2.046535e-09	1.985092e+01	1.352677e+02
1.360000e-06	2.739073e-06	2.058369e-09	2.008655e+01	1.361761e+02
1.370000e-06	2.770330e-06	2.070459e-09	2.031577e+01	1.370292e+02
1.380000e-06	2.800696e-06	2.081814e-09	2.053846e+01	1.378304e+02
1.390000e-06	2.830102e-06	2.091895e-09	2.075410e+01	1.385842e+02
1.400000e-06	2.858606e-06	2.102572e-09	2.096313e+01	1.392958e+02
1.410000e-06	2.886314e-06	2.114114e-09	2.116632e+01	1.399693e+02
1.420000e-06	2.913092e-06	2.124397e-09	2.136269e+01	1.406061e+02
1.430000e-06	2.938570e-06	2.132933e-09	2.154953e+01	1.412041e+02
1.440000e-06	2.962748e-06	2.143302e-09	2.172684e+01	1.417596e+02
1.450000e-06	2.985866e-06	2.153258e-09	2.189637e+01	1.422695e+02
1.460000e-06	3.007987e-06	2.160032e-09	2.205859e+01	1.427349e+02
1.470000e-06	3.029062e-06	2.166471e-09	2.221314e+01	1.431619e+02
1.480000e-06	3.049168e-06	2.174137e-09	2.236059e+01	1.435615e+02
1.490000e-06	3.068418e-06	2.181416e-09	2.250175e+01	1.439463e+02
1.500000e-06	3.086615e-06	2.187126e-09	2.263519e+01	1.443261e+02
1.510000e-06	3.103608e-06	2.192576e-09	2.275981e+01	1.447047e+02
1.520000e-06	3.119507e-06	2.198185e-09	2.287640e+01	1.450782e+02
1.530000e-06	3.134260e-06	2.203128e-09	2.298459e+01	1.454369e+02
1.540000e-06	3.147816e-06	2.207895e-09	2.308400e+01	1.457692e+02
1.550000e-06	3.160209e-06	2.212380e-09	2.317488e+01	1.460665e+02
1.560000e-06	3.171367e-06	2.217145e-09	2.325671e+01	1.463268e+02
1.570000e-06	3.181110e-06	2.222227e-09	2.332816e+01	1.465554e+02
1.580000e-06	3.189492e-06	2.226700e-09	2.338963e+01	1.467630e+02
1.590000e-06	3.196741e-06	2.230182e-09	2.344279e+01	1.469605e+02
1.600000e-06	3.202916e-06	2.232663e-09	2.348807e+01	1.471539e+02
1.610000e-06	3.207995e-06	2.236424e-09	2.352532e+01	1.473410e+02
1.620000e-06	3.212099e-06	2.240594e-09	2.355541e+01	1.475114e+02
1.630000e-06	3.215250e-06	2.243801e-09	2.357852e+01	1.476512e+02
1.640000e-06	3.217059e-06	2.244733e-09	2.359178e+01	1.477488e+02
1.650000e-06	3.217470e-06	2.245521e-09	2.359480e+01	1.478020e+02
1.660000e-06	3.216811e-06	2.246015e-09	2.358997e+01	1.478209e+02
1.670000e-06	3.215179e-06	2.242911e-09	2.357800e+01	1.478264e+02
1.680000e-06	3.212532e-06	2.243119e-09	2.355858e+01	1.478436e+02
1.690000e-06	3.208945e-06	2.246639e-09	2.353228e+01	1.478916e+02
1.700000e-06	3.204580e-06	2.248871e-09	2.350028e+01	1.479756e+02
1.710000e-06	3.199259e-06	2.252300e-09	2.346125e+01	1.480820e+02
1.720000e-06	3.192580e-06	2.271754e-09	2.341227e+01	1.481818e+02
1.730000e-06	3.184695e-06	2.283862e-09	2.335445e+01	1.482403e+02
1.740000e-06	3.175914e-06	2.197121e-09	2.329005e+01	1.482297e+02
1.750000e-06	3.165817e-06	2.147994e-09	2.321601e+01	1.481411e+02
1.760000e-06	3.153811e-06	2.229873e-09	2.312797e+01	1.479896e+02
1.770000e-06	3.140106e-06	2.396113e-09	2.302747e+01	1.478104e+02
1.780000e-06	3.125858e-06	2.276883e-09	2.292298e+01	1.476471e+02
1.790000e-06	3.111325e-06	2.059688e-09	2.281640e+01	1.475362e+02
1.800000e-06	3.095335e-06	2.286447e-09	2.269914e+01	1.474938e+02
1.810000e-06	3.077818e-06	2.351257e-09	2.257068e+01	1.475105e+02
1.820000e-06	3.059647e-06	2.075435e-09	2.243743e+01	1.475554e+02
1.830000e-06	3.040721e-06	2.251504e-09	2.229864e+01	1.475893e+02
1.840000e-06	3.020673e-06	2.489762e-09	2.215162e+01	1.475798e+02
1.850000e-06	2.999758e-06	2.155827e-09	2.199825e+01	1.475127e+02
1.860000e-06	2.977732e-06	2.155863e-09	2.183672e+01	1.473953e+02
1.870000e-06	2.954172e-06	2.424793e-09	2.166395e+01	1.472489e+02
1.880000e-06	2.929554e-06	2.170722e-09	2.148342e+01	1.470957e+02
1.890000e-06	2.903971e-06	2.151676e-09	2.129581e+01	1.469458e+02
1.900000e-06	2.877091e-06	2.386682e-09	2.109869e+01	1.467895e+02
1.910000e-06	2.849276e-06	2.187816e-09	2.089471e+01	1.466011e+02
1.920000e-06	2.820702e-06	2.201661e-09	2.068516e+01	1.463506e+02
1.930000e-06	2.791002e-06	2.299425e-09	2.046736e+01	1.460186e+02
1.940000e-06	2.760083e-06	2.145350e-09	2.024062e+01	1.456080e+02
1.950000e-06	2.727988e-06	2.269371e-09	2.000526e+01	1.451457e+02
1.960000e-06	2.694844e-06	2.253914e-09	1.976221e+01	1.446734e+02
1.970000e-06	2.660929e-06	2.075912e-09	1.951350e+01	1.442309e+02
1.980000e-06	2.626080e-06	2.296557e-09	1.925794e+01	1.438391e+02
1.990000e-06	2.590289e-06	2.263047e-09	1.899547e+01	1.434905e+02
2.000000e-06	2.553888e-06	2.047160e-09	1.872853e+01	1.431514e+02
2.010000e-06	2.516576e-06	2.231700e-09	1.845491e+01	1.427753e+02
2.020000e-06	2.477948e-06	2.226686e-09	1.817163e+01	1.423220e+02
2.030000e-06	2.438195e-06	2.104973e-09	1.788011e+01	1.417733e+02
2.040000e-06	2.397707e-06	2.157808e-09	1.758320e+01	1.411404e+02
2.050000e-06	2.356624e-06	2.165401e-09	1.728193e+01	1.404576e+02
2.060000e-06	2.314795e-06	2.193264e-09	1.697518e+01	1.397678e+02
2.070000e-06	2.272099e-06	2.107626e-09	1.666208e+01	1.391041e+02
2.080000e-06	2.228638e-06	2.043271e-09	1.634336e+01	1.384778e+02
2.090000e-06	2.184594e-06	2.170103e-09	1.602037e+01	1.378757e+02
2.100000e-06	2.139942e-06	2.145367e-09	1.569292e+01	1.372683e+02
2.110000e-06	2.094443e-06	2.035568e-09	1.535926e+01	1.366252e+02
2.120000e-06	2.048080e-06	2.055142e-09	1.501927e+01	1.359281e+02
2.130000e-06	2.001091e-06	2.116602e-09	1.467468e+01	1.351785e+02
2.140000e-06	1.953429e-06	2.089910e-09	1.432516e+01	1.343947e+02
2.150000e-06	1.904861e-06	1.990737e-09	1.396900e+01	1.336018e+02
2.160000e-06	1.855455e-06	2.038705e-09	1.360668e+01	1.328188e+02
2.170000e-06	1.805479e-06	2.088266e-09	1.324019e+01	1.320502e+02
2.180000e-06	1.754918e-06	1.981092e-09	1.286941e+01	1.312846e+02
2.190000e-06	1.703630e-06	1.963289e-09	1.249330e+01	1.305019e+02
2.200000e-06	1.651725e-06	2.006720e-09	1.211266e+01	1.296830e+02
2.210000e-06	1.599242e-06	2.001007e-09	1.172779e+01	1.288189e+02
2.220000e-06	1.545960e-06	1.944532e-09	1.133705e+01	1.279136e+02
2.230000e-06	1.491702e-06	1.918501e-09	1.093916e+01	1.269807e+02
2.240000e-06	1.436551e-06	1.967983e-09	1.053471e+01	1.260342e+02
2.250000e-06	1.380798e-06	1.935780e-09	1.012586e+01	1.250808e+02
2.260000e-06	1.324710e-06	1.881233e-09	9.714548e+00	1.241159e+02
2.270000e-06	1.268309e-06	1.894378e-09	9.300942e+00	1.231256e+02
2.280000e-06	1.211543e-06	1.885437e-09	8.884656e+00	1.220940e+02
2.290000e-06	1.154309e-06	1.850097e-09	8.464940e+00	1.210114e+02
2.300000e-06	1.096599e-06	1.830628e-09	8.041736e+00	1.198788e+02
2.310000e-06	1.038612e-06	1.835094e-09	7.616498e+00	1.187067e+02
2.320000e-06	9.802915e-07	1.820002e-09	7.188811e+00	1.175099e+02
2.330000e-06	9.215899e-07	1.778911e-09	6.758332e+00	1.162986e+02
2.340000e-06	8.625607e-07	1.769809e-09	6.325450e+00	1.150735e+02
2.350000e-06	8.031996e-07	1.757405e-09	5.890135e+00	1.138244e+02
2.360000e-06	7.435661e-07	1.726024e-09	5.452823e+00	1.125354e+02
2.370000e-06	6.837581e-07	1.709623e-09	5.014230e+00	1.111917e+02
2.380000e-06	6.238543e-07	1.691946e-09	4.574936e+00	1.097862e+02
2.390000e-06	5.638121e-07	1.668591e-09	4.134626e+00	1.083208e+02
2.400000e-06	5.036161e-07	1.643053e-09	3.693188e+00	1.068031e+02
2.410000e-06	4.433582e-07	1.626425e-09	3.251296e+00	1.052407e+02
2.420000e-06	3.830531e-07	1.604542e-09	2.809059e+00	1.036343e+02
2.430000e-06	3.226762e-07	1.569677e-09	2.366294e+00	1.019760e+02
2.440000e-06	2.622488e-07	1.548552e-09	1.923159e+00	1.002514e+02
2.450000e-06	2.017164e-07	1.528346e-09	1.479255e+00	9.844544e+01
2.460000e-06	1.410355e-07	1.493223e-09	1.034261e+00	9.654872e+01
2.470000e-06	8.031829e-08	1.456255e-09	5.890013e-01	9.455993e+01
2.480000e-06	1.962735e-08	1.428461e-09	1.439340e-01	9.248378e+01
2.490000e-06	-4.111706e-08	1.399810e-09	-3.015254e-01	9.032498e+01
2.500000e-06	-1.018883e-07	1.363143e-09	-7.471814e-01	8.808147e+01
2.510000e-06	-1.625662e-07	1.328242e-09	-1.192153e+00	8.574056e+01
2.520000e-06	-2.231750e-07	1.294159e-09	-1.636618e+00	8.328002e+01
2.530000e-06	-2.837639e-07	1.252269e-09	-2.080937e+00	8.067361e+01
2.540000e-06	-3.442634e-07	1.206769e-09	-2.524601e+00	7.789815e+01
2.550000e-06	-4.046415e-07	1.163089e-09	-2.967373e+00	7.493826e+01
2.560000e-06	-4.649385e-07	1.117165e-09	-3.409552e+00	7.178635e+01
2.570000e-06	-5.251736e-07	1.064876e-09	-3.851276e+00	6.843770e+01
2.580000e-06	-5.853124e-07	1.007263e-09	-4.292294e+00	6.488349e+01
2.590000e-06	-6.453738e-07	9.474273e-10	-4.732745e+00	6.110549e+01
2.600000e-06	-7.053077e-07	8.841046e-10	-5.172261e+00	5.707523e+01
2.610000e-06	-7.649983e-07	8.180817e-10	-5.609992e+00	5.275796e+01
2.620000e-06	-8.244179e-07	7.476456e-10	-6.045737e+00	4.811854e+01
2.630000e-06	-8.835327e-07	6.709272e-10	-6.479245e+00	4.312514e+01
2.640000e-06	-9.422796e-07	5.907221e-10	-6.910056e+00	3.774759e+01
2.650000e-06	-1.000673e-06	5.023046e-10	-7.338274e+00	3.195055e+01
2.660000e-06	-1.058747e-06	4.032566e-10	-7.764150e+00	2.568544e+01
2.670000e-06	-1.116484e-06	2.985506e-10	-8.187555e+00	1.888786e+01
2.680000e-06	-1.173795e-06	1.878484e-10	-8.607834e+00	1.148626e+01
2.690000e-06	-1.230570e-06	6.419621e-11	-9.024187e+00	3.423797e+00
2.700000e-06	-1.286908e-06	-7.068510e-11	-9.437332e+00	-5.310896e+00
2.710000e-06	-1.342991e-06	-2.114424e-10	-9.848612e+00	-1.465362e+01
2.720000e-06	-1.398783e-06	-3.593170e-10	-1.025775e+01	-2.444718e+01
2.730000e-06	-1.454091e-06	-5.128952e-10	-1.066335e+01	-3.444602e+01
2.740000e-06	-1.508627e-06	-6.643821e-10	-1.106327e+01	-4.434559e+01
2.750000e-06	-1.562309e-06	-8.096033e-10	-1.145694e+01	-5.383083e+01
2.760000e-06	-1.615185e-06	-9.487426e-10	-1.184470e+01	-6.263062e+01
2.770000e-06	-1.667392e-06	-1.072471e-09	-1.222755e+01	-7.056288e+01
2.780000e-06	-1.719054e-06	-1.177069e-09	-1.260640e+01	-7.755731e+01
2.790000e-06	-1.770030e-06	-1.267751e-09	-1.298023e+01	-8.365036e+01
2.800000e-06	-1.820300e-06	-1.348859e-09	-1.334888e+01	-8.895609e+01
2.810000e-06	-1.869949e-06	-1.421833e-09	-1.371297e+01	-9.362385e+01
2.820000e-06	-1.918689e-06	-1.488794e-09	-1.407040e+01	-9.779693e+01
2.830000e-06	-1.966323e-06	-1.551401e-09	-1.441971e+01	-1.015840e+02
2.840000e-06	-2.013221e-06	-1.606729e-09	-1.476363e+01	-1.050496e+02
2.850000e-06	-2.059579e-06	-1.657099e-09	-1.510359e+01	-1.082216e+02
2.860000e-06	-2.105346e-06	-1.705891e-09	-1.543922e+01	-1.111091e+02
2.870000e-06	-2.150406e-06	-1.750155e-09	-1.576966e+01	-1.137214e+02
2.880000e-06	-2.194789e-06	-1.785145e-09	-1.609513e+01	-1.160796e+02
2.890000e-06	-2.238590e-06	-1.816899e-09	-1.641634e+01	-1.182188e+02
2.900000e-06	-2.281698e-06	-1.851353e-09	-1.673247e+01	-1.201815e+02
2.910000e-06	-2.324046e-06	-1.881756e-09	-1.704302e+01	-1.220076e+02
2.920000e-06	-2.365575e-06	-1.906550e-09	-1.734756e+01	-1.237258e+02
2.930000e-06	-2.406282e-06	-1.934066e-09	-1.764608e+01	-1.253505e+02
2.940000e-06	-2.446315e-06	-1.961907e-09	-1.793966e+01	-1.268843e+02
2.950000e-06	-2.485450e-06	-1.982146e-09	-1.822665e+01	-1.283243e+02
2.960000e-06	-2.523302e-06	-1.999959e-09	-1.850423e+01	-1.296681e+02
2.970000e-06	-2.560059e-06	-2.022714e-09	-1.877378e+01	-1.309182e+02
2.980000e-06	-2.596062e-06	-2.043412e-09	-1.903781e+01	-1.320818e+02
2.990000e-06	-2.631270e-06	-2.057426e-09	-1.929600e+01	-1.331686e+02
3.000000e-06	-2.665587e-06	-2.071747e-09	-1.954765e+01	-1.341877e+02
3.010000e-06	-2.698950e-06	-2.089228e-09	-1.979232e+01	-1.351454e+02
3.020000e-06	-2.731430e-06	-2.103514e-09	-2.003050e+01	-1.360457e+02
3.030000e-06	-2.763171e-06	-2.114541e-09	-2.026327e+01	-1.368911e+02
3.040000e-06	-2.793834e-06	-2.126389e-09	-2.048814e+01	-1.376852e+02
3.050000e-06	-2.823169e-06	-2.138465e-09	-2.070326e+01	-1.384327e+02
3.060000e-06	-2.851476e-06	-2.150089e-09	-2.091084e+01	-1.391386e+02
3.070000e-06	-2.878917e-06	-2.161101e-09	-2.111207e+01	-1.398068e+02
3.080000e-06	-2.905374e-06	-2.171576e-09	-2.130610e+01	-1.404382e+02
3.090000e-06	-2.930777e-06	-2.178915e-09	-2.149238e+01	-1.410304e+02
3.100000e-06	-2.955283e-06	-2.184099e-09	-2.167209e+01	-1.415794e+02
3.110000e-06	-2.978983e-06	-2.191429e-09	-2.184589e+01	-1.420828e+02
3.120000e-06	-3.001457e-06	-2.198026e-09	-2.201070e+01	-1.425421e+02
3.130000e-06	-3.022537e-06	-2.203365e-09	-2.216529e+01	-1.429645e+02
3.140000e-06	-3.042602e-06	-2.207744e-09	-2.231243e+01	-1.433612e+02
3.150000e-06	-3.061737e-06	-2.214172e-09	-2.245276e+01	-1.437448e+02
3.160000e-06	-3.079801e-06	-2.222205e-09	-2.258522e+01	-1.441243e+02
3.170000e-06	-3.096857e-06	-2.229020e-09	-2.271030e+01	-1.445025e+02
3.180000e-06	-3.112973e-06	-2.233790e-09	-2.282849e+01	-1.448746e+02
3.190000e-06	-3.127836e-06	-2.236519e-09	-2.293748e+01	-1.452302e+02
3.200000e-06	-3.141205e-06	-2.241322e-09	-2.303553e+01	-1.455579e+02
3.210000e-06	-3.153243e-06	-2.247650e-09	-2.312380e+01	-1.458498e+02
3.220000e-06	-3.164093e-06	-2.251920e-09	-2.320337e+01	-1.461050e+02
3.230000e-06	-3.173802e-06	-2.254529e-09	-2.327457e+01	-1.463299e+02
3.240000e-06	-3.182515e-06	-2.257565e-09	-2.333846e+01	-1.465355e+02
3.250000e-06	-3.190217e-06	-2.260192e-09	-2.339494e+01	-1.467322e+02
3.260000e-06	-3.196584e-06	-2.261876e-09	-2.344164e+01	-1.469250e+02
3.270000e-06	-3.201604e-06	-2.263861e-09	-2.347845e+01	-1.471104e+02
3.280000e-06	-3.205600e-06	-2.266658e-09	-2.350775e+01	-1.472773e+02
3.290000e-06	-3.208605e-06	-2.267208e-09	-2.352979e+01	-1.474116e+02
3.300000e-06	-3.210496e-06	-2.266707e-09	-2.354366e+01	-1.475027e+02
3.310000e-06	-3.211370e-06	-2.266059e-09	-2.355007e+01	-1.475500e+02
