# Temperatura_=_20.0
# Concentracion g/m^3_=_6600.0
# C_Vs_to_Am_M_A/Vsm_=_65563218390.804596
# pendiente_HvsI_1/m_=_3716.3
# ordenada_HvsI_A/m_=_1297.0
# frecuencia_Hz_=_302608.431636808

Tiempo_(s)	Campo_(V.s)	Magnetizacion_(V.s)	Campo_(kA/m)	Magnetizacion_(A/m)
0.000000e+00	-8.004384e-06	-4.253672e-09	-5.756016e+01	-2.787310e+02
1.000000e-08	-8.002154e-06	-4.256361e-09	-5.754412e+01	-2.785761e+02
2.000000e-08	-7.997254e-06	-4.254315e-09	-5.750889e+01	-2.785210e+02
3.000000e-08	-7.989841e-06	-4.250937e-09	-5.745558e+01	-2.785519e+02
4.000000e-08	-7.979666e-06	-4.247444e-09	-5.738241e+01	-2.785833e+02
5.000000e-08	-7.966568e-06	-4.243218e-09	-5.728822e+01	-2.785088e+02
6.000000e-08	-7.950553e-06	-4.238562e-09	-5.717305e+01	-2.782682e+02
7.000000e-08	-7.931935e-06	-4.233382e-09	-5.703917e+01	-2.778907e+02
8.000000e-08	-7.911066e-06	-4.228295e-09	-5.688910e+01	-2.774865e+02
9.000000e-08	-7.887578e-06	-4.244628e-09	-5.672020e+01	-2.771903e+02
1.000000e-07	-7.861001e-06	-4.253072e-09	-5.652908e+01	-2.770850e+02
1.100000e-07	-7.831262e-06	-4.231563e-09	-5.631523e+01	-2.771484e+02
1.200000e-07	-7.798550e-06	-4.218296e-09	-5.607999e+01	-2.772550e+02
1.300000e-07	-7.763058e-06	-4.219736e-09	-5.582476e+01	-2.772352e+02
1.400000e-07	-7.725065e-06	-4.223471e-09	-5.555155e+01	-2.769631e+02
1.500000e-07	-7.684774e-06	-4.206768e-09	-5.526181e+01	-2.764262e+02
1.600000e-07	-7.642127e-06	-4.180721e-09	-5.495514e+01	-2.757392e+02
1.700000e-07	-7.596924e-06	-4.212622e-09	-5.463008e+01	-2.750905e+02
1.800000e-07	-7.549066e-06	-4.196318e-09	-5.428593e+01	-2.746481e+02
1.900000e-07	-7.498344e-06	-4.191068e-09	-5.392119e+01	-2.744725e+02
2.000000e-07	-7.444622e-06	-4.208701e-09	-5.353487e+01	-2.744817e+02
2.100000e-07	-7.388120e-06	-4.167007e-09	-5.312855e+01	-2.744904e+02
2.200000e-07	-7.328965e-06	-4.160475e-09	-5.270317e+01	-2.743018e+02
2.300000e-07	-7.267194e-06	-4.142017e-09	-5.225897e+01	-2.738079e+02
2.400000e-07	-7.202736e-06	-4.146346e-09	-5.179545e+01	-2.730455e+02
2.500000e-07	-7.135519e-06	-4.154966e-09	-5.131208e+01	-2.721780e+02
2.600000e-07	-7.065609e-06	-4.149011e-09	-5.080935e+01	-2.714125e+02
2.700000e-07	-6.992918e-06	-4.134172e-09	-5.028662e+01	-2.708951e+02
2.800000e-07	-6.917405e-06	-4.117033e-09	-4.974361e+01	-2.706369e+02
2.900000e-07	-6.839130e-06	-4.123521e-09	-4.918073e+01	-2.705097e+02
3.000000e-07	-6.758161e-06	-4.113028e-09	-4.859847e+01	-2.703131e+02
3.100000e-07	-6.674738e-06	-4.111087e-09	-4.799857e+01	-2.698764e+02
3.200000e-07	-6.588999e-06	-4.108710e-09	-4.738201e+01	-2.691434e+02
3.300000e-07	-6.500897e-06	-4.084932e-09	-4.674846e+01	-2.681965e+02
3.400000e-07	-6.410461e-06	-4.070431e-09	-4.609813e+01	-2.672081e+02
3.500000e-07	-6.317723e-06	-4.064021e-09	-4.543124e+01	-2.663486e+02
3.600000e-07	-6.222683e-06	-4.055988e-09	-4.474781e+01	-2.656982e+02
3.700000e-07	-6.125347e-06	-4.036320e-09	-4.404785e+01	-2.652116e+02
3.800000e-07	-6.025758e-06	-4.026993e-09	-4.333170e+01	-2.647495e+02
3.900000e-07	-5.923990e-06	-4.026630e-09	-4.259988e+01	-2.641600e+02
4.000000e-07	-5.820108e-06	-4.010196e-09	-4.185286e+01	-2.633627e+02
4.100000e-07	-5.714186e-06	-3.990936e-09	-4.109116e+01	-2.623893e+02
4.200000e-07	-5.606289e-06	-3.984042e-09	-4.031527e+01	-2.613598e+02
4.300000e-07	-5.496402e-06	-3.975041e-09	-3.952506e+01	-2.604081e+02
4.400000e-07	-5.384489e-06	-3.951683e-09	-3.872029e+01	-2.596013e+02
4.500000e-07	-5.270536e-06	-3.941098e-09	-3.790084e+01	-2.588978e+02
4.600000e-07	-5.154515e-06	-3.940888e-09	-3.706653e+01	-2.581696e+02
4.700000e-07	-5.036518e-06	-3.920227e-09	-3.621800e+01	-2.572770e+02
4.800000e-07	-4.916720e-06	-3.890027e-09	-3.535652e+01	-2.561520e+02
4.900000e-07	-4.795085e-06	-3.876925e-09	-3.448184e+01	-2.548437e+02
5.000000e-07	-4.671707e-06	-3.866588e-09	-3.359462e+01	-2.534965e+02
5.100000e-07	-4.546709e-06	-3.842743e-09	-3.269574e+01	-2.522706e+02
5.200000e-07	-4.420053e-06	-3.827977e-09	-3.178495e+01	-2.512489e+02
5.300000e-07	-4.291791e-06	-3.821447e-09	-3.086261e+01	-2.503811e+02
5.400000e-07	-4.161877e-06	-3.799512e-09	-2.992838e+01	-2.495019e+02
5.500000e-07	-4.030477e-06	-3.769414e-09	-2.898348e+01	-2.484141e+02
5.600000e-07	-3.897549e-06	-3.750842e-09	-2.802758e+01	-2.469954e+02
5.700000e-07	-3.762997e-06	-3.732745e-09	-2.706001e+01	-2.452691e+02
5.800000e-07	-3.627063e-06	-3.703775e-09	-2.608250e+01	-2.433971e+02
5.900000e-07	-3.489756e-06	-3.676544e-09	-2.509511e+01	-2.415949e+02
6.000000e-07	-3.351027e-06	-3.652887e-09	-2.409750e+01	-2.400128e+02
6.100000e-07	-3.210922e-06	-3.621629e-09	-2.308999e+01	-2.386474e+02
6.200000e-07	-3.069472e-06	-3.588447e-09	-2.207281e+01	-2.373347e+02
6.300000e-07	-2.926715e-06	-3.570415e-09	-2.104624e+01	-2.358337e+02
6.400000e-07	-2.782788e-06	-3.551040e-09	-2.001125e+01	-2.339579e+02
6.500000e-07	-2.637958e-06	-3.515874e-09	-1.896977e+01	-2.316831e+02
6.600000e-07	-2.492237e-06	-3.479967e-09	-1.792187e+01	-2.291699e+02
6.700000e-07	-2.345535e-06	-3.451285e-09	-1.686693e+01	-2.266815e+02
6.800000e-07	-2.198054e-06	-3.419606e-09	-1.580638e+01	-2.244362e+02
6.900000e-07	-2.049942e-06	-3.382171e-09	-1.474129e+01	-2.224739e+02
7.000000e-07	-1.901196e-06	-3.348346e-09	-1.367165e+01	-2.206126e+02
7.100000e-07	-1.751792e-06	-3.311495e-09	-1.259727e+01	-2.185266e+02
7.200000e-07	-1.601700e-06	-3.264964e-09	-1.151795e+01	-2.159136e+02
7.300000e-07	-1.451050e-06	-3.217542e-09	-1.043462e+01	-2.126619e+02
7.400000e-07	-1.299973e-06	-3.173743e-09	-9.348206e+00	-2.089242e+02
7.500000e-07	-1.148538e-06	-3.124028e-09	-8.259224e+00	-2.050462e+02
7.600000e-07	-9.967462e-07	-3.067467e-09	-7.167681e+00	-2.013744e+02
7.700000e-07	-8.446088e-07	-3.012182e-09	-6.073649e+00	-1.980396e+02
7.800000e-07	-6.921979e-07	-2.955751e-09	-4.977650e+00	-1.948326e+02
7.900000e-07	-5.394927e-07	-2.890629e-09	-3.879535e+00	-1.912538e+02
8.000000e-07	-3.864947e-07	-2.814573e-09	-2.779314e+00	-1.867261e+02
8.100000e-07	-2.333041e-07	-2.730761e-09	-1.677708e+00	-1.808708e+02
8.200000e-07	-7.999678e-08	-2.634584e-09	-5.752632e-01	-1.736958e+02
8.300000e-07	7.334794e-08	-2.522785e-09	5.274508e-01	-1.655687e+02
8.400000e-07	2.266767e-07	-2.393223e-09	1.630050e+00	-1.569509e+02
8.500000e-07	3.799540e-07	-2.246093e-09	2.732279e+00	-1.479896e+02
8.600000e-07	5.330876e-07	-2.078253e-09	3.833475e+00	-1.381615e+02
8.700000e-07	6.860778e-07	-1.875189e-09	4.933640e+00	-1.261700e+02
8.800000e-07	8.389056e-07	-1.624626e-09	6.032637e+00	-1.102104e+02
8.900000e-07	9.914574e-07	-1.313532e-09	7.129648e+00	-8.855845e+01
9.000000e-07	1.143690e-06	-9.198569e-10	8.224364e+00	-6.028583e+01
9.100000e-07	1.295547e-06	-4.172027e-10	9.316382e+00	-2.582024e+01
9.200000e-07	1.446877e-06	1.932751e-10	1.040461e+01	1.289702e+01
9.300000e-07	1.597681e-06	8.530547e-10	1.148905e+01	5.276022e+01
9.400000e-07	1.747945e-06	1.459988e-09	1.256961e+01	9.026297e+01
9.500000e-07	1.897564e-06	1.934196e-09	1.364553e+01	1.224177e+02
9.600000e-07	2.046412e-06	2.267193e-09	1.471591e+01	1.475066e+02
9.700000e-07	2.194430e-06	2.499367e-09	1.578032e+01	1.654058e+02
9.800000e-07	2.341654e-06	2.676066e-09	1.683902e+01	1.773892e+02
9.900000e-07	2.488059e-06	2.823305e-09	1.789183e+01	1.855218e+02
1.000000e-06	2.633567e-06	2.948487e-09	1.893819e+01	1.918957e+02
1.010000e-06	2.778098e-06	3.053830e-09	1.997753e+01	1.979999e+02
1.020000e-06	2.921556e-06	3.147508e-09	2.100914e+01	2.044331e+02
1.030000e-06	3.063860e-06	3.233320e-09	2.203246e+01	2.110083e+02
1.040000e-06	3.204937e-06	3.309936e-09	2.304696e+01	2.171355e+02
1.050000e-06	3.344693e-06	3.378224e-09	2.405195e+01	2.222743e+02
1.060000e-06	3.483173e-06	3.438583e-09	2.504777e+01	2.262490e+02
1.070000e-06	3.620367e-06	3.491475e-09	2.603435e+01	2.293132e+02
1.080000e-06	3.756095e-06	3.540991e-09	2.701038e+01	2.319822e+02
1.090000e-06	3.890399e-06	3.590447e-09	2.797617e+01	2.347517e+02
1.100000e-06	4.023371e-06	3.636282e-09	2.893238e+01	2.378619e+02
1.110000e-06	4.154902e-06	3.675909e-09	2.987823e+01	2.412193e+02
1.120000e-06	4.284977e-06	3.711730e-09	3.081361e+01	2.444946e+02
1.130000e-06	4.413651e-06	3.746532e-09	3.173891e+01	2.473302e+02
1.140000e-06	4.540767e-06	3.778353e-09	3.265302e+01	2.495372e+02
1.150000e-06	4.666307e-06	3.807542e-09	3.355578e+01	2.511843e+02
1.160000e-06	4.790288e-06	3.835741e-09	3.444734e+01	2.525433e+02
1.170000e-06	4.912580e-06	3.861333e-09	3.532675e+01	2.539347e+02
1.180000e-06	5.033126e-06	3.885682e-09	3.619360e+01	2.555607e+02
1.190000e-06	5.151814e-06	3.909969e-09	3.704710e+01	2.574160e+02
1.200000e-06	5.268573e-06	3.931188e-09	3.788672e+01	2.593142e+02
1.210000e-06	5.383285e-06	3.948354e-09	3.871163e+01	2.610068e+02
1.220000e-06	5.495909e-06	3.964971e-09	3.952151e+01	2.623252e+02
1.230000e-06	5.606534e-06	3.981430e-09	4.031703e+01	2.632676e+02
1.240000e-06	5.715173e-06	3.997011e-09	4.109826e+01	2.639907e+02
1.250000e-06	5.821767e-06	4.013913e-09	4.186479e+01	2.647160e+02
1.260000e-06	5.926210e-06	4.029529e-09	4.261584e+01	2.656089e+02
1.270000e-06	6.028508e-06	4.042196e-09	4.335148e+01	2.666954e+02
1.280000e-06	6.128579e-06	4.053382e-09	4.407110e+01	2.678615e+02
1.290000e-06	6.226271e-06	4.066166e-09	4.477361e+01	2.689273e+02
1.300000e-06	6.321602e-06	4.079762e-09	4.545914e+01	2.697547e+02
1.310000e-06	6.414731e-06	4.089623e-09	4.612884e+01	2.703241e+02
1.320000e-06	6.505650e-06	4.099599e-09	4.678264e+01	2.707427e+02
1.330000e-06	6.594186e-06	4.112638e-09	4.741932e+01	2.711801e+02
1.340000e-06	6.680399e-06	4.125217e-09	4.803928e+01	2.717715e+02
1.350000e-06	6.764286e-06	4.134706e-09	4.864251e+01	2.725416e+02
1.360000e-06	6.845694e-06	4.142406e-09	4.922793e+01	2.733930e+02
1.370000e-06	6.924601e-06	4.152229e-09	4.979536e+01	2.741617e+02
1.380000e-06	7.000949e-06	4.161620e-09	5.034438e+01	2.747097e+02
1.390000e-06	7.074615e-06	4.167723e-09	5.087412e+01	2.750021e+02
1.400000e-06	7.145711e-06	4.172460e-09	5.138537e+01	2.751271e+02
1.410000e-06	7.214348e-06	4.177686e-09	5.187895e+01	2.752479e+02
1.420000e-06	7.280408e-06	4.184224e-09	5.235399e+01	2.755152e+02
1.430000e-06	7.343842e-06	4.191594e-09	5.281015e+01	2.759869e+02
1.440000e-06	7.404785e-06	4.198968e-09	5.324840e+01	2.765988e+02
1.450000e-06	7.463129e-06	4.205012e-09	5.366795e+01	2.772016e+02
1.460000e-06	7.518810e-06	4.209828e-09	5.406836e+01	2.776435e+02
1.470000e-06	7.571756e-06	4.214237e-09	5.444910e+01	2.778515e+02
1.480000e-06	7.621584e-06	4.219154e-09	5.480741e+01	2.778702e+02
1.490000e-06	7.668399e-06	4.224636e-09	5.514406e+01	2.778356e+02
1.500000e-06	7.712590e-06	4.229713e-09	5.546184e+01	2.779009e+02
1.510000e-06	7.754005e-06	4.233323e-09	5.575966e+01	2.781545e+02
1.520000e-06	7.792582e-06	4.236497e-09	5.603707e+01	2.785738e+02
1.530000e-06	7.828501e-06	4.241078e-09	5.629537e+01	2.790400e+02
1.540000e-06	7.861607e-06	4.246154e-09	5.653344e+01	2.794033e+02
1.550000e-06	7.891891e-06	4.249814e-09	5.675121e+01	2.795627e+02
1.560000e-06	7.919469e-06	4.252275e-09	5.694952e+01	2.795180e+02
1.570000e-06	7.944122e-06	4.253539e-09	5.712681e+01	2.793657e+02
1.580000e-06	7.965862e-06	4.254409e-09	5.728314e+01	2.792439e+02
1.590000e-06	7.984819e-06	4.256616e-09	5.741946e+01	2.792576e+02
1.600000e-06	8.000809e-06	4.260088e-09	5.753445e+01	2.794241e+02
1.610000e-06	8.013770e-06	4.262509e-09	5.762766e+01	2.796696e+02
1.620000e-06	8.023648e-06	4.261958e-09	5.769869e+01	2.798749e+02
1.630000e-06	8.030507e-06	4.262383e-09	5.774801e+01	2.799439e+02
1.640000e-06	8.034503e-06	4.265109e-09	5.777675e+01	2.798563e+02
1.650000e-06	8.035617e-06	4.266318e-09	5.778476e+01	2.796744e+02
1.660000e-06	8.033992e-06	4.263741e-09	5.777307e+01	2.795018e+02
1.670000e-06	8.029757e-06	4.262662e-09	5.774262e+01	2.794190e+02
1.680000e-06	8.022803e-06	4.263386e-09	5.769261e+01	2.794336e+02
1.690000e-06	8.013179e-06	4.260723e-09	5.762341e+01	2.794746e+02
1.700000e-06	8.000754e-06	4.258093e-09	5.753405e+01	2.794344e+02
1.710000e-06	7.985466e-06	4.259009e-09	5.742412e+01	2.792358e+02
1.720000e-06	7.967704e-06	4.259920e-09	5.729639e+01	2.788840e+02
1.730000e-06	7.947684e-06	4.255372e-09	5.715242e+01	2.784729e+02
1.740000e-06	7.924981e-06	4.222838e-09	5.698917e+01	2.781380e+02
1.750000e-06	7.898906e-06	4.225068e-09	5.680166e+01	2.779819e+02
1.760000e-06	7.869171e-06	4.243209e-09	5.658783e+01	2.780108e+02
1.770000e-06	7.836241e-06	4.241587e-09	5.635103e+01	2.781216e+02
1.780000e-06	7.800863e-06	4.237592e-09	5.609662e+01	2.781478e+02
1.790000e-06	7.763136e-06	4.255882e-09	5.582532e+01	2.779445e+02
1.800000e-06	7.723213e-06	4.259893e-09	5.553824e+01	2.774670e+02
1.810000e-06	7.681360e-06	4.194287e-09	5.523727e+01	2.768007e+02
1.820000e-06	7.637013e-06	4.221792e-09	5.491836e+01	2.761235e+02
1.830000e-06	7.589827e-06	4.207494e-09	5.457905e+01	2.756179e+02
1.840000e-06	7.539811e-06	4.188669e-09	5.421938e+01	2.753771e+02
1.850000e-06	7.486743e-06	4.215441e-09	5.383776e+01	2.753542e+02
1.860000e-06	7.430856e-06	4.186051e-09	5.343588e+01	2.753822e+02
1.870000e-06	7.372303e-06	4.231478e-09	5.301481e+01	2.752573e+02
1.880000e-06	7.311101e-06	4.212804e-09	5.257471e+01	2.748417e+02
1.890000e-06	7.247212e-06	4.189359e-09	5.211527e+01	2.741344e+02
1.900000e-06	7.180514e-06	4.178884e-09	5.163564e+01	2.732730e+02
1.910000e-06	7.111027e-06	4.145588e-09	5.113596e+01	2.724636e+02
1.920000e-06	7.038706e-06	4.158641e-09	5.061589e+01	2.718766e+02
1.930000e-06	6.963655e-06	4.142384e-09	5.007620e+01	2.715601e+02
1.940000e-06	6.885849e-06	4.168783e-09	4.951669e+01	2.714172e+02
1.950000e-06	6.805378e-06	4.143971e-09	4.893801e+01	2.712563e+02
1.960000e-06	6.722478e-06	4.106861e-09	4.834187e+01	2.708896e+02
1.970000e-06	6.637035e-06	4.114976e-09	4.772744e+01	2.702275e+02
1.980000e-06	6.549054e-06	4.104060e-09	4.709477e+01	2.693194e+02
1.990000e-06	6.458717e-06	4.109625e-09	4.644515e+01	2.683230e+02
2.000000e-06	6.366194e-06	4.093538e-09	4.577981e+01	2.674184e+02
2.010000e-06	6.271473e-06	4.091172e-09	4.509866e+01	2.667146e+02
2.020000e-06	6.174475e-06	4.064080e-09	4.440114e+01	2.661969e+02
2.030000e-06	6.075222e-06	4.031272e-09	4.368740e+01	2.657434e+02
2.040000e-06	5.973727e-06	4.038986e-09	4.295754e+01	2.651966e+02
2.050000e-06	5.870136e-06	4.048310e-09	4.221261e+01	2.644521e+02
2.060000e-06	5.764558e-06	4.027736e-09	4.145339e+01	2.635133e+02
2.070000e-06	5.657024e-06	4.004404e-09	4.068011e+01	2.624837e+02
2.080000e-06	5.547478e-06	4.005901e-09	3.989235e+01	2.615019e+02
2.090000e-06	5.435862e-06	3.994650e-09	3.908972e+01	2.606578e+02
2.100000e-06	5.322156e-06	3.963406e-09	3.827204e+01	2.599374e+02
2.110000e-06	5.206428e-06	3.947307e-09	3.743984e+01	2.592289e+02
2.120000e-06	5.088750e-06	3.944725e-09	3.659361e+01	2.583872e+02
2.130000e-06	4.969190e-06	3.919562e-09	3.573384e+01	2.573198e+02
2.140000e-06	4.847794e-06	3.900977e-09	3.486087e+01	2.560458e+02
2.150000e-06	4.724626e-06	3.903817e-09	3.397516e+01	2.546916e+02
2.160000e-06	4.599718e-06	3.894580e-09	3.307694e+01	2.534226e+02
2.170000e-06	4.473083e-06	3.856803e-09	3.216630e+01	2.523484e+02
2.180000e-06	4.344847e-06	3.831156e-09	3.124414e+01	2.514535e+02
2.190000e-06	4.215000e-06	3.825016e-09	3.031040e+01	2.505957e+02
2.200000e-06	4.083619e-06	3.809335e-09	2.936563e+01	2.495754e+02
2.210000e-06	3.950658e-06	3.786645e-09	2.840950e+01	2.482429e+02
2.220000e-06	3.816222e-06	3.771112e-09	2.744275e+01	2.465822e+02
2.230000e-06	3.680464e-06	3.751537e-09	2.646651e+01	2.447259e+02
2.240000e-06	3.543232e-06	3.719829e-09	2.547966e+01	2.428870e+02
2.250000e-06	3.404562e-06	3.699400e-09	2.448247e+01	2.412427e+02
2.260000e-06	3.264631e-06	3.688141e-09	2.347622e+01	2.398324e+02
2.270000e-06	3.123386e-06	3.662150e-09	2.246051e+01	2.385276e+02
2.280000e-06	2.980876e-06	3.624589e-09	2.143572e+01	2.370950e+02
2.290000e-06	2.837371e-06	3.595640e-09	2.040376e+01	2.353220e+02
2.300000e-06	2.692836e-06	3.569121e-09	1.936439e+01	2.331379e+02
2.310000e-06	2.547226e-06	3.533899e-09	1.831731e+01	2.306607e+02
2.320000e-06	2.400720e-06	3.500090e-09	1.726377e+01	2.281406e+02
2.330000e-06	2.253491e-06	3.470457e-09	1.620503e+01	2.258215e+02
2.340000e-06	2.105541e-06	3.434714e-09	1.514111e+01	2.237967e+02
2.350000e-06	1.956865e-06	3.396149e-09	1.407197e+01	2.219368e+02
2.360000e-06	1.807481e-06	3.362002e-09	1.299774e+01	2.199388e+02
2.370000e-06	1.657394e-06	3.325753e-09	1.191845e+01	2.174771e+02
2.380000e-06	1.506804e-06	3.279196e-09	1.083555e+01	2.143804e+02
2.390000e-06	1.355862e-06	3.227766e-09	9.750112e+00	2.107361e+02
2.400000e-06	1.204597e-06	3.178252e-09	8.662352e+00	2.068562e+02
2.410000e-06	1.053027e-06	3.128467e-09	7.572399e+00	2.031083e+02
2.420000e-06	9.011050e-07	3.074713e-09	6.479918e+00	1.996943e+02
2.430000e-06	7.488723e-07	3.015423e-09	5.385200e+00	1.964929e+02
2.440000e-06	5.963624e-07	2.949065e-09	4.288489e+00	1.930622e+02
2.450000e-06	4.436004e-07	2.875649e-09	3.189966e+00	1.888187e+02
2.460000e-06	2.906316e-07	2.796636e-09	2.089955e+00	1.833106e+02
2.470000e-06	1.374946e-07	2.708986e-09	9.887346e-01	1.764416e+02
2.480000e-06	-1.574692e-08	2.608060e-09	-1.132373e-01	1.685059e+02
2.490000e-06	-1.690245e-07	2.489622e-09	-1.215469e+00	1.599768e+02
2.500000e-06	-3.222324e-07	2.348726e-09	-2.317199e+00	1.511193e+02
2.510000e-06	-4.752787e-07	2.183123e-09	-3.417767e+00	1.416001e+02
2.520000e-06	-6.281059e-07	1.987650e-09	-4.516759e+00	1.303063e+02
2.530000e-06	-7.807334e-07	1.752043e-09	-5.614315e+00	1.155151e+02
2.540000e-06	-9.331649e-07	1.459132e-09	-6.710463e+00	9.541548e+01
2.550000e-06	-1.085261e-06	1.090698e-09	-7.804196e+00	6.881673e+01
2.560000e-06	-1.236895e-06	6.255955e-10	-8.894610e+00	3.577382e+01
2.570000e-06	-1.388158e-06	4.660506e-11	-9.982352e+00	-2.137386e+00
2.580000e-06	-1.539059e-06	-6.104878e-10	-1.106749e+01	-4.204346e+01
2.590000e-06	-1.689462e-06	-1.248526e-09	-1.214906e+01	-8.045255e+01
2.600000e-06	-1.839204e-06	-1.770017e-09	-1.322586e+01	-1.141650e+02
2.610000e-06	-1.988207e-06	-2.147514e-09	-1.429735e+01	-1.410955e+02
2.620000e-06	-2.136511e-06	-2.413180e-09	-1.536382e+01	-1.607200e+02
2.630000e-06	-2.284012e-06	-2.606632e-09	-1.642451e+01	-1.740073e+02
2.640000e-06	-2.430590e-06	-2.758605e-09	-1.747856e+01	-1.828954e+02
2.650000e-06	-2.576264e-06	-2.887517e-09	-1.852612e+01	-1.895385e+02
2.660000e-06	-2.720883e-06	-2.999614e-09	-1.956608e+01	-1.956187e+02
2.670000e-06	-2.864387e-06	-3.098362e-09	-2.059804e+01	-2.019623e+02
2.680000e-06	-3.006797e-06	-3.186311e-09	-2.162212e+01	-2.085502e+02
2.690000e-06	-3.147979e-06	-3.263987e-09	-2.263737e+01	-2.148496e+02
2.700000e-06	-3.287966e-06	-3.335557e-09	-2.364402e+01	-2.202701e+02
2.710000e-06	-3.426729e-06	-3.402766e-09	-2.464188e+01	-2.245280e+02
2.720000e-06	-3.564133e-06	-3.464670e-09	-2.562996e+01	-2.277779e+02
2.730000e-06	-3.700151e-06	-3.521161e-09	-2.660808e+01	-2.304942e+02
2.740000e-06	-3.834819e-06	-3.574202e-09	-2.757649e+01	-2.332039e+02
2.750000e-06	-3.968144e-06	-3.624243e-09	-2.853524e+01	-2.362257e+02
2.760000e-06	-4.100058e-06	-3.669172e-09	-2.948384e+01	-2.395467e+02
2.770000e-06	-4.230555e-06	-3.711233e-09	-3.042225e+01	-2.428794e+02
2.780000e-06	-4.359631e-06	-3.753126e-09	-3.135045e+01	-2.458525e+02
2.790000e-06	-4.487165e-06	-3.791817e-09	-3.226756e+01	-2.482210e+02
2.800000e-06	-4.613094e-06	-3.824108e-09	-3.317312e+01	-2.499890e+02
2.810000e-06	-4.737442e-06	-3.855117e-09	-3.406732e+01	-2.513894e+02
2.820000e-06	-4.860106e-06	-3.885462e-09	-3.494941e+01	-2.527474e+02
2.830000e-06	-4.981050e-06	-3.911431e-09	-3.581912e+01	-2.543073e+02
2.840000e-06	-5.100183e-06	-3.933212e-09	-3.667582e+01	-2.561179e+02
2.850000e-06	-5.217349e-06	-3.955718e-09	-3.751837e+01	-2.580294e+02
2.860000e-06	-5.332422e-06	-3.979546e-09	-3.834587e+01	-2.597951e+02
2.870000e-06	-5.445289e-06	-4.002553e-09	-3.915750e+01	-2.612150e+02
2.880000e-06	-5.556039e-06	-4.023542e-09	-3.995392e+01	-2.622425e+02
2.890000e-06	-5.664797e-06	-4.041764e-09	-4.073601e+01	-2.630006e+02
2.900000e-06	-5.771611e-06	-4.059225e-09	-4.150411e+01	-2.637064e+02
2.910000e-06	-5.876387e-06	-4.074259e-09	-4.225757e+01	-2.645494e+02
2.920000e-06	-5.978963e-06	-4.087771e-09	-4.299519e+01	-2.655942e+02
2.930000e-06	-6.079297e-06	-4.098403e-09	-4.371671e+01	-2.667571e+02
2.940000e-06	-6.177445e-06	-4.108254e-09	-4.442250e+01	-2.678649e+02
2.950000e-06	-6.273373e-06	-4.120775e-09	-4.511232e+01	-2.687597e+02
2.960000e-06	-6.367023e-06	-4.133614e-09	-4.578577e+01	-2.693885e+02
2.970000e-06	-6.458348e-06	-4.144588e-09	-4.644249e+01	-2.698304e+02
2.980000e-06	-6.547394e-06	-4.154882e-09	-4.708283e+01	-2.702481e+02
2.990000e-06	-6.634100e-06	-4.165382e-09	-4.770634e+01	-2.707942e+02
3.000000e-06	-6.718295e-06	-4.173515e-09	-4.831179e+01	-2.715251e+02
3.010000e-06	-6.800103e-06	-4.179621e-09	-4.890008e+01	-2.723710e+02
3.020000e-06	-6.879496e-06	-4.186406e-09	-4.947100e+01	-2.731766e+02
3.030000e-06	-6.956165e-06	-4.194630e-09	-5.002233e+01	-2.737886e+02
3.040000e-06	-7.030143e-06	-4.201461e-09	-5.055431e+01	-2.741418e+02
3.050000e-06	-7.101623e-06	-4.206004e-09	-5.106834e+01	-2.742955e+02
3.060000e-06	-7.170562e-06	-4.211296e-09	-5.156408e+01	-2.744017e+02
3.070000e-06	-7.236971e-06	-4.216658e-09	-5.204163e+01	-2.746230e+02
3.080000e-06	-7.300896e-06	-4.221012e-09	-5.250132e+01	-2.750457e+02
3.090000e-06	-7.362196e-06	-4.226566e-09	-5.294213e+01	-2.756350e+02
3.100000e-06	-7.420811e-06	-4.231948e-09	-5.336364e+01	-2.762564e+02
3.110000e-06	-7.476813e-06	-4.237029e-09	-5.376636e+01	-2.767502e+02
3.120000e-06	-7.530066e-06	-4.240358e-09	-5.414930e+01	-2.770177e+02
3.130000e-06	-7.580331e-06	-4.241590e-09	-5.451076e+01	-2.770742e+02
3.140000e-06	-7.627541e-06	-4.242141e-09	-5.485025e+01	-2.770383e+02
3.150000e-06	-7.672032e-06	-4.243828e-09	-5.517019e+01	-2.770673e+02
3.160000e-06	-7.714089e-06	-4.247421e-09	-5.547263e+01	-2.772719e+02
3.170000e-06	-7.753486e-06	-4.251044e-09	-5.575593e+01	-2.776586e+02
3.180000e-06	-7.790058e-06	-4.253969e-09	-5.601892e+01	-2.781280e+02
3.190000e-06	-7.823895e-06	-4.255284e-09	-5.626225e+01	-2.785303e+02
3.200000e-06	-7.854856e-06	-4.256825e-09	-5.648489e+01	-2.787457e+02
3.210000e-06	-7.882868e-06	-4.258279e-09	-5.668633e+01	-2.787467e+02
3.220000e-06	-7.908088e-06	-4.259635e-09	-5.686769e+01	-2.786093e+02
3.230000e-06	-7.930412e-06	-4.260816e-09	-5.702822e+01	-2.784682e+02
3.240000e-06	-7.949863e-06	-4.259350e-09	-5.716809e+01	-2.784431e+02
3.250000e-06	-7.966521e-06	-4.255169e-09	-5.728788e+01	-2.785759e+02
3.260000e-06	-7.980060e-06	-4.253350e-09	-5.738525e+01	-2.788128e+02
3.270000e-06	-7.990452e-06	-4.255163e-09	-5.745997e+01	-2.790398e+02
3.280000e-06	-7.997982e-06	-4.256100e-09	-5.751412e+01	-2.791489e+02
3.290000e-06	-8.002687e-06	-4.256472e-09	-5.754795e+01	-2.790981e+02
3.300000e-06	-8.004564e-06	-4.255176e-09	-5.756145e+01	-2.789312e+02
