# Temperatura_=_20.0
# Concentracion g/m^3_=_6600.0
# C_Vs_to_Am_M_A/Vsm_=_65563218390.804596
# pendiente_HvsI_1/m_=_3716.3
# ordenada_HvsI_A/m_=_1297.0
# frecuencia_Hz_=_302607.00218015944

Tiempo_(s)	Campo_(V.s)	Magnetizacion_(V.s)	Campo_(kA/m)	Magnetizacion_(A/m)
0.000000e+00	-8.007370e-06	-4.113105e-09	-5.756193e+01	-2.694094e+02
1.000000e-08	-8.004898e-06	-4.114673e-09	-5.754416e+01	-2.692045e+02
2.000000e-08	-7.999723e-06	-4.113509e-09	-5.750696e+01	-2.691221e+02
3.000000e-08	-7.992041e-06	-4.111757e-09	-5.745173e+01	-2.691482e+02
4.000000e-08	-7.981585e-06	-4.109704e-09	-5.737657e+01	-2.691934e+02
5.000000e-08	-7.968191e-06	-4.106372e-09	-5.728028e+01	-2.691482e+02
6.000000e-08	-7.951929e-06	-4.102236e-09	-5.716338e+01	-2.689493e+02
7.000000e-08	-7.933110e-06	-4.096217e-09	-5.702810e+01	-2.686217e+02
8.000000e-08	-7.911988e-06	-4.088525e-09	-5.687626e+01	-2.682690e+02
9.000000e-08	-7.888216e-06	-4.124032e-09	-5.670537e+01	-2.680169e+02
1.000000e-07	-7.861349e-06	-4.125469e-09	-5.651224e+01	-2.679411e+02
1.100000e-07	-7.831377e-06	-4.084118e-09	-5.629678e+01	-2.680180e+02
1.200000e-07	-7.798462e-06	-4.076827e-09	-5.606017e+01	-2.681305e+02
1.300000e-07	-7.762736e-06	-4.086092e-09	-5.580335e+01	-2.681249e+02
1.400000e-07	-7.724531e-06	-4.089818e-09	-5.552871e+01	-2.678926e+02
1.500000e-07	-7.684099e-06	-4.064968e-09	-5.523805e+01	-2.674310e+02
1.600000e-07	-7.641316e-06	-4.059270e-09	-5.493051e+01	-2.668508e+02
1.700000e-07	-7.595883e-06	-4.076622e-09	-5.460390e+01	-2.663226e+02
1.800000e-07	-7.547661e-06	-4.042055e-09	-5.425725e+01	-2.659907e+02
1.900000e-07	-7.496585e-06	-4.076140e-09	-5.389009e+01	-2.658972e+02
2.000000e-07	-7.442599e-06	-4.083374e-09	-5.350200e+01	-2.659585e+02
2.100000e-07	-7.385825e-06	-4.042658e-09	-5.309388e+01	-2.660066e+02
2.200000e-07	-7.326395e-06	-4.049823e-09	-5.266666e+01	-2.658739e+02
2.300000e-07	-7.264381e-06	-4.015912e-09	-5.222087e+01	-2.654784e+02
2.400000e-07	-7.199658e-06	-4.022485e-09	-5.175560e+01	-2.648645e+02
2.500000e-07	-7.132128e-06	-4.021645e-09	-5.127015e+01	-2.641772e+02
2.600000e-07	-7.061924e-06	-4.033844e-09	-5.076548e+01	-2.635849e+02
2.700000e-07	-6.988932e-06	-4.021674e-09	-5.024076e+01	-2.631915e+02
2.800000e-07	-6.913105e-06	-3.996386e-09	-4.969567e+01	-2.629838e+02
2.900000e-07	-6.834553e-06	-4.001332e-09	-4.913099e+01	-2.628420e+02
3.000000e-07	-6.753342e-06	-3.989085e-09	-4.854720e+01	-2.626071e+02
3.100000e-07	-6.669699e-06	-3.994611e-09	-4.794592e+01	-2.621672e+02
3.200000e-07	-6.583793e-06	-3.981153e-09	-4.732837e+01	-2.615159e+02
3.300000e-07	-6.495567e-06	-3.970152e-09	-4.669415e+01	-2.607529e+02
3.400000e-07	-6.404950e-06	-3.964730e-09	-4.604274e+01	-2.600250e+02
3.500000e-07	-6.311968e-06	-3.956989e-09	-4.537433e+01	-2.594423e+02
3.600000e-07	-6.216630e-06	-3.950583e-09	-4.468898e+01	-2.590164e+02
3.700000e-07	-6.118982e-06	-3.931604e-09	-4.398703e+01	-2.586537e+02
3.800000e-07	-6.019162e-06	-3.926557e-09	-4.326946e+01	-2.582098e+02
3.900000e-07	-5.917213e-06	-3.924243e-09	-4.253659e+01	-2.575723e+02
4.000000e-07	-5.813051e-06	-3.913381e-09	-4.178781e+01	-2.567277e+02
4.100000e-07	-5.706891e-06	-3.897542e-09	-4.102466e+01	-2.557717e+02
4.200000e-07	-5.598830e-06	-3.892803e-09	-4.024785e+01	-2.548574e+02
4.300000e-07	-5.488731e-06	-3.878259e-09	-3.945639e+01	-2.541073e+02
4.400000e-07	-5.376578e-06	-3.849162e-09	-3.865017e+01	-2.535395e+02
4.500000e-07	-5.262384e-06	-3.842795e-09	-3.782927e+01	-2.530498e+02
4.600000e-07	-5.146134e-06	-3.851938e-09	-3.699360e+01	-2.524633e+02
4.700000e-07	-5.027918e-06	-3.837597e-09	-3.614378e+01	-2.516285e+02
4.800000e-07	-4.907886e-06	-3.809921e-09	-3.528092e+01	-2.505044e+02
4.900000e-07	-4.786096e-06	-3.798334e-09	-3.440542e+01	-2.491896e+02
5.000000e-07	-4.662599e-06	-3.783544e-09	-3.351764e+01	-2.478762e+02
5.100000e-07	-4.537447e-06	-3.754961e-09	-3.261798e+01	-2.467480e+02
5.200000e-07	-4.410624e-06	-3.738394e-09	-3.170629e+01	-2.458787e+02
5.300000e-07	-4.282086e-06	-3.736854e-09	-3.078228e+01	-2.451843e+02
5.400000e-07	-4.152003e-06	-3.719487e-09	-2.984716e+01	-2.444599e+02
5.500000e-07	-4.020388e-06	-3.691012e-09	-2.890103e+01	-2.434831e+02
5.600000e-07	-3.887268e-06	-3.673739e-09	-2.794409e+01	-2.421320e+02
5.700000e-07	-3.752629e-06	-3.659421e-09	-2.697622e+01	-2.404522e+02
5.800000e-07	-3.616423e-06	-3.632606e-09	-2.599708e+01	-2.386365e+02
5.900000e-07	-3.478820e-06	-3.605469e-09	-2.500791e+01	-2.369224e+02
6.000000e-07	-3.339868e-06	-3.583674e-09	-2.400904e+01	-2.354634e+02
6.100000e-07	-3.199538e-06	-3.554331e-09	-2.300026e+01	-2.342417e+02
6.200000e-07	-3.057875e-06	-3.522025e-09	-2.198190e+01	-2.330721e+02
6.300000e-07	-2.914979e-06	-3.501383e-09	-2.095467e+01	-2.316989e+02
6.400000e-07	-2.770934e-06	-3.483099e-09	-1.991919e+01	-2.299356e+02
6.500000e-07	-2.625904e-06	-3.452077e-09	-1.887662e+01	-2.277707e+02
6.600000e-07	-2.480042e-06	-3.420397e-09	-1.782808e+01	-2.253791e+02
6.700000e-07	-2.333313e-06	-3.394125e-09	-1.677330e+01	-2.230285e+02
6.800000e-07	-2.185732e-06	-3.364395e-09	-1.571239e+01	-2.209272e+02
6.900000e-07	-2.037454e-06	-3.328543e-09	-1.464648e+01	-2.190953e+02
7.000000e-07	-1.888567e-06	-3.293517e-09	-1.357619e+01	-2.173356e+02
7.100000e-07	-1.739103e-06	-3.256170e-09	-1.250175e+01	-2.153252e+02
7.200000e-07	-1.589061e-06	-3.212597e-09	-1.142315e+01	-2.127863e+02
7.300000e-07	-1.438387e-06	-3.169541e-09	-1.034002e+01	-2.096440e+02
7.400000e-07	-1.287123e-06	-3.127492e-09	-9.252639e+00	-2.060795e+02
7.500000e-07	-1.135392e-06	-3.082058e-09	-8.161898e+00	-2.024382e+02
7.600000e-07	-9.833091e-07	-3.030236e-09	-7.068634e+00	-1.990301e+02
7.700000e-07	-8.309243e-07	-2.975970e-09	-5.973198e+00	-1.959242e+02
7.800000e-07	-6.782796e-07	-2.918735e-09	-4.875893e+00	-1.928537e+02
7.900000e-07	-5.254316e-07	-2.853379e-09	-3.777127e+00	-1.892963e+02
8.000000e-07	-3.724271e-07	-2.778990e-09	-2.677237e+00	-1.847068e+02
8.100000e-07	-2.193200e-07	-2.696290e-09	-1.576608e+00	-1.787849e+02
8.200000e-07	-6.606856e-08	-2.602728e-09	-4.749416e-01	-1.716276e+02
8.300000e-07	8.730942e-08	-2.495125e-09	6.276341e-01	-1.636541e+02
8.400000e-07	2.406107e-07	-2.368058e-09	1.729658e+00	-1.552995e+02
8.500000e-07	3.937678e-07	-2.219422e-09	2.830646e+00	-1.465984e+02
8.600000e-07	5.468597e-07	-2.049066e-09	3.931166e+00	-1.368611e+02
8.700000e-07	6.998593e-07	-1.843962e-09	5.031021e+00	-1.246363e+02
8.800000e-07	8.526503e-07	-1.587749e-09	6.129378e+00	-1.080493e+02
8.900000e-07	1.005154e-06	-1.265228e-09	7.225667e+00	-8.544133e+01
9.000000e-07	1.157381e-06	-8.581505e-10	8.319972e+00	-5.608603e+01
9.100000e-07	1.309243e-06	-3.410872e-10	9.411649e+00	-2.069766e+01
9.200000e-07	1.460689e-06	2.846881e-10	1.050033e+01	1.850088e+01
9.300000e-07	1.611676e-06	9.484864e-10	1.158573e+01	5.822090e+01
9.400000e-07	1.761975e-06	1.537524e-09	1.266616e+01	9.493345e+01
9.500000e-07	1.911454e-06	1.980493e-09	1.374071e+01	1.257947e+02
9.600000e-07	2.060199e-06	2.286262e-09	1.480999e+01	1.493457e+02
9.700000e-07	2.208222e-06	2.500192e-09	1.587407e+01	1.657474e+02
9.800000e-07	2.355455e-06	2.664189e-09	1.693247e+01	1.764958e+02
9.900000e-07	2.501792e-06	2.802088e-09	1.798443e+01	1.837567e+02
1.000000e-06	2.647162e-06	2.918744e-09	1.902944e+01	1.895940e+02
1.010000e-06	2.791635e-06	3.018752e-09	2.006800e+01	1.953792e+02
1.020000e-06	2.935117e-06	3.107255e-09	2.109943e+01	2.015698e+02
1.030000e-06	3.077385e-06	3.187022e-09	2.212215e+01	2.078745e+02
1.040000e-06	3.218357e-06	3.257773e-09	2.313554e+01	2.136693e+02
1.050000e-06	3.358045e-06	3.321773e-09	2.413971e+01	2.184440e+02
1.060000e-06	3.496461e-06	3.379536e-09	2.513472e+01	2.220839e+02
1.070000e-06	3.633565e-06	3.429771e-09	2.612031e+01	2.248922e+02
1.080000e-06	3.769300e-06	3.476497e-09	2.709606e+01	2.273916e+02
1.090000e-06	3.903633e-06	3.522406e-09	2.806173e+01	2.300409e+02
1.100000e-06	4.036514e-06	3.564312e-09	2.901696e+01	2.330203e+02
1.110000e-06	4.167941e-06	3.601218e-09	2.996174e+01	2.361849e+02
1.120000e-06	4.297876e-06	3.636084e-09	3.089579e+01	2.391906e+02
1.130000e-06	4.426394e-06	3.669309e-09	3.181966e+01	2.417077e+02
1.140000e-06	4.553444e-06	3.698038e-09	3.273297e+01	2.436040e+02
1.150000e-06	4.678870e-06	3.723726e-09	3.363461e+01	2.450048e+02
1.160000e-06	4.802695e-06	3.749790e-09	3.452474e+01	2.462123e+02
1.170000e-06	4.924895e-06	3.773234e-09	3.540319e+01	2.475373e+02
1.180000e-06	5.045359e-06	3.796059e-09	3.626916e+01	2.491393e+02
1.190000e-06	5.163905e-06	3.817529e-09	3.712135e+01	2.509581e+02
1.200000e-06	5.280516e-06	3.836717e-09	3.795962e+01	2.527657e+02
1.210000e-06	5.395168e-06	3.853594e-09	3.878381e+01	2.543027e+02
1.220000e-06	5.507720e-06	3.868652e-09	3.959290e+01	2.554214e+02
1.230000e-06	5.618205e-06	3.883393e-09	4.038713e+01	2.561604e+02
1.240000e-06	5.726710e-06	3.896564e-09	4.116713e+01	2.567160e+02
1.250000e-06	5.833166e-06	3.908986e-09	4.193240e+01	2.573321e+02
1.260000e-06	5.937476e-06	3.921361e-09	4.268225e+01	2.581716e+02
1.270000e-06	6.039599e-06	3.932549e-09	4.341637e+01	2.592389e+02
1.280000e-06	6.139466e-06	3.942810e-09	4.413428e+01	2.603908e+02
1.290000e-06	6.237052e-06	3.954250e-09	4.483578e+01	2.614244e+02
1.300000e-06	6.332335e-06	3.966730e-09	4.552074e+01	2.621912e+02
1.310000e-06	6.425322e-06	3.976546e-09	4.618919e+01	2.626743e+02
1.320000e-06	6.516002e-06	3.985956e-09	4.684105e+01	2.629904e+02
1.330000e-06	6.604319e-06	3.998020e-09	4.747593e+01	2.633184e+02
1.340000e-06	6.690306e-06	4.007899e-09	4.809405e+01	2.637993e+02
1.350000e-06	6.773960e-06	4.015378e-09	4.869541e+01	2.644612e+02
1.360000e-06	6.855190e-06	4.022766e-09	4.927935e+01	2.652099e+02
1.370000e-06	6.933870e-06	4.031223e-09	4.984495e+01	2.658871e+02
1.380000e-06	7.009973e-06	4.039202e-09	5.039202e+01	2.663625e+02
1.390000e-06	7.083451e-06	4.043250e-09	5.092023e+01	2.666057e+02
1.400000e-06	7.154337e-06	4.046806e-09	5.142980e+01	2.667019e+02
1.410000e-06	7.222734e-06	4.052516e-09	5.192148e+01	2.668027e+02
1.420000e-06	7.288559e-06	4.058830e-09	5.239467e+01	2.670415e+02
1.430000e-06	7.351800e-06	4.066948e-09	5.284928e+01	2.674611e+02
1.440000e-06	7.412537e-06	4.075021e-09	5.328590e+01	2.679931e+02
1.450000e-06	7.470721e-06	4.079628e-09	5.370417e+01	2.684987e+02
1.460000e-06	7.526235e-06	4.080637e-09	5.410323e+01	2.688475e+02
1.470000e-06	7.578876e-06	4.082136e-09	5.448165e+01	2.689906e+02
1.480000e-06	7.628422e-06	4.087164e-09	5.483781e+01	2.689866e+02
1.490000e-06	7.675013e-06	4.092687e-09	5.517274e+01	2.689683e+02
1.500000e-06	7.718931e-06	4.097781e-09	5.548845e+01	2.690680e+02
1.510000e-06	7.760077e-06	4.102364e-09	5.578424e+01	2.693444e+02
1.520000e-06	7.798385e-06	4.106635e-09	5.605962e+01	2.697497e+02
1.530000e-06	7.833993e-06	4.112328e-09	5.631559e+01	2.701556e+02
1.540000e-06	7.866843e-06	4.117866e-09	5.655173e+01	2.704233e+02
1.550000e-06	7.896950e-06	4.120190e-09	5.676816e+01	2.704785e+02
1.560000e-06	7.924290e-06	4.120663e-09	5.696470e+01	2.703514e+02
1.570000e-06	7.948660e-06	4.120269e-09	5.713988e+01	2.701590e+02
1.580000e-06	7.970186e-06	4.121023e-09	5.729463e+01	2.700422e+02
1.590000e-06	7.988932e-06	4.122663e-09	5.742938e+01	2.700902e+02
1.600000e-06	8.004710e-06	4.123473e-09	5.754281e+01	2.702947e+02
1.610000e-06	8.017423e-06	4.124345e-09	5.763420e+01	2.705572e+02
1.620000e-06	8.026962e-06	4.124203e-09	5.770276e+01	2.707452e+02
1.630000e-06	8.033534e-06	4.126195e-09	5.775001e+01	2.707645e+02
1.640000e-06	8.037383e-06	4.129538e-09	5.777768e+01	2.706082e+02
1.650000e-06	8.038368e-06	4.130122e-09	5.778476e+01	2.703567e+02
1.660000e-06	8.036540e-06	4.125471e-09	5.777162e+01	2.701287e+02
1.670000e-06	8.032058e-06	4.124759e-09	5.773940e+01	2.700126e+02
1.680000e-06	8.024846e-06	4.126026e-09	5.768755e+01	2.700168e+02
1.690000e-06	8.014973e-06	4.123526e-09	5.761658e+01	2.700672e+02
1.700000e-06	8.002303e-06	4.120624e-09	5.752551e+01	2.700525e+02
1.710000e-06	7.986779e-06	4.121741e-09	5.741391e+01	2.698925e+02
1.720000e-06	7.968826e-06	4.125142e-09	5.728485e+01	2.695890e+02
1.730000e-06	7.948600e-06	4.112279e-09	5.713945e+01	2.692295e+02
1.740000e-06	7.925644e-06	4.063792e-09	5.697443e+01	2.689413e+02
1.750000e-06	7.899281e-06	4.092635e-09	5.678491e+01	2.688185e+02
1.760000e-06	7.869213e-06	4.116680e-09	5.656877e+01	2.688644e+02
1.770000e-06	7.836016e-06	4.098306e-09	5.633013e+01	2.689815e+02
1.780000e-06	7.800533e-06	4.094489e-09	5.607506e+01	2.690179e+02
1.790000e-06	7.762723e-06	4.129658e-09	5.580326e+01	2.688464e+02
1.800000e-06	7.722677e-06	4.107842e-09	5.551538e+01	2.684349e+02
1.810000e-06	7.680625e-06	4.054889e-09	5.521309e+01	2.678685e+02
1.820000e-06	7.635936e-06	4.120277e-09	5.489183e+01	2.673104e+02
1.830000e-06	7.588440e-06	4.057811e-09	5.455040e+01	2.669197e+02
1.840000e-06	7.538208e-06	4.068905e-09	5.418930e+01	2.667689e+02
1.850000e-06	7.484898e-06	4.072961e-09	5.380608e+01	2.668044e+02
1.860000e-06	7.428768e-06	4.032521e-09	5.340258e+01	2.668724e+02
1.870000e-06	7.370004e-06	4.105563e-09	5.298015e+01	2.667962e+02
1.880000e-06	7.308584e-06	4.055930e-09	5.253862e+01	2.664665e+02
1.890000e-06	7.244424e-06	4.073740e-09	5.207740e+01	2.658957e+02
1.900000e-06	7.177421e-06	4.049846e-09	5.159574e+01	2.652094e+02
1.910000e-06	7.107682e-06	4.019704e-09	5.109442e+01	2.645789e+02
1.920000e-06	7.035105e-06	4.046439e-09	5.057268e+01	2.641313e+02
1.930000e-06	6.959797e-06	4.011936e-09	5.003132e+01	2.638842e+02
1.940000e-06	6.881723e-06	4.058875e-09	4.947008e+01	2.637400e+02
1.950000e-06	6.800970e-06	4.016439e-09	4.888958e+01	2.635413e+02
1.960000e-06	6.717795e-06	4.002418e-09	4.829167e+01	2.631570e+02
1.970000e-06	6.632045e-06	3.993603e-09	4.767524e+01	2.625519e+02
1.980000e-06	6.543786e-06	3.975304e-09	4.704078e+01	2.618027e+02
1.990000e-06	6.453231e-06	3.997687e-09	4.638982e+01	2.610520e+02
2.000000e-06	6.360458e-06	3.975265e-09	4.572291e+01	2.604266e+02
2.010000e-06	6.265391e-06	3.995189e-09	4.503950e+01	2.599659e+02
2.020000e-06	6.168062e-06	3.961928e-09	4.433985e+01	2.595995e+02
2.030000e-06	6.068565e-06	3.935693e-09	4.362460e+01	2.591883e+02
2.040000e-06	5.966854e-06	3.924806e-09	4.289344e+01	2.586042e+02
2.050000e-06	5.862997e-06	3.931756e-09	4.214685e+01	2.578054e+02
2.060000e-06	5.757173e-06	3.918365e-09	4.138612e+01	2.568629e+02
2.070000e-06	5.649403e-06	3.901002e-09	4.061140e+01	2.559232e+02
2.080000e-06	5.539585e-06	3.914059e-09	3.982197e+01	2.551246e+02
2.090000e-06	5.427746e-06	3.902341e-09	3.901799e+01	2.545157e+02
2.100000e-06	5.313849e-06	3.875035e-09	3.819923e+01	2.540207e+02
2.110000e-06	5.197903e-06	3.852953e-09	3.736574e+01	2.534744e+02
2.120000e-06	5.079982e-06	3.852591e-09	3.651805e+01	2.527102e+02
2.130000e-06	4.960161e-06	3.824751e-09	3.565670e+01	2.516535e+02
2.140000e-06	4.838585e-06	3.811255e-09	3.478274e+01	2.503698e+02
2.150000e-06	4.715240e-06	3.817453e-09	3.389606e+01	2.490356e+02
2.160000e-06	4.590158e-06	3.815798e-09	3.299689e+01	2.478477e+02
2.170000e-06	4.463416e-06	3.779196e-09	3.208580e+01	2.469145e+02
2.180000e-06	4.335001e-06	3.751896e-09	3.116267e+01	2.461915e+02
2.190000e-06	4.205046e-06	3.745870e-09	3.022847e+01	2.454961e+02
2.200000e-06	4.073560e-06	3.732582e-09	2.928327e+01	2.445986e+02
2.210000e-06	3.940477e-06	3.713380e-09	2.832659e+01	2.433429e+02
2.220000e-06	3.805926e-06	3.699257e-09	2.735935e+01	2.417309e+02
2.230000e-06	3.669934e-06	3.682050e-09	2.638175e+01	2.399256e+02
2.240000e-06	3.532502e-06	3.646355e-09	2.539381e+01	2.381655e+02
2.250000e-06	3.393643e-06	3.622988e-09	2.439561e+01	2.366362e+02
2.260000e-06	3.253508e-06	3.611986e-09	2.338823e+01	2.353662e+02
2.270000e-06	3.112209e-06	3.594140e-09	2.237248e+01	2.342063e+02
2.280000e-06	2.969642e-06	3.562500e-09	2.134762e+01	2.329057e+02
2.290000e-06	2.825935e-06	3.536580e-09	2.031457e+01	2.312481e+02
2.300000e-06	2.681217e-06	3.509894e-09	1.927425e+01	2.291728e+02
2.310000e-06	2.535545e-06	3.476057e-09	1.822706e+01	2.268131e+02
2.320000e-06	2.389031e-06	3.444080e-09	1.717383e+01	2.244269e+02
2.330000e-06	2.241681e-06	3.414583e-09	1.611459e+01	2.222517e+02
2.340000e-06	2.093497e-06	3.379056e-09	1.504935e+01	2.203623e+02
2.350000e-06	1.944658e-06	3.341930e-09	1.397941e+01	2.186117e+02
2.360000e-06	1.795249e-06	3.310144e-09	1.290536e+01	2.166941e+02
2.370000e-06	1.645275e-06	3.275242e-09	1.182725e+01	2.143035e+02
2.380000e-06	1.494760e-06	3.230170e-09	1.074526e+01	2.113038e+02
2.390000e-06	1.343709e-06	3.182167e-09	9.659412e+00	2.078152e+02
2.400000e-06	1.192204e-06	3.136997e-09	8.570298e+00	2.041579e+02
2.410000e-06	1.040372e-06	3.089420e-09	7.478836e+00	2.006719e+02
2.420000e-06	8.882597e-07	3.036834e-09	6.385360e+00	1.975015e+02
2.430000e-06	7.358587e-07	2.978697e-09	5.289808e+00	1.944634e+02
2.440000e-06	5.832230e-07	2.912993e-09	4.192568e+00	1.910819e+02
2.450000e-06	4.304165e-07	2.839067e-09	3.094100e+00	1.867913e+02
2.460000e-06	2.774769e-07	2.761070e-09	1.994675e+00	1.812089e+02
2.470000e-06	1.243918e-07	2.676087e-09	8.942053e-01	1.743292e+02
2.480000e-06	-2.881856e-08	2.577500e-09	-2.071656e-01	1.665118e+02
2.490000e-06	-1.820869e-07	2.460179e-09	-1.308953e+00	1.582257e+02
2.500000e-06	-3.352738e-07	2.320515e-09	-2.410155e+00	1.496435e+02
2.510000e-06	-4.883351e-07	2.156333e-09	-3.510455e+00	1.402736e+02
2.520000e-06	-6.412551e-07	1.960656e-09	-4.609738e+00	1.288382e+02
2.530000e-06	-7.939511e-07	1.720574e-09	-5.707412e+00	1.135175e+02
2.540000e-06	-9.463815e-07	1.417854e-09	-6.803175e+00	9.252978e+01
2.550000e-06	-1.098512e-06	1.036058e-09	-7.896785e+00	6.485491e+01
2.560000e-06	-1.250322e-06	5.540540e-10	-8.988090e+00	3.082074e+01
2.570000e-06	-1.401759e-06	-4.226536e-11	-1.007671e+01	-7.704738e+00
2.580000e-06	-1.552728e-06	-7.081243e-10	-1.116197e+01	-4.763290e+01
2.590000e-06	-1.703096e-06	-1.334811e-09	-1.224291e+01	-8.540628e+01
2.600000e-06	-1.852785e-06	-1.828152e-09	-1.331896e+01	-1.179302e+02
2.610000e-06	-2.001810e-06	-2.177761e-09	-1.439025e+01	-1.433567e+02
2.620000e-06	-2.150119e-06	-2.423477e-09	-1.545639e+01	-1.614491e+02
2.630000e-06	-2.297604e-06	-2.602309e-09	-1.651660e+01	-1.734214e+02
2.640000e-06	-2.444135e-06	-2.744055e-09	-1.756996e+01	-1.813452e+02
2.650000e-06	-2.589675e-06	-2.864691e-09	-1.861619e+01	-1.873765e+02
2.660000e-06	-2.734233e-06	-2.968122e-09	-1.965536e+01	-1.930971e+02
2.670000e-06	-2.877742e-06	-3.059024e-09	-2.068699e+01	-1.991912e+02
2.680000e-06	-3.020108e-06	-3.140482e-09	-2.171040e+01	-2.055219e+02
2.690000e-06	-3.161273e-06	-3.214374e-09	-2.272519e+01	-2.115038e+02
2.700000e-06	-3.301219e-06	-3.283688e-09	-2.373120e+01	-2.165630e+02
2.710000e-06	-3.439886e-06	-3.348028e-09	-2.472803e+01	-2.204734e+02
2.720000e-06	-3.577239e-06	-3.407326e-09	-2.571540e+01	-2.234452e+02
2.730000e-06	-3.713248e-06	-3.461005e-09	-2.669312e+01	-2.259724e+02
2.740000e-06	-3.847873e-06	-3.509979e-09	-2.766089e+01	-2.285550e+02
2.750000e-06	-3.981138e-06	-3.556959e-09	-2.861888e+01	-2.314547e+02
2.760000e-06	-4.113055e-06	-3.597770e-09	-2.956718e+01	-2.346017e+02
2.770000e-06	-4.243528e-06	-3.633460e-09	-3.050510e+01	-2.376831e+02
2.780000e-06	-4.372513e-06	-3.668710e-09	-3.143233e+01	-2.403455e+02
2.790000e-06	-4.499990e-06	-3.703344e-09	-3.234871e+01	-2.423957e+02
2.800000e-06	-4.625882e-06	-3.733345e-09	-3.325370e+01	-2.438973e+02
2.810000e-06	-4.750210e-06	-3.760684e-09	-3.414745e+01	-2.451220e+02
2.820000e-06	-4.872894e-06	-3.788915e-09	-3.502937e+01	-2.463955e+02
2.830000e-06	-4.993751e-06	-3.813531e-09	-3.589817e+01	-2.479261e+02
2.840000e-06	-5.112742e-06	-3.835608e-09	-3.675355e+01	-2.497083e+02
2.850000e-06	-5.229804e-06	-3.856752e-09	-3.759506e+01	-2.515453e+02
2.860000e-06	-5.344761e-06	-3.877847e-09	-3.842145e+01	-2.531710e+02
2.870000e-06	-5.457525e-06	-3.898029e-09	-3.923206e+01	-2.543991e+02
2.880000e-06	-5.568144e-06	-3.915221e-09	-4.002727e+01	-2.552202e+02
2.890000e-06	-5.676756e-06	-3.934001e-09	-4.080804e+01	-2.557992e+02
2.900000e-06	-5.783443e-06	-3.950442e-09	-4.157497e+01	-2.563806e+02
2.910000e-06	-5.888063e-06	-3.963952e-09	-4.232704e+01	-2.571579e+02
2.920000e-06	-5.990459e-06	-3.975947e-09	-4.306313e+01	-2.581778e+02
2.930000e-06	-6.090631e-06	-3.985827e-09	-4.378322e+01	-2.593280e+02
2.940000e-06	-6.188567e-06	-3.997462e-09	-4.448725e+01	-2.604099e+02
2.950000e-06	-6.284291e-06	-4.009348e-09	-4.517537e+01	-2.612516e+02
2.960000e-06	-6.377799e-06	-4.021552e-09	-4.584756e+01	-2.618000e+02
2.970000e-06	-6.468975e-06	-4.030807e-09	-4.650299e+01	-2.621426e+02
2.980000e-06	-6.557770e-06	-4.038418e-09	-4.714131e+01	-2.624521e+02
2.990000e-06	-6.644203e-06	-4.047396e-09	-4.776264e+01	-2.628878e+02
3.000000e-06	-6.728251e-06	-4.053705e-09	-4.836683e+01	-2.635099e+02
3.010000e-06	-6.809910e-06	-4.057282e-09	-4.895384e+01	-2.642515e+02
3.020000e-06	-6.889120e-06	-4.061804e-09	-4.952325e+01	-2.649624e+02
3.030000e-06	-6.965673e-06	-4.070214e-09	-5.007357e+01	-2.654966e+02
3.040000e-06	-7.039551e-06	-4.079260e-09	-5.060465e+01	-2.657947e+02
3.050000e-06	-7.110866e-06	-4.084991e-09	-5.111730e+01	-2.659155e+02
3.060000e-06	-7.179605e-06	-4.088657e-09	-5.161144e+01	-2.660013e+02
3.070000e-06	-7.245781e-06	-4.091175e-09	-5.208715e+01	-2.661980e+02
3.080000e-06	-7.309455e-06	-4.094266e-09	-5.254488e+01	-2.665756e+02
3.090000e-06	-7.370534e-06	-4.098761e-09	-5.298396e+01	-2.670918e+02
3.100000e-06	-7.428929e-06	-4.103842e-09	-5.340373e+01	-2.676188e+02
3.110000e-06	-7.484665e-06	-4.108960e-09	-5.380440e+01	-2.680163e+02
3.120000e-06	-7.537602e-06	-4.112320e-09	-5.418495e+01	-2.682103e+02
3.130000e-06	-7.587521e-06	-4.114035e-09	-5.454380e+01	-2.682333e+02
3.140000e-06	-7.634433e-06	-4.114702e-09	-5.488103e+01	-2.682055e+02
3.150000e-06	-7.678689e-06	-4.116681e-09	-5.519917e+01	-2.682672e+02
3.160000e-06	-7.720488e-06	-4.120899e-09	-5.549965e+01	-2.685005e+02
3.170000e-06	-7.759567e-06	-4.123828e-09	-5.578057e+01	-2.688842e+02
3.180000e-06	-7.795871e-06	-4.124302e-09	-5.604154e+01	-2.693048e+02
3.190000e-06	-7.829517e-06	-4.123698e-09	-5.628341e+01	-2.696185e+02
3.200000e-06	-7.860272e-06	-4.124672e-09	-5.650449e+01	-2.697291e+02
3.210000e-06	-7.888039e-06	-4.124288e-09	-5.670410e+01	-2.696399e+02
3.220000e-06	-7.913003e-06	-4.121858e-09	-5.688356e+01	-2.694511e+02
3.230000e-06	-7.935135e-06	-4.121891e-09	-5.704266e+01	-2.693047e+02
3.240000e-06	-7.954405e-06	-4.123423e-09	-5.718118e+01	-2.693090e+02
3.250000e-06	-7.970832e-06	-4.123508e-09	-5.729927e+01	-2.694815e+02
3.260000e-06	-7.984153e-06	-4.123504e-09	-5.739503e+01	-2.697427e+02
3.270000e-06	-7.994361e-06	-4.124565e-09	-5.746841e+01	-2.699617e+02
3.280000e-06	-8.001654e-06	-4.124447e-09	-5.752084e+01	-2.700284e+02
3.290000e-06	-8.006069e-06	-4.122321e-09	-5.755257e+01	-2.699122e+02
3.300000e-06	-8.007723e-06	-4.117649e-09	-5.756446e+01	-2.696745e+02
