# Temperatura_=_20.0
# Concentracion g/m^3_=_6600.0
# C_Vs_to_Am_M_A/Vsm_=_65563218390.804596
# pendiente_HvsI_1/m_=_3716.3
# ordenada_HvsI_A/m_=_1297.0
# frecuencia_Hz_=_302610.3629524458

Tiempo_(s)	Campo_(V.s)	Magnetizacion_(V.s)	Campo_(kA/m)	Magnetizacion_(A/m)
0.000000e+00	-7.985018e-06	-4.426068e-09	-5.756003e+01	-2.897513e+02
1.000000e-08	-7.982403e-06	-4.429538e-09	-5.754118e+01	-2.895523e+02
2.000000e-08	-7.977045e-06	-4.424335e-09	-5.750255e+01	-2.894042e+02
3.000000e-08	-7.969091e-06	-4.419914e-09	-5.744521e+01	-2.893313e+02
4.000000e-08	-7.958410e-06	-4.416594e-09	-5.736822e+01	-2.893028e+02
5.000000e-08	-7.944858e-06	-4.412360e-09	-5.727053e+01	-2.892564e+02
6.000000e-08	-7.928415e-06	-4.406247e-09	-5.715200e+01	-2.891403e+02
7.000000e-08	-7.909404e-06	-4.396454e-09	-5.701496e+01	-2.889478e+02
8.000000e-08	-7.888104e-06	-4.395396e-09	-5.686142e+01	-2.887237e+02
9.000000e-08	-7.864120e-06	-4.454840e-09	-5.668853e+01	-2.885387e+02
1.000000e-07	-7.836971e-06	-4.440513e-09	-5.649283e+01	-2.884441e+02
1.100000e-07	-7.806737e-06	-4.389786e-09	-5.627489e+01	-2.884356e+02
1.200000e-07	-7.773691e-06	-4.392574e-09	-5.603667e+01	-2.884467e+02
1.300000e-07	-7.737885e-06	-4.398601e-09	-5.577856e+01	-2.883785e+02
1.400000e-07	-7.699585e-06	-4.384169e-09	-5.550248e+01	-2.881523e+02
1.500000e-07	-7.659079e-06	-4.341929e-09	-5.521049e+01	-2.877547e+02
1.600000e-07	-7.616177e-06	-4.396341e-09	-5.490123e+01	-2.872511e+02
1.700000e-07	-7.570610e-06	-4.403767e-09	-5.457276e+01	-2.867560e+02
1.800000e-07	-7.522350e-06	-4.351182e-09	-5.422488e+01	-2.863747e+02
1.900000e-07	-7.471233e-06	-4.428384e-09	-5.385640e+01	-2.861460e+02
2.000000e-07	-7.417147e-06	-4.368957e-09	-5.346652e+01	-2.860172e+02
2.100000e-07	-7.360326e-06	-4.322430e-09	-5.305693e+01	-2.858667e+02
2.200000e-07	-7.300880e-06	-4.344520e-09	-5.262841e+01	-2.855648e+02
2.300000e-07	-7.238788e-06	-4.303082e-09	-5.218082e+01	-2.850422e+02
2.400000e-07	-7.173983e-06	-4.336594e-09	-5.171368e+01	-2.843299e+02
2.500000e-07	-7.106420e-06	-4.325237e-09	-5.122665e+01	-2.835491e+02
2.600000e-07	-7.036199e-06	-4.333540e-09	-5.072046e+01	-2.828537e+02
2.700000e-07	-6.963192e-06	-4.296512e-09	-5.019419e+01	-2.823546e+02
2.800000e-07	-6.887355e-06	-4.290834e-09	-4.964752e+01	-2.820631e+02
2.900000e-07	-6.808842e-06	-4.303042e-09	-4.908155e+01	-2.818836e+02
3.000000e-07	-6.727663e-06	-4.292777e-09	-4.849638e+01	-2.816593e+02
3.100000e-07	-6.644046e-06	-4.317372e-09	-4.789362e+01	-2.812482e+02
3.200000e-07	-6.558149e-06	-4.277500e-09	-4.727443e+01	-2.805910e+02
3.300000e-07	-6.469895e-06	-4.260649e-09	-4.663826e+01	-2.797359e+02
3.400000e-07	-6.379228e-06	-4.251268e-09	-4.598469e+01	-2.788100e+02
3.500000e-07	-6.286222e-06	-4.244320e-09	-4.531425e+01	-2.779519e+02
3.600000e-07	-6.190958e-06	-4.226944e-09	-4.462754e+01	-2.772418e+02
3.700000e-07	-6.093389e-06	-4.209510e-09	-4.392421e+01	-2.766659e+02
3.800000e-07	-5.993576e-06	-4.215353e-09	-4.320471e+01	-2.761313e+02
3.900000e-07	-5.891664e-06	-4.205561e-09	-4.247008e+01	-2.755215e+02
4.000000e-07	-5.787677e-06	-4.184005e-09	-4.172049e+01	-2.747624e+02
4.100000e-07	-5.681617e-06	-4.160915e-09	-4.095595e+01	-2.738605e+02
4.200000e-07	-5.573589e-06	-4.166375e-09	-4.017723e+01	-2.728938e+02
4.300000e-07	-5.463597e-06	-4.147472e-09	-3.938436e+01	-2.719624e+02
4.400000e-07	-5.351595e-06	-4.122063e-09	-3.857699e+01	-2.711254e+02
4.500000e-07	-5.237562e-06	-4.122883e-09	-3.775498e+01	-2.703628e+02
4.600000e-07	-5.121450e-06	-4.126847e-09	-3.691799e+01	-2.695822e+02
4.700000e-07	-5.003427e-06	-4.092963e-09	-3.606722e+01	-2.686701e+02
4.800000e-07	-4.883658e-06	-4.058312e-09	-3.520386e+01	-2.675564e+02
4.900000e-07	-4.762067e-06	-4.056067e-09	-3.432738e+01	-2.662581e+02
5.000000e-07	-4.638720e-06	-4.042089e-09	-3.343822e+01	-2.648741e+02
5.100000e-07	-4.513684e-06	-4.011582e-09	-3.253691e+01	-2.635332e+02
5.200000e-07	-4.387066e-06	-3.994213e-09	-3.162418e+01	-2.623223e+02
5.300000e-07	-4.258844e-06	-3.992315e-09	-3.069989e+01	-2.612350e+02
5.400000e-07	-4.128965e-06	-3.963590e-09	-2.976365e+01	-2.601695e+02
5.500000e-07	-3.997557e-06	-3.931401e-09	-2.881640e+01	-2.589805e+02
5.600000e-07	-3.864594e-06	-3.917370e-09	-2.785794e+01	-2.575569e+02
5.700000e-07	-3.730138e-06	-3.901995e-09	-2.688871e+01	-2.558842e+02
5.800000e-07	-3.594335e-06	-3.868163e-09	-2.590977e+01	-2.540535e+02
5.900000e-07	-3.457144e-06	-3.837373e-09	-2.492083e+01	-2.522130e+02
6.000000e-07	-3.318582e-06	-3.815430e-09	-2.392201e+01	-2.504834e+02
6.100000e-07	-3.178670e-06	-3.779404e-09	-2.291345e+01	-2.488860e+02
6.200000e-07	-3.037409e-06	-3.741517e-09	-2.189517e+01	-2.473237e+02
6.300000e-07	-2.894855e-06	-3.718828e-09	-2.086757e+01	-2.456288e+02
6.400000e-07	-2.751145e-06	-3.699997e-09	-1.983164e+01	-2.436544e+02
6.500000e-07	-2.606491e-06	-3.663941e-09	-1.878889e+01	-2.413594e+02
6.600000e-07	-2.460906e-06	-3.629076e-09	-1.773945e+01	-2.388380e+02
6.700000e-07	-2.314392e-06	-3.598866e-09	-1.668330e+01	-2.362729e+02
6.800000e-07	-2.167102e-06	-3.564267e-09	-1.562156e+01	-2.338317e+02
6.900000e-07	-2.019156e-06	-3.525167e-09	-1.455509e+01	-2.315633e+02
7.000000e-07	-1.870615e-06	-3.487220e-09	-1.348433e+01	-2.293511e+02
7.100000e-07	-1.721446e-06	-3.446079e-09	-1.240905e+01	-2.269569e+02
7.200000e-07	-1.571654e-06	-3.393164e-09	-1.132927e+01	-2.241380e+02
7.300000e-07	-1.421372e-06	-3.341558e-09	-1.024596e+01	-2.207774e+02
7.400000e-07	-1.270606e-06	-3.291073e-09	-9.159164e+00	-2.169559e+02
7.500000e-07	-1.119391e-06	-3.236584e-09	-8.069135e+00	-2.129157e+02
7.600000e-07	-9.678393e-07	-3.176881e-09	-6.976672e+00	-2.089263e+02
7.700000e-07	-8.159793e-07	-3.116870e-09	-5.881989e+00	-2.051143e+02
7.800000e-07	-6.638613e-07	-3.054439e-09	-4.785446e+00	-2.013486e+02
7.900000e-07	-5.114970e-07	-2.982928e-09	-3.687128e+00	-1.972517e+02
8.000000e-07	-3.589123e-07	-2.902234e-09	-2.587220e+00	-1.923437e+02
8.100000e-07	-2.062143e-07	-2.812260e-09	-1.486496e+00	-1.862555e+02
8.200000e-07	-5.342048e-08	-2.708749e-09	-3.850817e-01	-1.788960e+02
8.300000e-07	9.948877e-08	-2.587181e-09	7.171651e-01	-1.704689e+02
8.400000e-07	2.523817e-07	-2.449458e-09	1.819294e+00	-1.612991e+02
8.500000e-07	4.051861e-07	-2.295361e-09	2.920785e+00	-1.515253e+02
8.600000e-07	5.578814e-07	-2.120434e-09	4.021489e+00	-1.408004e+02
8.700000e-07	7.103770e-07	-1.911776e-09	5.120754e+00	-1.281619e+02
8.800000e-07	8.626751e-07	-1.658938e-09	6.218596e+00	-1.121845e+02
8.900000e-07	1.014724e-06	-1.352358e-09	7.314641e+00	-9.140966e+01
9.000000e-07	1.166447e-06	-9.753244e-10	8.408334e+00	-6.492020e+01
9.100000e-07	1.317793e-06	-5.085711e-10	9.499312e+00	-3.284294e+01
9.200000e-07	1.468693e-06	5.139145e-11	1.058708e+01	3.433155e+00
9.300000e-07	1.619098e-06	6.653086e-10	1.167127e+01	4.144237e+01
9.400000e-07	1.768907e-06	1.259467e-09	1.275117e+01	7.819813e+01
9.500000e-07	1.917979e-06	1.759061e-09	1.382576e+01	1.109408e+02
9.600000e-07	2.066295e-06	2.135691e-09	1.489489e+01	1.378204e+02
9.700000e-07	2.213877e-06	2.410103e-09	1.595874e+01	1.582806e+02
9.800000e-07	2.360680e-06	2.619091e-09	1.701697e+01	1.730258e+02
9.900000e-07	2.506621e-06	2.791113e-09	1.806898e+01	1.836109e+02
1.000000e-06	2.651616e-06	2.935739e-09	1.911418e+01	1.918309e+02
1.010000e-06	2.795592e-06	3.061920e-09	2.015203e+01	1.991470e+02
1.020000e-06	2.938503e-06	3.174567e-09	2.118221e+01	2.063453e+02
1.030000e-06	3.080224e-06	3.275887e-09	2.220380e+01	2.135147e+02
1.040000e-06	3.220667e-06	3.365831e-09	2.321619e+01	2.202920e+02
1.050000e-06	3.359880e-06	3.446335e-09	2.421971e+01	2.262252e+02
1.060000e-06	3.497811e-06	3.518115e-09	2.521398e+01	2.310804e+02
1.070000e-06	3.634379e-06	3.581187e-09	2.619843e+01	2.349695e+02
1.080000e-06	3.769650e-06	3.638917e-09	2.717354e+01	2.382762e+02
1.090000e-06	3.903602e-06	3.692222e-09	2.813912e+01	2.414495e+02
1.100000e-06	4.036112e-06	3.741971e-09	2.909433e+01	2.447889e+02
1.110000e-06	4.167194e-06	3.790209e-09	3.003923e+01	2.483271e+02
1.120000e-06	4.296804e-06	3.836853e-09	3.097352e+01	2.518581e+02
1.130000e-06	4.424829e-06	3.877982e-09	3.189639e+01	2.550800e+02
1.140000e-06	4.551297e-06	3.912990e-09	3.280804e+01	2.577682e+02
1.150000e-06	4.676197e-06	3.946662e-09	3.370838e+01	2.598901e+02
1.160000e-06	4.799506e-06	3.978304e-09	3.459725e+01	2.616103e+02
1.170000e-06	4.921224e-06	4.003988e-09	3.547466e+01	2.631954e+02
1.180000e-06	5.041189e-06	4.029038e-09	3.633942e+01	2.648755e+02
1.190000e-06	5.159281e-06	4.055572e-09	3.719069e+01	2.667384e+02
1.200000e-06	5.275404e-06	4.080820e-09	3.802776e+01	2.687051e+02
1.210000e-06	5.389439e-06	4.102580e-09	3.884979e+01	2.705927e+02
1.220000e-06	5.501438e-06	4.123156e-09	3.965713e+01	2.722225e+02
1.230000e-06	5.611509e-06	4.143881e-09	4.045058e+01	2.735150e+02
1.240000e-06	5.719605e-06	4.161861e-09	4.122979e+01	2.745240e+02
1.250000e-06	5.825592e-06	4.178210e-09	4.199380e+01	2.753980e+02
1.260000e-06	5.929389e-06	4.194188e-09	4.274202e+01	2.762960e+02
1.270000e-06	6.031020e-06	4.207637e-09	4.347462e+01	2.773068e+02
1.280000e-06	6.130452e-06	4.218154e-09	4.419138e+01	2.784126e+02
1.290000e-06	6.227540e-06	4.229521e-09	4.489124e+01	2.795137e+02
1.300000e-06	6.322336e-06	4.243935e-09	4.557458e+01	2.804937e+02
1.310000e-06	6.414886e-06	4.257599e-09	4.624173e+01	2.812879e+02
1.320000e-06	6.505133e-06	4.270933e-09	4.689227e+01	2.819160e+02
1.330000e-06	6.593016e-06	4.285136e-09	4.752577e+01	2.824649e+02
1.340000e-06	6.678551e-06	4.298059e-09	4.814236e+01	2.830345e+02
1.350000e-06	6.761784e-06	4.307263e-09	4.874234e+01	2.836791e+02
1.360000e-06	6.842553e-06	4.314291e-09	4.932456e+01	2.843783e+02
1.370000e-06	6.920806e-06	4.321348e-09	4.988865e+01	2.850515e+02
1.380000e-06	6.996509e-06	4.327167e-09	5.043436e+01	2.856081e+02
1.390000e-06	7.069601e-06	4.332526e-09	5.096124e+01	2.860011e+02
1.400000e-06	7.140181e-06	4.339314e-09	5.147001e+01	2.862557e+02
1.410000e-06	7.208227e-06	4.347711e-09	5.196052e+01	2.864565e+02
1.420000e-06	7.273625e-06	4.355992e-09	5.243195e+01	2.867008e+02
1.430000e-06	7.336494e-06	4.363202e-09	5.288514e+01	2.870464e+02
1.440000e-06	7.396913e-06	4.367894e-09	5.332067e+01	2.874812e+02
1.450000e-06	7.454713e-06	4.370108e-09	5.373732e+01	2.879333e+02
1.460000e-06	7.509829e-06	4.372159e-09	5.413463e+01	2.883136e+02
1.470000e-06	7.562051e-06	4.375575e-09	5.451106e+01	2.885676e+02
1.480000e-06	7.611167e-06	4.380857e-09	5.486512e+01	2.887068e+02
1.490000e-06	7.657417e-06	4.387401e-09	5.519851e+01	2.888027e+02
1.500000e-06	7.701002e-06	4.394065e-09	5.551269e+01	2.889461e+02
1.510000e-06	7.741807e-06	4.399575e-09	5.580684e+01	2.891956e+02
1.520000e-06	7.779857e-06	4.403770e-09	5.608112e+01	2.895431e+02
1.530000e-06	7.815250e-06	4.407788e-09	5.633625e+01	2.899167e+02
1.540000e-06	7.847872e-06	4.411042e-09	5.657141e+01	2.902182e+02
1.550000e-06	7.877710e-06	4.412993e-09	5.678650e+01	2.903762e+02
1.560000e-06	7.904764e-06	4.415208e-09	5.698152e+01	2.903847e+02
1.570000e-06	7.928828e-06	4.417821e-09	5.715498e+01	2.903071e+02
1.580000e-06	7.950012e-06	4.419579e-09	5.730768e+01	2.902423e+02
1.590000e-06	7.968427e-06	4.420891e-09	5.744043e+01	2.902730e+02
1.600000e-06	7.983916e-06	4.423357e-09	5.755208e+01	2.904222e+02
1.610000e-06	7.996375e-06	4.426181e-09	5.764189e+01	2.906429e+02
1.620000e-06	8.005688e-06	4.426951e-09	5.770903e+01	2.908441e+02
1.630000e-06	8.012033e-06	4.427803e-09	5.775476e+01	2.909395e+02
1.640000e-06	8.015541e-06	4.429272e-09	5.778005e+01	2.908920e+02
1.650000e-06	8.016194e-06	4.430405e-09	5.778476e+01	2.907300e+02
1.660000e-06	8.014132e-06	4.422665e-09	5.776989e+01	2.905275e+02
1.670000e-06	8.009465e-06	4.422702e-09	5.773625e+01	2.903615e+02
1.680000e-06	8.002115e-06	4.424852e-09	5.768327e+01	2.902701e+02
1.690000e-06	7.992100e-06	4.423345e-09	5.761108e+01	2.902352e+02
1.700000e-06	7.979239e-06	4.423925e-09	5.751837e+01	2.901986e+02
1.710000e-06	7.963548e-06	4.429776e-09	5.740526e+01	2.901021e+02
1.720000e-06	7.945432e-06	4.441283e-09	5.727467e+01	2.899256e+02
1.730000e-06	7.924962e-06	4.411687e-09	5.712711e+01	2.897025e+02
1.740000e-06	7.901710e-06	4.352685e-09	5.695950e+01	2.895007e+02
1.750000e-06	7.875002e-06	4.402556e-09	5.676698e+01	2.893808e+02
1.760000e-06	7.844681e-06	4.422557e-09	5.654841e+01	2.893542e+02
1.770000e-06	7.811385e-06	4.398378e-09	5.630839e+01	2.893686e+02
1.780000e-06	7.775822e-06	4.415408e-09	5.605203e+01	2.893287e+02
1.790000e-06	7.737912e-06	4.485869e-09	5.577876e+01	2.891457e+02
1.800000e-06	7.697824e-06	4.387745e-09	5.548979e+01	2.887871e+02
1.810000e-06	7.655718e-06	4.353326e-09	5.518627e+01	2.882997e+02
1.820000e-06	7.610940e-06	4.438612e-09	5.486348e+01	2.877905e+02
1.830000e-06	7.563397e-06	4.304622e-09	5.452077e+01	2.873731e+02
1.840000e-06	7.513084e-06	4.405981e-09	5.415809e+01	2.871070e+02
1.850000e-06	7.459677e-06	4.379764e-09	5.377310e+01	2.869621e+02
1.860000e-06	7.403459e-06	4.361331e-09	5.336786e+01	2.868295e+02
1.870000e-06	7.344644e-06	4.441166e-09	5.294389e+01	2.865747e+02
1.880000e-06	7.283175e-06	4.328554e-09	5.250078e+01	2.861080e+02
1.890000e-06	7.218915e-06	4.382958e-09	5.203757e+01	2.854339e+02
1.900000e-06	7.151796e-06	4.326147e-09	5.155374e+01	2.846552e+02
1.910000e-06	7.081920e-06	4.335475e-09	5.105004e+01	2.839245e+02
1.920000e-06	7.009291e-06	4.348134e-09	5.052649e+01	2.833702e+02
1.930000e-06	6.934007e-06	4.312975e-09	4.998381e+01	2.830314e+02
1.940000e-06	6.855916e-06	4.362204e-09	4.942089e+01	2.828368e+02
1.950000e-06	6.775171e-06	4.261709e-09	4.883884e+01	2.826383e+02
1.960000e-06	6.692029e-06	4.285307e-09	4.823951e+01	2.822829e+02
1.970000e-06	6.606331e-06	4.277651e-09	4.762176e+01	2.816862e+02
1.980000e-06	6.518124e-06	4.279804e-09	4.698592e+01	2.808701e+02
1.990000e-06	6.427614e-06	4.296173e-09	4.633347e+01	2.799474e+02
2.000000e-06	6.334962e-06	4.267876e-09	4.566559e+01	2.790609e+02
2.010000e-06	6.240017e-06	4.278582e-09	4.498118e+01	2.783107e+02
2.020000e-06	6.142778e-06	4.213254e-09	4.428023e+01	2.777070e+02
2.030000e-06	6.043396e-06	4.203771e-09	4.356384e+01	2.771726e+02
2.040000e-06	5.941875e-06	4.210971e-09	4.283202e+01	2.765905e+02
2.050000e-06	5.838166e-06	4.232017e-09	4.208444e+01	2.758709e+02
2.060000e-06	5.732382e-06	4.198819e-09	4.132189e+01	2.749990e+02
2.070000e-06	5.624713e-06	4.180971e-09	4.054576e+01	2.740382e+02
2.080000e-06	5.515071e-06	4.188053e-09	3.975541e+01	2.730893e+02
2.090000e-06	5.403385e-06	4.159734e-09	3.895032e+01	2.722266e+02
2.100000e-06	5.289671e-06	4.129797e-09	3.813061e+01	2.714512e+02
2.110000e-06	5.173993e-06	4.124540e-09	3.729674e+01	2.706854e+02
2.120000e-06	5.056295e-06	4.131077e-09	3.644832e+01	2.698149e+02
2.130000e-06	4.936592e-06	4.089584e-09	3.558544e+01	2.687531e+02
2.140000e-06	4.815075e-06	4.074227e-09	3.470948e+01	2.674937e+02
2.150000e-06	4.691888e-06	4.077043e-09	3.382149e+01	2.661183e+02
2.160000e-06	4.567036e-06	4.065427e-09	3.292149e+01	2.647550e+02
2.170000e-06	4.440481e-06	4.018357e-09	3.200922e+01	2.635076e+02
2.180000e-06	4.312249e-06	4.002480e-09	3.108486e+01	2.623951e+02
2.190000e-06	4.182433e-06	3.997836e-09	3.014908e+01	2.613367e+02
2.200000e-06	4.051174e-06	3.972038e-09	2.920290e+01	2.601910e+02
2.210000e-06	3.918435e-06	3.940835e-09	2.824605e+01	2.588312e+02
2.220000e-06	3.784188e-06	3.927939e-09	2.727833e+01	2.572153e+02
2.230000e-06	3.648382e-06	3.912443e-09	2.629937e+01	2.554105e+02
2.240000e-06	3.511103e-06	3.875716e-09	2.530980e+01	2.535580e+02
2.250000e-06	3.372576e-06	3.858871e-09	2.431122e+01	2.517933e+02
2.260000e-06	3.232879e-06	3.848512e-09	2.330421e+01	2.501670e+02
2.270000e-06	3.091892e-06	3.820561e-09	2.228791e+01	2.486097e+02
2.280000e-06	2.949599e-06	3.775256e-09	2.126219e+01	2.469636e+02
2.290000e-06	2.806196e-06	3.745653e-09	2.022847e+01	2.450675e+02
2.300000e-06	2.661757e-06	3.716971e-09	1.918728e+01	2.428482e+02
2.310000e-06	2.516367e-06	3.679358e-09	1.813924e+01	2.403677e+02
2.320000e-06	2.370143e-06	3.645062e-09	1.708518e+01	2.377945e+02
2.330000e-06	2.223133e-06	3.613616e-09	1.602546e+01	2.353111e+02
2.340000e-06	2.075384e-06	3.572499e-09	1.496041e+01	2.330034e+02
2.350000e-06	1.927010e-06	3.528265e-09	1.389086e+01	2.307956e+02
2.360000e-06	1.777987e-06	3.491048e-09	1.281662e+01	2.284713e+02
2.370000e-06	1.628366e-06	3.452549e-09	1.173808e+01	2.257757e+02
2.380000e-06	1.478210e-06	3.404805e-09	1.065568e+01	2.225504e+02
2.390000e-06	1.327543e-06	3.353835e-09	9.569596e+00	2.188254e+02
2.400000e-06	1.176491e-06	3.303551e-09	8.480741e+00	2.148121e+02
2.410000e-06	1.025076e-06	3.247113e-09	7.389262e+00	2.107892e+02
2.420000e-06	8.733073e-07	3.186351e-09	6.295238e+00	2.069335e+02
2.430000e-06	7.212541e-07	3.122024e-09	5.199162e+00	2.031830e+02
2.440000e-06	5.690020e-07	3.050636e-09	4.101652e+00	1.992127e+02
2.450000e-06	4.165105e-07	2.970734e-09	3.002417e+00	1.945495e+02
2.460000e-06	2.638086e-07	2.885153e-09	1.901665e+00	1.887768e+02
2.470000e-06	1.109979e-07	2.790508e-09	8.001287e-01	1.817253e+02
2.480000e-06	-4.186971e-08	2.681994e-09	-3.018179e-01	1.735342e+02
2.490000e-06	-1.947257e-07	2.555795e-09	-1.403681e+00	1.645234e+02
2.500000e-06	-3.475120e-07	2.408562e-09	-2.505041e+00	1.549095e+02
2.510000e-06	-5.001679e-07	2.237407e-09	-3.605462e+00	1.444882e+02
2.520000e-06	-6.526736e-07	2.035806e-09	-4.704800e+00	1.324485e+02
2.530000e-06	-8.049641e-07	1.795140e-09	-5.802586e+00	1.174500e+02
2.540000e-06	-9.569915e-07	1.502871e-09	-6.898476e+00	9.799098e+01
2.550000e-06	-1.108745e-06	1.144992e-09	-7.992393e+00	7.296501e+01
2.560000e-06	-1.260105e-06	7.061650e-10	-9.083474e+00	4.220325e+01
2.570000e-06	-1.411037e-06	1.743844e-10	-1.017146e+01	6.780061e+00
2.580000e-06	-1.561527e-06	-4.289697e-10	-1.125627e+01	-3.106829e+01
2.590000e-06	-1.711439e-06	-1.039382e-09	-1.233691e+01	-6.841874e+01
2.600000e-06	-1.860669e-06	-1.576495e-09	-1.341264e+01	-1.023838e+02
2.610000e-06	-2.009174e-06	-1.995605e-09	-1.448313e+01	-1.308352e+02
2.620000e-06	-2.156890e-06	-2.305181e-09	-1.554795e+01	-1.528796e+02
2.630000e-06	-2.303818e-06	-2.536588e-09	-1.660708e+01	-1.689319e+02
2.640000e-06	-2.449899e-06	-2.719433e-09	-1.766010e+01	-1.803878e+02
2.650000e-06	-2.594965e-06	-2.871101e-09	-1.870581e+01	-1.890415e+02
2.660000e-06	-2.739009e-06	-3.002838e-09	-1.974416e+01	-1.964813e+02
2.670000e-06	-2.882051e-06	-3.120705e-09	-2.077528e+01	-2.036767e+02
2.680000e-06	-3.023977e-06	-3.224238e-09	-2.179835e+01	-2.108763e+02
2.690000e-06	-3.164644e-06	-3.314018e-09	-2.281235e+01	-2.177973e+02
2.700000e-06	-3.304053e-06	-3.395346e-09	-2.381728e+01	-2.239765e+02
2.710000e-06	-3.442220e-06	-3.471368e-09	-2.481325e+01	-2.291049e+02
2.720000e-06	-3.579017e-06	-3.540965e-09	-2.579935e+01	-2.332080e+02
2.730000e-06	-3.714491e-06	-3.604291e-09	-2.677592e+01	-2.366173e+02
2.740000e-06	-3.848678e-06	-3.664695e-09	-2.774321e+01	-2.397876e+02
2.750000e-06	-3.981409e-06	-3.721331e-09	-2.870000e+01	-2.430720e+02
2.760000e-06	-4.112741e-06	-3.771853e-09	-2.964670e+01	-2.465729e+02
2.770000e-06	-4.242675e-06	-3.819866e-09	-3.058334e+01	-2.501339e+02
2.780000e-06	-4.371119e-06	-3.866739e-09	-3.150922e+01	-2.534605e+02
2.790000e-06	-4.498123e-06	-3.907704e-09	-3.242474e+01	-2.562943e+02
2.800000e-06	-4.623553e-06	-3.943049e-09	-3.332890e+01	-2.585497e+02
2.810000e-06	-4.747336e-06	-3.979578e-09	-3.422118e+01	-2.603476e+02
2.820000e-06	-4.869492e-06	-4.016945e-09	-3.510175e+01	-2.619419e+02
2.830000e-06	-4.989873e-06	-4.047414e-09	-3.596951e+01	-2.635839e+02
2.840000e-06	-5.108374e-06	-4.071433e-09	-3.682373e+01	-2.654030e+02
2.850000e-06	-5.224842e-06	-4.097292e-09	-3.766329e+01	-2.673592e+02
2.860000e-06	-5.339169e-06	-4.123520e-09	-3.848742e+01	-2.692861e+02
2.870000e-06	-5.451381e-06	-4.146133e-09	-3.929630e+01	-2.709934e+02
2.880000e-06	-5.561538e-06	-4.168488e-09	-4.009036e+01	-2.723709e+02
2.890000e-06	-5.669728e-06	-4.192411e-09	-4.087025e+01	-2.734400e+02
2.900000e-06	-5.775973e-06	-4.213508e-09	-4.163612e+01	-2.743323e+02
2.910000e-06	-5.880163e-06	-4.230252e-09	-4.238717e+01	-2.752128e+02
2.920000e-06	-5.982123e-06	-4.245216e-09	-4.312215e+01	-2.761934e+02
2.930000e-06	-6.081843e-06	-4.258137e-09	-4.384098e+01	-2.772831e+02
2.940000e-06	-6.179385e-06	-4.270594e-09	-4.454412e+01	-2.783976e+02
2.950000e-06	-6.274702e-06	-4.284890e-09	-4.523121e+01	-2.794176e+02
2.960000e-06	-6.367711e-06	-4.298843e-09	-4.590166e+01	-2.802604e+02
2.970000e-06	-6.458424e-06	-4.309856e-09	-4.655557e+01	-2.809244e+02
2.980000e-06	-6.546857e-06	-4.319224e-09	-4.719304e+01	-2.814837e+02
2.990000e-06	-6.632914e-06	-4.329855e-09	-4.781338e+01	-2.820411e+02
3.000000e-06	-6.716538e-06	-4.339438e-09	-4.841618e+01	-2.826665e+02
3.010000e-06	-6.797800e-06	-4.346533e-09	-4.900196e+01	-2.833585e+02
3.020000e-06	-6.876585e-06	-4.353702e-09	-4.956988e+01	-2.840479e+02
3.030000e-06	-6.952679e-06	-4.362130e-09	-5.011841e+01	-2.846412e+02
3.040000e-06	-7.026146e-06	-4.369663e-09	-5.064799e+01	-2.850763e+02
3.050000e-06	-7.097095e-06	-4.373948e-09	-5.115943e+01	-2.853599e+02
3.060000e-06	-7.165460e-06	-4.378318e-09	-5.165224e+01	-2.855652e+02
3.070000e-06	-7.231287e-06	-4.382454e-09	-5.212675e+01	-2.857915e+02
3.080000e-06	-7.294623e-06	-4.386120e-09	-5.258331e+01	-2.861106e+02
3.090000e-06	-7.355312e-06	-4.390681e-09	-5.302079e+01	-2.865287e+02
3.100000e-06	-7.413334e-06	-4.396597e-09	-5.343904e+01	-2.869858e+02
3.110000e-06	-7.468659e-06	-4.402171e-09	-5.383785e+01	-2.873919e+02
3.120000e-06	-7.521154e-06	-4.405565e-09	-5.421626e+01	-2.876798e+02
3.130000e-06	-7.570649e-06	-4.407238e-09	-5.457304e+01	-2.878435e+02
3.140000e-06	-7.617173e-06	-4.408262e-09	-5.490841e+01	-2.879422e+02
3.150000e-06	-7.661127e-06	-4.411327e-09	-5.522525e+01	-2.880668e+02
3.160000e-06	-7.702662e-06	-4.416286e-09	-5.552466e+01	-2.882882e+02
3.170000e-06	-7.741474e-06	-4.419271e-09	-5.580444e+01	-2.886165e+02
3.180000e-06	-7.777417e-06	-4.421273e-09	-5.606353e+01	-2.889932e+02
3.190000e-06	-7.810591e-06	-4.423540e-09	-5.630267e+01	-2.893220e+02
3.200000e-06	-7.840934e-06	-4.425058e-09	-5.652139e+01	-2.895200e+02
3.210000e-06	-7.868372e-06	-4.423916e-09	-5.671918e+01	-2.895630e+02
3.220000e-06	-7.893018e-06	-4.423470e-09	-5.689684e+01	-2.894988e+02
3.230000e-06	-7.914835e-06	-4.426015e-09	-5.705411e+01	-2.894221e+02
3.240000e-06	-7.933816e-06	-4.428310e-09	-5.719093e+01	-2.894246e+02
3.250000e-06	-7.949947e-06	-4.427682e-09	-5.730721e+01	-2.895467e+02
3.260000e-06	-7.962960e-06	-4.426989e-09	-5.740102e+01	-2.897577e+02
3.270000e-06	-7.972925e-06	-4.428192e-09	-5.747285e+01	-2.899735e+02
3.280000e-06	-7.979971e-06	-4.427877e-09	-5.752364e+01	-2.901019e+02
3.290000e-06	-7.984125e-06	-4.426548e-09	-5.755359e+01	-2.900906e+02
3.300000e-06	-7.985555e-06	-4.424617e-09	-5.756390e+01	-2.899521e+02
