# Temperatura_=_20.0
# Concentracion g/m^3_=_6200.0
# C_Vs_to_Am_M_A/Vsm_=_65563218390.804596
# pendiente_HvsI_1/m_=_3716.3
# ordenada_HvsI_A/m_=_1297.0
# frecuencia_Hz_=_301530.3830840926

Tiempo_(s)	Campo_(V.s)	Magnetizacion_(V.s)	Campo_(kA/m)	Magnetizacion_(A/m)
0.000000e+00	-4.650329e-06	-3.677167e-09	-3.465658e+01	-2.399605e+02
1.000000e-08	-4.649029e-06	-3.678363e-09	-3.464689e+01	-2.400240e+02
2.000000e-08	-4.645955e-06	-3.674643e-09	-3.462398e+01	-2.400499e+02
3.000000e-08	-4.641470e-06	-3.672225e-09	-3.459055e+01	-2.400416e+02
4.000000e-08	-4.635623e-06	-3.671783e-09	-3.454698e+01	-2.400035e+02
5.000000e-08	-4.628374e-06	-3.672400e-09	-3.449296e+01	-2.399400e+02
6.000000e-08	-4.619651e-06	-3.671271e-09	-3.442795e+01	-2.398558e+02
7.000000e-08	-4.609121e-06	-3.662570e-09	-3.434947e+01	-2.397545e+02
8.000000e-08	-4.596813e-06	-3.655672e-09	-3.425775e+01	-2.396389e+02
9.000000e-08	-4.582613e-06	-3.693161e-09	-3.415192e+01	-2.395104e+02
1.000000e-07	-4.566162e-06	-3.693218e-09	-3.402933e+01	-2.393690e+02
1.100000e-07	-4.547789e-06	-3.665648e-09	-3.389240e+01	-2.392129e+02
1.200000e-07	-4.527989e-06	-3.650866e-09	-3.374484e+01	-2.390392e+02
1.300000e-07	-4.506977e-06	-3.579419e-09	-3.358825e+01	-2.388439e+02
1.400000e-07	-4.484827e-06	-3.659637e-09	-3.342317e+01	-2.386223e+02
1.500000e-07	-4.461393e-06	-3.704239e-09	-3.324853e+01	-2.383695e+02
1.600000e-07	-4.436563e-06	-3.549528e-09	-3.306349e+01	-2.380808e+02
1.700000e-07	-4.410228e-06	-3.620442e-09	-3.286723e+01	-2.377524e+02
1.800000e-07	-4.382183e-06	-3.638087e-09	-3.265822e+01	-2.373815e+02
1.900000e-07	-4.352545e-06	-3.509572e-09	-3.243734e+01	-2.369664e+02
2.000000e-07	-4.321593e-06	-3.641209e-09	-3.220668e+01	-2.365072e+02
2.100000e-07	-4.289187e-06	-3.657504e-09	-3.196517e+01	-2.360049e+02
2.200000e-07	-4.255045e-06	-3.546133e-09	-3.171072e+01	-2.354619e+02
2.300000e-07	-4.219328e-06	-3.608297e-09	-3.144454e+01	-2.348813e+02
2.400000e-07	-4.182086e-06	-3.549312e-09	-3.116700e+01	-2.342668e+02
2.500000e-07	-4.143324e-06	-3.492961e-09	-3.087812e+01	-2.336217e+02
2.600000e-07	-4.103168e-06	-3.574045e-09	-3.057886e+01	-2.329492e+02
2.700000e-07	-4.061324e-06	-3.548905e-09	-3.026702e+01	-2.322516e+02
2.800000e-07	-4.017874e-06	-3.516769e-09	-2.994321e+01	-2.315299e+02
2.900000e-07	-3.973002e-06	-3.500962e-09	-2.960880e+01	-2.307844e+02
3.000000e-07	-3.926664e-06	-3.465123e-09	-2.926346e+01	-2.300136e+02
3.100000e-07	-3.878899e-06	-3.483447e-09	-2.890750e+01	-2.292154e+02
3.200000e-07	-3.829295e-06	-3.498832e-09	-2.853782e+01	-2.283866e+02
3.300000e-07	-3.777793e-06	-3.470943e-09	-2.815401e+01	-2.275237e+02
3.400000e-07	-3.724857e-06	-3.433080e-09	-2.775950e+01	-2.266229e+02
3.500000e-07	-3.670636e-06	-3.434853e-09	-2.735542e+01	-2.256811e+02
3.600000e-07	-3.615243e-06	-3.423745e-09	-2.694260e+01	-2.246953e+02
3.700000e-07	-3.558733e-06	-3.391467e-09	-2.652146e+01	-2.236639e+02
3.800000e-07	-3.500763e-06	-3.392701e-09	-2.608944e+01	-2.225860e+02
3.900000e-07	-3.441319e-06	-3.363776e-09	-2.564643e+01	-2.214618e+02
4.000000e-07	-3.380724e-06	-3.340563e-09	-2.519484e+01	-2.202925e+02
4.100000e-07	-3.319030e-06	-3.336696e-09	-2.473507e+01	-2.190799e+02
4.200000e-07	-3.256255e-06	-3.313808e-09	-2.426724e+01	-2.178261e+02
4.300000e-07	-3.192508e-06	-3.302982e-09	-2.379217e+01	-2.165334e+02
4.400000e-07	-3.127597e-06	-3.279034e-09	-2.330842e+01	-2.152032e+02
4.500000e-07	-3.061189e-06	-3.237409e-09	-2.281351e+01	-2.138364e+02
4.600000e-07	-2.993574e-06	-3.221936e-09	-2.230961e+01	-2.124330e+02
4.700000e-07	-2.925143e-06	-3.220948e-09	-2.179963e+01	-2.109914e+02
4.800000e-07	-2.855847e-06	-3.197546e-09	-2.128320e+01	-2.095092e+02
4.900000e-07	-2.785528e-06	-3.151630e-09	-2.075915e+01	-2.079825e+02
5.000000e-07	-2.714252e-06	-3.126552e-09	-2.022796e+01	-2.064070e+02
5.100000e-07	-2.642100e-06	-3.108386e-09	-1.969025e+01	-2.047777e+02
5.200000e-07	-2.568882e-06	-3.074823e-09	-1.914459e+01	-2.030894e+02
5.300000e-07	-2.494384e-06	-3.050113e-09	-1.858940e+01	-2.013376e+02
5.400000e-07	-2.418737e-06	-3.028364e-09	-1.802563e+01	-1.995184e+02
5.500000e-07	-2.342180e-06	-2.996011e-09	-1.745510e+01	-1.976287e+02
5.600000e-07	-2.264738e-06	-2.950520e-09	-1.687796e+01	-1.956670e+02
5.700000e-07	-2.186272e-06	-2.923514e-09	-1.629320e+01	-1.936327e+02
5.800000e-07	-2.106633e-06	-2.908164e-09	-1.569968e+01	-1.915264e+02
5.900000e-07	-2.026085e-06	-2.871661e-09	-1.509940e+01	-1.893495e+02
6.000000e-07	-1.944863e-06	-2.828150e-09	-1.449409e+01	-1.871036e+02
6.100000e-07	-1.862953e-06	-2.798383e-09	-1.388366e+01	-1.847905e+02
6.200000e-07	-1.780446e-06	-2.769096e-09	-1.326877e+01	-1.824110e+02
6.300000e-07	-1.697432e-06	-2.721014e-09	-1.265012e+01	-1.799649e+02
6.400000e-07	-1.613967e-06	-2.677480e-09	-1.202809e+01	-1.774506e+02
6.500000e-07	-1.530073e-06	-2.642319e-09	-1.140287e+01	-1.748645e+02
6.600000e-07	-1.445807e-06	-2.596672e-09	-1.077488e+01	-1.722012e+02
6.700000e-07	-1.361140e-06	-2.547295e-09	-1.014390e+01	-1.694538e+02
6.800000e-07	-1.275982e-06	-2.507503e-09	-9.509255e+00	-1.666136e+02
6.900000e-07	-1.190338e-06	-2.469357e-09	-8.870991e+00	-1.636711e+02
7.000000e-07	-1.104394e-06	-2.422001e-09	-8.230499e+00	-1.606160e+02
7.100000e-07	-1.018176e-06	-2.371859e-09	-7.587960e+00	-1.574385e+02
7.200000e-07	-9.315608e-07	-2.321941e-09	-6.942457e+00	-1.541290e+02
7.300000e-07	-8.446702e-07	-2.266783e-09	-6.294905e+00	-1.506791e+02
7.400000e-07	-7.575606e-07	-2.206812e-09	-5.645721e+00	-1.470817e+02
7.500000e-07	-6.701659e-07	-2.148656e-09	-4.994411e+00	-1.433309e+02
7.600000e-07	-5.825782e-07	-2.088929e-09	-4.341664e+00	-1.394222e+02
7.700000e-07	-4.948812e-07	-2.025357e-09	-3.688102e+00	-1.353514e+02
7.800000e-07	-4.070687e-07	-1.962437e-09	-3.033680e+00	-1.311145e+02
7.900000e-07	-3.191669e-07	-1.899571e-09	-2.378591e+00	-1.267067e+02
8.000000e-07	-2.311918e-07	-1.830743e-09	-1.722957e+00	-1.221213e+02
8.100000e-07	-1.431634e-07	-1.755811e-09	-1.066925e+00	-1.173490e+02
8.200000e-07	-5.503802e-08	-1.680148e-09	-4.101709e-01	-1.123774e+02
8.300000e-07	3.315505e-08	-1.599739e-09	2.470880e-01	-1.071899e+02
8.400000e-07	1.213181e-07	-1.513732e-09	9.041234e-01	-1.017663e+02
8.500000e-07	2.094455e-07	-1.424616e-09	1.560892e+00	-9.608234e+01
8.600000e-07	2.975086e-07	-1.334228e-09	2.217183e+00	-9.011115e+01
8.700000e-07	3.854567e-07	-1.240020e-09	2.872616e+00	-8.382387e+01
8.800000e-07	4.732939e-07	-1.139323e-09	3.527223e+00	-7.719155e+01
8.900000e-07	5.610393e-07	-1.034006e-09	4.181146e+00	-7.018704e+01
9.000000e-07	6.486847e-07	-9.220308e-10	4.834323e+00	-6.278713e+01
9.100000e-07	7.361632e-07	-8.053325e-10	5.486257e+00	-5.497482e+01
9.200000e-07	8.234118e-07	-6.833465e-10	6.136477e+00	-4.674144e+01
9.300000e-07	9.104213e-07	-5.537395e-10	6.784915e+00	-3.808858e+01
9.400000e-07	9.971442e-07	-4.164900e-10	7.431217e+00	-2.902948e+01
9.500000e-07	1.083523e-06	-2.733941e-10	8.074958e+00	-1.958998e+01
9.600000e-07	1.169492e-06	-1.251675e-10	8.715639e+00	-9.808733e+00
9.700000e-07	1.255060e-06	2.865418e-11	9.353336e+00	2.632914e-01
9.800000e-07	1.340228e-06	1.880891e-10	9.988049e+00	1.056399e+01
9.900000e-07	1.424919e-06	3.521522e-10	1.061921e+01	2.102205e+01
1.000000e-06	1.509097e-06	5.170799e-10	1.124655e+01	3.155937e+01
1.010000e-06	1.592845e-06	6.785704e-10	1.187067e+01	4.209399e+01
1.020000e-06	1.676192e-06	8.370452e-10	1.249182e+01	5.254323e+01
1.030000e-06	1.759005e-06	9.937416e-10	1.310899e+01	6.282688e+01
1.040000e-06	1.841098e-06	1.146007e-09	1.372078e+01	7.287030e+01
1.050000e-06	1.922404e-06	1.291223e-09	1.432672e+01	8.260707e+01
1.060000e-06	2.003017e-06	1.431581e-09	1.492748e+01	9.198128e+01
1.070000e-06	2.082969e-06	1.569346e-09	1.552332e+01	1.009491e+02
1.080000e-06	2.162119e-06	1.701153e-09	1.611319e+01	1.094794e+02
1.090000e-06	2.240418e-06	1.824634e-09	1.669672e+01	1.175545e+02
1.100000e-06	2.317932e-06	1.939567e-09	1.727439e+01	1.251687e+02
1.110000e-06	2.394643e-06	2.046093e-09	1.784607e+01	1.323279e+02
1.120000e-06	2.470548e-06	2.144468e-09	1.841176e+01	1.390470e+02
1.130000e-06	2.545518e-06	2.235391e-09	1.897047e+01	1.453486e+02
1.140000e-06	2.619198e-06	2.324162e-09	1.951957e+01	1.512602e+02
1.150000e-06	2.691661e-06	2.408973e-09	2.005960e+01	1.568119e+02
1.160000e-06	2.763222e-06	2.488772e-09	2.059291e+01	1.620343e+02
1.170000e-06	2.833918e-06	2.565654e-09	2.111977e+01	1.669568e+02
1.180000e-06	2.903622e-06	2.638773e-09	2.163924e+01	1.716058e+02
1.190000e-06	2.972325e-06	2.706934e-09	2.215125e+01	1.760039e+02
1.200000e-06	3.040196e-06	2.770418e-09	2.265706e+01	1.801694e+02
1.210000e-06	3.107071e-06	2.828637e-09	2.315545e+01	1.841162e+02
1.220000e-06	3.172564e-06	2.879990e-09	2.364353e+01	1.878542e+02
1.230000e-06	3.236720e-06	2.928562e-09	2.412166e+01	1.913901e+02
1.240000e-06	3.299821e-06	2.976814e-09	2.459192e+01	1.947285e+02
1.250000e-06	3.361840e-06	3.022402e-09	2.505412e+01	1.978725e+02
1.260000e-06	3.422758e-06	3.063274e-09	2.550811e+01	2.008251e+02
1.270000e-06	3.482701e-06	3.102154e-09	2.595483e+01	2.035902e+02
1.280000e-06	3.541431e-06	3.139422e-09	2.639251e+01	2.061728e+02
1.290000e-06	3.598607e-06	3.174546e-09	2.681862e+01	2.085800e+02
1.300000e-06	3.654353e-06	3.206791e-09	2.723407e+01	2.108206e+02
1.310000e-06	3.708835e-06	3.236321e-09	2.764009e+01	2.129056e+02
1.320000e-06	3.761995e-06	3.263613e-09	2.803627e+01	2.148471e+02
1.330000e-06	3.813667e-06	3.289463e-09	2.842135e+01	2.166580e+02
1.340000e-06	3.863566e-06	3.315508e-09	2.879323e+01	2.183516e+02
1.350000e-06	3.911767e-06	3.340386e-09	2.915244e+01	2.199406e+02
1.360000e-06	3.958616e-06	3.363051e-09	2.950159e+01	2.214364e+02
1.370000e-06	4.004128e-06	3.384098e-09	2.984076e+01	2.228488e+02
1.380000e-06	4.048365e-06	3.404277e-09	3.017044e+01	2.241856e+02
1.390000e-06	4.091230e-06	3.423243e-09	3.048989e+01	2.254522e+02
1.400000e-06	4.132462e-06	3.440366e-09	3.079717e+01	2.266523e+02
1.410000e-06	4.172177e-06	3.457113e-09	3.109315e+01	2.277875e+02
1.420000e-06	4.210516e-06	3.473411e-09	3.137887e+01	2.288584e+02
1.430000e-06	4.247487e-06	3.487750e-09	3.165440e+01	2.298645e+02
1.440000e-06	4.283127e-06	3.500982e-09	3.192001e+01	2.308053e+02
1.450000e-06	4.317174e-06	3.514395e-09	3.217374e+01	2.316808e+02
1.460000e-06	4.349560e-06	3.526769e-09	3.241510e+01	2.324914e+02
1.470000e-06	4.380514e-06	3.538092e-09	3.264578e+01	2.332392e+02
1.480000e-06	4.410009e-06	3.549677e-09	3.286560e+01	2.339270e+02
1.490000e-06	4.438103e-06	3.560937e-09	3.307496e+01	2.345594e+02
1.500000e-06	4.464613e-06	3.569688e-09	3.327253e+01	2.351416e+02
1.510000e-06	4.489286e-06	3.577532e-09	3.345640e+01	2.356798e+02
1.520000e-06	4.512278e-06	3.587520e-09	3.362775e+01	2.361802e+02
1.530000e-06	4.533731e-06	3.598429e-09	3.378763e+01	2.366488e+02
1.540000e-06	4.553789e-06	3.606041e-09	3.393712e+01	2.370910e+02
1.550000e-06	4.572372e-06	3.611352e-09	3.407560e+01	2.375106e+02
1.560000e-06	4.589159e-06	3.617327e-09	3.420071e+01	2.379104e+02
1.570000e-06	4.604172e-06	3.624924e-09	3.431259e+01	2.382912e+02
1.580000e-06	4.617513e-06	3.632218e-09	3.441202e+01	2.386524e+02
1.590000e-06	4.629113e-06	3.637858e-09	3.449847e+01	2.389918e+02
1.600000e-06	4.638769e-06	3.642575e-09	3.457043e+01	2.393065e+02
1.610000e-06	4.646591e-06	3.646299e-09	3.462872e+01	2.395924e+02
1.620000e-06	4.652805e-06	3.650169e-09	3.467503e+01	2.398456e+02
1.630000e-06	4.657487e-06	3.654912e-09	3.470992e+01	2.400627e+02
1.640000e-06	4.660638e-06	3.660718e-09	3.473341e+01	2.402406e+02
1.650000e-06	4.662019e-06	3.666927e-09	3.474370e+01	2.403779e+02
1.660000e-06	4.661657e-06	3.669142e-09	3.474100e+01	2.404744e+02
1.670000e-06	4.659800e-06	3.666785e-09	3.472716e+01	2.405312e+02
1.680000e-06	4.656566e-06	3.667350e-09	3.470306e+01	2.405509e+02
1.690000e-06	4.651928e-06	3.669873e-09	3.466850e+01	2.405371e+02
1.700000e-06	4.645603e-06	3.671523e-09	3.462136e+01	2.404944e+02
1.710000e-06	4.637666e-06	3.671440e-09	3.456221e+01	2.404271e+02
1.720000e-06	4.628388e-06	3.675188e-09	3.449306e+01	2.403398e+02
1.730000e-06	4.617732e-06	3.694644e-09	3.441365e+01	2.402360e+02
1.740000e-06	4.605549e-06	3.647399e-09	3.432285e+01	2.401182e+02
1.750000e-06	4.591302e-06	3.622937e-09	3.421668e+01	2.399877e+02
1.760000e-06	4.574553e-06	3.643684e-09	3.409186e+01	2.398440e+02
1.770000e-06	4.555640e-06	3.649973e-09	3.395091e+01	2.396852e+02
1.780000e-06	4.535445e-06	3.726859e-09	3.380041e+01	2.395082e+02
1.790000e-06	4.514674e-06	3.639702e-09	3.364561e+01	2.393088e+02
1.800000e-06	4.492890e-06	3.591567e-09	3.348326e+01	2.390821e+02
1.810000e-06	4.469059e-06	3.747683e-09	3.330566e+01	2.388234e+02
1.820000e-06	4.443477e-06	3.624009e-09	3.311502e+01	2.385282e+02
1.830000e-06	4.416791e-06	3.565492e-09	3.291614e+01	2.381926e+02
1.840000e-06	4.388464e-06	3.698893e-09	3.270503e+01	2.378140e+02
1.850000e-06	4.358170e-06	3.543175e-09	3.247927e+01	2.373913e+02
1.860000e-06	4.326347e-06	3.531764e-09	3.224210e+01	2.369244e+02
1.870000e-06	4.293094e-06	3.652984e-09	3.199428e+01	2.364149e+02
1.880000e-06	4.258418e-06	3.519064e-09	3.173586e+01	2.358651e+02
1.890000e-06	4.222263e-06	3.601585e-09	3.146641e+01	2.352784e+02
1.900000e-06	4.184287e-06	3.628430e-09	3.118340e+01	2.346584e+02
1.910000e-06	4.144685e-06	3.460646e-09	3.088826e+01	2.340084e+02
1.920000e-06	4.103608e-06	3.552820e-09	3.058214e+01	2.333315e+02
1.930000e-06	4.061076e-06	3.512621e-09	3.026517e+01	2.326297e+02
1.940000e-06	4.017436e-06	3.486167e-09	2.993995e+01	2.319041e+02
1.950000e-06	3.972478e-06	3.581387e-09	2.960489e+01	2.311543e+02
1.960000e-06	3.925903e-06	3.486704e-09	2.925780e+01	2.303790e+02
1.970000e-06	3.877774e-06	3.468839e-09	2.889911e+01	2.295758e+02
1.980000e-06	3.828173e-06	3.457542e-09	2.852946e+01	2.287414e+02
1.990000e-06	3.777259e-06	3.438287e-09	2.815003e+01	2.278722e+02
2.000000e-06	3.724871e-06	3.458966e-09	2.775960e+01	2.269646e+02
2.010000e-06	3.670801e-06	3.405517e-09	2.735664e+01	2.260153e+02
2.020000e-06	3.615190e-06	3.441427e-09	2.694221e+01	2.250217e+02
2.030000e-06	3.558262e-06	3.396410e-09	2.651795e+01	2.239822e+02
2.040000e-06	3.500089e-06	3.348896e-09	2.608441e+01	2.228961e+02
2.050000e-06	3.440763e-06	3.375989e-09	2.564228e+01	2.217640e+02
2.060000e-06	3.380527e-06	3.330923e-09	2.519338e+01	2.205870e+02
2.070000e-06	3.319047e-06	3.346256e-09	2.473520e+01	2.193671e+02
2.080000e-06	3.256030e-06	3.285559e-09	2.426557e+01	2.181065e+02
2.090000e-06	3.191842e-06	3.267718e-09	2.378720e+01	2.168071e+02
2.100000e-06	3.126633e-06	3.308715e-09	2.330124e+01	2.154705e+02
2.110000e-06	3.060371e-06	3.244265e-09	2.280742e+01	2.140975e+02
2.120000e-06	2.993092e-06	3.218271e-09	2.230602e+01	2.126876e+02
2.130000e-06	2.924924e-06	3.191970e-09	2.179800e+01	2.112392e+02
2.140000e-06	2.855690e-06	3.193104e-09	2.128203e+01	2.097495e+02
2.150000e-06	2.785014e-06	3.163556e-09	2.075532e+01	2.082147e+02
2.160000e-06	2.713187e-06	3.124392e-09	2.022003e+01	2.066302e+02
2.170000e-06	2.640545e-06	3.138238e-09	1.967866e+01	2.049909e+02
2.180000e-06	2.567042e-06	3.090761e-09	1.913088e+01	2.032918e+02
2.190000e-06	2.492608e-06	3.046005e-09	1.857617e+01	2.015285e+02
2.200000e-06	2.417246e-06	3.023161e-09	1.801453e+01	1.996970e+02
2.210000e-06	2.340973e-06	3.022145e-09	1.744610e+01	1.977948e+02
2.220000e-06	2.263571e-06	2.989120e-09	1.686926e+01	1.958203e+02
2.230000e-06	2.184957e-06	2.928739e-09	1.628339e+01	1.937733e+02
2.240000e-06	2.105415e-06	2.916959e-09	1.569060e+01	1.916544e+02
2.250000e-06	2.025254e-06	2.893522e-09	1.509320e+01	1.894653e+02
2.260000e-06	1.944466e-06	2.847688e-09	1.449113e+01	1.872076e+02
2.270000e-06	1.862951e-06	2.808557e-09	1.388364e+01	1.848828e+02
2.280000e-06	1.780766e-06	2.788523e-09	1.327116e+01	1.824916e+02
2.290000e-06	1.697905e-06	2.749688e-09	1.265364e+01	1.800337e+02
2.300000e-06	1.614516e-06	2.693985e-09	1.203218e+01	1.775071e+02
2.310000e-06	1.530732e-06	2.666803e-09	1.140778e+01	1.749078e+02
2.320000e-06	1.446538e-06	2.638917e-09	1.078032e+01	1.722304e+02
2.330000e-06	1.361935e-06	2.588864e-09	1.014982e+01	1.694672e+02
2.340000e-06	1.276834e-06	2.534424e-09	9.515604e+00	1.666097e+02
2.350000e-06	1.191144e-06	2.493458e-09	8.877001e+00	1.636480e+02
2.360000e-06	1.104818e-06	2.452339e-09	8.233657e+00	1.605721e+02
2.370000e-06	1.017984e-06	2.399966e-09	7.586524e+00	1.573718e+02
2.380000e-06	9.307721e-07	2.350897e-09	6.936580e+00	1.540380e+02
2.390000e-06	8.432478e-07	2.302439e-09	6.284305e+00	1.505625e+02
2.400000e-06	7.554636e-07	2.245437e-09	5.630093e+00	1.469383e+02
2.410000e-06	6.674759e-07	2.188119e-09	4.974364e+00	1.431598e+02
2.420000e-06	5.793564e-07	2.134632e-09	4.317654e+00	1.392227e+02
2.430000e-06	4.911247e-07	2.074639e-09	3.660107e+00	1.351227e+02
2.440000e-06	4.028032e-07	2.005816e-09	3.001891e+00	1.308559e+02
2.450000e-06	3.143490e-07	1.937626e-09	2.342686e+00	1.264172e+02
2.460000e-06	2.257511e-07	1.869248e-09	1.682410e+00	1.217993e+02
2.470000e-06	1.371055e-07	1.795322e-09	1.021779e+00	1.169927e+02
2.480000e-06	4.841340e-08	1.717727e-09	3.608009e-01	1.119840e+02
2.490000e-06	-4.034128e-08	1.637550e-09	-3.006434e-01	1.067562e+02
2.500000e-06	-1.290538e-07	1.554243e-09	-9.617735e-01	1.012882e+02
2.510000e-06	-2.176616e-07	1.465765e-09	-1.622123e+00	9.555521e+01
2.520000e-06	-3.062079e-07	1.374782e-09	-2.282015e+00	8.952991e+01
2.530000e-06	-3.946732e-07	1.279804e-09	-2.941302e+00	8.318333e+01
2.540000e-06	-4.830257e-07	1.175651e-09	-3.599749e+00	7.648666e+01
2.550000e-06	-5.712988e-07	1.065016e-09	-4.257604e+00	6.941330e+01
2.560000e-06	-6.594455e-07	9.507048e-10	-4.914518e+00	6.194099e+01
2.570000e-06	-7.473859e-07	8.295467e-10	-5.569894e+00	5.405405e+01
2.580000e-06	-8.351171e-07	6.996209e-10	-6.223711e+00	4.574554e+01
2.590000e-06	-9.226379e-07	5.644218e-10	-6.875960e+00	3.701902e+01
2.600000e-06	-1.009803e-06	4.259615e-10	-7.525554e+00	2.788993e+01
2.610000e-06	-1.096477e-06	2.839268e-10	-8.171497e+00	1.838641e+01
2.620000e-06	-1.182522e-06	1.366559e-10	-8.812746e+00	8.549367e+00
2.630000e-06	-1.267795e-06	-1.614397e-11	-9.448244e+00	-1.568134e+00
2.640000e-06	-1.352448e-06	-1.725160e-10	-1.007912e+01	-1.190219e+01
2.650000e-06	-1.436672e-06	-3.323502e-10	-1.070680e+01	-2.238007e+01
2.660000e-06	-1.520500e-06	-4.943649e-10	-1.133153e+01	-3.292278e+01
2.670000e-06	-1.603899e-06	-6.554408e-10	-1.195306e+01	-4.344798e+01
2.680000e-06	-1.686735e-06	-8.136365e-10	-1.257039e+01	-5.387320e+01
2.690000e-06	-1.768969e-06	-9.694922e-10	-1.318324e+01	-6.411902e+01
2.700000e-06	-1.850616e-06	-1.123433e-09	-1.379172e+01	-7.411206e+01
2.710000e-06	-1.931609e-06	-1.270554e-09	-1.439532e+01	-8.378766e+01
2.720000e-06	-2.012004e-06	-1.410591e-09	-1.499446e+01	-9.309194e+01
2.730000e-06	-2.091860e-06	-1.547322e-09	-1.558959e+01	-1.019833e+02
2.740000e-06	-2.171053e-06	-1.678278e-09	-1.617977e+01	-1.104331e+02
2.750000e-06	-2.249248e-06	-1.800932e-09	-1.676252e+01	-1.184257e+02
2.760000e-06	-2.326210e-06	-1.916622e-09	-1.733608e+01	-1.259578e+02
2.770000e-06	-2.402054e-06	-2.027544e-09	-1.790130e+01	-1.330368e+02
2.780000e-06	-2.476981e-06	-2.130475e-09	-1.845970e+01	-1.396793e+02
2.790000e-06	-2.551114e-06	-2.223658e-09	-1.901218e+01	-1.459090e+02
2.800000e-06	-2.624405e-06	-2.312465e-09	-1.955838e+01	-1.517538e+02
2.810000e-06	-2.696873e-06	-2.395436e-09	-2.009845e+01	-1.572442e+02
2.820000e-06	-2.768564e-06	-2.472879e-09	-2.063272e+01	-1.624108e+02
2.830000e-06	-2.839180e-06	-2.549410e-09	-2.115899e+01	-1.672824e+02
2.840000e-06	-2.908520e-06	-2.624731e-09	-2.167574e+01	-1.718849e+02
2.850000e-06	-2.976778e-06	-2.695110e-09	-2.218444e+01	-1.762400e+02
2.860000e-06	-3.044112e-06	-2.758865e-09	-2.268624e+01	-1.803654e+02
2.870000e-06	-3.110445e-06	-2.819080e-09	-2.318059e+01	-1.842740e+02
2.880000e-06	-3.175720e-06	-2.877040e-09	-2.366705e+01	-1.879754e+02
2.890000e-06	-3.239991e-06	-2.931681e-09	-2.414603e+01	-1.914755e+02
2.900000e-06	-3.303134e-06	-2.985440e-09	-2.461661e+01	-1.947788e+02
2.910000e-06	-3.364797e-06	-3.038771e-09	-2.507615e+01	-1.978881e+02
2.920000e-06	-3.425129e-06	-3.085911e-09	-2.552578e+01	-2.008068e+02
2.930000e-06	-3.484441e-06	-3.127401e-09	-2.596780e+01	-2.035386e+02
2.940000e-06	-3.542554e-06	-3.168845e-09	-2.640088e+01	-2.060891e+02
2.950000e-06	-3.599384e-06	-3.208318e-09	-2.682441e+01	-2.084656e+02
2.960000e-06	-3.654952e-06	-3.241976e-09	-2.723853e+01	-2.106775e+02
2.970000e-06	-3.708985e-06	-3.274028e-09	-2.764121e+01	-2.127357e+02
2.980000e-06	-3.761350e-06	-3.307231e-09	-2.803146e+01	-2.146526e+02
2.990000e-06	-3.812216e-06	-3.336081e-09	-2.841054e+01	-2.164415e+02
3.000000e-06	-3.861451e-06	-3.359831e-09	-2.877747e+01	-2.181153e+02
3.010000e-06	-3.908927e-06	-3.384533e-09	-2.913128e+01	-2.196867e+02
3.020000e-06	-3.955011e-06	-3.411181e-09	-2.947472e+01	-2.211667e+02
3.030000e-06	-3.999925e-06	-3.435777e-09	-2.980944e+01	-2.225649e+02
3.040000e-06	-4.043673e-06	-3.456206e-09	-3.013547e+01	-2.238885e+02
3.050000e-06	-4.086172e-06	-3.474545e-09	-3.045220e+01	-2.251429e+02
3.060000e-06	-4.127323e-06	-3.490841e-09	-3.075888e+01	-2.263311e+02
3.070000e-06	-4.167231e-06	-3.506527e-09	-3.105629e+01	-2.274546e+02
3.080000e-06	-4.205565e-06	-3.522640e-09	-3.134198e+01	-2.285137e+02
3.090000e-06	-4.242188e-06	-3.539306e-09	-3.161491e+01	-2.295080e+02
3.100000e-06	-4.277405e-06	-3.554942e-09	-3.187736e+01	-2.304370e+02
3.110000e-06	-4.311198e-06	-3.567385e-09	-3.212920e+01	-2.313006e+02
3.120000e-06	-4.343590e-06	-3.577983e-09	-3.237060e+01	-2.320996e+02
3.130000e-06	-4.374463e-06	-3.587081e-09	-3.260069e+01	-2.328362e+02
3.140000e-06	-4.403595e-06	-3.595240e-09	-3.281779e+01	-2.335136e+02
3.150000e-06	-4.431163e-06	-3.602354e-09	-3.302324e+01	-2.341364e+02
3.160000e-06	-4.457241e-06	-3.609464e-09	-3.321759e+01	-2.347101e+02
3.170000e-06	-4.481812e-06	-3.617913e-09	-3.340071e+01	-2.352408e+02
3.180000e-06	-4.504728e-06	-3.627997e-09	-3.357149e+01	-2.357349e+02
3.190000e-06	-4.525881e-06	-3.637013e-09	-3.372913e+01	-2.361983e+02
3.200000e-06	-4.545489e-06	-3.643624e-09	-3.387526e+01	-2.366359e+02
3.210000e-06	-4.563530e-06	-3.648188e-09	-3.400971e+01	-2.370517e+02
3.220000e-06	-4.580032e-06	-3.651637e-09	-3.413269e+01	-2.374478e+02
3.230000e-06	-4.594816e-06	-3.654981e-09	-3.424287e+01	-2.378250e+02
3.240000e-06	-4.607583e-06	-3.658904e-09	-3.433801e+01	-2.381823e+02
3.250000e-06	-4.618555e-06	-3.662481e-09	-3.441978e+01	-2.385174e+02
3.260000e-06	-4.627914e-06	-3.665500e-09	-3.448953e+01	-2.388270e+02
3.270000e-06	-4.635722e-06	-3.668402e-09	-3.454772e+01	-2.391071e+02
3.280000e-06	-4.641807e-06	-3.672607e-09	-3.459307e+01	-2.393540e+02
3.290000e-06	-4.646132e-06	-3.677591e-09	-3.462530e+01	-2.395640e+02
3.300000e-06	-4.648929e-06	-3.678673e-09	-3.464614e+01	-2.397345e+02
3.310000e-06	-4.650218e-06	-3.676999e-09	-3.465575e+01	-2.398643e+02
