# Temperatura_=_20.0
# Concentracion g/m^3_=_6200.0
# C_Vs_to_Am_M_A/Vsm_=_65563218390.804596
# pendiente_HvsI_1/m_=_3716.3
# ordenada_HvsI_A/m_=_1297.0
# frecuencia_Hz_=_301532.6134190132

Tiempo_(s)	Campo_(V.s)	Magnetizacion_(V.s)	Campo_(kA/m)	Magnetizacion_(A/m)
0.000000e+00	-4.645221e-06	-3.645982e-09	-3.465914e+01	-2.371641e+02
1.000000e-08	-4.643673e-06	-3.647683e-09	-3.464759e+01	-2.371653e+02
2.000000e-08	-4.640403e-06	-3.643494e-09	-3.462319e+01	-2.371371e+02
3.000000e-08	-4.635762e-06	-3.641657e-09	-3.458856e+01	-2.370834e+02
4.000000e-08	-4.629722e-06	-3.641881e-09	-3.454350e+01	-2.370082e+02
5.000000e-08	-4.622249e-06	-3.638826e-09	-3.448774e+01	-2.369156e+02
6.000000e-08	-4.613251e-06	-3.631370e-09	-3.442061e+01	-2.368090e+02
7.000000e-08	-4.602466e-06	-3.615809e-09	-3.434014e+01	-2.366911e+02
8.000000e-08	-4.589974e-06	-3.613619e-09	-3.424693e+01	-2.365634e+02
9.000000e-08	-4.575561e-06	-3.666181e-09	-3.413939e+01	-2.364262e+02
1.000000e-07	-4.558892e-06	-3.671897e-09	-3.401502e+01	-2.362781e+02
1.100000e-07	-4.540330e-06	-3.637435e-09	-3.387652e+01	-2.361168e+02
1.200000e-07	-4.520345e-06	-3.602998e-09	-3.372741e+01	-2.359388e+02
1.300000e-07	-4.499160e-06	-3.516105e-09	-3.356935e+01	-2.357397e+02
1.400000e-07	-4.476840e-06	-3.616752e-09	-3.340281e+01	-2.355151e+02
1.500000e-07	-4.453245e-06	-3.680709e-09	-3.322676e+01	-2.352604e+02
1.600000e-07	-4.428311e-06	-3.509537e-09	-3.304072e+01	-2.349716e+02
1.700000e-07	-4.401882e-06	-3.599110e-09	-3.284353e+01	-2.346457e+02
1.800000e-07	-4.373656e-06	-3.630039e-09	-3.263292e+01	-2.342806e+02
1.900000e-07	-4.343868e-06	-3.448665e-09	-3.241067e+01	-2.338757e+02
2.000000e-07	-4.312809e-06	-3.556984e-09	-3.217894e+01	-2.334315e+02
2.100000e-07	-4.280233e-06	-3.592310e-09	-3.193588e+01	-2.329499e+02
2.200000e-07	-4.245882e-06	-3.475440e-09	-3.167957e+01	-2.324333e+02
2.300000e-07	-4.210011e-06	-3.552089e-09	-3.141193e+01	-2.318848e+02
2.400000e-07	-4.172693e-06	-3.529645e-09	-3.113350e+01	-2.313079e+02
2.500000e-07	-4.133837e-06	-3.463743e-09	-3.084358e+01	-2.307053e+02
2.600000e-07	-4.093483e-06	-3.505056e-09	-3.054249e+01	-2.300794e+02
2.700000e-07	-4.051480e-06	-3.465458e-09	-3.022909e+01	-2.294315e+02
2.800000e-07	-4.007915e-06	-3.469432e-09	-2.990404e+01	-2.287616e+02
2.900000e-07	-3.962936e-06	-3.469236e-09	-2.956845e+01	-2.280688e+02
3.000000e-07	-3.916493e-06	-3.417019e-09	-2.922192e+01	-2.273507e+02
3.100000e-07	-3.868518e-06	-3.433164e-09	-2.886397e+01	-2.266041e+02
3.200000e-07	-3.818783e-06	-3.440551e-09	-2.849289e+01	-2.258251e+02
3.300000e-07	-3.767277e-06	-3.404001e-09	-2.810858e+01	-2.250096e+02
3.400000e-07	-3.714264e-06	-3.377543e-09	-2.771304e+01	-2.241534e+02
3.500000e-07	-3.659899e-06	-3.388737e-09	-2.730741e+01	-2.232531e+02
3.600000e-07	-3.604393e-06	-3.377832e-09	-2.689327e+01	-2.223059e+02
3.700000e-07	-3.547779e-06	-3.337050e-09	-2.647085e+01	-2.213102e+02
3.800000e-07	-3.489693e-06	-3.334743e-09	-2.603746e+01	-2.202655e+02
3.900000e-07	-3.430139e-06	-3.319991e-09	-2.559311e+01	-2.191724e+02
4.000000e-07	-3.369443e-06	-3.292467e-09	-2.514025e+01	-2.180325e+02
4.100000e-07	-3.307654e-06	-3.273021e-09	-2.467922e+01	-2.168480e+02
4.200000e-07	-3.244758e-06	-3.254932e-09	-2.420994e+01	-2.156215e+02
4.300000e-07	-3.180868e-06	-3.260030e-09	-2.373324e+01	-2.143555e+02
4.400000e-07	-3.115787e-06	-3.237398e-09	-2.324766e+01	-2.130519e+02
4.500000e-07	-3.049231e-06	-3.194866e-09	-2.275107e+01	-2.117119e+02
4.600000e-07	-2.981528e-06	-3.181384e-09	-2.224592e+01	-2.103354e+02
4.700000e-07	-2.913018e-06	-3.167596e-09	-2.173475e+01	-2.089211e+02
4.800000e-07	-2.843675e-06	-3.138129e-09	-2.121736e+01	-2.074666e+02
4.900000e-07	-2.773346e-06	-3.107456e-09	-2.069262e+01	-2.059682e+02
5.000000e-07	-2.701986e-06	-3.097386e-09	-2.016018e+01	-2.044212e+02
5.100000e-07	-2.629775e-06	-3.076591e-09	-1.962140e+01	-2.028206e+02
5.200000e-07	-2.556560e-06	-3.034212e-09	-1.907513e+01	-2.011612e+02
5.300000e-07	-2.482005e-06	-3.009215e-09	-1.851885e+01	-1.994380e+02
5.400000e-07	-2.406278e-06	-2.993716e-09	-1.795383e+01	-1.976468e+02
5.500000e-07	-2.329730e-06	-2.965561e-09	-1.738269e+01	-1.957843e+02
5.600000e-07	-2.252356e-06	-2.923218e-09	-1.680539e+01	-1.938484e+02
5.700000e-07	-2.173995e-06	-2.894257e-09	-1.622071e+01	-1.918379e+02
5.800000e-07	-2.094562e-06	-2.870986e-09	-1.562804e+01	-1.897530e+02
5.900000e-07	-2.014129e-06	-2.834215e-09	-1.502791e+01	-1.875944e+02
6.000000e-07	-1.932927e-06	-2.797913e-09	-1.442204e+01	-1.853632e+02
6.100000e-07	-1.851055e-06	-2.768120e-09	-1.381118e+01	-1.830606e+02
6.200000e-07	-1.768573e-06	-2.735004e-09	-1.319576e+01	-1.806869e+02
6.300000e-07	-1.685563e-06	-2.692730e-09	-1.257641e+01	-1.782418e+02
6.400000e-07	-1.602074e-06	-2.654558e-09	-1.195347e+01	-1.757235e+02
6.500000e-07	-1.518146e-06	-2.617833e-09	-1.132726e+01	-1.731285e+02
6.600000e-07	-1.433823e-06	-2.572099e-09	-1.069811e+01	-1.704520e+02
6.700000e-07	-1.349122e-06	-2.524935e-09	-1.006613e+01	-1.676873e+02
6.800000e-07	-1.263975e-06	-2.483552e-09	-9.430831e+00	-1.648269e+02
6.900000e-07	-1.178389e-06	-2.441159e-09	-8.792248e+00	-1.618620e+02
7.000000e-07	-1.092461e-06	-2.394214e-09	-8.151121e+00	-1.587837e+02
7.100000e-07	-1.006185e-06	-2.345817e-09	-7.507397e+00	-1.555832e+02
7.200000e-07	-9.195494e-07	-2.292973e-09	-6.860985e+00	-1.522524e+02
7.300000e-07	-8.326614e-07	-2.235937e-09	-6.212693e+00	-1.487838e+02
7.400000e-07	-7.455484e-07	-2.181030e-09	-5.562721e+00	-1.451715e+02
7.500000e-07	-6.582249e-07	-2.128043e-09	-4.911179e+00	-1.414102e+02
7.600000e-07	-5.707296e-07	-2.068296e-09	-4.258355e+00	-1.374958e+02
7.700000e-07	-4.830802e-07	-2.003431e-09	-3.604380e+00	-1.334245e+02
7.800000e-07	-3.953219e-07	-1.939702e-09	-2.949594e+00	-1.291918e+02
7.900000e-07	-3.074588e-07	-1.874977e-09	-2.294026e+00	-1.247925e+02
8.000000e-07	-2.195001e-07	-1.804469e-09	-1.637744e+00	-1.202192e+02
8.100000e-07	-1.314866e-07	-1.730318e-09	-9.810537e-01	-1.154616e+02
8.200000e-07	-4.344981e-08	-1.656866e-09	-3.241897e-01	-1.105061e+02
8.300000e-07	4.461839e-08	-1.578674e-09	3.329088e-01	-1.053351e+02
8.400000e-07	1.326889e-07	-1.494389e-09	9.900247e-01	-9.992719e+01
8.500000e-07	2.207196e-07	-1.406427e-09	1.646844e+00	-9.425746e+01
8.600000e-07	3.087054e-07	-1.315383e-09	2.303328e+00	-8.829828e+01
8.700000e-07	3.966755e-07	-1.219961e-09	2.959694e+00	-8.202058e+01
8.800000e-07	4.845524e-07	-1.119505e-09	3.615365e+00	-7.539552e+01
8.900000e-07	5.722706e-07	-1.014805e-09	4.269852e+00	-6.839645e+01
9.000000e-07	6.598529e-07	-9.031796e-10	4.923325e+00	-6.100107e+01
9.100000e-07	7.472559e-07	-7.845203e-10	5.575461e+00	-5.319364e+01
9.200000e-07	8.344379e-07	-6.610662e-10	6.225947e+00	-4.496701e+01
9.300000e-07	9.213443e-07	-5.329330e-10	6.874377e+00	-3.632451e+01
9.400000e-07	1.007938e-06	-3.978166e-10	7.520478e+00	-2.728124e+01
9.500000e-07	1.094191e-06	-2.553006e-10	8.164028e+00	-1.786489e+01
9.600000e-07	1.180072e-06	-1.069412e-10	8.804810e+00	-8.115858e+00
9.700000e-07	1.265535e-06	4.591417e-11	9.442468e+00	1.913287e+00
9.800000e-07	1.350523e-06	2.034721e-10	1.007658e+01	1.215914e+01
9.900000e-07	1.435039e-06	3.644294e-10	1.070718e+01	2.254937e+01
1.000000e-06	1.519130e-06	5.260573e-10	1.133460e+01	3.300525e+01
1.010000e-06	1.602784e-06	6.858095e-10	1.195877e+01	4.344455e+01
1.020000e-06	1.685931e-06	8.428015e-10	1.257915e+01	5.378468e+01
1.030000e-06	1.768475e-06	9.966181e-10	1.319503e+01	6.394589e+01
1.040000e-06	1.850302e-06	1.146464e-09	1.380556e+01	7.385430e+01
1.050000e-06	1.931401e-06	1.292331e-09	1.441066e+01	8.344454e+01
1.060000e-06	2.011857e-06	1.433065e-09	1.501096e+01	9.266197e+01
1.070000e-06	2.091587e-06	1.567312e-09	1.560585e+01	1.014642e+02
1.080000e-06	2.170469e-06	1.693507e-09	1.619441e+01	1.098218e+02
1.090000e-06	2.248523e-06	1.811306e-09	1.677679e+01	1.177187e+02
1.100000e-06	2.325753e-06	1.921190e-09	1.735302e+01	1.251511e+02
1.110000e-06	2.402220e-06	2.025105e-09	1.792356e+01	1.321267e+02
1.120000e-06	2.477914e-06	2.124294e-09	1.848833e+01	1.386625e+02
1.130000e-06	2.552635e-06	2.215518e-09	1.904584e+01	1.447828e+02
1.140000e-06	2.626135e-06	2.300897e-09	1.959424e+01	1.505172e+02
1.150000e-06	2.698482e-06	2.381136e-09	2.013404e+01	1.558978e+02
1.160000e-06	2.769875e-06	2.458266e-09	2.066672e+01	1.609570e+02
1.170000e-06	2.840341e-06	2.534272e-09	2.119249e+01	1.657260e+02
1.180000e-06	2.909811e-06	2.605337e-09	2.171082e+01	1.702328e+02
1.190000e-06	2.978307e-06	2.668269e-09	2.222189e+01	1.745015e+02
1.200000e-06	3.045955e-06	2.726662e-09	2.272663e+01	1.785515e+02
1.210000e-06	3.112535e-06	2.782807e-09	2.322340e+01	1.823975e+02
1.220000e-06	3.177757e-06	2.833921e-09	2.371003e+01	1.860499e+02
1.230000e-06	3.241746e-06	2.882249e-09	2.418747e+01	1.895153e+02
1.240000e-06	3.304700e-06	2.928932e-09	2.465718e+01	1.927980e+02
1.250000e-06	3.366540e-06	2.972607e-09	2.511858e+01	1.959001e+02
1.260000e-06	3.427254e-06	3.012060e-09	2.557159e+01	1.988236e+02
1.270000e-06	3.486961e-06	3.050759e-09	2.601707e+01	2.015704e+02
1.280000e-06	3.545423e-06	3.088260e-09	2.645327e+01	2.041440e+02
1.290000e-06	3.602329e-06	3.121161e-09	2.687787e+01	2.065491e+02
1.300000e-06	3.657841e-06	3.151245e-09	2.729206e+01	2.087928e+02
1.310000e-06	3.712120e-06	3.181034e-09	2.769704e+01	2.108836e+02
1.320000e-06	3.765057e-06	3.210879e-09	2.809202e+01	2.128319e+02
1.330000e-06	3.816437e-06	3.238863e-09	2.847538e+01	2.146492e+02
1.340000e-06	3.866063e-06	3.264412e-09	2.884565e+01	2.163476e+02
1.350000e-06	3.914041e-06	3.288631e-09	2.920362e+01	2.179388e+02
1.360000e-06	3.960608e-06	3.311391e-09	2.955107e+01	2.194341e+02
1.370000e-06	4.005880e-06	3.332005e-09	2.988886e+01	2.208433e+02
1.380000e-06	4.049916e-06	3.350781e-09	3.021742e+01	2.221749e+02
1.390000e-06	4.092547e-06	3.368896e-09	3.053551e+01	2.234351e+02
1.400000e-06	4.133516e-06	3.387094e-09	3.084118e+01	2.246285e+02
1.410000e-06	4.172952e-06	3.404708e-09	3.113542e+01	2.257579e+02
1.420000e-06	4.211016e-06	3.421281e-09	3.141943e+01	2.268249e+02
1.430000e-06	4.247752e-06	3.437258e-09	3.169353e+01	2.278299e+02
1.440000e-06	4.283159e-06	3.451601e-09	3.195771e+01	2.287729e+02
1.450000e-06	4.316902e-06	3.464520e-09	3.220947e+01	2.296538e+02
1.460000e-06	4.348992e-06	3.477252e-09	3.244890e+01	2.304729e+02
1.470000e-06	4.379655e-06	3.490107e-09	3.267769e+01	2.312312e+02
1.480000e-06	4.408902e-06	3.502565e-09	3.289591e+01	2.319307e+02
1.490000e-06	4.436738e-06	3.513744e-09	3.310360e+01	2.325740e+02
1.500000e-06	4.462878e-06	3.522429e-09	3.329864e+01	2.331648e+02
1.510000e-06	4.487157e-06	3.531103e-09	3.347978e+01	2.337071e+02
1.520000e-06	4.509809e-06	3.542181e-09	3.364880e+01	2.342053e+02
1.530000e-06	4.531024e-06	3.552421e-09	3.380709e+01	2.346637e+02
1.540000e-06	4.550910e-06	3.558956e-09	3.395546e+01	2.350862e+02
1.550000e-06	4.569277e-06	3.563964e-09	3.409250e+01	2.354759e+02
1.560000e-06	4.585846e-06	3.569535e-09	3.421613e+01	2.358350e+02
1.570000e-06	4.600661e-06	3.575660e-09	3.432667e+01	2.361646e+02
1.580000e-06	4.613773e-06	3.581135e-09	3.442450e+01	2.364648e+02
1.590000e-06	4.625045e-06	3.585165e-09	3.450861e+01	2.367349e+02
1.600000e-06	4.634351e-06	3.589373e-09	3.457804e+01	2.369735e+02
1.610000e-06	4.641909e-06	3.593291e-09	3.463443e+01	2.371789e+02
1.620000e-06	4.647929e-06	3.596485e-09	3.467934e+01	2.373496e+02
1.630000e-06	4.652470e-06	3.599260e-09	3.471323e+01	2.374843e+02
1.640000e-06	4.655410e-06	3.602550e-09	3.473517e+01	2.375825e+02
1.650000e-06	4.656554e-06	3.607133e-09	3.474370e+01	2.376448e+02
1.660000e-06	4.656026e-06	3.607421e-09	3.473976e+01	2.376726e+02
1.670000e-06	4.653995e-06	3.603026e-09	3.472460e+01	2.376683e+02
1.680000e-06	4.650582e-06	3.603870e-09	3.469914e+01	2.376353e+02
1.690000e-06	4.645711e-06	3.607277e-09	3.466280e+01	2.375775e+02
1.700000e-06	4.639144e-06	3.609128e-09	3.461380e+01	2.374990e+02
1.710000e-06	4.631043e-06	3.609852e-09	3.455336e+01	2.374037e+02
1.720000e-06	4.621634e-06	3.618408e-09	3.448315e+01	2.372950e+02
1.730000e-06	4.610805e-06	3.636199e-09	3.440235e+01	2.371753e+02
1.740000e-06	4.598390e-06	3.578014e-09	3.430973e+01	2.370460e+02
1.750000e-06	4.583922e-06	3.540811e-09	3.420178e+01	2.369070e+02
1.760000e-06	4.567007e-06	3.568060e-09	3.407557e+01	2.367569e+02
1.770000e-06	4.548007e-06	3.602316e-09	3.393381e+01	2.365930e+02
1.780000e-06	4.527786e-06	3.696599e-09	3.378293e+01	2.364116e+02
1.790000e-06	4.507002e-06	3.576185e-09	3.362785e+01	2.362083e+02
1.800000e-06	4.485044e-06	3.508076e-09	3.346402e+01	2.359787e+02
1.810000e-06	4.460932e-06	3.694139e-09	3.328411e+01	2.357182e+02
1.820000e-06	4.435204e-06	3.553043e-09	3.309215e+01	2.354231e+02
1.830000e-06	4.408406e-06	3.498077e-09	3.289220e+01	2.350903e+02
1.840000e-06	4.379809e-06	3.704512e-09	3.267884e+01	2.347182e+02
1.850000e-06	4.349250e-06	3.550118e-09	3.245083e+01	2.343063e+02
1.860000e-06	4.317259e-06	3.499462e-09	3.221214e+01	2.338553e+02
1.870000e-06	4.283822e-06	3.636670e-09	3.196265e+01	2.333673e+02
1.880000e-06	4.249003e-06	3.496428e-09	3.170286e+01	2.328448e+02
1.890000e-06	4.212769e-06	3.548535e-09	3.143251e+01	2.322911e+02
1.900000e-06	4.174759e-06	3.590029e-09	3.114890e+01	2.317094e+02
1.910000e-06	4.135082e-06	3.476695e-09	3.085287e+01	2.311026e+02
1.920000e-06	4.093866e-06	3.582484e-09	3.054535e+01	2.304727e+02
1.930000e-06	4.051316e-06	3.488212e-09	3.022787e+01	2.298210e+02
1.940000e-06	4.007637e-06	3.453084e-09	2.990197e+01	2.291472e+02
1.950000e-06	3.962513e-06	3.572468e-09	2.956529e+01	2.284501e+02
1.960000e-06	3.915730e-06	3.452296e-09	2.921623e+01	2.277273e+02
1.970000e-06	3.867367e-06	3.451752e-09	2.885538e+01	2.269752e+02
1.980000e-06	3.817608e-06	3.482121e-09	2.848412e+01	2.261901e+02
1.990000e-06	3.766540e-06	3.445944e-09	2.810308e+01	2.253676e+02
2.000000e-06	3.713937e-06	3.448763e-09	2.771060e+01	2.245039e+02
2.010000e-06	3.659662e-06	3.388415e-09	2.730564e+01	2.235954e+02
2.020000e-06	3.603902e-06	3.432521e-09	2.688960e+01	2.226398e+02
2.030000e-06	3.546898e-06	3.394513e-09	2.646428e+01	2.216354e+02
2.040000e-06	3.488701e-06	3.335794e-09	2.603006e+01	2.205820e+02
2.050000e-06	3.429352e-06	3.384244e-09	2.558724e+01	2.194804e+02
2.060000e-06	3.369034e-06	3.350942e-09	2.513719e+01	2.183324e+02
2.070000e-06	3.307479e-06	3.342601e-09	2.467792e+01	2.171403e+02
2.080000e-06	3.244442e-06	3.277886e-09	2.420758e+01	2.159067e+02
2.090000e-06	3.180218e-06	3.271585e-09	2.372839e+01	2.146339e+02
2.100000e-06	3.114954e-06	3.310762e-09	2.324144e+01	2.133238e+02
2.110000e-06	3.048594e-06	3.233577e-09	2.274631e+01	2.119773e+02
2.120000e-06	2.981226e-06	3.220458e-09	2.224366e+01	2.105943e+02
2.130000e-06	2.912927e-06	3.210117e-09	2.173407e+01	2.091731e+02
2.140000e-06	2.843481e-06	3.197170e-09	2.121591e+01	2.077111e+02
2.150000e-06	2.772739e-06	3.157311e-09	2.068809e+01	2.062044e+02
2.160000e-06	2.700897e-06	3.118478e-09	2.015206e+01	2.046483e+02
2.170000e-06	2.628157e-06	3.135610e-09	1.960933e+01	2.030377e+02
2.180000e-06	2.554549e-06	3.088185e-09	1.906012e+01	2.013673e+02
2.190000e-06	2.480083e-06	3.045691e-09	1.850451e+01	1.996323e+02
2.200000e-06	2.404703e-06	3.025891e-09	1.794208e+01	1.978286e+02
2.210000e-06	2.328278e-06	3.013144e-09	1.737186e+01	1.959532e+02
2.220000e-06	2.250690e-06	2.976427e-09	1.679295e+01	1.940040e+02
2.230000e-06	2.171989e-06	2.927582e-09	1.620575e+01	1.919803e+02
2.240000e-06	2.092427e-06	2.920926e-09	1.561212e+01	1.898823e+02
2.250000e-06	2.012210e-06	2.890950e-09	1.501360e+01	1.877107e+02
2.260000e-06	1.931387e-06	2.844236e-09	1.441055e+01	1.854667e+02
2.270000e-06	1.849891e-06	2.806592e-09	1.380249e+01	1.831514e+02
2.280000e-06	1.767746e-06	2.779497e-09	1.318959e+01	1.807652e+02
2.290000e-06	1.684985e-06	2.742440e-09	1.257209e+01	1.783072e+02
2.300000e-06	1.601678e-06	2.694273e-09	1.195052e+01	1.757756e+02
2.310000e-06	1.518008e-06	2.663060e-09	1.132623e+01	1.731665e+02
2.320000e-06	1.433947e-06	2.623784e-09	1.069903e+01	1.704748e+02
2.330000e-06	1.349358e-06	2.574363e-09	1.006789e+01	1.676937e+02
2.340000e-06	1.264210e-06	2.528554e-09	9.432581e+00	1.648153e+02
2.350000e-06	1.178524e-06	2.484807e-09	8.793260e+00	1.618308e+02
2.360000e-06	1.092279e-06	2.438036e-09	8.149764e+00	1.587314e+02
2.370000e-06	1.005553e-06	2.387210e-09	7.502676e+00	1.555083e+02
2.380000e-06	9.184487e-07	2.338628e-09	6.852773e+00	1.521535e+02
2.390000e-06	8.310273e-07	2.286073e-09	6.200500e+00	1.486597e+02
2.400000e-06	7.433430e-07	2.228747e-09	5.546266e+00	1.450212e+02
2.410000e-06	6.554448e-07	2.173368e-09	4.890435e+00	1.412329e+02
2.420000e-06	5.673863e-07	2.116021e-09	4.233410e+00	1.372908e+02
2.430000e-06	4.792018e-07	2.052177e-09	3.575443e+00	1.331910e+02
2.440000e-06	3.909657e-07	1.988422e-09	2.917092e+00	1.289291e+02
2.450000e-06	3.026221e-07	1.924821e-09	2.257939e+00	1.244995e+02
2.460000e-06	2.140601e-07	1.851944e-09	1.597155e+00	1.198941e+02
2.470000e-06	1.253821e-07	1.774049e-09	9.355071e-01	1.151024e+02
2.480000e-06	3.676345e-08	1.697728e-09	2.743012e-01	1.101098e+02
2.490000e-06	-5.180058e-08	1.618490e-09	-3.864969e-01	1.048982e+02
2.500000e-06	-1.403936e-07	1.534913e-09	-1.047511e+00	9.944558e+01
2.510000e-06	-2.289544e-07	1.447423e-09	-1.708285e+00	9.372631e+01
2.520000e-06	-3.174309e-07	1.356155e-09	-2.368430e+00	8.771246e+01
2.530000e-06	-4.058160e-07	1.257360e-09	-3.027893e+00	8.137487e+01
2.540000e-06	-4.940784e-07	1.152345e-09	-3.686441e+00	7.468494e+01
2.550000e-06	-5.822035e-07	1.046526e-09	-4.343964e+00	6.761663e+01
2.560000e-06	-6.701701e-07	9.344570e-10	-5.000305e+00	6.014866e+01
2.570000e-06	-7.579494e-07	8.101414e-10	-5.655247e+00	5.226667e+01
2.580000e-06	-8.455097e-07	6.771280e-10	-6.308556e+00	4.396528e+01
2.590000e-06	-9.328133e-07	5.418914e-10	-6.959950e+00	3.524981e+01
2.600000e-06	-1.019731e-06	4.043993e-10	-7.608468e+00	2.613757e+01
2.610000e-06	-1.106154e-06	2.620008e-10	-8.253291e+00	1.665854e+01
2.620000e-06	-1.191994e-06	1.146118e-10	-8.893762e+00	6.855365e+00
2.630000e-06	-1.277158e-06	-3.698118e-11	-9.529190e+00	-3.217356e+00
2.640000e-06	-1.361726e-06	-1.920329e-10	-1.016017e+01	-1.349445e+01
2.650000e-06	-1.445805e-06	-3.504619e-10	-1.078751e+01	-2.390227e+01
2.660000e-06	-1.529438e-06	-5.124661e-10	-1.141152e+01	-3.436121e+01
2.670000e-06	-1.612666e-06	-6.739614e-10	-1.203250e+01	-4.478876e+01
2.680000e-06	-1.695369e-06	-8.317797e-10	-1.264956e+01	-5.510260e+01
2.690000e-06	-1.777466e-06	-9.861668e-10	-1.326211e+01	-6.522382e+01
2.700000e-06	-1.858930e-06	-1.137986e-09	-1.386994e+01	-7.507986e+01
2.710000e-06	-1.939701e-06	-1.284818e-09	-1.447259e+01	-8.460714e+01
2.720000e-06	-2.019896e-06	-1.422771e-09	-1.507095e+01	-9.375310e+01
2.730000e-06	-2.099598e-06	-1.555142e-09	-1.566562e+01	-1.024776e+02
2.740000e-06	-2.178576e-06	-1.683085e-09	-1.625489e+01	-1.107538e+02
2.750000e-06	-2.256494e-06	-1.804679e-09	-1.683626e+01	-1.185676e+02
2.760000e-06	-2.333219e-06	-1.918132e-09	-1.740872e+01	-1.259175e+02
2.770000e-06	-2.408939e-06	-2.023795e-09	-1.797369e+01	-1.328130e+02
2.780000e-06	-2.483852e-06	-2.122789e-09	-1.853263e+01	-1.392725e+02
2.790000e-06	-2.557907e-06	-2.214879e-09	-1.908517e+01	-1.453217e+02
2.800000e-06	-2.631031e-06	-2.301331e-09	-1.963077e+01	-1.509904e+02
2.810000e-06	-2.703289e-06	-2.382235e-09	-2.016991e+01	-1.563112e+02
2.820000e-06	-2.774771e-06	-2.458891e-09	-2.070325e+01	-1.613163e+02
2.830000e-06	-2.845216e-06	-2.533137e-09	-2.122886e+01	-1.660365e+02
2.840000e-06	-2.914359e-06	-2.605377e-09	-2.174476e+01	-1.704991e+02
2.850000e-06	-2.982424e-06	-2.674354e-09	-2.225260e+01	-1.747274e+02
2.860000e-06	-3.049553e-06	-2.739693e-09	-2.275347e+01	-1.787399e+02
2.870000e-06	-3.115673e-06	-2.801264e-09	-2.324681e+01	-1.825506e+02
2.880000e-06	-3.180742e-06	-2.857330e-09	-2.373231e+01	-1.861691e+02
2.890000e-06	-3.244809e-06	-2.909160e-09	-2.421032e+01	-1.896017e+02
2.900000e-06	-3.307739e-06	-2.961587e-09	-2.467986e+01	-1.928519e+02
2.910000e-06	-3.369190e-06	-3.014564e-09	-2.513836e+01	-1.959219e+02
2.920000e-06	-3.429295e-06	-3.061371e-09	-2.558682e+01	-1.988136e+02
2.930000e-06	-3.488327e-06	-3.101898e-09	-2.602727e+01	-2.015292e+02
2.940000e-06	-3.546155e-06	-3.143328e-09	-2.645874e+01	-2.040722e+02
2.950000e-06	-3.602682e-06	-3.184524e-09	-2.688050e+01	-2.064479e+02
2.960000e-06	-3.657989e-06	-3.220562e-09	-2.729316e+01	-2.086635e+02
2.970000e-06	-3.711819e-06	-3.253834e-09	-2.769480e+01	-2.107280e+02
2.980000e-06	-3.763966e-06	-3.286440e-09	-2.808388e+01	-2.126520e+02
2.990000e-06	-3.814582e-06	-3.315258e-09	-2.846154e+01	-2.144471e+02
3.000000e-06	-3.863594e-06	-3.339749e-09	-2.882723e+01	-2.161254e+02
3.010000e-06	-3.910879e-06	-3.364242e-09	-2.918003e+01	-2.176987e+02
3.020000e-06	-3.956729e-06	-3.388790e-09	-2.952213e+01	-2.191778e+02
3.030000e-06	-4.001428e-06	-3.411229e-09	-2.985564e+01	-2.205726e+02
3.040000e-06	-4.044981e-06	-3.431650e-09	-3.018060e+01	-2.218909e+02
3.050000e-06	-4.087293e-06	-3.451540e-09	-3.049630e+01	-2.231389e+02
3.060000e-06	-4.128239e-06	-3.469667e-09	-3.080181e+01	-2.243206e+02
3.070000e-06	-4.167865e-06	-3.486615e-09	-3.109747e+01	-2.254388e+02
3.080000e-06	-4.205929e-06	-3.500859e-09	-3.138147e+01	-2.264947e+02
3.090000e-06	-4.242324e-06	-3.514187e-09	-3.165303e+01	-2.274885e+02
3.100000e-06	-4.277301e-06	-3.528552e-09	-3.191400e+01	-2.284203e+02
3.110000e-06	-4.310847e-06	-3.542054e-09	-3.216430e+01	-2.292901e+02
3.120000e-06	-4.342986e-06	-3.554002e-09	-3.240409e+01	-2.300982e+02
3.130000e-06	-4.373557e-06	-3.563050e-09	-3.263219e+01	-2.308458e+02
3.140000e-06	-4.402394e-06	-3.571441e-09	-3.284735e+01	-2.315350e+02
3.150000e-06	-4.429700e-06	-3.579743e-09	-3.305108e+01	-2.321686e+02
3.160000e-06	-4.455509e-06	-3.589426e-09	-3.324365e+01	-2.327503e+02
3.170000e-06	-4.479819e-06	-3.599653e-09	-3.342503e+01	-2.332843e+02
3.180000e-06	-4.502592e-06	-3.608637e-09	-3.359495e+01	-2.337751e+02
3.190000e-06	-4.523615e-06	-3.615339e-09	-3.375181e+01	-2.342268e+02
3.200000e-06	-4.542982e-06	-3.619539e-09	-3.389631e+01	-2.346432e+02
3.210000e-06	-4.560853e-06	-3.622943e-09	-3.402965e+01	-2.350272e+02
3.220000e-06	-4.577193e-06	-3.626927e-09	-3.415157e+01	-2.353809e+02
3.230000e-06	-4.591703e-06	-3.631404e-09	-3.425983e+01	-2.357052e+02
3.240000e-06	-4.604237e-06	-3.634624e-09	-3.435335e+01	-2.360001e+02
3.250000e-06	-4.615049e-06	-3.636642e-09	-3.443402e+01	-2.362646e+02
3.260000e-06	-4.624267e-06	-3.640377e-09	-3.450279e+01	-2.364973e+02
3.270000e-06	-4.631888e-06	-3.644462e-09	-3.455966e+01	-2.366966e+02
3.280000e-06	-4.637679e-06	-3.646447e-09	-3.460287e+01	-2.368608e+02
3.290000e-06	-4.641688e-06	-3.646684e-09	-3.463278e+01	-2.369890e+02
3.300000e-06	-4.644242e-06	-3.645208e-09	-3.465183e+01	-2.370807e+02
3.310000e-06	-4.645334e-06	-3.644188e-09	-3.465998e+01	-2.371366e+02
