# Temperatura_=_20.0
# Concentracion g/m^3_=_4600.0
# C_Vs_to_Am_M_A/Vsm_=_65563218390.804596
# pendiente_HvsI_1/m_=_3716.3
# ordenada_HvsI_A/m_=_1297.0
# frecuencia_Hz_=_302588.1611991828

Tiempo_(s)	Campo_(V.s)	Magnetizacion_(V.s)	Campo_(kA/m)	Magnetizacion_(A/m)
0.000000e+00	-7.979586e-06	-5.236951e-09	-5.756716e+01	-3.416465e+02
1.000000e-08	-7.976748e-06	-5.234013e-09	-5.754669e+01	-3.418862e+02
2.000000e-08	-7.971271e-06	-5.228183e-09	-5.750717e+01	-3.421605e+02
3.000000e-08	-7.963229e-06	-5.224495e-09	-5.744916e+01	-3.422548e+02
4.000000e-08	-7.952416e-06	-5.222388e-09	-5.737115e+01	-3.420407e+02
5.000000e-08	-7.938625e-06	-5.218451e-09	-5.727166e+01	-3.415499e+02
6.000000e-08	-7.921898e-06	-5.213349e-09	-5.715098e+01	-3.409585e+02
7.000000e-08	-7.902672e-06	-5.202000e-09	-5.701228e+01	-3.404880e+02
8.000000e-08	-7.881197e-06	-5.202261e-09	-5.685735e+01	-3.402799e+02
9.000000e-08	-7.857082e-06	-5.224477e-09	-5.668338e+01	-3.403126e+02
1.000000e-07	-7.829865e-06	-5.195903e-09	-5.648703e+01	-3.404082e+02
1.100000e-07	-7.799599e-06	-5.177105e-09	-5.626868e+01	-3.403274e+02
1.200000e-07	-7.766460e-06	-5.179891e-09	-5.602960e+01	-3.399006e+02
1.300000e-07	-7.730547e-06	-5.170393e-09	-5.577052e+01	-3.391234e+02
1.400000e-07	-7.692171e-06	-5.140891e-09	-5.549366e+01	-3.381642e+02
1.500000e-07	-7.651480e-06	-5.111242e-09	-5.520011e+01	-3.372758e+02
1.600000e-07	-7.608405e-06	-5.187322e-09	-5.488935e+01	-3.366606e+02
1.700000e-07	-7.562726e-06	-5.167259e-09	-5.455981e+01	-3.363599e+02
1.800000e-07	-7.514276e-06	-5.122130e-09	-5.421028e+01	-3.362297e+02
1.900000e-07	-7.462981e-06	-5.161924e-09	-5.384022e+01	-3.360162e+02
2.000000e-07	-7.408862e-06	-5.087544e-09	-5.344979e+01	-3.354924e+02
2.100000e-07	-7.352036e-06	-5.081718e-09	-5.303983e+01	-3.345816e+02
2.200000e-07	-7.292491e-06	-5.077930e-09	-5.261025e+01	-3.334013e+02
2.300000e-07	-7.230297e-06	-5.057878e-09	-5.216157e+01	-3.322020e+02
2.400000e-07	-7.165471e-06	-5.076920e-09	-5.169389e+01	-3.312333e+02
2.500000e-07	-7.097895e-06	-5.039705e-09	-5.120638e+01	-3.306090e+02
2.600000e-07	-7.027592e-06	-5.040291e-09	-5.069919e+01	-3.302428e+02
2.700000e-07	-6.954495e-06	-5.024510e-09	-5.017184e+01	-3.298922e+02
2.800000e-07	-6.878537e-06	-5.028037e-09	-4.962386e+01	-3.292850e+02
2.900000e-07	-6.799837e-06	-4.993682e-09	-4.905609e+01	-3.282646e+02
3.000000e-07	-6.718484e-06	-4.973943e-09	-4.846919e+01	-3.268726e+02
3.100000e-07	-6.634735e-06	-4.980330e-09	-4.786500e+01	-3.253269e+02
3.200000e-07	-6.548747e-06	-4.931893e-09	-4.724465e+01	-3.239050e+02
3.300000e-07	-6.460423e-06	-4.921687e-09	-4.660745e+01	-3.227962e+02
3.400000e-07	-6.369730e-06	-4.911418e-09	-4.595317e+01	-3.220009e+02
3.500000e-07	-6.276721e-06	-4.898090e-09	-4.528218e+01	-3.213323e+02
3.600000e-07	-6.181452e-06	-4.866305e-09	-4.459487e+01	-3.205185e+02
3.700000e-07	-6.083903e-06	-4.855804e-09	-4.389112e+01	-3.193496e+02
3.800000e-07	-5.984118e-06	-4.846812e-09	-4.317124e+01	-3.177906e+02
3.900000e-07	-5.882214e-06	-4.811681e-09	-4.243608e+01	-3.159974e+02
4.000000e-07	-5.778200e-06	-4.784769e-09	-4.168569e+01	-3.142294e+02
4.100000e-07	-5.672091e-06	-4.762542e-09	-4.092019e+01	-3.127044e+02
4.200000e-07	-5.564014e-06	-4.749481e-09	-4.014049e+01	-3.114777e+02
4.300000e-07	-5.454008e-06	-4.717923e-09	-3.934687e+01	-3.104108e+02
4.400000e-07	-5.342016e-06	-4.700872e-09	-3.853893e+01	-3.092476e+02
4.500000e-07	-5.227941e-06	-4.683498e-09	-3.771596e+01	-3.077568e+02
4.600000e-07	-5.111773e-06	-4.653183e-09	-3.687789e+01	-3.058614e+02
4.700000e-07	-4.993730e-06	-4.614098e-09	-3.602629e+01	-3.036830e+02
4.800000e-07	-4.873973e-06	-4.588951e-09	-3.516233e+01	-3.014761e+02
4.900000e-07	-4.752417e-06	-4.570976e-09	-3.428539e+01	-2.994870e+02
5.000000e-07	-4.629059e-06	-4.538650e-09	-3.339544e+01	-2.978156e+02
5.100000e-07	-4.504053e-06	-4.507046e-09	-3.249361e+01	-2.963583e+02
5.200000e-07	-4.377443e-06	-4.476235e-09	-3.158020e+01	-2.948648e+02
5.300000e-07	-4.249208e-06	-4.447622e-09	-3.065508e+01	-2.930783e+02
5.400000e-07	-4.119407e-06	-4.412050e-09	-2.971865e+01	-2.908819e+02
5.500000e-07	-3.988062e-06	-4.382939e-09	-2.877109e+01	-2.883663e+02
5.600000e-07	-3.855178e-06	-4.354090e-09	-2.781243e+01	-2.857783e+02
5.700000e-07	-3.720788e-06	-4.320205e-09	-2.684290e+01	-2.833758e+02
5.800000e-07	-3.585029e-06	-4.278177e-09	-2.586349e+01	-2.812708e+02
5.900000e-07	-3.447891e-06	-4.232775e-09	-2.487414e+01	-2.793508e+02
6.000000e-07	-3.309276e-06	-4.190858e-09	-2.387412e+01	-2.773302e+02
6.100000e-07	-3.169258e-06	-4.150128e-09	-2.286399e+01	-2.749089e+02
6.200000e-07	-3.027920e-06	-4.114182e-09	-2.184434e+01	-2.719518e+02
6.300000e-07	-2.885281e-06	-4.076982e-09	-2.081529e+01	-2.685860e+02
6.400000e-07	-2.741537e-06	-4.038974e-09	-1.977828e+01	-2.651497e+02
6.500000e-07	-2.596847e-06	-3.994758e-09	-1.873444e+01	-2.620118e+02
6.600000e-07	-2.451176e-06	-3.946032e-09	-1.768353e+01	-2.593541e+02
6.700000e-07	-2.304631e-06	-3.892231e-09	-1.662631e+01	-2.570396e+02
6.800000e-07	-2.157353e-06	-3.838534e-09	-1.556380e+01	-2.546524e+02
6.900000e-07	-2.009432e-06	-3.788450e-09	-1.449666e+01	-2.517028e+02
7.000000e-07	-1.860925e-06	-3.735781e-09	-1.342528e+01	-2.478977e+02
7.100000e-07	-1.711880e-06	-3.681905e-09	-1.235002e+01	-2.433262e+02
7.200000e-07	-1.562320e-06	-3.625386e-09	-1.127105e+01	-2.384455e+02
7.300000e-07	-1.412219e-06	-3.564445e-09	-1.018818e+01	-2.338507e+02
7.400000e-07	-1.261574e-06	-3.497251e-09	-9.101379e+00	-2.299330e+02
7.500000e-07	-1.110404e-06	-3.428138e-09	-8.010792e+00	-2.266087e+02
7.600000e-07	-9.588459e-07	-3.357060e-09	-6.917406e+00	-2.232787e+02
7.700000e-07	-8.070419e-07	-3.281329e-09	-5.822246e+00	-2.190743e+02
7.800000e-07	-6.549652e-07	-3.197292e-09	-4.725118e+00	-2.132871e+02
7.900000e-07	-5.026874e-07	-3.101380e-09	-3.626540e+00	-2.057633e+02
8.000000e-07	-3.502515e-07	-2.994181e-09	-2.526821e+00	-1.970286e+02
8.100000e-07	-1.976199e-07	-2.875558e-09	-1.425690e+00	-1.880169e+02
8.200000e-07	-4.490004e-08	-2.742935e-09	-3.239226e-01	-1.794709e+02
8.300000e-07	1.078197e-07	-2.588095e-09	7.778442e-01	-1.712672e+02
8.400000e-07	2.604882e-07	-2.404365e-09	1.879241e+00	-1.620058e+02
8.500000e-07	4.130694e-07	-2.176994e-09	2.980008e+00	-1.491319e+02
8.600000e-07	5.655634e-07	-1.887291e-09	4.080147e+00	-1.296459e+02
8.700000e-07	7.179384e-07	-1.508126e-09	5.179426e+00	-1.011950e+02
8.800000e-07	8.701331e-07	-9.982413e-10	6.277405e+00	-6.313839e+01
8.900000e-07	1.022067e-06	-3.091906e-10	7.373501e+00	-1.714209e+01
9.000000e-07	1.173738e-06	5.438398e-10	8.467706e+00	3.298468e+01
9.100000e-07	1.324976e-06	1.394090e-09	9.558779e+00	8.221164e+01
9.200000e-07	1.475611e-06	2.053416e-09	1.064550e+01	1.256625e+02
9.300000e-07	1.625703e-06	2.486750e-09	1.172831e+01	1.599512e+02
9.400000e-07	1.775271e-06	2.772528e-09	1.280734e+01	1.839990e+02
9.500000e-07	1.924246e-06	2.979517e-09	1.388210e+01	1.990590e+02
9.600000e-07	2.072542e-06	3.145097e-09	1.495195e+01	2.079867e+02
9.700000e-07	2.220056e-06	3.286996e-09	1.601616e+01	2.140850e+02
9.800000e-07	2.366724e-06	3.408598e-09	1.707426e+01	2.199859e+02
9.900000e-07	2.512506e-06	3.515177e-09	1.812598e+01	2.269791e+02
1.000000e-06	2.657290e-06	3.612259e-09	1.917050e+01	2.349733e+02
1.010000e-06	2.801094e-06	3.703504e-09	2.020795e+01	2.430003e+02
1.020000e-06	2.943866e-06	3.787699e-09	2.123794e+01	2.499624e+02
1.030000e-06	3.085484e-06	3.865480e-09	2.225962e+01	2.552623e+02
1.040000e-06	3.225898e-06	3.939287e-09	2.327261e+01	2.590581e+02
1.050000e-06	3.364995e-06	4.007931e-09	2.427610e+01	2.620937e+02
1.060000e-06	3.502713e-06	4.071769e-09	2.526963e+01	2.652539e+02
1.070000e-06	3.639075e-06	4.131743e-09	2.625339e+01	2.691043e+02
1.080000e-06	3.774082e-06	4.189423e-09	2.722738e+01	2.736486e+02
1.090000e-06	3.907739e-06	4.244185e-09	2.819162e+01	2.784002e+02
1.100000e-06	4.040082e-06	4.293660e-09	2.914638e+01	2.826975e+02
1.110000e-06	4.170988e-06	4.338113e-09	3.009078e+01	2.860779e+02
1.120000e-06	4.300356e-06	4.381484e-09	3.102408e+01	2.885117e+02
1.130000e-06	4.428191e-06	4.424587e-09	3.194632e+01	2.903899e+02
1.140000e-06	4.554488e-06	4.467895e-09	3.285747e+01	2.922911e+02
1.150000e-06	4.679265e-06	4.509990e-09	3.375764e+01	2.946681e+02
1.160000e-06	4.802452e-06	4.548038e-09	3.464635e+01	2.976226e+02
1.170000e-06	4.923909e-06	4.582882e-09	3.552258e+01	3.008792e+02
1.180000e-06	5.043626e-06	4.614523e-09	3.638625e+01	3.039600e+02
1.190000e-06	5.161576e-06	4.645841e-09	3.723718e+01	3.064523e+02
1.200000e-06	5.277583e-06	4.675739e-09	3.807409e+01	3.082264e+02
1.210000e-06	5.391465e-06	4.704418e-09	3.889567e+01	3.094885e+02
1.220000e-06	5.503237e-06	4.731261e-09	3.970203e+01	3.106537e+02
1.230000e-06	5.613062e-06	4.757592e-09	4.049434e+01	3.121149e+02
1.240000e-06	5.720977e-06	4.784542e-09	4.127287e+01	3.140367e+02
1.250000e-06	5.826790e-06	4.810121e-09	4.203624e+01	3.162818e+02
1.260000e-06	5.930442e-06	4.834170e-09	4.278401e+01	3.185031e+02
1.270000e-06	6.031921e-06	4.854063e-09	4.351611e+01	3.203432e+02
1.280000e-06	6.131127e-06	4.873258e-09	4.423182e+01	3.216303e+02
1.290000e-06	6.228007e-06	4.891948e-09	4.493073e+01	3.224643e+02
1.300000e-06	6.322558e-06	4.910634e-09	4.561286e+01	3.231531e+02
1.310000e-06	6.414892e-06	4.930780e-09	4.627898e+01	3.240380e+02
1.320000e-06	6.504909e-06	4.950953e-09	4.692839e+01	3.253070e+02
1.330000e-06	6.592583e-06	4.970110e-09	4.756090e+01	3.268980e+02
1.340000e-06	6.678009e-06	4.986626e-09	4.817719e+01	3.285411e+02
1.350000e-06	6.761141e-06	5.003358e-09	4.877693e+01	3.299134e+02
1.360000e-06	6.841830e-06	5.019069e-09	4.935904e+01	3.308198e+02
1.370000e-06	6.919964e-06	5.030768e-09	4.992273e+01	3.313001e+02
1.380000e-06	6.995442e-06	5.040548e-09	5.046725e+01	3.316070e+02
1.390000e-06	7.068270e-06	5.051801e-09	5.099265e+01	3.320681e+02
1.400000e-06	7.138576e-06	5.064727e-09	5.149986e+01	3.329078e+02
1.410000e-06	7.206360e-06	5.078163e-09	5.198887e+01	3.341273e+02
1.420000e-06	7.271565e-06	5.092218e-09	5.245928e+01	3.355045e+02
1.430000e-06	7.334201e-06	5.106249e-09	5.291116e+01	3.367144e+02
1.440000e-06	7.394286e-06	5.119265e-09	5.334463e+01	3.375023e+02
1.450000e-06	7.451775e-06	5.128986e-09	5.375937e+01	3.378182e+02
1.460000e-06	7.506691e-06	5.135693e-09	5.415555e+01	3.378409e+02
1.470000e-06	7.558724e-06	5.141882e-09	5.453094e+01	3.378808e+02
1.480000e-06	7.607625e-06	5.149503e-09	5.488372e+01	3.382148e+02
1.490000e-06	7.653679e-06	5.157869e-09	5.521597e+01	3.389425e+02
1.500000e-06	7.697045e-06	5.165423e-09	5.552883e+01	3.399379e+02
1.510000e-06	7.737617e-06	5.173712e-09	5.582152e+01	3.409212e+02
1.520000e-06	7.775471e-06	5.181616e-09	5.609462e+01	3.416090e+02
1.530000e-06	7.810639e-06	5.187965e-09	5.634833e+01	3.418623e+02
1.540000e-06	7.843006e-06	5.193457e-09	5.658183e+01	3.417545e+02
1.550000e-06	7.872596e-06	5.199441e-09	5.679530e+01	3.415250e+02
1.560000e-06	7.899419e-06	5.202361e-09	5.698881e+01	3.414480e+02
1.570000e-06	7.923348e-06	5.202655e-09	5.716144e+01	3.416870e+02
1.580000e-06	7.944427e-06	5.205308e-09	5.731351e+01	3.422143e+02
1.590000e-06	7.962722e-06	5.209933e-09	5.744550e+01	3.428351e+02
1.600000e-06	7.978138e-06	5.213327e-09	5.755672e+01	3.432997e+02
1.610000e-06	7.990517e-06	5.215235e-09	5.764602e+01	3.434413e+02
1.620000e-06	7.999703e-06	5.218032e-09	5.771229e+01	3.432625e+02
1.630000e-06	8.005879e-06	5.220469e-09	5.775685e+01	3.429262e+02
1.640000e-06	8.009244e-06	5.221521e-09	5.778112e+01	3.426592e+02
1.650000e-06	8.009748e-06	5.222808e-09	5.778476e+01	3.426225e+02
1.660000e-06	8.007519e-06	5.218826e-09	5.776868e+01	3.428221e+02
1.670000e-06	8.002683e-06	5.218698e-09	5.773379e+01	3.431089e+02
1.680000e-06	7.995150e-06	5.217003e-09	5.767944e+01	3.432658e+02
1.690000e-06	7.984918e-06	5.215825e-09	5.760563e+01	3.431329e+02
1.700000e-06	7.971888e-06	5.217542e-09	5.751163e+01	3.426995e+02
1.710000e-06	7.956088e-06	5.219259e-09	5.739764e+01	3.421124e+02
1.720000e-06	7.937868e-06	5.228220e-09	5.726619e+01	3.415936e+02
1.730000e-06	7.917326e-06	5.198108e-09	5.711800e+01	3.413153e+02
1.740000e-06	7.893928e-06	5.182803e-09	5.694920e+01	3.412997e+02
1.750000e-06	7.867081e-06	5.206384e-09	5.675552e+01	3.414022e+02
1.760000e-06	7.836680e-06	5.195086e-09	5.653619e+01	3.413866e+02
1.770000e-06	7.803277e-06	5.178985e-09	5.629521e+01	3.410543e+02
1.780000e-06	7.767532e-06	5.195976e-09	5.603734e+01	3.403552e+02
1.790000e-06	7.729465e-06	5.244111e-09	5.576271e+01	3.394192e+02
1.800000e-06	7.689222e-06	5.136027e-09	5.547239e+01	3.384901e+02
1.810000e-06	7.646929e-06	5.155751e-09	5.516727e+01	3.377955e+02
1.820000e-06	7.602112e-06	5.170465e-09	5.484395e+01	3.374234e+02
1.830000e-06	7.554539e-06	5.064110e-09	5.450074e+01	3.372725e+02
1.840000e-06	7.504101e-06	5.156368e-09	5.413687e+01	3.371049e+02
1.850000e-06	7.450668e-06	5.094621e-09	5.375138e+01	3.366736e+02
1.860000e-06	7.394475e-06	5.136682e-09	5.334600e+01	3.358562e+02
1.870000e-06	7.335577e-06	5.136236e-09	5.292109e+01	3.347234e+02
1.880000e-06	7.273977e-06	5.040564e-09	5.247668e+01	3.335031e+02
1.890000e-06	7.209626e-06	5.089938e-09	5.201243e+01	3.324592e+02
1.900000e-06	7.142491e-06	5.038697e-09	5.152811e+01	3.317493e+02
1.910000e-06	7.072586e-06	5.061579e-09	5.102379e+01	3.313373e+02
1.920000e-06	6.999882e-06	5.022975e-09	5.049928e+01	3.310101e+02
1.930000e-06	6.924520e-06	5.028424e-09	4.995560e+01	3.304887e+02
1.940000e-06	6.846423e-06	5.024976e-09	4.939218e+01	3.295763e+02
1.950000e-06	6.765683e-06	4.954007e-09	4.880969e+01	3.282625e+02
1.960000e-06	6.682493e-06	4.994064e-09	4.820954e+01	3.267293e+02
1.970000e-06	6.596800e-06	4.962221e-09	4.759133e+01	3.252532e+02
1.980000e-06	6.508582e-06	4.955327e-09	4.695489e+01	3.240582e+02
1.990000e-06	6.418021e-06	4.921288e-09	4.630155e+01	3.231961e+02
2.000000e-06	6.325307e-06	4.910990e-09	4.563269e+01	3.225208e+02
2.010000e-06	6.230300e-06	4.895785e-09	4.494728e+01	3.217681e+02
2.020000e-06	6.133069e-06	4.859408e-09	4.424583e+01	3.206996e+02
2.030000e-06	6.033732e-06	4.865703e-09	4.352918e+01	3.192305e+02
2.040000e-06	5.932217e-06	4.843964e-09	4.279682e+01	3.174736e+02
2.050000e-06	5.828506e-06	4.827753e-09	4.204862e+01	3.156750e+02
2.060000e-06	5.722756e-06	4.789020e-09	4.128571e+01	3.140766e+02
2.070000e-06	5.615097e-06	4.777444e-09	4.050902e+01	3.127816e+02
2.080000e-06	5.505473e-06	4.750380e-09	3.971816e+01	3.116967e+02
2.090000e-06	5.393869e-06	4.720352e-09	3.891301e+01	3.105832e+02
2.100000e-06	5.280190e-06	4.700489e-09	3.809289e+01	3.091895e+02
2.110000e-06	5.164541e-06	4.686683e-09	3.725857e+01	3.073916e+02
2.120000e-06	5.046960e-06	4.660482e-09	3.641031e+01	3.052635e+02
2.130000e-06	4.927356e-06	4.625092e-09	3.554744e+01	3.030380e+02
2.140000e-06	4.805911e-06	4.603123e-09	3.467130e+01	3.009778e+02
2.150000e-06	4.682756e-06	4.571189e-09	3.378283e+01	2.992292e+02
2.160000e-06	4.557893e-06	4.540593e-09	3.288203e+01	2.977384e+02
2.170000e-06	4.431343e-06	4.510161e-09	3.196906e+01	2.962808e+02
2.180000e-06	4.303126e-06	4.491208e-09	3.104406e+01	2.945863e+02
2.190000e-06	4.173331e-06	4.459547e-09	3.010768e+01	2.924924e+02
2.200000e-06	4.042037e-06	4.426020e-09	2.916049e+01	2.900379e+02
2.210000e-06	3.909304e-06	4.391585e-09	2.820291e+01	2.874416e+02
2.220000e-06	3.775129e-06	4.365114e-09	2.723493e+01	2.849746e+02
2.230000e-06	3.639441e-06	4.338805e-09	2.625603e+01	2.827971e+02
2.240000e-06	3.502320e-06	4.307627e-09	2.526680e+01	2.808533e+02
2.250000e-06	3.363889e-06	4.270228e-09	2.426812e+01	2.788891e+02
2.260000e-06	3.224236e-06	4.223488e-09	2.326062e+01	2.765900e+02
2.270000e-06	3.083333e-06	4.174820e-09	2.224410e+01	2.737659e+02
2.280000e-06	2.941189e-06	4.126781e-09	2.121863e+01	2.704768e+02
2.290000e-06	2.797859e-06	4.089966e-09	2.018461e+01	2.670212e+02
2.300000e-06	2.653400e-06	4.055747e-09	1.914243e+01	2.637813e+02
2.310000e-06	2.508036e-06	4.018243e-09	1.809373e+01	2.610035e+02
2.320000e-06	2.361916e-06	3.970224e-09	1.703958e+01	2.586341e+02
2.330000e-06	2.214979e-06	3.918185e-09	1.597953e+01	2.563130e+02
2.340000e-06	2.067243e-06	3.865521e-09	1.491372e+01	2.535439e+02
2.350000e-06	1.918788e-06	3.813551e-09	1.384272e+01	2.499611e+02
2.360000e-06	1.769712e-06	3.760593e-09	1.276724e+01	2.455505e+02
2.370000e-06	1.620194e-06	3.704457e-09	1.168857e+01	2.406915e+02
2.380000e-06	1.470203e-06	3.648137e-09	1.060649e+01	2.359750e+02
2.390000e-06	1.319728e-06	3.587010e-09	9.520923e+00	2.318748e+02
2.400000e-06	1.168851e-06	3.518134e-09	8.432447e+00	2.284406e+02
2.410000e-06	1.017537e-06	3.442062e-09	7.340821e+00	2.251898e+02
2.420000e-06	8.658136e-07	3.363717e-09	6.246243e+00	2.212849e+02
2.430000e-06	7.137713e-07	3.282290e-09	5.149364e+00	2.159347e+02
2.440000e-06	5.614379e-07	3.194354e-09	4.050384e+00	2.088212e+02
2.450000e-06	4.089179e-07	3.097598e-09	2.950058e+00	2.003095e+02
2.460000e-06	2.562489e-07	2.986669e-09	1.848657e+00	1.912782e+02
2.470000e-06	1.034762e-07	2.855827e-09	7.465087e-01	1.825836e+02
2.480000e-06	-4.939146e-08	2.701298e-09	-3.563250e-01	1.743733e+02
2.490000e-06	-2.023181e-07	2.521735e-09	-1.459584e+00	1.655791e+02
2.500000e-06	-3.551373e-07	2.309976e-09	-2.562069e+00	1.538894e+02
2.510000e-06	-5.078447e-07	2.048352e-09	-3.663746e+00	1.363226e+02
2.520000e-06	-6.604512e-07	1.707041e-09	-4.764696e+00	1.102554e+02
2.530000e-06	-8.128325e-07	1.245143e-09	-5.864021e+00	7.453802e+01
2.540000e-06	-9.648421e-07	6.120837e-10	-6.960665e+00	3.024301e+01
2.550000e-06	-1.116496e-06	-2.052635e-10	-8.054739e+00	-1.929630e+01
2.560000e-06	-1.267752e-06	-1.088575e-09	-9.145948e+00	-6.923607e+01
2.570000e-06	-1.418486e-06	-1.831049e-09	-1.023339e+01	-1.145257e+02
2.580000e-06	-1.568670e-06	-2.335464e-09	-1.131686e+01	-1.513027e+02
2.590000e-06	-1.718266e-06	-2.661041e-09	-1.239609e+01	-1.778767e+02
2.600000e-06	-1.867262e-06	-2.889846e-09	-1.347099e+01	-1.949602e+02
2.610000e-06	-2.015649e-06	-3.068160e-09	-1.454151e+01	-2.051074e+02
2.620000e-06	-2.163331e-06	-3.216566e-09	-1.560693e+01	-2.116237e+02
2.630000e-06	-2.310155e-06	-3.345678e-09	-1.666616e+01	-2.173946e+02
2.640000e-06	-2.456053e-06	-3.461046e-09	-1.771871e+01	-2.240744e+02
2.650000e-06	-2.601015e-06	-3.565114e-09	-1.876451e+01	-2.318867e+02
2.660000e-06	-2.744992e-06	-3.662265e-09	-1.980321e+01	-2.400158e+02
2.670000e-06	-2.887870e-06	-3.749315e-09	-2.083398e+01	-2.473272e+02
2.680000e-06	-3.029507e-06	-3.828082e-09	-2.185579e+01	-2.530571e+02
2.690000e-06	-3.169889e-06	-3.901868e-09	-2.286854e+01	-2.571755e+02
2.700000e-06	-3.309003e-06	-3.971890e-09	-2.387216e+01	-2.603147e+02
2.710000e-06	-3.446858e-06	-4.038522e-09	-2.486668e+01	-2.633715e+02
2.720000e-06	-3.583463e-06	-4.100924e-09	-2.585219e+01	-2.670255e+02
2.730000e-06	-3.718736e-06	-4.163489e-09	-2.682809e+01	-2.714265e+02
2.740000e-06	-3.852643e-06	-4.222981e-09	-2.779414e+01	-2.761878e+02
2.750000e-06	-3.985176e-06	-4.277980e-09	-2.875028e+01	-2.806552e+02
2.760000e-06	-4.116362e-06	-4.327393e-09	-2.969669e+01	-2.842860e+02
2.770000e-06	-4.246191e-06	-4.370786e-09	-3.063331e+01	-2.869333e+02
2.780000e-06	-4.374539e-06	-4.412791e-09	-3.155926e+01	-2.888978e+02
2.790000e-06	-4.501309e-06	-4.452837e-09	-3.247381e+01	-2.907405e+02
2.800000e-06	-4.626498e-06	-4.494224e-09	-3.337696e+01	-2.929729e+02
2.810000e-06	-4.750129e-06	-4.535870e-09	-3.426888e+01	-2.957954e+02
2.820000e-06	-4.872132e-06	-4.576412e-09	-3.514904e+01	-2.990174e+02
2.830000e-06	-4.992347e-06	-4.615957e-09	-3.601631e+01	-3.021877e+02
2.840000e-06	-5.110592e-06	-4.651882e-09	-3.686937e+01	-3.048525e+02
2.850000e-06	-5.226817e-06	-4.685182e-09	-3.770785e+01	-3.067986e+02
2.860000e-06	-5.340979e-06	-4.714781e-09	-3.853145e+01	-3.081540e+02
2.870000e-06	-5.452932e-06	-4.741731e-09	-3.933911e+01	-3.093013e+02
2.880000e-06	-5.562727e-06	-4.768765e-09	-4.013121e+01	-3.106613e+02
2.890000e-06	-5.670624e-06	-4.797761e-09	-4.090961e+01	-3.124691e+02
2.900000e-06	-5.776694e-06	-4.825483e-09	-4.167483e+01	-3.146603e+02
2.910000e-06	-5.880665e-06	-4.851455e-09	-4.242490e+01	-3.169241e+02
2.920000e-06	-5.982373e-06	-4.876300e-09	-4.315866e+01	-3.188852e+02
2.930000e-06	-6.081922e-06	-4.899490e-09	-4.387684e+01	-3.203115e+02
2.940000e-06	-6.179303e-06	-4.922143e-09	-4.457937e+01	-3.212353e+02
2.950000e-06	-6.274447e-06	-4.942103e-09	-4.526577e+01	-3.219259e+02
2.960000e-06	-6.367320e-06	-4.959822e-09	-4.593579e+01	-3.227352e+02
2.970000e-06	-6.457926e-06	-4.976205e-09	-4.658945e+01	-3.239035e+02
2.980000e-06	-6.546233e-06	-4.991278e-09	-4.722652e+01	-3.254329e+02
2.990000e-06	-6.632112e-06	-5.005642e-09	-4.784607e+01	-3.270941e+02
3.000000e-06	-6.715583e-06	-5.021483e-09	-4.844826e+01	-3.285598e+02
3.010000e-06	-6.796720e-06	-5.037864e-09	-4.903361e+01	-3.295885e+02
3.020000e-06	-6.875311e-06	-5.052154e-09	-4.960059e+01	-3.301579e+02
3.030000e-06	-6.951175e-06	-5.065969e-09	-5.014790e+01	-3.304771e+02
3.040000e-06	-7.024474e-06	-5.079777e-09	-5.067670e+01	-3.308714e+02
3.050000e-06	-7.095235e-06	-5.092949e-09	-5.118719e+01	-3.316063e+02
3.060000e-06	-7.163404e-06	-5.106717e-09	-5.167897e+01	-3.327438e+02
3.070000e-06	-7.229118e-06	-5.119115e-09	-5.215306e+01	-3.341106e+02
3.080000e-06	-7.292292e-06	-5.129660e-09	-5.260881e+01	-3.353916e+02
3.090000e-06	-7.352795e-06	-5.138854e-09	-5.304530e+01	-3.362987e+02
3.100000e-06	-7.410671e-06	-5.147444e-09	-5.346283e+01	-3.367237e+02
3.110000e-06	-7.465887e-06	-5.155942e-09	-5.386118e+01	-3.367929e+02
3.120000e-06	-7.518242e-06	-5.164524e-09	-5.423889e+01	-3.367979e+02
3.130000e-06	-7.567476e-06	-5.172898e-09	-5.459408e+01	-3.370400e+02
3.140000e-06	-7.613800e-06	-5.181154e-09	-5.492827e+01	-3.376723e+02
3.150000e-06	-7.657633e-06	-5.189199e-09	-5.524449e+01	-3.386230e+02
3.160000e-06	-7.698997e-06	-5.198346e-09	-5.554290e+01	-3.396383e+02
3.170000e-06	-7.737640e-06	-5.205919e-09	-5.582169e+01	-3.404203e+02
3.180000e-06	-7.773528e-06	-5.210706e-09	-5.608060e+01	-3.407834e+02
3.190000e-06	-7.806656e-06	-5.213361e-09	-5.631959e+01	-3.407478e+02
3.200000e-06	-7.836865e-06	-5.217356e-09	-5.653753e+01	-3.405214e+02
3.210000e-06	-7.864197e-06	-5.221050e-09	-5.673471e+01	-3.403842e+02
3.220000e-06	-7.888763e-06	-5.223904e-09	-5.691194e+01	-3.405385e+02
3.230000e-06	-7.910528e-06	-5.225593e-09	-5.706896e+01	-3.410066e+02
3.240000e-06	-7.929455e-06	-5.226892e-09	-5.720550e+01	-3.416274e+02
3.250000e-06	-7.945452e-06	-5.229555e-09	-5.732091e+01	-3.421518e+02
3.260000e-06	-7.958276e-06	-5.233459e-09	-5.741342e+01	-3.423808e+02
3.270000e-06	-7.968045e-06	-5.236574e-09	-5.748390e+01	-3.422716e+02
3.280000e-06	-7.974938e-06	-5.236643e-09	-5.753363e+01	-3.419534e+02
3.290000e-06	-7.979006e-06	-5.237274e-09	-5.756298e+01	-3.416491e+02
3.300000e-06	-7.980336e-06	-5.236068e-09	-5.757257e+01	-3.415471e+02
