# Temperatura_=_20.0
# Concentracion g/m^3_=_6200.0
# C_Vs_to_Am_M_A/Vsm_=_65563218390.804596
# pendiente_HvsI_1/m_=_3716.3
# ordenada_HvsI_A/m_=_1297.0
# frecuencia_Hz_=_301533.7683438888

Tiempo_(s)	Campo_(V.s)	Magnetizacion_(V.s)	Campo_(kA/m)	Magnetizacion_(A/m)
0.000000e+00	-4.645638e-06	-3.645232e-09	-3.466245e+01	-2.369963e+02
1.000000e-08	-4.644576e-06	-3.647594e-09	-3.465453e+01	-2.369914e+02
2.000000e-08	-4.641777e-06	-3.644124e-09	-3.463364e+01	-2.369551e+02
3.000000e-08	-4.637535e-06	-3.638564e-09	-3.460199e+01	-2.368903e+02
4.000000e-08	-4.631939e-06	-3.635813e-09	-3.456023e+01	-2.368006e+02
5.000000e-08	-4.624940e-06	-3.633984e-09	-3.450802e+01	-2.366890e+02
6.000000e-08	-4.616462e-06	-3.631238e-09	-3.444476e+01	-2.365585e+02
7.000000e-08	-4.606231e-06	-3.625517e-09	-3.436843e+01	-2.364113e+02
8.000000e-08	-4.594214e-06	-3.616135e-09	-3.427876e+01	-2.362485e+02
9.000000e-08	-4.580328e-06	-3.645542e-09	-3.417515e+01	-2.360704e+02
1.000000e-07	-4.564234e-06	-3.658026e-09	-3.405507e+01	-2.358761e+02
1.100000e-07	-4.546107e-06	-3.628577e-09	-3.391982e+01	-2.356640e+02
1.200000e-07	-4.526489e-06	-3.610127e-09	-3.377345e+01	-2.354315e+02
1.300000e-07	-4.505685e-06	-3.542875e-09	-3.361822e+01	-2.351760e+02
1.400000e-07	-4.483774e-06	-3.574850e-09	-3.345473e+01	-2.348944e+02
1.500000e-07	-4.460626e-06	-3.653156e-09	-3.328202e+01	-2.345842e+02
1.600000e-07	-4.436098e-06	-3.541915e-09	-3.309901e+01	-2.342433e+02
1.700000e-07	-4.410073e-06	-3.552961e-09	-3.290483e+01	-2.338705e+02
1.800000e-07	-4.382351e-06	-3.606969e-09	-3.269799e+01	-2.334654e+02
1.900000e-07	-4.353021e-06	-3.488273e-09	-3.247915e+01	-2.330288e+02
2.000000e-07	-4.322329e-06	-3.527384e-09	-3.225015e+01	-2.325624e+02
2.100000e-07	-4.290191e-06	-3.578250e-09	-3.201036e+01	-2.320686e+02
2.200000e-07	-4.256318e-06	-3.483299e-09	-3.175762e+01	-2.315500e+02
2.300000e-07	-4.220862e-06	-3.510891e-09	-3.149307e+01	-2.310096e+02
2.400000e-07	-4.184007e-06	-3.518599e-09	-3.121809e+01	-2.304500e+02
2.500000e-07	-4.145609e-06	-3.462427e-09	-3.093159e+01	-2.298731e+02
2.600000e-07	-4.105728e-06	-3.500812e-09	-3.063403e+01	-2.292800e+02
2.700000e-07	-4.064218e-06	-3.480379e-09	-3.032431e+01	-2.286706e+02
2.800000e-07	-4.021067e-06	-3.451803e-09	-3.000235e+01	-2.280436e+02
2.900000e-07	-3.976481e-06	-3.458551e-09	-2.966968e+01	-2.273967e+02
3.000000e-07	-3.930431e-06	-3.423521e-09	-2.932608e+01	-2.267264e+02
3.100000e-07	-3.882968e-06	-3.416939e-09	-2.897195e+01	-2.260288e+02
3.200000e-07	-3.833833e-06	-3.431651e-09	-2.860534e+01	-2.252993e+02
3.300000e-07	-3.782844e-06	-3.409984e-09	-2.822490e+01	-2.245337e+02
3.400000e-07	-3.730255e-06	-3.378064e-09	-2.783251e+01	-2.237280e+02
3.500000e-07	-3.676278e-06	-3.381497e-09	-2.742977e+01	-2.228790e+02
3.600000e-07	-3.621146e-06	-3.378491e-09	-2.701842e+01	-2.219846e+02
3.700000e-07	-3.564921e-06	-3.341608e-09	-2.659891e+01	-2.210436e+02
3.800000e-07	-3.507245e-06	-3.328765e-09	-2.616857e+01	-2.200562e+02
3.900000e-07	-3.448054e-06	-3.316271e-09	-2.572693e+01	-2.190234e+02
4.000000e-07	-3.387665e-06	-3.293953e-09	-2.527635e+01	-2.179470e+02
4.100000e-07	-3.326201e-06	-3.284469e-09	-2.481775e+01	-2.168292e+02
4.200000e-07	-3.263642e-06	-3.266808e-09	-2.435098e+01	-2.156722e+02
4.300000e-07	-3.200115e-06	-3.258709e-09	-2.387698e+01	-2.144778e+02
4.400000e-07	-3.135495e-06	-3.242158e-09	-2.339484e+01	-2.132468e+02
4.500000e-07	-3.069385e-06	-3.202811e-09	-2.290157e+01	-2.119792e+02
4.600000e-07	-3.002002e-06	-3.184833e-09	-2.239880e+01	-2.106735e+02
4.700000e-07	-2.933781e-06	-3.177091e-09	-2.188979e+01	-2.093270e+02
4.800000e-07	-2.864704e-06	-3.155284e-09	-2.137439e+01	-2.079359e+02
4.900000e-07	-2.794551e-06	-3.123153e-09	-2.085096e+01	-2.064951e+02
5.000000e-07	-2.723407e-06	-3.105541e-09	-2.032013e+01	-2.049994e+02
5.100000e-07	-2.651534e-06	-3.088217e-09	-1.978386e+01	-2.034430e+02
5.200000e-07	-2.578718e-06	-3.050034e-09	-1.924056e+01	-2.018206e+02
5.300000e-07	-2.504540e-06	-3.018272e-09	-1.868710e+01	-2.001276e+02
5.400000e-07	-2.429143e-06	-2.997187e-09	-1.812454e+01	-1.983604e+02
5.500000e-07	-2.352854e-06	-2.971924e-09	-1.755532e+01	-1.965167e+02
5.600000e-07	-2.275726e-06	-2.934389e-09	-1.697985e+01	-1.945956e+02
5.700000e-07	-2.197587e-06	-2.904964e-09	-1.639683e+01	-1.925976e+02
5.800000e-07	-2.118310e-06	-2.883376e-09	-1.580532e+01	-1.905241e+02
5.900000e-07	-2.038136e-06	-2.847495e-09	-1.520712e+01	-1.883772e+02
6.000000e-07	-1.957229e-06	-2.807424e-09	-1.460345e+01	-1.861592e+02
6.100000e-07	-1.875610e-06	-2.778343e-09	-1.399447e+01	-1.838719e+02
6.200000e-07	-1.793322e-06	-2.747909e-09	-1.338049e+01	-1.815163e+02
6.300000e-07	-1.710459e-06	-2.703286e-09	-1.276223e+01	-1.790920e+02
6.400000e-07	-1.627125e-06	-2.660656e-09	-1.214045e+01	-1.765968e+02
6.500000e-07	-1.543382e-06	-2.624020e-09	-1.151562e+01	-1.740268e+02
6.600000e-07	-1.459236e-06	-2.579229e-09	-1.088778e+01	-1.713760e+02
6.700000e-07	-1.374655e-06	-2.531377e-09	-1.025670e+01	-1.686369e+02
6.800000e-07	-1.289604e-06	-2.491948e-09	-9.622111e+00	-1.658005e+02
6.900000e-07	-1.204096e-06	-2.453015e-09	-8.984106e+00	-1.628573e+02
7.000000e-07	-1.118255e-06	-2.406797e-09	-8.343626e+00	-1.597975e+02
7.100000e-07	-1.032116e-06	-2.357438e-09	-7.700915e+00	-1.566118e+02
7.200000e-07	-9.456628e-07	-2.305255e-09	-7.055864e+00	-1.532920e+02
7.300000e-07	-8.588854e-07	-2.247581e-09	-6.408393e+00	-1.498310e+02
7.400000e-07	-7.718470e-07	-2.188529e-09	-5.758974e+00	-1.462237e+02
7.500000e-07	-6.846015e-07	-2.132428e-09	-5.108010e+00	-1.424662e+02
7.600000e-07	-5.971612e-07	-2.073400e-09	-4.455593e+00	-1.385561e+02
7.700000e-07	-5.095627e-07	-2.011590e-09	-3.801995e+00	-1.344914e+02
7.800000e-07	-4.218520e-07	-1.950361e-09	-3.147560e+00	-1.302701e+02
7.900000e-07	-3.340470e-07	-1.886832e-09	-2.492421e+00	-1.258889e+02
8.000000e-07	-2.461514e-07	-1.816009e-09	-1.836607e+00	-1.213428e+02
8.100000e-07	-1.582229e-07	-1.741530e-09	-1.180547e+00	-1.166235e+02
8.200000e-07	-7.023836e-08	-1.668404e-09	-5.240687e-01	-1.117188e+02
8.300000e-07	1.782093e-08	-1.589972e-09	1.329671e-01	-1.066125e+02
8.400000e-07	1.058569e-07	-1.505855e-09	7.898291e-01	-1.012839e+02
8.500000e-07	1.938453e-07	-1.418394e-09	1.446336e+00	-9.570810e+01
8.600000e-07	2.818047e-07	-1.327838e-09	2.102626e+00	-8.985706e+01
8.700000e-07	3.697200e-07	-1.232804e-09	2.758588e+00	-8.370072e+01
8.800000e-07	4.575260e-07	-1.133530e-09	3.413734e+00	-7.720869e+01
8.900000e-07	5.452062e-07	-1.031920e-09	4.067941e+00	-7.035231e+01
9.000000e-07	6.327807e-07	-9.251611e-10	4.721360e+00	-6.310689e+01
9.100000e-07	7.201825e-07	-8.109940e-10	5.373490e+00	-5.545394e+01
9.200000e-07	8.073679e-07	-6.901738e-10	6.024005e+00	-4.738344e+01
9.300000e-07	8.942948e-07	-5.628620e-10	6.672593e+00	-3.889565e+01
9.400000e-07	9.809743e-07	-4.282241e-10	7.319333e+00	-3.000261e+01
9.500000e-07	1.067364e-06	-2.879640e-10	7.963908e+00	-2.072902e+01
9.600000e-07	1.153405e-06	-1.423819e-10	8.605888e+00	-1.111244e+01
9.700000e-07	1.239060e-06	9.204580e-12	9.244983e+00	-1.202823e+00
9.800000e-07	1.324189e-06	1.652618e-10	9.880155e+00	8.938769e+00
9.900000e-07	1.408806e-06	3.240951e-10	1.051151e+01	1.924200e+01
1.000000e-06	1.493005e-06	4.852124e-10	1.113974e+01	2.962973e+01
1.010000e-06	1.576816e-06	6.456437e-10	1.176508e+01	4.002091e+01
1.020000e-06	1.660198e-06	8.037564e-10	1.238722e+01	5.033365e+01
1.030000e-06	1.742962e-06	9.582319e-10	1.300475e+01	6.048843e+01
1.040000e-06	1.824989e-06	1.107911e-09	1.361677e+01	7.041109e+01
1.050000e-06	1.906327e-06	1.252371e-09	1.422366e+01	8.003551e+01
1.060000e-06	1.987060e-06	1.390803e-09	1.482603e+01	8.930579e+01
1.070000e-06	2.067102e-06	1.524806e-09	1.542325e+01	9.817784e+01
1.080000e-06	2.146285e-06	1.653256e-09	1.601406e+01	1.066202e+02
1.090000e-06	2.224660e-06	1.773884e-09	1.659884e+01	1.146144e+02
1.100000e-06	2.302213e-06	1.885844e-09	1.717748e+01	1.221539e+02
1.110000e-06	2.378919e-06	1.991519e-09	1.774980e+01	1.292435e+02
1.120000e-06	2.454859e-06	2.091086e-09	1.831642e+01	1.358975e+02
1.130000e-06	2.529837e-06	2.183262e-09	1.887584e+01	1.421374e+02
1.140000e-06	2.603609e-06	2.270749e-09	1.942628e+01	1.479901e+02
1.150000e-06	2.676214e-06	2.352843e-09	1.996801e+01	1.534854e+02
1.160000e-06	2.747853e-06	2.430515e-09	2.050253e+01	1.586539e+02
1.170000e-06	2.818644e-06	2.505429e-09	2.103072e+01	1.635250e+02
1.180000e-06	2.888484e-06	2.576966e-09	2.155181e+01	1.681261e+02
1.190000e-06	2.957295e-06	2.643362e-09	2.206524e+01	1.724805e+02
1.200000e-06	3.025252e-06	2.705452e-09	2.257228e+01	1.766079e+02
1.210000e-06	3.092257e-06	2.763412e-09	2.307223e+01	1.805235e+02
1.220000e-06	3.157933e-06	2.814918e-09	2.356225e+01	1.842386e+02
1.230000e-06	3.222323e-06	2.862343e-09	2.404268e+01	1.877613e+02
1.240000e-06	3.285592e-06	2.908111e-09	2.451475e+01	1.910972e+02
1.250000e-06	3.347759e-06	2.952601e-09	2.497860e+01	1.942501e+02
1.260000e-06	3.408811e-06	2.994694e-09	2.543413e+01	1.972234e+02
1.270000e-06	3.468845e-06	3.034574e-09	2.588205e+01	2.000208e+02
1.280000e-06	3.527767e-06	3.071573e-09	2.632169e+01	2.026468e+02
1.290000e-06	3.585172e-06	3.106510e-09	2.675001e+01	2.051072e+02
1.300000e-06	3.641089e-06	3.139331e-09	2.716722e+01	2.074095e+02
1.310000e-06	3.695762e-06	3.168804e-09	2.757515e+01	2.095626e+02
1.320000e-06	3.749154e-06	3.196652e-09	2.797352e+01	2.115768e+02
1.330000e-06	3.801053e-06	3.224396e-09	2.836076e+01	2.134630e+02
1.340000e-06	3.851201e-06	3.252109e-09	2.873492e+01	2.152326e+02
1.350000e-06	3.899641e-06	3.277379e-09	2.909635e+01	2.168966e+02
1.360000e-06	3.946654e-06	3.299906e-09	2.944713e+01	2.184651e+02
1.370000e-06	3.992331e-06	3.321335e-09	2.978794e+01	2.199469e+02
1.380000e-06	4.036763e-06	3.342279e-09	3.011946e+01	2.213494e+02
1.390000e-06	4.079861e-06	3.362289e-09	3.044102e+01	2.226780e+02
1.400000e-06	4.121334e-06	3.380927e-09	3.075046e+01	2.239365e+02
1.410000e-06	4.161293e-06	3.398475e-09	3.104861e+01	2.251273e+02
1.420000e-06	4.199896e-06	3.414271e-09	3.133664e+01	2.262513e+02
1.430000e-06	4.237079e-06	3.428529e-09	3.161407e+01	2.273089e+02
1.440000e-06	4.272886e-06	3.442762e-09	3.188124e+01	2.283001e+02
1.450000e-06	4.307126e-06	3.458182e-09	3.213671e+01	2.292248e+02
1.460000e-06	4.339701e-06	3.473393e-09	3.237977e+01	2.300837e+02
1.470000e-06	4.370793e-06	3.485450e-09	3.261175e+01	2.308779e+02
1.480000e-06	4.400420e-06	3.495641e-09	3.283280e+01	2.316097e+02
1.490000e-06	4.428689e-06	3.506181e-09	3.304373e+01	2.322819e+02
1.500000e-06	4.455422e-06	3.516590e-09	3.324319e+01	2.328984e+02
1.510000e-06	4.480315e-06	3.525724e-09	3.342892e+01	2.334635e+02
1.520000e-06	4.503522e-06	3.534617e-09	3.360208e+01	2.339815e+02
1.530000e-06	4.525198e-06	3.544714e-09	3.376381e+01	2.344570e+02
1.540000e-06	4.545459e-06	3.553108e-09	3.391499e+01	2.348938e+02
1.550000e-06	4.564244e-06	3.560350e-09	3.405514e+01	2.352953e+02
1.560000e-06	4.581318e-06	3.567082e-09	3.418254e+01	2.356636e+02
1.570000e-06	4.596645e-06	3.573453e-09	3.429690e+01	2.360001e+02
1.580000e-06	4.610258e-06	3.579374e-09	3.439847e+01	2.363051e+02
1.590000e-06	4.622113e-06	3.583193e-09	3.448692e+01	2.365782e+02
1.600000e-06	4.631981e-06	3.586531e-09	3.456055e+01	2.368182e+02
1.610000e-06	4.640013e-06	3.589842e-09	3.462048e+01	2.370238e+02
1.620000e-06	4.646487e-06	3.593317e-09	3.466879e+01	2.371937e+02
1.630000e-06	4.651409e-06	3.596563e-09	3.470551e+01	2.373267e+02
1.640000e-06	4.654832e-06	3.598818e-09	3.473105e+01	2.374224e+02
1.650000e-06	4.656528e-06	3.602063e-09	3.474370e+01	2.374812e+02
1.660000e-06	4.656466e-06	3.605104e-09	3.474324e+01	2.375042e+02
1.670000e-06	4.654849e-06	3.602456e-09	3.473117e+01	2.374936e+02
1.680000e-06	4.651814e-06	3.600237e-09	3.470853e+01	2.374520e+02
1.690000e-06	4.647452e-06	3.600471e-09	3.467599e+01	2.373826e+02
1.700000e-06	4.641432e-06	3.601552e-09	3.463107e+01	2.372887e+02
1.710000e-06	4.633745e-06	3.601674e-09	3.457372e+01	2.371737e+02
1.720000e-06	4.624729e-06	3.602029e-09	3.450644e+01	2.370401e+02
1.730000e-06	4.614339e-06	3.617449e-09	3.442892e+01	2.368901e+02
1.740000e-06	4.602446e-06	3.588658e-09	3.434018e+01	2.367246e+02
1.750000e-06	4.588630e-06	3.547693e-09	3.423710e+01	2.365437e+02
1.760000e-06	4.572407e-06	3.560824e-09	3.411605e+01	2.363465e+02
1.770000e-06	4.553948e-06	3.568203e-09	3.397832e+01	2.361309e+02
1.780000e-06	4.534040e-06	3.641118e-09	3.382979e+01	2.358947e+02
1.790000e-06	4.513452e-06	3.607403e-09	3.367617e+01	2.356347e+02
1.800000e-06	4.491980e-06	3.505659e-09	3.351596e+01	2.353483e+02
1.810000e-06	4.468576e-06	3.625850e-09	3.334134e+01	2.350328e+02
1.820000e-06	4.443302e-06	3.592730e-09	3.315276e+01	2.346863e+02
1.830000e-06	4.416885e-06	3.489606e-09	3.295566e+01	2.343077e+02
1.840000e-06	4.388869e-06	3.614526e-09	3.274662e+01	2.338970e+02
1.850000e-06	4.358879e-06	3.562888e-09	3.252286e+01	2.334550e+02
1.860000e-06	4.327321e-06	3.481240e-09	3.228739e+01	2.329835e+02
1.870000e-06	4.294302e-06	3.593274e-09	3.204103e+01	2.324851e+02
1.880000e-06	4.259902e-06	3.518253e-09	3.178436e+01	2.319625e+02
1.890000e-06	4.224168e-06	3.509643e-09	3.151774e+01	2.314185e+02
1.900000e-06	4.186657e-06	3.568051e-09	3.123786e+01	2.308558e+02
1.910000e-06	4.147407e-06	3.448343e-09	3.094501e+01	2.302760e+02
1.920000e-06	4.106635e-06	3.511178e-09	3.064079e+01	2.296801e+02
1.930000e-06	4.064413e-06	3.511343e-09	3.032576e+01	2.290677e+02
1.940000e-06	4.021065e-06	3.430047e-09	3.000233e+01	2.284374e+02
1.950000e-06	3.976372e-06	3.521754e-09	2.966886e+01	2.277866e+02
1.960000e-06	3.930091e-06	3.471581e-09	2.932355e+01	2.271119e+02
1.970000e-06	3.882294e-06	3.416948e-09	2.896692e+01	2.264089e+02
1.980000e-06	3.832985e-06	3.449045e-09	2.859901e+01	2.256734e+02
1.990000e-06	3.782349e-06	3.424565e-09	2.822120e+01	2.249009e+02
2.000000e-06	3.730273e-06	3.424412e-09	2.783264e+01	2.240877e+02
2.010000e-06	3.676537e-06	3.380411e-09	2.743171e+01	2.232308e+02
2.020000e-06	3.621222e-06	3.394935e-09	2.701899e+01	2.223281e+02
2.030000e-06	3.564504e-06	3.393060e-09	2.659579e+01	2.213789e+02
2.040000e-06	3.506581e-06	3.334767e-09	2.616361e+01	2.203833e+02
2.050000e-06	3.447542e-06	3.357377e-09	2.572311e+01	2.193426e+02
2.060000e-06	3.387533e-06	3.333349e-09	2.527537e+01	2.182587e+02
2.070000e-06	3.326381e-06	3.326962e-09	2.481909e+01	2.171338e+02
2.080000e-06	3.263754e-06	3.288568e-09	2.435182e+01	2.159701e+02
2.090000e-06	3.199889e-06	3.250751e-09	2.387530e+01	2.147691e+02
2.100000e-06	3.134965e-06	3.289094e-09	2.339088e+01	2.135317e+02
2.110000e-06	3.068938e-06	3.242091e-09	2.289824e+01	2.122575e+02
2.120000e-06	3.001906e-06	3.207760e-09	2.239809e+01	2.109448e+02
2.130000e-06	2.933971e-06	3.196762e-09	2.189120e+01	2.095907e+02
2.140000e-06	2.864972e-06	3.185607e-09	2.137639e+01	2.081911e+02
2.150000e-06	2.794610e-06	3.163452e-09	2.085139e+01	2.067410e+02
2.160000e-06	2.723053e-06	3.119186e-09	2.031749e+01	2.052349e+02
2.170000e-06	2.650593e-06	3.124174e-09	1.977684e+01	2.036672e+02
2.180000e-06	2.577274e-06	3.095570e-09	1.922978e+01	2.020325e+02
2.190000e-06	2.503047e-06	3.050930e-09	1.867596e+01	2.003265e+02
2.200000e-06	2.427876e-06	3.028945e-09	1.811509e+01	1.985458e+02
2.210000e-06	2.351765e-06	3.015775e-09	1.754720e+01	1.966884e+02
2.220000e-06	2.274493e-06	2.987893e-09	1.697065e+01	1.947536e+02
2.230000e-06	2.196039e-06	2.935548e-09	1.638528e+01	1.927420e+02
2.240000e-06	2.116662e-06	2.918491e-09	1.579303e+01	1.906553e+02
2.250000e-06	2.036578e-06	2.899419e-09	1.519550e+01	1.884956e+02
2.260000e-06	1.955859e-06	2.856429e-09	1.459323e+01	1.862651e+02
2.270000e-06	1.874511e-06	2.819097e-09	1.398627e+01	1.839656e+02
2.280000e-06	1.792566e-06	2.793143e-09	1.337485e+01	1.815979e+02
2.290000e-06	1.709956e-06	2.757439e-09	1.275848e+01	1.791612e+02
2.300000e-06	1.626764e-06	2.705146e-09	1.213775e+01	1.766531e+02
2.310000e-06	1.543169e-06	2.671370e-09	1.151403e+01	1.740691e+02
2.320000e-06	1.459223e-06	2.640202e-09	1.088768e+01	1.714032e+02
2.330000e-06	1.374860e-06	2.592408e-09	1.025823e+01	1.686474e+02
2.340000e-06	1.290011e-06	2.544501e-09	9.625144e+00	1.657928e+02
2.350000e-06	1.204617e-06	2.503573e-09	8.987993e+00	1.628295e+02
2.360000e-06	1.118559e-06	2.459639e-09	8.345896e+00	1.597479e+02
2.370000e-06	1.031970e-06	2.405130e-09	7.699824e+00	1.565389e+02
2.380000e-06	9.450027e-07	2.353724e-09	7.050939e+00	1.531944e+02
2.390000e-06	8.576531e-07	2.304493e-09	6.399198e+00	1.497077e+02
2.400000e-06	7.700107e-07	2.246203e-09	5.745273e+00	1.460738e+02
2.410000e-06	6.821676e-07	2.186625e-09	5.089850e+00	1.422893e+02
2.420000e-06	5.941566e-07	2.131646e-09	4.433174e+00	1.383518e+02
2.430000e-06	5.060249e-07	2.073208e-09	3.775598e+00	1.342593e+02
2.440000e-06	4.178035e-07	2.009602e-09	3.117353e+00	1.300098e+02
2.450000e-06	3.294530e-07	1.946317e-09	2.458144e+00	1.255997e+02
2.460000e-06	2.409804e-07	1.878080e-09	1.798024e+00	1.210234e+02
2.470000e-06	1.524251e-07	1.800980e-09	1.137288e+00	1.162720e+02
2.480000e-06	6.381848e-08	1.720657e-09	4.761681e-01	1.113327e+02
2.490000e-06	-2.482198e-08	1.639970e-09	-1.852040e-01	1.061884e+02
2.500000e-06	-1.134514e-07	1.556388e-09	-8.464937e-01	1.008176e+02
2.510000e-06	-2.020015e-07	1.469915e-09	-1.507192e+00	9.519485e+01
2.520000e-06	-2.904993e-07	1.382430e-09	-2.167499e+00	8.929158e+01
2.530000e-06	-3.789483e-07	1.289898e-09	-2.827443e+00	8.307755e+01
2.540000e-06	-4.672672e-07	1.187933e-09	-3.486416e+00	7.652253e+01
2.550000e-06	-5.554588e-07	1.080826e-09	-4.144439e+00	6.959839e+01
2.560000e-06	-6.435559e-07	9.715394e-10	-4.801757e+00	6.228138e+01
2.570000e-06	-7.314811e-07	8.524991e-10	-5.457792e+00	5.455438e+01
2.580000e-06	-8.191619e-07	7.220109e-10	-6.112004e+00	4.640907e+01
2.590000e-06	-9.065501e-07	5.869611e-10	-6.764033e+00	3.784772e+01
2.600000e-06	-9.935922e-07	4.499738e-10	-7.413479e+00	2.888459e+01
2.610000e-06	-1.080173e-06	3.093564e-10	-8.059486e+00	1.954668e+01
2.620000e-06	-1.166122e-06	1.635992e-10	-8.700777e+00	9.873823e+00
2.630000e-06	-1.251407e-06	1.366974e-11	-9.337110e+00	-8.194773e-02
2.640000e-06	-1.336129e-06	-1.389477e-10	-9.969247e+00	-1.025774e+01
2.650000e-06	-1.420371e-06	-2.945806e-10	-1.059780e+01	-2.058183e+01
2.660000e-06	-1.504169e-06	-4.543849e-10	-1.122304e+01	-3.097614e+01
2.670000e-06	-1.587521e-06	-6.161262e-10	-1.184496e+01	-4.135924e+01
2.680000e-06	-1.670378e-06	-7.763515e-10	-1.246317e+01	-5.164944e+01
2.690000e-06	-1.752698e-06	-9.319200e-10	-1.307739e+01	-6.176796e+01
2.700000e-06	-1.834425e-06	-1.083414e-09	-1.368718e+01	-7.164189e+01
2.710000e-06	-1.915449e-06	-1.230126e-09	-1.429172e+01	-8.120680e+01
2.720000e-06	-1.995867e-06	-1.369689e-09	-1.489174e+01	-9.040879e+01
2.730000e-06	-2.075798e-06	-1.503870e-09	-1.548813e+01	-9.920601e+01
2.740000e-06	-2.155020e-06	-1.631732e-09	-1.607923e+01	-1.075693e+02
2.750000e-06	-2.233152e-06	-1.752500e-09	-1.666220e+01	-1.154823e+02
2.760000e-06	-2.310167e-06	-1.866549e-09	-1.723683e+01	-1.229408e+02
2.770000e-06	-2.386200e-06	-1.976119e-09	-1.780413e+01	-1.299513e+02
2.780000e-06	-2.461276e-06	-2.079958e-09	-1.836429e+01	-1.365295e+02
2.790000e-06	-2.535505e-06	-2.175197e-09	-1.891814e+01	-1.426982e+02
2.800000e-06	-2.608825e-06	-2.264255e-09	-1.946520e+01	-1.484848e+02
2.810000e-06	-2.681312e-06	-2.347350e-09	-2.000604e+01	-1.539194e+02
2.820000e-06	-2.753113e-06	-2.425454e-09	-2.054177e+01	-1.590326e+02
2.830000e-06	-2.823943e-06	-2.499975e-09	-2.107025e+01	-1.638536e+02
2.840000e-06	-2.893496e-06	-2.571260e-09	-2.158921e+01	-1.684090e+02
2.850000e-06	-2.961891e-06	-2.638666e-09	-2.209952e+01	-1.727215e+02
2.860000e-06	-3.029292e-06	-2.703006e-09	-2.260243e+01	-1.768100e+02
2.870000e-06	-3.095719e-06	-2.766422e-09	-2.309805e+01	-1.806890e+02
2.880000e-06	-3.161123e-06	-2.827106e-09	-2.358605e+01	-1.843693e+02
2.890000e-06	-3.225515e-06	-2.882182e-09	-2.406650e+01	-1.878582e+02
2.900000e-06	-3.288868e-06	-2.934698e-09	-2.453920e+01	-1.911610e+02
2.910000e-06	-3.350781e-06	-2.986491e-09	-2.500115e+01	-1.942816e+02
2.920000e-06	-3.411267e-06	-3.034477e-09	-2.545245e+01	-1.972232e+02
2.930000e-06	-3.470675e-06	-3.076106e-09	-2.589571e+01	-1.999896e+02
2.940000e-06	-3.528889e-06	-3.116148e-09	-2.633006e+01	-2.025854e+02
2.950000e-06	-3.585844e-06	-3.157596e-09	-2.675502e+01	-2.050170e+02
2.960000e-06	-3.641613e-06	-3.195129e-09	-2.717113e+01	-2.072919e+02
2.970000e-06	-3.695849e-06	-3.230774e-09	-2.757580e+01	-2.094194e+02
2.980000e-06	-3.748432e-06	-3.266018e-09	-2.796814e+01	-2.114098e+02
2.990000e-06	-3.799585e-06	-3.297626e-09	-2.834980e+01	-2.132744e+02
3.000000e-06	-3.849111e-06	-3.324256e-09	-2.871933e+01	-2.150243e+02
3.010000e-06	-3.896848e-06	-3.348449e-09	-2.907551e+01	-2.166704e+02
3.020000e-06	-3.943095e-06	-3.373972e-09	-2.942057e+01	-2.182228e+02
3.030000e-06	-3.988120e-06	-3.399192e-09	-2.975652e+01	-2.196899e+02
3.040000e-06	-4.031984e-06	-3.421111e-09	-3.008380e+01	-2.210788e+02
3.050000e-06	-4.074651e-06	-3.441348e-09	-3.040215e+01	-2.223946e+02
3.060000e-06	-4.115969e-06	-3.460335e-09	-3.071043e+01	-2.236409e+02
3.070000e-06	-4.155983e-06	-3.478851e-09	-3.100899e+01	-2.248196e+02
3.080000e-06	-4.194540e-06	-3.496935e-09	-3.129668e+01	-2.259317e+02
3.090000e-06	-4.231482e-06	-3.514047e-09	-3.157231e+01	-2.269774e+02
3.100000e-06	-4.266979e-06	-3.529922e-09	-3.183716e+01	-2.279566e+02
3.110000e-06	-4.301039e-06	-3.542533e-09	-3.209130e+01	-2.288695e+02
3.120000e-06	-4.333673e-06	-3.552402e-09	-3.233479e+01	-2.297167e+02
3.130000e-06	-4.364743e-06	-3.561375e-09	-3.256661e+01	-2.304995e+02
3.140000e-06	-4.394083e-06	-3.571647e-09	-3.278552e+01	-2.312204e+02
3.150000e-06	-4.421848e-06	-3.582359e-09	-3.299269e+01	-2.318823e+02
3.160000e-06	-4.448089e-06	-3.591868e-09	-3.318848e+01	-2.324892e+02
3.170000e-06	-4.472848e-06	-3.600843e-09	-3.337321e+01	-2.330455e+02
3.180000e-06	-4.496084e-06	-3.608766e-09	-3.354658e+01	-2.335556e+02
3.190000e-06	-4.517559e-06	-3.615642e-09	-3.370682e+01	-2.340239e+02
3.200000e-06	-4.537375e-06	-3.622236e-09	-3.385467e+01	-2.344541e+02
3.210000e-06	-4.555710e-06	-3.627658e-09	-3.399147e+01	-2.348494e+02
3.220000e-06	-4.572554e-06	-3.631979e-09	-3.411715e+01	-2.352119e+02
3.230000e-06	-4.587642e-06	-3.635528e-09	-3.422973e+01	-2.355428e+02
3.240000e-06	-4.600748e-06	-3.638550e-09	-3.432751e+01	-2.358421e+02
3.250000e-06	-4.612006e-06	-3.640314e-09	-3.441151e+01	-2.361093e+02
3.260000e-06	-4.621616e-06	-3.640920e-09	-3.448322e+01	-2.363433e+02
3.270000e-06	-4.629729e-06	-3.642234e-09	-3.454375e+01	-2.365426e+02
3.280000e-06	-4.636125e-06	-3.645095e-09	-3.459147e+01	-2.367058e+02
3.290000e-06	-4.640724e-06	-3.648280e-09	-3.462578e+01	-2.368321e+02
3.300000e-06	-4.643796e-06	-3.648032e-09	-3.464871e+01	-2.369212e+02
3.310000e-06	-4.645337e-06	-3.645454e-09	-3.466020e+01	-2.369734e+02
