# Temperatura_=_20.0
# Concentracion g/m^3_=_6200.0
# C_Vs_to_Am_M_A/Vsm_=_65563218390.804596
# pendiente_HvsI_1/m_=_3716.3
# ordenada_HvsI_A/m_=_1297.0
# frecuencia_Hz_=_301531.9838452771

Tiempo_(s)	Campo_(V.s)	Magnetizacion_(V.s)	Campo_(kA/m)	Magnetizacion_(A/m)
0.000000e+00	-4.649896e-06	-3.513463e-09	-3.466095e+01	-2.289226e+02
1.000000e-08	-4.648597e-06	-3.512449e-09	-3.465126e+01	-2.289519e+02
2.000000e-08	-4.645555e-06	-3.510036e-09	-3.462859e+01	-2.289465e+02
3.000000e-08	-4.641058e-06	-3.508808e-09	-3.459506e+01	-2.289095e+02
4.000000e-08	-4.635212e-06	-3.510017e-09	-3.455149e+01	-2.288449e+02
5.000000e-08	-4.627955e-06	-3.509756e-09	-3.449739e+01	-2.287568e+02
6.000000e-08	-4.619252e-06	-3.505895e-09	-3.443252e+01	-2.286491e+02
7.000000e-08	-4.608820e-06	-3.499563e-09	-3.435476e+01	-2.285248e+02
8.000000e-08	-4.596637e-06	-3.498953e-09	-3.426394e+01	-2.283860e+02
9.000000e-08	-4.582564e-06	-3.516599e-09	-3.415904e+01	-2.282338e+02
1.000000e-07	-4.566221e-06	-3.515760e-09	-3.403722e+01	-2.280675e+02
1.100000e-07	-4.547896e-06	-3.496114e-09	-3.390062e+01	-2.278854e+02
1.200000e-07	-4.528108e-06	-3.473142e-09	-3.375312e+01	-2.276849e+02
1.300000e-07	-4.507144e-06	-3.437524e-09	-3.359685e+01	-2.274625e+02
1.400000e-07	-4.485042e-06	-3.471947e-09	-3.343210e+01	-2.272144e+02
1.500000e-07	-4.461616e-06	-3.490254e-09	-3.325748e+01	-2.269371e+02
1.600000e-07	-4.436840e-06	-3.439277e-09	-3.307279e+01	-2.266274e+02
1.700000e-07	-4.410625e-06	-3.466348e-09	-3.287739e+01	-2.262831e+02
1.800000e-07	-4.382685e-06	-3.461656e-09	-3.266912e+01	-2.259033e+02
1.900000e-07	-4.353124e-06	-3.398411e-09	-3.244877e+01	-2.254880e+02
2.000000e-07	-4.322270e-06	-3.430258e-09	-3.221878e+01	-2.250386e+02
2.100000e-07	-4.289951e-06	-3.427090e-09	-3.197787e+01	-2.245573e+02
2.200000e-07	-4.255822e-06	-3.383325e-09	-3.172347e+01	-2.240471e+02
2.300000e-07	-4.220139e-06	-3.406507e-09	-3.145748e+01	-2.235109e+02
2.400000e-07	-4.183072e-06	-3.388926e-09	-3.118117e+01	-2.229519e+02
2.500000e-07	-4.144459e-06	-3.367374e-09	-3.089335e+01	-2.223724e+02
2.600000e-07	-4.104314e-06	-3.375700e-09	-3.059410e+01	-2.217738e+02
2.700000e-07	-4.062558e-06	-3.355764e-09	-3.028285e+01	-2.211564e+02
2.800000e-07	-4.019217e-06	-3.353396e-09	-2.995978e+01	-2.205190e+02
2.900000e-07	-3.974423e-06	-3.343296e-09	-2.962588e+01	-2.198592e+02
3.000000e-07	-3.928167e-06	-3.310209e-09	-2.928108e+01	-2.191736e+02
3.100000e-07	-3.880423e-06	-3.310820e-09	-2.892519e+01	-2.184579e+02
3.200000e-07	-3.830938e-06	-3.317393e-09	-2.855633e+01	-2.177074e+02
3.300000e-07	-3.779607e-06	-3.297382e-09	-2.817369e+01	-2.169175e+02
3.400000e-07	-3.726751e-06	-3.278822e-09	-2.777970e+01	-2.160841e+02
3.500000e-07	-3.672584e-06	-3.275829e-09	-2.737593e+01	-2.152038e+02
3.600000e-07	-3.617223e-06	-3.253023e-09	-2.696326e+01	-2.142747e+02
3.700000e-07	-3.560713e-06	-3.225168e-09	-2.654203e+01	-2.132960e+02
3.800000e-07	-3.502774e-06	-3.220840e-09	-2.611014e+01	-2.122684e+02
3.900000e-07	-3.443403e-06	-3.204357e-09	-2.566758e+01	-2.111934e+02
4.000000e-07	-3.382913e-06	-3.185490e-09	-2.521668e+01	-2.100739e+02
4.100000e-07	-3.321311e-06	-3.172949e-09	-2.475749e+01	-2.089129e+02
4.200000e-07	-3.258604e-06	-3.155848e-09	-2.429007e+01	-2.077135e+02
4.300000e-07	-3.194898e-06	-3.137075e-09	-2.381520e+01	-2.064783e+02
4.400000e-07	-3.130026e-06	-3.110492e-09	-2.333163e+01	-2.052091e+02
4.500000e-07	-3.063701e-06	-3.087933e-09	-2.283723e+01	-2.039062e+02
4.600000e-07	-2.996176e-06	-3.074316e-09	-2.233389e+01	-2.025687e+02
4.700000e-07	-2.927824e-06	-3.055825e-09	-2.182439e+01	-2.011941e+02
4.800000e-07	-2.858597e-06	-3.030636e-09	-2.130837e+01	-1.997785e+02
4.900000e-07	-2.788343e-06	-3.005694e-09	-2.078468e+01	-1.983170e+02
5.000000e-07	-2.717099e-06	-2.982823e-09	-2.025362e+01	-1.968041e+02
5.100000e-07	-2.645018e-06	-2.957495e-09	-1.971632e+01	-1.952341e+02
5.200000e-07	-2.571913e-06	-2.929755e-09	-1.917138e+01	-1.936017e+02
5.300000e-07	-2.497524e-06	-2.904855e-09	-1.861688e+01	-1.919026e+02
5.400000e-07	-2.421964e-06	-2.879941e-09	-1.805365e+01	-1.901335e+02
5.500000e-07	-2.345462e-06	-2.850522e-09	-1.748338e+01	-1.882928e+02
5.600000e-07	-2.268084e-06	-2.815590e-09	-1.690660e+01	-1.863806e+02
5.700000e-07	-2.189742e-06	-2.785574e-09	-1.632263e+01	-1.843982e+02
5.800000e-07	-2.110360e-06	-2.759839e-09	-1.573091e+01	-1.823481e+02
5.900000e-07	-2.030071e-06	-2.726598e-09	-1.513242e+01	-1.802334e+02
6.000000e-07	-1.949070e-06	-2.690837e-09	-1.452863e+01	-1.780573e+02
6.100000e-07	-1.867349e-06	-2.660054e-09	-1.391947e+01	-1.758222e+02
6.200000e-07	-1.784917e-06	-2.627807e-09	-1.330501e+01	-1.735295e+02
6.300000e-07	-1.701942e-06	-2.585572e-09	-1.268650e+01	-1.711787e+02
6.400000e-07	-1.618473e-06	-2.543258e-09	-1.206431e+01	-1.687670e+02
6.500000e-07	-1.534531e-06	-2.505773e-09	-1.143860e+01	-1.662897e+02
6.600000e-07	-1.450255e-06	-2.466034e-09	-1.081040e+01	-1.637395e+02
6.700000e-07	-1.365620e-06	-2.424859e-09	-1.017951e+01	-1.611074e+02
6.800000e-07	-1.280461e-06	-2.385216e-09	-9.544728e+00	-1.583830e+02
6.900000e-07	-1.194783e-06	-2.344259e-09	-8.906071e+00	-1.555552e+02
7.000000e-07	-1.108753e-06	-2.297641e-09	-8.264790e+00	-1.526128e+02
7.100000e-07	-1.022477e-06	-2.247813e-09	-7.621676e+00	-1.495454e+02
7.200000e-07	-9.358987e-07	-2.197657e-09	-6.976314e+00	-1.463440e+02
7.300000e-07	-8.489961e-07	-2.145565e-09	-6.328531e+00	-1.430015e+02
7.400000e-07	-7.618710e-07	-2.090709e-09	-5.679088e+00	-1.395128e+02
7.500000e-07	-6.745578e-07	-2.033832e-09	-5.028244e+00	-1.358745e+02
7.600000e-07	-5.870702e-07	-1.974498e-09	-4.376099e+00	-1.320848e+02
7.700000e-07	-4.994411e-07	-1.914683e-09	-3.722900e+00	-1.281426e+02
7.800000e-07	-4.116602e-07	-1.856435e-09	-3.068570e+00	-1.240465e+02
7.900000e-07	-3.237582e-07	-1.795583e-09	-2.413337e+00	-1.197934e+02
8.000000e-07	-2.357629e-07	-1.728015e-09	-1.757408e+00	-1.153778e+02
8.100000e-07	-1.476785e-07	-1.655620e-09	-1.100815e+00	-1.107903e+02
8.200000e-07	-5.952673e-08	-1.582670e-09	-4.437202e-01	-1.060169e+02
8.300000e-07	2.865410e-08	-1.505618e-09	2.135915e-01	-1.010384e+02
8.400000e-07	1.168518e-07	-1.423500e-09	8.710287e-01	-9.583057e+01
8.500000e-07	2.049862e-07	-1.337914e-09	1.527995e+00	-9.036436e+01
8.600000e-07	2.930357e-07	-1.249351e-09	2.184327e+00	-8.460722e+01
8.700000e-07	3.810415e-07	-1.157403e-09	2.840334e+00	-7.852457e+01
8.800000e-07	4.689845e-07	-1.060397e-09	3.495873e+00	-7.208199e+01
8.900000e-07	5.568259e-07	-9.593902e-10	4.150654e+00	-6.524762e+01
9.000000e-07	6.444988e-07	-8.511919e-10	4.804180e+00	-5.799482e+01
9.100000e-07	7.319537e-07	-7.345649e-10	5.456081e+00	-5.030483e+01
9.200000e-07	8.191916e-07	-6.126883e-10	6.106364e+00	-4.216925e+01
9.300000e-07	9.061891e-07	-4.847913e-10	6.754854e+00	-3.359206e+01
9.400000e-07	9.929214e-07	-3.485829e-10	7.401369e+00	-2.459113e+01
9.500000e-07	1.079318e-06	-2.043284e-10	8.045377e+00	-1.519894e+01
9.600000e-07	1.165332e-06	-5.445647e-11	8.686537e+00	-5.462555e+00
9.700000e-07	1.250962e-06	9.831730e-11	9.324837e+00	4.557356e+00
9.800000e-07	1.336164e-06	2.543009e-10	9.959947e+00	1.478826e+01
9.900000e-07	1.420845e-06	4.145569e-10	1.059117e+01	2.514831e+01
1.000000e-06	1.505026e-06	5.769019e-10	1.121866e+01	3.554943e+01
1.010000e-06	1.588853e-06	7.368181e-10	1.184353e+01	4.590090e+01
1.020000e-06	1.672275e-06	8.931598e-10	1.246536e+01	5.611307e+01
1.030000e-06	1.755076e-06	1.045459e-09	1.308257e+01	6.610100e+01
1.040000e-06	1.837060e-06	1.193890e-09	1.369369e+01	7.578789e+01
1.050000e-06	1.918335e-06	1.335756e-09	1.429952e+01	8.510790e+01
1.060000e-06	1.999013e-06	1.469503e-09	1.490091e+01	9.400840e+01
1.070000e-06	2.078994e-06	1.597251e-09	1.549710e+01	1.024513e+02
1.080000e-06	2.158185e-06	1.718950e-09	1.608740e+01	1.104136e+02
1.090000e-06	2.236525e-06	1.831512e-09	1.667135e+01	1.178870e+02
1.100000e-06	2.313976e-06	1.933693e-09	1.724868e+01	1.248767e+02
1.110000e-06	2.390606e-06	2.029097e-09	1.781990e+01	1.313996e+02
1.120000e-06	2.466507e-06	2.119580e-09	1.838567e+01	1.374820e+02
1.130000e-06	2.541481e-06	2.204080e-09	1.894454e+01	1.431567e+02
1.140000e-06	2.615202e-06	2.285305e-09	1.949406e+01	1.484602e+02
1.150000e-06	2.687717e-06	2.363684e-09	2.003460e+01	1.534304e+02
1.160000e-06	2.759304e-06	2.437618e-09	2.056822e+01	1.581036e+02
1.170000e-06	2.829990e-06	2.506901e-09	2.109512e+01	1.625128e+02
1.180000e-06	2.899702e-06	2.571021e-09	2.161477e+01	1.666863e+02
1.190000e-06	2.968467e-06	2.629395e-09	2.212735e+01	1.706468e+02
1.200000e-06	3.036381e-06	2.683961e-09	2.263359e+01	1.744110e+02
1.210000e-06	3.103307e-06	2.735096e-09	2.313246e+01	1.779903e+02
1.220000e-06	3.168863e-06	2.779728e-09	2.362113e+01	1.813911e+02
1.230000e-06	3.233139e-06	2.822829e-09	2.410025e+01	1.846165e+02
1.240000e-06	3.296378e-06	2.867775e-09	2.457164e+01	1.876670e+02
1.250000e-06	3.358520e-06	2.911512e-09	2.503486e+01	1.905424e+02
1.260000e-06	3.419497e-06	2.950902e-09	2.548939e+01	1.932427e+02
1.270000e-06	3.479464e-06	2.987400e-09	2.593639e+01	1.957693e+02
1.280000e-06	3.538263e-06	3.021137e-09	2.637468e+01	1.981259e+02
1.290000e-06	3.595494e-06	3.050589e-09	2.680129e+01	2.003186e+02
1.300000e-06	3.651300e-06	3.078033e-09	2.721727e+01	2.023563e+02
1.310000e-06	3.705868e-06	3.105448e-09	2.762404e+01	2.042501e+02
1.320000e-06	3.759115e-06	3.132632e-09	2.802095e+01	2.060129e+02
1.330000e-06	3.810831e-06	3.157811e-09	2.840644e+01	2.076584e+02
1.340000e-06	3.860805e-06	3.181480e-09	2.877895e+01	2.092007e+02
1.350000e-06	3.909132e-06	3.205205e-09	2.913919e+01	2.106528e+02
1.360000e-06	3.956013e-06	3.228000e-09	2.948865e+01	2.120263e+02
1.370000e-06	4.001561e-06	3.247890e-09	2.982817e+01	2.133308e+02
1.380000e-06	4.045903e-06	3.265557e-09	3.015870e+01	2.145730e+02
1.390000e-06	4.088872e-06	3.282811e-09	3.047899e+01	2.157576e+02
1.400000e-06	4.130125e-06	3.299513e-09	3.078650e+01	2.168863e+02
1.410000e-06	4.169846e-06	3.315069e-09	3.108259e+01	2.179591e+02
1.420000e-06	4.208238e-06	3.329688e-09	3.136877e+01	2.189746e+02
1.430000e-06	4.245222e-06	3.343026e-09	3.164445e+01	2.199304e+02
1.440000e-06	4.280912e-06	3.356578e-09	3.191049e+01	2.208242e+02
1.450000e-06	4.314998e-06	3.371565e-09	3.216457e+01	2.216542e+02
1.460000e-06	4.347388e-06	3.384924e-09	3.240601e+01	2.224197e+02
1.470000e-06	4.378364e-06	3.395513e-09	3.263691e+01	2.231215e+02
1.480000e-06	4.407877e-06	3.405724e-09	3.285690e+01	2.237621e+02
1.490000e-06	4.435989e-06	3.416026e-09	3.306646e+01	2.243455e+02
1.500000e-06	4.462508e-06	3.424276e-09	3.326413e+01	2.248769e+02
1.510000e-06	4.487182e-06	3.431124e-09	3.344806e+01	2.253627e+02
1.520000e-06	4.510222e-06	3.439702e-09	3.361979e+01	2.258093e+02
1.530000e-06	4.531761e-06	3.449680e-09	3.378035e+01	2.262232e+02
1.540000e-06	4.551840e-06	3.457293e-09	3.393002e+01	2.266100e+02
1.550000e-06	4.570392e-06	3.463494e-09	3.406831e+01	2.269743e+02
1.560000e-06	4.587267e-06	3.470386e-09	3.419410e+01	2.273190e+02
1.570000e-06	4.602443e-06	3.477544e-09	3.430722e+01	2.276454e+02
1.580000e-06	4.615878e-06	3.483309e-09	3.440737e+01	2.279531e+02
1.590000e-06	4.627553e-06	3.487253e-09	3.449440e+01	2.282403e+02
1.600000e-06	4.637288e-06	3.490997e-09	3.456697e+01	2.285042e+02
1.610000e-06	4.645183e-06	3.493742e-09	3.462582e+01	2.287411e+02
1.620000e-06	4.651513e-06	3.495921e-09	3.467300e+01	2.289473e+02
1.630000e-06	4.656344e-06	3.499511e-09	3.470901e+01	2.291196e+02
1.640000e-06	4.659600e-06	3.503885e-09	3.473328e+01	2.292553e+02
1.650000e-06	4.660998e-06	3.508221e-09	3.474370e+01	2.293531e+02
1.660000e-06	4.660696e-06	3.510361e-09	3.474145e+01	2.294129e+02
1.670000e-06	4.658973e-06	3.509611e-09	3.472860e+01	2.294360e+02
1.680000e-06	4.655859e-06	3.509854e-09	3.470539e+01	2.294248e+02
1.690000e-06	4.651337e-06	3.511634e-09	3.467169e+01	2.293827e+02
1.700000e-06	4.645137e-06	3.513140e-09	3.462547e+01	2.293137e+02
1.710000e-06	4.637274e-06	3.512954e-09	3.456686e+01	2.292220e+02
1.720000e-06	4.628042e-06	3.513579e-09	3.449805e+01	2.291112e+02
1.730000e-06	4.617452e-06	3.520741e-09	3.441910e+01	2.289843e+02
1.740000e-06	4.605349e-06	3.495574e-09	3.432889e+01	2.288433e+02
1.750000e-06	4.591187e-06	3.476969e-09	3.422332e+01	2.286887e+02
1.760000e-06	4.574543e-06	3.481371e-09	3.409925e+01	2.285199e+02
1.770000e-06	4.555787e-06	3.493797e-09	3.395944e+01	2.283349e+02
1.780000e-06	4.535679e-06	3.526734e-09	3.380956e+01	2.281309e+02
1.790000e-06	4.514981e-06	3.489914e-09	3.365527e+01	2.279043e+02
1.800000e-06	4.493377e-06	3.469958e-09	3.349423e+01	2.276514e+02
1.810000e-06	4.469720e-06	3.513588e-09	3.331789e+01	2.273686e+02
1.820000e-06	4.444214e-06	3.463485e-09	3.312777e+01	2.270529e+02
1.830000e-06	4.417589e-06	3.435188e-09	3.292930e+01	2.267025e+02
1.840000e-06	4.389309e-06	3.473260e-09	3.271849e+01	2.263165e+02
1.850000e-06	4.359089e-06	3.410069e-09	3.249323e+01	2.258951e+02
1.860000e-06	4.327370e-06	3.394994e-09	3.225679e+01	2.254399e+02
1.870000e-06	4.294175e-06	3.431649e-09	3.200935e+01	2.249534e+02
1.880000e-06	4.259543e-06	3.388330e-09	3.175121e+01	2.244384e+02
1.890000e-06	4.223539e-06	3.409169e-09	3.148283e+01	2.238981e+02
1.900000e-06	4.185760e-06	3.403431e-09	3.120121e+01	2.233354e+02
1.910000e-06	4.146239e-06	3.357620e-09	3.090662e+01	2.227526e+02
1.920000e-06	4.105197e-06	3.385879e-09	3.060068e+01	2.221508e+02
1.930000e-06	4.062745e-06	3.337337e-09	3.028424e+01	2.215300e+02
1.940000e-06	4.019194e-06	3.327640e-09	2.995961e+01	2.208889e+02
1.950000e-06	3.974303e-06	3.376861e-09	2.962499e+01	2.202250e+02
1.960000e-06	3.927784e-06	3.325744e-09	2.927823e+01	2.195345e+02
1.970000e-06	3.879709e-06	3.309944e-09	2.891987e+01	2.188130e+02
1.980000e-06	3.830176e-06	3.317354e-09	2.855065e+01	2.180559e+02
1.990000e-06	3.779320e-06	3.292274e-09	2.817155e+01	2.172587e+02
2.000000e-06	3.726965e-06	3.272893e-09	2.778129e+01	2.164172e+02
2.010000e-06	3.672922e-06	3.258916e-09	2.737845e+01	2.155285e+02
2.020000e-06	3.617402e-06	3.267110e-09	2.696460e+01	2.145907e+02
2.030000e-06	3.560596e-06	3.234908e-09	2.654116e+01	2.136033e+02
2.040000e-06	3.502578e-06	3.212493e-09	2.610868e+01	2.125671e+02
2.050000e-06	3.443408e-06	3.214697e-09	2.566762e+01	2.114841e+02
2.060000e-06	3.383215e-06	3.186559e-09	2.521894e+01	2.103571e+02
2.070000e-06	3.321838e-06	3.175136e-09	2.476142e+01	2.091891e+02
2.080000e-06	3.258975e-06	3.150703e-09	2.429284e+01	2.079833e+02
2.090000e-06	3.194865e-06	3.140727e-09	2.381495e+01	2.067421e+02
2.100000e-06	3.129693e-06	3.131399e-09	2.332915e+01	2.054670e+02
2.110000e-06	3.063477e-06	3.091793e-09	2.283556e+01	2.041582e+02
2.120000e-06	2.996285e-06	3.077778e-09	2.233471e+01	2.028144e+02
2.130000e-06	2.928131e-06	3.057609e-09	2.182668e+01	2.014329e+02
2.140000e-06	2.858885e-06	3.036318e-09	2.131051e+01	2.000096e+02
2.150000e-06	2.788293e-06	3.012642e-09	2.078431e+01	1.985395e+02
2.160000e-06	2.716546e-06	2.990502e-09	2.024950e+01	1.970170e+02
2.170000e-06	2.643913e-06	2.976479e-09	1.970808e+01	1.954363e+02
2.180000e-06	2.570413e-06	2.940263e-09	1.916020e+01	1.937924e+02
2.190000e-06	2.496002e-06	2.909432e-09	1.860553e+01	1.920811e+02
2.200000e-06	2.420626e-06	2.886971e-09	1.804367e+01	1.902994e+02
2.210000e-06	2.344277e-06	2.868015e-09	1.747456e+01	1.884461e+02
2.220000e-06	2.266787e-06	2.836122e-09	1.689693e+01	1.865213e+02
2.230000e-06	2.188178e-06	2.800384e-09	1.631097e+01	1.845268e+02
2.240000e-06	2.108694e-06	2.779854e-09	1.571848e+01	1.824650e+02
2.250000e-06	2.028521e-06	2.748717e-09	1.512086e+01	1.803393e+02
2.260000e-06	1.947672e-06	2.710184e-09	1.451821e+01	1.781526e+02
2.270000e-06	1.866152e-06	2.676463e-09	1.391054e+01	1.759073e+02
2.280000e-06	1.784012e-06	2.649314e-09	1.329826e+01	1.736044e+02
2.290000e-06	1.701224e-06	2.613379e-09	1.268115e+01	1.712431e+02
2.300000e-06	1.617929e-06	2.570056e-09	1.206026e+01	1.688203e+02
2.310000e-06	1.534238e-06	2.533849e-09	1.143641e+01	1.663306e+02
2.320000e-06	1.450107e-06	2.496212e-09	1.080929e+01	1.637666e+02
2.330000e-06	1.365450e-06	2.453020e-09	1.017825e+01	1.611190e+02
2.340000e-06	1.280266e-06	2.410334e-09	9.543276e+00	1.583771e+02
2.350000e-06	1.194599e-06	2.369887e-09	8.904701e+00	1.555298e+02
2.360000e-06	1.108378e-06	2.325319e-09	8.261995e+00	1.525659e+02
2.370000e-06	1.021640e-06	2.276359e-09	7.615439e+00	1.494753e+02
2.380000e-06	9.345092e-07	2.227823e-09	6.965956e+00	1.462493e+02
2.390000e-06	8.470549e-07	2.178512e-09	6.314060e+00	1.428812e+02
2.400000e-06	7.593313e-07	2.124815e-09	5.660157e+00	1.393660e+02
2.410000e-06	6.713943e-07	2.069650e-09	5.004663e+00	1.357009e+02
2.420000e-06	5.832975e-07	2.014068e-09	4.347978e+00	1.318842e+02
2.430000e-06	4.950932e-07	1.955176e-09	3.690491e+00	1.279148e+02
2.440000e-06	4.068300e-07	1.894253e-09	3.032565e+00	1.237911e+02
2.450000e-06	3.184437e-07	1.830147e-09	2.373722e+00	1.195096e+02
2.460000e-06	2.298664e-07	1.760010e-09	1.713455e+00	1.150643e+02
2.470000e-06	1.412273e-07	1.687829e-09	1.052727e+00	1.104448e+02
2.480000e-06	5.261513e-08	1.616417e-09	3.922002e-01	1.056365e+02
2.490000e-06	-3.604388e-08	1.540124e-09	-2.686759e-01	1.006191e+02
2.500000e-06	-1.247223e-07	1.455972e-09	-9.296968e-01	9.536750e+01
2.510000e-06	-2.133514e-07	1.368289e-09	-1.590350e+00	8.985195e+01
2.520000e-06	-3.018872e-07	1.280298e-09	-2.250308e+00	8.403936e+01
2.530000e-06	-3.903187e-07	1.187426e-09	-2.909487e+00	7.789506e+01
2.540000e-06	-4.786640e-07	1.086568e-09	-3.568025e+00	7.138486e+01
2.550000e-06	-5.668917e-07	9.813430e-10	-4.225687e+00	6.447766e+01
2.560000e-06	-6.549626e-07	8.715576e-10	-4.882179e+00	5.714802e+01
2.570000e-06	-7.428323e-07	7.512750e-10	-5.537171e+00	4.937888e+01
2.580000e-06	-8.304896e-07	6.216255e-10	-6.190580e+00	4.116389e+01
2.590000e-06	-9.179250e-07	4.872237e-10	-6.842336e+00	3.250944e+01
2.600000e-06	-1.005057e-06	3.498651e-10	-7.491828e+00	2.343596e+01
2.610000e-06	-1.091734e-06	2.079841e-10	-8.137934e+00	1.397857e+01
2.620000e-06	-1.177811e-06	6.091108e-11	-8.779561e+00	4.186865e+00
2.630000e-06	-1.263190e-06	-9.006669e-11	-9.415985e+00	-5.876221e+00
2.640000e-06	-1.347902e-06	-2.440186e-10	-1.004744e+01	-1.613629e+01
2.650000e-06	-1.432108e-06	-4.009948e-10	-1.067513e+01	-2.651012e+01
2.660000e-06	-1.515919e-06	-5.610396e-10	-1.129986e+01	-3.690892e+01
2.670000e-06	-1.599307e-06	-7.212547e-10	-1.192145e+01	-4.724188e+01
2.680000e-06	-1.682136e-06	-8.783183e-10	-1.253887e+01	-5.741991e+01
2.690000e-06	-1.764345e-06	-1.030545e-09	-1.315166e+01	-6.735931e+01
2.700000e-06	-1.845956e-06	-1.179356e-09	-1.376000e+01	-7.698502e+01
2.710000e-06	-1.926898e-06	-1.321907e-09	-1.436335e+01	-8.623345e+01
2.720000e-06	-2.007224e-06	-1.454854e-09	-1.496212e+01	-9.505447e+01
2.730000e-06	-2.087081e-06	-1.581486e-09	-1.555738e+01	-1.034127e+02
2.740000e-06	-2.166320e-06	-1.703393e-09	-1.614804e+01	-1.112877e+02
2.750000e-06	-2.244486e-06	-1.817068e-09	-1.673070e+01	-1.186739e+02
2.760000e-06	-2.321478e-06	-1.919187e-09	-1.730460e+01	-1.255785e+02
2.770000e-06	-2.397519e-06	-2.015580e-09	-1.787142e+01	-1.320205e+02
2.780000e-06	-2.472648e-06	-2.110196e-09	-1.843145e+01	-1.380274e+02
2.790000e-06	-2.546887e-06	-2.198342e-09	-1.898484e+01	-1.436330e+02
2.800000e-06	-2.620225e-06	-2.278620e-09	-1.953150e+01	-1.488741e+02
2.810000e-06	-2.692676e-06	-2.352157e-09	-2.007157e+01	-1.537885e+02
2.820000e-06	-2.764405e-06	-2.423255e-09	-2.060624e+01	-1.584121e+02
2.830000e-06	-2.835192e-06	-2.492889e-09	-2.113390e+01	-1.627772e+02
2.840000e-06	-2.904668e-06	-2.560086e-09	-2.165179e+01	-1.669110e+02
2.850000e-06	-2.972998e-06	-2.623986e-09	-2.216113e+01	-1.708353e+02
2.860000e-06	-3.040392e-06	-2.682891e-09	-2.266349e+01	-1.745657e+02
2.870000e-06	-3.106751e-06	-2.738645e-09	-2.315814e+01	-1.781126e+02
2.880000e-06	-3.172042e-06	-2.792620e-09	-2.364482e+01	-1.814819e+02
2.890000e-06	-3.236347e-06	-2.843299e-09	-2.412416e+01	-1.846759e+02
2.900000e-06	-3.299604e-06	-2.891208e-09	-2.459569e+01	-1.876950e+02
2.910000e-06	-3.361453e-06	-2.936973e-09	-2.505672e+01	-1.905390e+02
2.920000e-06	-3.421889e-06	-2.978724e-09	-2.550721e+01	-1.932079e+02
2.930000e-06	-3.481217e-06	-3.015810e-09	-2.594945e+01	-1.957037e+02
2.940000e-06	-3.539328e-06	-3.051703e-09	-2.638263e+01	-1.980304e+02
2.950000e-06	-3.596126e-06	-3.087409e-09	-2.680601e+01	-2.001946e+02
2.960000e-06	-3.651732e-06	-3.119983e-09	-2.722050e+01	-2.022056e+02
2.970000e-06	-3.705896e-06	-3.150466e-09	-2.762425e+01	-2.040749e+02
2.980000e-06	-3.758344e-06	-3.180112e-09	-2.801520e+01	-2.058156e+02
2.990000e-06	-3.809256e-06	-3.207348e-09	-2.839470e+01	-2.074415e+02
3.000000e-06	-3.858615e-06	-3.230453e-09	-2.876263e+01	-2.089666e+02
3.010000e-06	-3.906244e-06	-3.251384e-09	-2.911766e+01	-2.104038e+02
3.020000e-06	-3.952436e-06	-3.273015e-09	-2.946198e+01	-2.117642e+02
3.030000e-06	-3.997442e-06	-3.295333e-09	-2.979747e+01	-2.130570e+02
3.040000e-06	-4.041247e-06	-3.316902e-09	-3.012399e+01	-2.142886e+02
3.050000e-06	-4.083850e-06	-3.336235e-09	-3.044157e+01	-2.154630e+02
3.060000e-06	-4.125162e-06	-3.352341e-09	-3.074951e+01	-2.165816e+02
3.070000e-06	-4.165156e-06	-3.366306e-09	-3.104763e+01	-2.176442e+02
3.080000e-06	-4.203599e-06	-3.378614e-09	-3.133419e+01	-2.186491e+02
3.090000e-06	-4.240303e-06	-3.390466e-09	-3.160778e+01	-2.195939e+02
3.100000e-06	-4.275460e-06	-3.404266e-09	-3.186985e+01	-2.204762e+02
3.110000e-06	-4.309251e-06	-3.417307e-09	-3.212173e+01	-2.212946e+02
3.120000e-06	-4.341676e-06	-3.427674e-09	-3.236343e+01	-2.220485e+02
3.130000e-06	-4.372590e-06	-3.436657e-09	-3.259387e+01	-2.227390e+02
3.140000e-06	-4.401791e-06	-3.446202e-09	-3.281154e+01	-2.233689e+02
3.150000e-06	-4.429388e-06	-3.455184e-09	-3.301725e+01	-2.239425e+02
3.160000e-06	-4.455489e-06	-3.462261e-09	-3.321181e+01	-2.244652e+02
3.170000e-06	-4.480064e-06	-3.469576e-09	-3.339500e+01	-2.249433e+02
3.180000e-06	-4.503075e-06	-3.476733e-09	-3.356652e+01	-2.253835e+02
3.190000e-06	-4.524310e-06	-3.483898e-09	-3.372481e+01	-2.257921e+02
3.200000e-06	-4.543944e-06	-3.490026e-09	-3.387117e+01	-2.261745e+02
3.210000e-06	-4.562123e-06	-3.494562e-09	-3.400667e+01	-2.265350e+02
3.220000e-06	-4.578730e-06	-3.497501e-09	-3.413047e+01	-2.268762e+02
3.230000e-06	-4.593600e-06	-3.499263e-09	-3.424131e+01	-2.271992e+02
3.240000e-06	-4.606499e-06	-3.501010e-09	-3.433745e+01	-2.275033e+02
3.250000e-06	-4.617548e-06	-3.503602e-09	-3.441982e+01	-2.277865e+02
3.260000e-06	-4.626986e-06	-3.507277e-09	-3.449017e+01	-2.280456e+02
3.270000e-06	-4.634923e-06	-3.510648e-09	-3.454933e+01	-2.282772e+02
3.280000e-06	-4.641119e-06	-3.513306e-09	-3.459552e+01	-2.284775e+02
3.290000e-06	-4.645518e-06	-3.515396e-09	-3.462831e+01	-2.286433e+02
3.300000e-06	-4.648429e-06	-3.515723e-09	-3.465001e+01	-2.287722e+02
3.310000e-06	-4.649812e-06	-3.514296e-09	-3.466032e+01	-2.288630e+02
