# Temperatura_=_20.0
# Concentracion g/m^3_=_6200.0
# C_Vs_to_Am_M_A/Vsm_=_65563218390.804596
# pendiente_HvsI_1/m_=_3716.3
# ordenada_HvsI_A/m_=_1297.0
# frecuencia_Hz_=_301529.8665385584

Tiempo_(s)	Campo_(V.s)	Magnetizacion_(V.s)	Campo_(kA/m)	Magnetizacion_(A/m)
0.000000e+00	-4.647768e-06	-3.436742e-09	-3.466140e+01	-2.237773e+02
1.000000e-08	-4.646503e-06	-3.439168e-09	-3.465196e+01	-2.237761e+02
2.000000e-08	-4.643485e-06	-3.437799e-09	-3.462945e+01	-2.237430e+02
3.000000e-08	-4.638965e-06	-3.435003e-09	-3.459575e+01	-2.236813e+02
4.000000e-08	-4.633113e-06	-3.433833e-09	-3.455210e+01	-2.235946e+02
5.000000e-08	-4.625869e-06	-3.431565e-09	-3.449808e+01	-2.234864e+02
6.000000e-08	-4.617184e-06	-3.426387e-09	-3.443331e+01	-2.233598e+02
7.000000e-08	-4.606766e-06	-3.416137e-09	-3.435561e+01	-2.232171e+02
8.000000e-08	-4.594521e-06	-3.406579e-09	-3.426430e+01	-2.230596e+02
9.000000e-08	-4.580366e-06	-3.446386e-09	-3.415874e+01	-2.228877e+02
1.000000e-07	-4.563950e-06	-3.455449e-09	-3.403631e+01	-2.227003e+02
1.100000e-07	-4.545559e-06	-3.422799e-09	-3.389915e+01	-2.224956e+02
1.200000e-07	-4.525750e-06	-3.405612e-09	-3.375143e+01	-2.222710e+02
1.300000e-07	-4.504794e-06	-3.324971e-09	-3.359514e+01	-2.220236e+02
1.400000e-07	-4.482718e-06	-3.390369e-09	-3.343051e+01	-2.217504e+02
1.500000e-07	-4.459339e-06	-3.470396e-09	-3.325616e+01	-2.214489e+02
1.600000e-07	-4.434630e-06	-3.313592e-09	-3.307189e+01	-2.211171e+02
1.700000e-07	-4.408446e-06	-3.364327e-09	-3.287662e+01	-2.207543e+02
1.800000e-07	-4.380468e-06	-3.415864e-09	-3.266797e+01	-2.203604e+02
1.900000e-07	-4.350867e-06	-3.258722e-09	-3.244721e+01	-2.199367e+02
2.000000e-07	-4.320002e-06	-3.347417e-09	-3.221703e+01	-2.194851e+02
2.100000e-07	-4.287699e-06	-3.396142e-09	-3.197613e+01	-2.190084e+02
2.200000e-07	-4.253556e-06	-3.276235e-09	-3.172151e+01	-2.185094e+02
2.300000e-07	-4.217839e-06	-3.333057e-09	-3.145514e+01	-2.179909e+02
2.400000e-07	-4.180716e-06	-3.325088e-09	-3.117828e+01	-2.174551e+02
2.500000e-07	-4.142037e-06	-3.260655e-09	-3.088983e+01	-2.169032e+02
2.600000e-07	-4.101894e-06	-3.312000e-09	-3.059046e+01	-2.163354e+02
2.700000e-07	-4.060079e-06	-3.279470e-09	-3.027862e+01	-2.157506e+02
2.800000e-07	-4.016626e-06	-3.261275e-09	-2.995456e+01	-2.151460e+02
2.900000e-07	-3.971799e-06	-3.266178e-09	-2.962026e+01	-2.145183e+02
3.000000e-07	-3.925502e-06	-3.222780e-09	-2.927499e+01	-2.138628e+02
3.100000e-07	-3.877710e-06	-3.232704e-09	-2.891858e+01	-2.131747e+02
3.200000e-07	-3.828205e-06	-3.249853e-09	-2.854939e+01	-2.124489e+02
3.300000e-07	-3.776874e-06	-3.222195e-09	-2.816658e+01	-2.116810e+02
3.400000e-07	-3.724033e-06	-3.188889e-09	-2.777251e+01	-2.108675e+02
3.500000e-07	-3.669875e-06	-3.193221e-09	-2.736862e+01	-2.100060e+02
3.600000e-07	-3.614513e-06	-3.185221e-09	-2.695575e+01	-2.090955e+02
3.700000e-07	-3.558052e-06	-3.145446e-09	-2.653468e+01	-2.081366e+02
3.800000e-07	-3.500177e-06	-3.138463e-09	-2.610307e+01	-2.071311e+02
3.900000e-07	-3.440798e-06	-3.123252e-09	-2.566025e+01	-2.060822e+02
4.000000e-07	-3.380242e-06	-3.103415e-09	-2.520864e+01	-2.049933e+02
4.100000e-07	-3.318569e-06	-3.095689e-09	-2.474870e+01	-2.038683e+02
4.200000e-07	-3.255806e-06	-3.075545e-09	-2.428064e+01	-2.027105e+02
4.300000e-07	-3.192116e-06	-3.070712e-09	-2.380566e+01	-2.015225e+02
4.400000e-07	-3.127351e-06	-3.047391e-09	-2.332267e+01	-2.003056e+02
4.500000e-07	-3.061031e-06	-3.002397e-09	-2.282808e+01	-1.990594e+02
4.600000e-07	-2.993453e-06	-2.989826e-09	-2.232410e+01	-1.977819e+02
4.700000e-07	-2.925120e-06	-2.986580e-09	-2.181450e+01	-1.964693e+02
4.800000e-07	-2.855883e-06	-2.966138e-09	-2.129816e+01	-1.951167e+02
4.900000e-07	-2.785661e-06	-2.933642e-09	-2.077446e+01	-1.937179e+02
5.000000e-07	-2.714441e-06	-2.916157e-09	-2.024333e+01	-1.922666e+02
5.100000e-07	-2.642313e-06	-2.895992e-09	-1.970543e+01	-1.907562e+02
5.200000e-07	-2.569186e-06	-2.857010e-09	-1.916007e+01	-1.891813e+02
5.300000e-07	-2.494750e-06	-2.830273e-09	-1.860496e+01	-1.875374e+02
5.400000e-07	-2.419133e-06	-2.812299e-09	-1.804103e+01	-1.858216e+02
5.500000e-07	-2.342631e-06	-2.786772e-09	-1.747050e+01	-1.840331e+02
5.600000e-07	-2.265298e-06	-2.747041e-09	-1.689379e+01	-1.821724e+02
5.700000e-07	-2.186919e-06	-2.718912e-09	-1.630926e+01	-1.802420e+02
5.800000e-07	-2.107454e-06	-2.698984e-09	-1.571664e+01	-1.782453e+02
5.900000e-07	-2.027109e-06	-2.664213e-09	-1.511745e+01	-1.761862e+02
6.000000e-07	-1.946011e-06	-2.628001e-09	-1.451266e+01	-1.740685e+02
6.100000e-07	-1.864255e-06	-2.600970e-09	-1.390295e+01	-1.718951e+02
6.200000e-07	-1.781828e-06	-2.570774e-09	-1.328824e+01	-1.696674e+02
6.300000e-07	-1.698816e-06	-2.527523e-09	-1.266916e+01	-1.673844e+02
6.400000e-07	-1.615328e-06	-2.487751e-09	-1.204654e+01	-1.650431e+02
6.500000e-07	-1.531396e-06	-2.452310e-09	-1.142060e+01	-1.626378e+02
6.600000e-07	-1.447148e-06	-2.409213e-09	-1.079231e+01	-1.601603e+02
6.700000e-07	-1.362559e-06	-2.366058e-09	-1.016148e+01	-1.576005e+02
6.800000e-07	-1.277466e-06	-2.330457e-09	-9.526885e+00	-1.549471e+02
6.900000e-07	-1.191885e-06	-2.293244e-09	-8.888655e+00	-1.521881e+02
7.000000e-07	-1.105996e-06	-2.247969e-09	-8.248121e+00	-1.493116e+02
7.100000e-07	-1.019787e-06	-2.199816e-09	-7.605204e+00	-1.463070e+02
7.200000e-07	-9.331809e-07	-2.149983e-09	-6.959330e+00	-1.431654e+02
7.300000e-07	-8.462754e-07	-2.096205e-09	-6.311220e+00	-1.398800e+02
7.400000e-07	-7.591497e-07	-2.042432e-09	-5.661468e+00	-1.364463e+02
7.500000e-07	-6.718108e-07	-1.991950e-09	-5.010125e+00	-1.328622e+02
7.600000e-07	-5.842811e-07	-1.936533e-09	-4.357360e+00	-1.291269e+02
7.700000e-07	-4.966132e-07	-1.875498e-09	-3.703564e+00	-1.252407e+02
7.800000e-07	-4.088785e-07	-1.814572e-09	-3.049270e+00	-1.212032e+02
7.900000e-07	-3.210700e-07	-1.753029e-09	-2.394426e+00	-1.170128e+02
8.000000e-07	-2.331442e-07	-1.686642e-09	-1.738706e+00	-1.126649e+02
8.100000e-07	-1.451702e-07	-1.615874e-09	-1.082627e+00	-1.081507e+02
8.200000e-07	-5.718504e-08	-1.544790e-09	-4.264656e-01	-1.034568e+02
8.300000e-07	3.085343e-08	-1.469494e-09	2.300939e-01	-9.856421e+01
8.400000e-07	1.189049e-07	-1.389019e-09	8.867504e-01	-9.344845e+01
8.500000e-07	2.069215e-07	-1.303680e-09	1.543147e+00	-8.808025e+01
8.600000e-07	2.949213e-07	-1.214891e-09	2.199418e+00	-8.242656e+01
8.700000e-07	3.828795e-07	-1.123287e-09	2.855379e+00	-7.645229e+01
8.800000e-07	4.707473e-07	-1.027865e-09	3.510665e+00	-7.012253e+01
8.900000e-07	5.585014e-07	-9.283760e-10	4.165104e+00	-6.340503e+01
9.000000e-07	6.461030e-07	-8.219376e-10	4.818406e+00	-5.627295e+01
9.100000e-07	7.335397e-07	-7.079534e-10	5.470477e+00	-4.870755e+01
9.200000e-07	8.207731e-07	-5.876511e-10	6.121033e+00	-4.070066e+01
9.300000e-07	9.077386e-07	-4.618691e-10	6.769591e+00	-3.225672e+01
9.400000e-07	9.944125e-07	-3.306030e-10	7.415974e+00	-2.339422e+01
9.500000e-07	1.080720e-06	-1.923681e-10	8.059621e+00	-1.414638e+01
9.600000e-07	1.166650e-06	-4.622557e-11	8.700458e+00	-4.560984e+00
9.700000e-07	1.252188e-06	1.046125e-10	9.338370e+00	5.300629e+00
9.800000e-07	1.337247e-06	2.597019e-10	9.972713e+00	1.536546e+01
9.900000e-07	1.421843e-06	4.192228e-10	1.060359e+01	2.555143e+01
1.000000e-06	1.506050e-06	5.798480e-10	1.123158e+01	3.577061e+01
1.010000e-06	1.589870e-06	7.363216e-10	1.185668e+01	4.593276e+01
1.020000e-06	1.673197e-06	8.885071e-10	1.247811e+01	5.594909e+01
1.030000e-06	1.755922e-06	1.037641e-09	1.309504e+01	6.573591e+01
1.040000e-06	1.837864e-06	1.180640e-09	1.370613e+01	7.521793e+01
1.050000e-06	1.919074e-06	1.315256e-09	1.431177e+01	8.433109e+01
1.060000e-06	1.999703e-06	1.443374e-09	1.491307e+01	9.302463e+01
1.070000e-06	2.079639e-06	1.567919e-09	1.550920e+01	1.012624e+02
1.080000e-06	2.158756e-06	1.686356e-09	1.609923e+01	1.090231e+02
1.090000e-06	2.236983e-06	1.796308e-09	1.668262e+01	1.163001e+02
1.100000e-06	2.314392e-06	1.898765e-09	1.725991e+01	1.231000e+02
1.110000e-06	2.391056e-06	1.995170e-09	1.783164e+01	1.294407e+02
1.120000e-06	2.466912e-06	2.083564e-09	1.839735e+01	1.353490e+02
1.130000e-06	2.541768e-06	2.162115e-09	1.895560e+01	1.408581e+02
1.140000e-06	2.615448e-06	2.236917e-09	1.950508e+01	1.460045e+02
1.150000e-06	2.687995e-06	2.309260e-09	2.004611e+01	1.508256e+02
1.160000e-06	2.759572e-06	2.378758e-09	2.057990e+01	1.553571e+02
1.170000e-06	2.830297e-06	2.445911e-09	2.110735e+01	1.596315e+02
1.180000e-06	2.900027e-06	2.508816e-09	2.162737e+01	1.636764e+02
1.190000e-06	2.968723e-06	2.566387e-09	2.213968e+01	1.675137e+02
1.200000e-06	3.036599e-06	2.620022e-09	2.264587e+01	1.711596e+02
1.210000e-06	3.103530e-06	2.670237e-09	2.314502e+01	1.746252e+02
1.220000e-06	3.169030e-06	2.714257e-09	2.363350e+01	1.779166e+02
1.230000e-06	3.233157e-06	2.754719e-09	2.411173e+01	1.810368e+02
1.240000e-06	3.296265e-06	2.794525e-09	2.458237e+01	1.839866e+02
1.250000e-06	3.358327e-06	2.832507e-09	2.504520e+01	1.867659e+02
1.260000e-06	3.419287e-06	2.868373e-09	2.549982e+01	1.893750e+02
1.270000e-06	3.479253e-06	2.903997e-09	2.594703e+01	1.918158e+02
1.280000e-06	3.538023e-06	2.938082e-09	2.638531e+01	1.940921e+02
1.290000e-06	3.595192e-06	2.969284e-09	2.681166e+01	1.962104e+02
1.300000e-06	3.650890e-06	2.998795e-09	2.722703e+01	1.981795e+02
1.310000e-06	3.705339e-06	3.026156e-09	2.763309e+01	2.000105e+02
1.320000e-06	3.758490e-06	3.050167e-09	2.802948e+01	2.017159e+02
1.330000e-06	3.810170e-06	3.072296e-09	2.841489e+01	2.033093e+02
1.340000e-06	3.860044e-06	3.094569e-09	2.878683e+01	2.048041e+02
1.350000e-06	3.908225e-06	3.115962e-09	2.914615e+01	2.062129e+02
1.360000e-06	3.955063e-06	3.135857e-09	2.949545e+01	2.075468e+02
1.370000e-06	4.000557e-06	3.155803e-09	2.983473e+01	2.088149e+02
1.380000e-06	4.044813e-06	3.175262e-09	3.016477e+01	2.100236e+02
1.390000e-06	4.087779e-06	3.192879e-09	3.048520e+01	2.111771e+02
1.400000e-06	4.129069e-06	3.209067e-09	3.079312e+01	2.122772e+02
1.410000e-06	4.168768e-06	3.224687e-09	3.108918e+01	2.133238e+02
1.420000e-06	4.207128e-06	3.239103e-09	3.137526e+01	2.143154e+02
1.430000e-06	4.244131e-06	3.251700e-09	3.165121e+01	2.152500e+02
1.440000e-06	4.279857e-06	3.263102e-09	3.191764e+01	2.161252e+02
1.450000e-06	4.314019e-06	3.273879e-09	3.217241e+01	2.169393e+02
1.460000e-06	4.346412e-06	3.284733e-09	3.241399e+01	2.176916e+02
1.470000e-06	4.377302e-06	3.295850e-09	3.264436e+01	2.183827e+02
1.480000e-06	4.406759e-06	3.307575e-09	3.286404e+01	2.190148e+02
1.490000e-06	4.434825e-06	3.318594e-09	3.307334e+01	2.195912e+02
1.500000e-06	4.461267e-06	3.326789e-09	3.327054e+01	2.201166e+02
1.510000e-06	4.485855e-06	3.333977e-09	3.345391e+01	2.205963e+02
1.520000e-06	4.508827e-06	3.342211e-09	3.362523e+01	2.210361e+02
1.530000e-06	4.530324e-06	3.351328e-09	3.378554e+01	2.214414e+02
1.540000e-06	4.550418e-06	3.358845e-09	3.393539e+01	2.218170e+02
1.550000e-06	4.568982e-06	3.365599e-09	3.407384e+01	2.221667e+02
1.560000e-06	4.585767e-06	3.372907e-09	3.419901e+01	2.224929e+02
1.570000e-06	4.600825e-06	3.380372e-09	3.431131e+01	2.227966e+02
1.580000e-06	4.614204e-06	3.386444e-09	3.441109e+01	2.230776e+02
1.590000e-06	4.625808e-06	3.390157e-09	3.449762e+01	2.233343e+02
1.600000e-06	4.635461e-06	3.393244e-09	3.456961e+01	2.235645e+02
1.610000e-06	4.643311e-06	3.396153e-09	3.462815e+01	2.237654e+02
1.620000e-06	4.649573e-06	3.399269e-09	3.467486e+01	2.239342e+02
1.630000e-06	4.654292e-06	3.402027e-09	3.471005e+01	2.240688e+02
1.640000e-06	4.657460e-06	3.404123e-09	3.473367e+01	2.241675e+02
1.650000e-06	4.658804e-06	3.409013e-09	3.474370e+01	2.242300e+02
1.660000e-06	4.658443e-06	3.413676e-09	3.474100e+01	2.242568e+02
1.670000e-06	4.656635e-06	3.412214e-09	3.472752e+01	2.242497e+02
1.680000e-06	4.653435e-06	3.411401e-09	3.470366e+01	2.242113e+02
1.690000e-06	4.648845e-06	3.412267e-09	3.466943e+01	2.241450e+02
1.700000e-06	4.642555e-06	3.413050e-09	3.462252e+01	2.240542e+02
1.710000e-06	4.634664e-06	3.412662e-09	3.456367e+01	2.239426e+02
1.720000e-06	4.625488e-06	3.415259e-09	3.449524e+01	2.238130e+02
1.730000e-06	4.614967e-06	3.436059e-09	3.441678e+01	2.236677e+02
1.740000e-06	4.602922e-06	3.395083e-09	3.432695e+01	2.235077e+02
1.750000e-06	4.588766e-06	3.355238e-09	3.422138e+01	2.233331e+02
1.760000e-06	4.572093e-06	3.374659e-09	3.409704e+01	2.231429e+02
1.770000e-06	4.553285e-06	3.380678e-09	3.395677e+01	2.229349e+02
1.780000e-06	4.533104e-06	3.467900e-09	3.380627e+01	2.227065e+02
1.790000e-06	4.512330e-06	3.401349e-09	3.365134e+01	2.224548e+02
1.800000e-06	4.490663e-06	3.303192e-09	3.348976e+01	2.221767e+02
1.810000e-06	4.466897e-06	3.465713e-09	3.331253e+01	2.218700e+02
1.820000e-06	4.441312e-06	3.385085e-09	3.312172e+01	2.215328e+02
1.830000e-06	4.414699e-06	3.289268e-09	3.292325e+01	2.211644e+02
1.840000e-06	4.386423e-06	3.455587e-09	3.271238e+01	2.207651e+02
1.850000e-06	4.356173e-06	3.346632e-09	3.248678e+01	2.203363e+02
1.860000e-06	4.324418e-06	3.270872e-09	3.224997e+01	2.198801e+02
1.870000e-06	4.291205e-06	3.408172e-09	3.200228e+01	2.193993e+02
1.880000e-06	4.256600e-06	3.297486e-09	3.174420e+01	2.188967e+02
1.890000e-06	4.220587e-06	3.320412e-09	3.147564e+01	2.183750e+02
1.900000e-06	4.182754e-06	3.376381e-09	3.119348e+01	2.178363e+02
1.910000e-06	4.143245e-06	3.243206e-09	3.089884e+01	2.172817e+02
1.920000e-06	4.102249e-06	3.333622e-09	3.059311e+01	2.167110e+02
1.930000e-06	4.059810e-06	3.292451e-09	3.027661e+01	2.161229e+02
1.940000e-06	4.016235e-06	3.229221e-09	2.995165e+01	2.155146e+02
1.950000e-06	3.971293e-06	3.340737e-09	2.961648e+01	2.148823e+02
1.960000e-06	3.924776e-06	3.250986e-09	2.926958e+01	2.142214e+02
1.970000e-06	3.876757e-06	3.222014e-09	2.891147e+01	2.135270e+02
1.980000e-06	3.827256e-06	3.250684e-09	2.854231e+01	2.127941e+02
1.990000e-06	3.776377e-06	3.219265e-09	2.816288e+01	2.120183e+02
2.000000e-06	3.723937e-06	3.232006e-09	2.777180e+01	2.111964e+02
2.010000e-06	3.669883e-06	3.173960e-09	2.736868e+01	2.103262e+02
2.020000e-06	3.614350e-06	3.203408e-09	2.695453e+01	2.094070e+02
2.030000e-06	3.557491e-06	3.188238e-09	2.653050e+01	2.084397e+02
2.040000e-06	3.499435e-06	3.125809e-09	2.609754e+01	2.074263e+02
2.050000e-06	3.440216e-06	3.160135e-09	2.565590e+01	2.063700e+02
2.060000e-06	3.380080e-06	3.126982e-09	2.520743e+01	2.052745e+02
2.070000e-06	3.318740e-06	3.127654e-09	2.474998e+01	2.041434e+02
2.080000e-06	3.255875e-06	3.077644e-09	2.428116e+01	2.029802e+02
2.090000e-06	3.191784e-06	3.055679e-09	2.380319e+01	2.017870e+02
2.100000e-06	3.126604e-06	3.104379e-09	2.331710e+01	2.005650e+02
2.110000e-06	3.060376e-06	3.040117e-09	2.282320e+01	1.993135e+02
2.120000e-06	2.993151e-06	3.013030e-09	2.232186e+01	1.980300e+02
2.130000e-06	2.925015e-06	2.996008e-09	2.181371e+01	1.967108e+02
2.140000e-06	2.855805e-06	2.984023e-09	2.129757e+01	1.953504e+02
2.150000e-06	2.785163e-06	2.960504e-09	2.077075e+01	1.939428e+02
2.160000e-06	2.713359e-06	2.923428e-09	2.023526e+01	1.924815e+02
2.170000e-06	2.640705e-06	2.939783e-09	1.969343e+01	1.909600e+02
2.180000e-06	2.567192e-06	2.899571e-09	1.914520e+01	1.893731e+02
2.190000e-06	2.492778e-06	2.852729e-09	1.859025e+01	1.877166e+02
2.200000e-06	2.417404e-06	2.831853e-09	1.802814e+01	1.859879e+02
2.210000e-06	2.341091e-06	2.823288e-09	1.745902e+01	1.841864e+02
2.220000e-06	2.263698e-06	2.796135e-09	1.688185e+01	1.823132e+02
2.230000e-06	2.185198e-06	2.746527e-09	1.629643e+01	1.803707e+02
2.240000e-06	2.105738e-06	2.737731e-09	1.570384e+01	1.783626e+02
2.250000e-06	2.025571e-06	2.714527e-09	1.510599e+01	1.762929e+02
2.260000e-06	1.944831e-06	2.669780e-09	1.450386e+01	1.741651e+02
2.270000e-06	1.863399e-06	2.633074e-09	1.389657e+01	1.719820e+02
2.280000e-06	1.781275e-06	2.607490e-09	1.328411e+01	1.697446e+02
2.290000e-06	1.698538e-06	2.574339e-09	1.266709e+01	1.674516e+02
2.300000e-06	1.615301e-06	2.528111e-09	1.204634e+01	1.650994e+02
2.310000e-06	1.531666e-06	2.499951e-09	1.142262e+01	1.626819e+02
2.320000e-06	1.447628e-06	2.467968e-09	1.079590e+01	1.601905e+02
2.330000e-06	1.363099e-06	2.420707e-09	1.016551e+01	1.576150e+02
2.340000e-06	1.278087e-06	2.375386e-09	9.531517e+00	1.549437e+02
2.350000e-06	1.192547e-06	2.335880e-09	8.893587e+00	1.521645e+02
2.360000e-06	1.106378e-06	2.293697e-09	8.250970e+00	1.492660e+02
2.370000e-06	1.019701e-06	2.245369e-09	7.604567e+00	1.462376e+02
2.380000e-06	9.326266e-07	2.199540e-09	6.955197e+00	1.430708e+02
2.390000e-06	8.451977e-07	2.150386e-09	6.303183e+00	1.397592e+02
2.400000e-06	7.574718e-07	2.094003e-09	5.648955e+00	1.362989e+02
2.410000e-06	6.695340e-07	2.040576e-09	4.993146e+00	1.326878e+02
2.420000e-06	5.814587e-07	1.989629e-09	4.336312e+00	1.289256e+02
2.430000e-06	4.932581e-07	1.931621e-09	3.678543e+00	1.250124e+02
2.440000e-06	4.050054e-07	1.869413e-09	3.020386e+00	1.209479e+02
2.450000e-06	3.166636e-07	1.808106e-09	2.361564e+00	1.167299e+02
2.460000e-06	2.281617e-07	1.740541e-09	1.701549e+00	1.123531e+02
2.470000e-06	1.396068e-07	1.666841e-09	1.041138e+00	1.078080e+02
2.480000e-06	5.105542e-08	1.593725e-09	3.807531e-01	1.030803e+02
2.490000e-06	-3.756597e-08	1.518790e-09	-2.801536e-01	9.814981e+01
2.500000e-06	-1.261976e-07	1.437516e-09	-9.411370e-01	9.299131e+01
2.510000e-06	-2.147760e-07	1.352376e-09	-1.601723e+00	8.757469e+01
2.520000e-06	-3.032670e-07	1.267367e-09	-2.261657e+00	8.186641e+01
2.530000e-06	-3.916790e-07	1.176213e-09	-2.921003e+00	7.583124e+01
2.540000e-06	-4.800277e-07	1.077423e-09	-3.579875e+00	6.943454e+01
2.550000e-06	-5.682433e-07	9.750327e-10	-4.237756e+00	6.264483e+01
2.560000e-06	-6.563147e-07	8.666908e-10	-4.894561e+00	5.543653e+01
2.570000e-06	-7.441958e-07	7.480543e-10	-5.549946e+00	4.779261e+01
2.580000e-06	-8.318530e-07	6.192598e-10	-6.203663e+00	3.970702e+01
2.590000e-06	-9.192339e-07	4.856305e-10	-6.855318e+00	3.118662e+01
2.600000e-06	-1.006283e-06	3.491132e-10	-7.504498e+00	2.225250e+01
2.610000e-06	-1.092897e-06	2.097111e-10	-8.150433e+00	1.294052e+01
2.620000e-06	-1.178890e-06	6.680319e-11	-8.791738e+00	3.300997e+00
2.630000e-06	-1.264229e-06	-8.119730e-11	-9.428172e+00	-6.602501e+00
2.640000e-06	-1.348986e-06	-2.344434e-10	-1.006025e+01	-1.669514e+01
2.650000e-06	-1.433264e-06	-3.913637e-10	-1.068877e+01	-2.689355e+01
2.660000e-06	-1.517081e-06	-5.499788e-10	-1.131385e+01	-3.710911e+01
2.670000e-06	-1.600391e-06	-7.078595e-10	-1.193515e+01	-4.725158e+01
2.680000e-06	-1.683172e-06	-8.624551e-10	-1.255250e+01	-5.723281e+01
2.690000e-06	-1.765395e-06	-1.011893e-09	-1.316569e+01	-6.697037e+01
2.700000e-06	-1.846945e-06	-1.156487e-09	-1.377386e+01	-7.639080e+01
2.710000e-06	-1.927827e-06	-1.294820e-09	-1.437705e+01	-8.543229e+01
2.720000e-06	-2.008171e-06	-1.425271e-09	-1.497622e+01	-9.404660e+01
2.730000e-06	-2.088016e-06	-1.550086e-09	-1.557168e+01	-1.022002e+02
2.740000e-06	-2.167161e-06	-1.668195e-09	-1.616192e+01	-1.098746e+02
2.750000e-06	-2.245217e-06	-1.777676e-09	-1.674403e+01	-1.170655e+02
2.760000e-06	-2.322119e-06	-1.878479e-09	-1.731753e+01	-1.237818e+02
2.770000e-06	-2.398030e-06	-1.973528e-09	-1.788365e+01	-1.300430e+02
2.780000e-06	-2.473074e-06	-2.064225e-09	-1.844331e+01	-1.358774e+02
2.790000e-06	-2.547278e-06	-2.148838e-09	-1.899669e+01	-1.413189e+02
2.800000e-06	-2.620584e-06	-2.228677e-09	-1.954338e+01	-1.464045e+02
2.810000e-06	-2.693052e-06	-2.302509e-09	-2.008382e+01	-1.511712e+02
2.820000e-06	-2.764765e-06	-2.370942e-09	-2.061863e+01	-1.556545e+02
2.830000e-06	-2.835495e-06	-2.438652e-09	-2.114611e+01	-1.598860e+02
2.840000e-06	-2.904931e-06	-2.505364e-09	-2.166394e+01	-1.638923e+02
2.850000e-06	-2.973179e-06	-2.568792e-09	-2.217291e+01	-1.676944e+02
2.860000e-06	-3.040485e-06	-2.627355e-09	-2.267485e+01	-1.713074e+02
2.870000e-06	-3.106813e-06	-2.683582e-09	-2.316950e+01	-1.747414e+02
2.880000e-06	-3.172064e-06	-2.737602e-09	-2.365612e+01	-1.780021e+02
2.890000e-06	-3.236322e-06	-2.786096e-09	-2.413533e+01	-1.810918e+02
2.900000e-06	-3.299474e-06	-2.832045e-09	-2.460630e+01	-1.840111e+02
2.910000e-06	-3.361150e-06	-2.876389e-09	-2.506626e+01	-1.867599e+02
2.920000e-06	-3.421495e-06	-2.917315e-09	-2.551629e+01	-1.893387e+02
2.930000e-06	-3.480757e-06	-2.953733e-09	-2.595825e+01	-1.917497e+02
2.940000e-06	-3.538796e-06	-2.989009e-09	-2.639108e+01	-1.939972e+02
2.950000e-06	-3.595601e-06	-3.023901e-09	-2.681471e+01	-1.960881e+02
2.960000e-06	-3.651188e-06	-3.055462e-09	-2.722926e+01	-1.980316e+02
2.970000e-06	-3.705226e-06	-3.087183e-09	-2.763226e+01	-1.998392e+02
2.980000e-06	-3.757565e-06	-3.118111e-09	-2.802258e+01	-2.015235e+02
2.990000e-06	-3.808466e-06	-3.143931e-09	-2.840218e+01	-2.030983e+02
3.000000e-06	-3.857829e-06	-3.165581e-09	-2.877032e+01	-2.045768e+02
3.010000e-06	-3.905401e-06	-3.186520e-09	-2.912509e+01	-2.059714e+02
3.020000e-06	-3.951468e-06	-3.208552e-09	-2.946864e+01	-2.072929e+02
3.030000e-06	-3.996341e-06	-3.229268e-09	-2.980329e+01	-2.085499e+02
3.040000e-06	-4.040066e-06	-3.246989e-09	-3.012937e+01	-2.097484e+02
3.050000e-06	-4.082574e-06	-3.264533e-09	-3.044638e+01	-2.108922e+02
3.060000e-06	-4.123780e-06	-3.280722e-09	-3.075368e+01	-2.119828e+02
3.070000e-06	-4.163720e-06	-3.296678e-09	-3.105154e+01	-2.130197e+02
3.080000e-06	-4.202110e-06	-3.311758e-09	-3.133784e+01	-2.140012e+02
3.090000e-06	-4.238821e-06	-3.325774e-09	-3.161162e+01	-2.149253e+02
3.100000e-06	-4.274131e-06	-3.339624e-09	-3.187495e+01	-2.157896e+02
3.110000e-06	-4.308021e-06	-3.351352e-09	-3.212768e+01	-2.165926e+02
3.120000e-06	-4.340457e-06	-3.359821e-09	-3.236958e+01	-2.173339e+02
3.130000e-06	-4.371350e-06	-3.367314e-09	-3.259997e+01	-2.180142e+02
3.140000e-06	-4.400490e-06	-3.377977e-09	-3.281728e+01	-2.186360e+02
3.150000e-06	-4.428035e-06	-3.388604e-09	-3.302270e+01	-2.192029e+02
3.160000e-06	-4.454095e-06	-3.397326e-09	-3.321705e+01	-2.197197e+02
3.170000e-06	-4.478626e-06	-3.404906e-09	-3.340000e+01	-2.201918e+02
3.180000e-06	-4.501584e-06	-3.411665e-09	-3.357121e+01	-2.206250e+02
3.190000e-06	-4.522835e-06	-3.417432e-09	-3.372969e+01	-2.210246e+02
3.200000e-06	-4.542470e-06	-3.422470e-09	-3.387612e+01	-2.213952e+02
3.210000e-06	-4.560575e-06	-3.426720e-09	-3.401114e+01	-2.217405e+02
3.220000e-06	-4.577163e-06	-3.430191e-09	-3.413485e+01	-2.220626e+02
3.230000e-06	-4.591996e-06	-3.432633e-09	-3.424546e+01	-2.223623e+02
3.240000e-06	-4.604833e-06	-3.433907e-09	-3.434120e+01	-2.226390e+02
3.250000e-06	-4.615875e-06	-3.434432e-09	-3.442355e+01	-2.228911e+02
3.260000e-06	-4.625289e-06	-3.435927e-09	-3.449375e+01	-2.231162e+02
3.270000e-06	-4.633162e-06	-3.437806e-09	-3.455247e+01	-2.233115e+02
3.280000e-06	-4.639278e-06	-3.440331e-09	-3.459808e+01	-2.234743e+02
3.290000e-06	-4.643614e-06	-3.442846e-09	-3.463041e+01	-2.236025e+02
3.300000e-06	-4.646432e-06	-3.441351e-09	-3.465143e+01	-2.236948e+02
3.310000e-06	-4.647705e-06	-3.438114e-09	-3.466093e+01	-2.237507e+02
