# Temperatura_=_20.0
# Concentracion g/m^3_=_6600.0
# C_Vs_to_Am_M_A/Vsm_=_65563218390.804596
# pendiente_HvsI_1/m_=_3716.3
# ordenada_HvsI_A/m_=_1297.0
# frecuencia_Hz_=_301444.3445753093

Tiempo_(s)	Campo_(V.s)	Magnetizacion_(V.s)	Campo_(kA/m)	Magnetizacion_(A/m)
0.000000e+00	-3.215452e-06	-4.085216e-09	-2.355181e+01	-2.655222e+02
1.000000e-08	-3.214787e-06	-4.086531e-09	-2.354694e+01	-2.657380e+02
2.000000e-08	-3.212810e-06	-4.090669e-09	-2.353246e+01	-2.659229e+02
3.000000e-08	-3.209653e-06	-4.095450e-09	-2.350933e+01	-2.660804e+02
4.000000e-08	-3.205573e-06	-4.098160e-09	-2.347945e+01	-2.662132e+02
5.000000e-08	-3.200522e-06	-4.098986e-09	-2.344245e+01	-2.663203e+02
6.000000e-08	-3.194414e-06	-4.099388e-09	-2.339771e+01	-2.663933e+02
7.000000e-08	-3.187319e-06	-4.099727e-09	-2.334575e+01	-2.664168e+02
8.000000e-08	-3.179199e-06	-4.093502e-09	-2.328627e+01	-2.663729e+02
9.000000e-08	-3.169629e-06	-4.084671e-09	-2.321618e+01	-2.662497e+02
1.000000e-07	-3.158360e-06	-4.092277e-09	-2.313364e+01	-2.660492e+02
1.100000e-07	-3.145718e-06	-4.102838e-09	-2.304104e+01	-2.657907e+02
1.200000e-07	-3.132087e-06	-4.108568e-09	-2.294120e+01	-2.655071e+02
1.300000e-07	-3.117369e-06	-4.066749e-09	-2.283339e+01	-2.652334e+02
1.400000e-07	-3.101319e-06	-4.038209e-09	-2.271583e+01	-2.649921e+02
1.500000e-07	-3.084235e-06	-4.100234e-09	-2.259070e+01	-2.647823e+02
1.600000e-07	-3.066423e-06	-4.055915e-09	-2.246023e+01	-2.645774e+02
1.700000e-07	-3.047621e-06	-4.027969e-09	-2.232252e+01	-2.643351e+02
1.800000e-07	-3.027675e-06	-4.094735e-09	-2.217643e+01	-2.640148e+02
1.900000e-07	-3.006824e-06	-4.050477e-09	-2.202370e+01	-2.635962e+02
2.000000e-07	-2.985111e-06	-3.978204e-09	-2.186466e+01	-2.630917e+02
2.100000e-07	-2.962346e-06	-4.007065e-09	-2.169792e+01	-2.625433e+02
2.200000e-07	-2.938669e-06	-3.979289e-09	-2.152449e+01	-2.620077e+02
2.300000e-07	-2.913979e-06	-3.916909e-09	-2.134365e+01	-2.615319e+02
2.400000e-07	-2.887848e-06	-3.996083e-09	-2.115225e+01	-2.611324e+02
2.500000e-07	-2.860472e-06	-4.027108e-09	-2.095173e+01	-2.607842e+02
2.600000e-07	-2.832131e-06	-3.973378e-09	-2.074415e+01	-2.604272e+02
2.700000e-07	-2.802797e-06	-3.952196e-09	-2.052929e+01	-2.599874e+02
2.800000e-07	-2.772505e-06	-3.919092e-09	-2.030742e+01	-2.594038e+02
2.900000e-07	-2.741406e-06	-3.908779e-09	-2.007963e+01	-2.586507e+02
3.000000e-07	-2.709518e-06	-3.956778e-09	-1.984606e+01	-2.577465e+02
3.100000e-07	-2.676538e-06	-3.912444e-09	-1.960450e+01	-2.567452e+02
3.200000e-07	-2.642232e-06	-3.870158e-09	-1.935322e+01	-2.557147e+02
3.300000e-07	-2.606895e-06	-3.889329e-09	-1.909439e+01	-2.547105e+02
3.400000e-07	-2.570785e-06	-3.847417e-09	-1.882990e+01	-2.537567e+02
3.500000e-07	-2.533814e-06	-3.825041e-09	-1.855910e+01	-2.528401e+02
3.600000e-07	-2.495876e-06	-3.855213e-09	-1.828122e+01	-2.519196e+02
3.700000e-07	-2.457012e-06	-3.824179e-09	-1.799656e+01	-2.509456e+02
3.800000e-07	-2.417481e-06	-3.763994e-09	-1.770702e+01	-2.498808e+02
3.900000e-07	-2.377326e-06	-3.786855e-09	-1.741289e+01	-2.487141e+02
4.000000e-07	-2.336225e-06	-3.782879e-09	-1.711185e+01	-2.474620e+02
4.100000e-07	-2.293923e-06	-3.725344e-09	-1.680200e+01	-2.461595e+02
4.200000e-07	-2.250671e-06	-3.696382e-09	-1.648520e+01	-2.448439e+02
4.300000e-07	-2.206738e-06	-3.693370e-09	-1.616341e+01	-2.435407e+02
4.400000e-07	-2.162020e-06	-3.674765e-09	-1.583587e+01	-2.422548e+02
4.500000e-07	-2.116525e-06	-3.657700e-09	-1.550264e+01	-2.409719e+02
4.600000e-07	-2.070345e-06	-3.654466e-09	-1.516439e+01	-2.396658e+02
4.700000e-07	-2.023529e-06	-3.622080e-09	-1.482148e+01	-2.383098e+02
4.800000e-07	-1.976071e-06	-3.578177e-09	-1.447387e+01	-2.368852e+02
4.900000e-07	-1.927868e-06	-3.549884e-09	-1.412081e+01	-2.353856e+02
5.000000e-07	-1.878617e-06	-3.550690e-09	-1.376006e+01	-2.338155e+02
5.100000e-07	-1.828257e-06	-3.534620e-09	-1.339120e+01	-2.321861e+02
5.200000e-07	-1.777068e-06	-3.494802e-09	-1.301626e+01	-2.305086e+02
5.300000e-07	-1.725164e-06	-3.465319e-09	-1.263609e+01	-2.287900e+02
5.400000e-07	-1.672600e-06	-3.443636e-09	-1.225108e+01	-2.270307e+02
5.500000e-07	-1.619474e-06	-3.416283e-09	-1.186196e+01	-2.252247e+02
5.600000e-07	-1.565812e-06	-3.393427e-09	-1.146890e+01	-2.233617e+02
5.700000e-07	-1.511507e-06	-3.372100e-09	-1.107114e+01	-2.214297e+02
5.800000e-07	-1.456647e-06	-3.326052e-09	-1.066932e+01	-2.194194e+02
5.900000e-07	-1.401417e-06	-3.283920e-09	-1.026478e+01	-2.173270e+02
6.000000e-07	-1.345806e-06	-3.257154e-09	-9.857451e+00	-2.151566e+02
6.100000e-07	-1.289785e-06	-3.226166e-09	-9.447120e+00	-2.129205e+02
6.200000e-07	-1.233345e-06	-3.185720e-09	-9.033727e+00	-2.106357e+02
6.300000e-07	-1.176269e-06	-3.154645e-09	-8.615669e+00	-2.083180e+02
6.400000e-07	-1.118490e-06	-3.127253e-09	-8.192461e+00	-2.059740e+02
6.500000e-07	-1.060074e-06	-3.088701e-09	-7.764591e+00	-2.035955e+02
6.600000e-07	-1.001135e-06	-3.050390e-09	-7.332886e+00	-2.011585e+02
6.700000e-07	-9.418853e-07	-3.009381e-09	-6.898907e+00	-1.986281e+02
6.800000e-07	-8.824132e-07	-2.962644e-09	-6.463299e+00	-1.959698e+02
6.900000e-07	-8.227736e-07	-2.915803e-09	-6.026465e+00	-1.931620e+02
7.000000e-07	-7.629988e-07	-2.877076e-09	-5.588640e+00	-1.902050e+02
7.100000e-07	-7.030354e-07	-2.835594e-09	-5.149433e+00	-1.871219e+02
7.200000e-07	-6.428872e-07	-2.785349e-09	-4.708874e+00	-1.839500e+02
7.300000e-07	-5.825637e-07	-2.734492e-09	-4.267030e+00	-1.807250e+02
7.400000e-07	-5.220241e-07	-2.685301e-09	-3.823603e+00	-1.774643e+02
7.500000e-07	-4.612869e-07	-2.635913e-09	-3.378729e+00	-1.741578e+02
7.600000e-07	-4.003567e-07	-2.583678e-09	-2.932441e+00	-1.707680e+02
7.700000e-07	-3.392829e-07	-2.530740e-09	-2.485102e+00	-1.672438e+02
7.800000e-07	-2.780591e-07	-2.470521e-09	-2.036664e+00	-1.635387e+02
7.900000e-07	-2.167326e-07	-2.409205e-09	-1.587473e+00	-1.596283e+02
8.000000e-07	-1.553906e-07	-2.348527e-09	-1.138169e+00	-1.555180e+02
8.100000e-07	-9.403793e-08	-2.282558e-09	-6.887876e-01	-1.512376e+02
8.200000e-07	-3.264515e-08	-2.214677e-09	-2.391117e-01	-1.468244e+02
8.300000e-07	2.878450e-08	-2.148173e-09	2.108341e-01	-1.423033e+02
8.400000e-07	9.023337e-08	-2.079430e-09	6.609208e-01	-1.376708e+02
8.500000e-07	1.517088e-07	-2.004506e-09	1.111202e+00	-1.328928e+02
8.600000e-07	2.131770e-07	-1.927450e-09	1.561431e+00	-1.279142e+02
8.700000e-07	2.745531e-07	-1.846983e-09	2.010984e+00	-1.226789e+02
8.800000e-07	3.357831e-07	-1.761586e-09	2.459467e+00	-1.171490e+02
8.900000e-07	3.968710e-07	-1.671017e-09	2.906910e+00	-1.113159e+02
9.000000e-07	4.578247e-07	-1.579840e-09	3.353370e+00	-1.051976e+02
9.100000e-07	5.185658e-07	-1.483921e-09	3.798273e+00	-9.882390e+01
9.200000e-07	5.790358e-07	-1.381312e-09	4.241190e+00	-9.221662e+01
9.300000e-07	6.392856e-07	-1.278137e-09	4.682493e+00	-8.537320e+01
9.400000e-07	6.993249e-07	-1.172754e-09	5.122256e+00	-7.826147e+01
9.500000e-07	7.591809e-07	-1.059037e-09	5.560675e+00	-7.082760e+01
9.600000e-07	8.188891e-07	-9.362833e-10	5.998012e+00	-6.301340e+01
9.700000e-07	8.784632e-07	-8.108282e-10	6.434367e+00	-5.477546e+01
9.800000e-07	9.378542e-07	-6.788119e-10	6.869381e+00	-4.609807e+01
9.900000e-07	9.969427e-07	-5.398461e-10	7.302178e+00	-3.699524e+01
1.000000e-06	1.055621e-06	-3.984496e-10	7.731969e+00	-2.750246e+01
1.010000e-06	1.113685e-06	-2.507223e-10	8.157264e+00	-1.766331e+01
1.020000e-06	1.171067e-06	-9.293661e-11	8.577561e+00	-7.517875e+00
1.030000e-06	1.227814e-06	6.839373e-11	8.993211e+00	2.901625e+00
1.040000e-06	1.283964e-06	2.280992e-10	9.404486e+00	1.356658e+01
1.050000e-06	1.339686e-06	3.927070e-10	9.812624e+00	2.444213e+01
1.060000e-06	1.395088e-06	5.627510e-10	1.021842e+01	3.547739e+01
1.070000e-06	1.450112e-06	7.344373e-10	1.062145e+01	4.660091e+01
1.080000e-06	1.504605e-06	9.052876e-10	1.102058e+01	5.772410e+01
1.090000e-06	1.558593e-06	1.075690e-09	1.141603e+01	6.875098e+01
1.100000e-06	1.612154e-06	1.240524e-09	1.180834e+01	7.959014e+01
1.110000e-06	1.665178e-06	1.398176e-09	1.219672e+01	9.016395e+01
1.120000e-06	1.717577e-06	1.553865e-09	1.258051e+01	1.004120e+02
1.130000e-06	1.769329e-06	1.704775e-09	1.295958e+01	1.102886e+02
1.140000e-06	1.820418e-06	1.846465e-09	1.333378e+01	1.197577e+02
1.150000e-06	1.870587e-06	1.982352e-09	1.370125e+01	1.287884e+02
1.160000e-06	1.919651e-06	2.115127e-09	1.406062e+01	1.373540e+02
1.170000e-06	1.967858e-06	2.238363e-09	1.441372e+01	1.454359e+02
1.180000e-06	2.015411e-06	2.350484e-09	1.476202e+01	1.530280e+02
1.190000e-06	2.062357e-06	2.455959e-09	1.510588e+01	1.601407e+02
1.200000e-06	2.108621e-06	2.556100e-09	1.544475e+01	1.668003e+02
1.210000e-06	2.154071e-06	2.649345e-09	1.577765e+01	1.730435e+02
1.220000e-06	2.198759e-06	2.738925e-09	1.610497e+01	1.789104e+02
1.230000e-06	2.242835e-06	2.825673e-09	1.642780e+01	1.844362e+02
1.240000e-06	2.286362e-06	2.903910e-09	1.674663e+01	1.896482e+02
1.250000e-06	2.329206e-06	2.973670e-09	1.706044e+01	1.945654e+02
1.260000e-06	2.370983e-06	3.041406e-09	1.736644e+01	1.992023e+02
1.270000e-06	2.411533e-06	3.107238e-09	1.766345e+01	2.035729e+02
1.280000e-06	2.451122e-06	3.167740e-09	1.795342e+01	2.076926e+02
1.290000e-06	2.489976e-06	3.223535e-09	1.823801e+01	2.115784e+02
1.300000e-06	2.527993e-06	3.276905e-09	1.851647e+01	2.152451e+02
1.310000e-06	2.565103e-06	3.326747e-09	1.878828e+01	2.187036e+02
1.320000e-06	2.601418e-06	3.372647e-09	1.905428e+01	2.219599e+02
1.330000e-06	2.637024e-06	3.416315e-09	1.931507e+01	2.250174e+02
1.340000e-06	2.671757e-06	3.455823e-09	1.956948e+01	2.278811e+02
1.350000e-06	2.705279e-06	3.491832e-09	1.981501e+01	2.305607e+02
1.360000e-06	2.737610e-06	3.527609e-09	2.005182e+01	2.330715e+02
1.370000e-06	2.769028e-06	3.562087e-09	2.028195e+01	2.354321e+02
1.380000e-06	2.799614e-06	3.594503e-09	2.050598e+01	2.376591e+02
1.390000e-06	2.829232e-06	3.626264e-09	2.072291e+01	2.397628e+02
1.400000e-06	2.857861e-06	3.655788e-09	2.093261e+01	2.417461e+02
1.410000e-06	2.885610e-06	3.680739e-09	2.113586e+01	2.436065e+02
1.420000e-06	2.912473e-06	3.703803e-09	2.133262e+01	2.453424e+02
1.430000e-06	2.938154e-06	3.727775e-09	2.152072e+01	2.469584e+02
1.440000e-06	2.962556e-06	3.750436e-09	2.169946e+01	2.484682e+02
1.450000e-06	2.985869e-06	3.769708e-09	2.187021e+01	2.498929e+02
1.460000e-06	3.008160e-06	3.787593e-09	2.203349e+01	2.512544e+02
1.470000e-06	3.029392e-06	3.807029e-09	2.218900e+01	2.525682e+02
1.480000e-06	3.049669e-06	3.826896e-09	2.233752e+01	2.538378e+02
1.490000e-06	3.069106e-06	3.845611e-09	2.247989e+01	2.550547e+02
1.500000e-06	3.087499e-06	3.862966e-09	2.261461e+01	2.562030e+02
1.510000e-06	3.104733e-06	3.877743e-09	2.274084e+01	2.572674e+02
1.520000e-06	3.120818e-06	3.891001e-09	2.285866e+01	2.582409e+02
1.530000e-06	3.135693e-06	3.904320e-09	2.296761e+01	2.591282e+02
1.540000e-06	3.149333e-06	3.916792e-09	2.306752e+01	2.599432e+02
1.550000e-06	3.161876e-06	3.929400e-09	2.315939e+01	2.607035e+02
1.560000e-06	3.173321e-06	3.943033e-09	2.324322e+01	2.614230e+02
1.570000e-06	3.183379e-06	3.956121e-09	2.331689e+01	2.621067e+02
1.580000e-06	3.192028e-06	3.966325e-09	2.338024e+01	2.627506e+02
1.590000e-06	3.199493e-06	3.973347e-09	2.343491e+01	2.633454e+02
1.600000e-06	3.205834e-06	3.980159e-09	2.348136e+01	2.638822e+02
1.610000e-06	3.211055e-06	3.987892e-09	2.351960e+01	2.643570e+02
1.620000e-06	3.215304e-06	3.996718e-09	2.355073e+01	2.647723e+02
1.630000e-06	3.218614e-06	4.004110e-09	2.357497e+01	2.651350e+02
1.640000e-06	3.220655e-06	4.011431e-09	2.358992e+01	2.654532e+02
1.650000e-06	3.221321e-06	4.018482e-09	2.359480e+01	2.657329e+02
1.660000e-06	3.220884e-06	4.022353e-09	2.359160e+01	2.659776e+02
1.670000e-06	3.219460e-06	4.025083e-09	2.358117e+01	2.661893e+02
1.680000e-06	3.216993e-06	4.026369e-09	2.356310e+01	2.663704e+02
1.690000e-06	3.213535e-06	4.027606e-09	2.353777e+01	2.665246e+02
1.700000e-06	3.209259e-06	4.030176e-09	2.350645e+01	2.666544e+02
1.710000e-06	3.203990e-06	4.034286e-09	2.346786e+01	2.667578e+02
1.720000e-06	3.197459e-06	4.037117e-09	2.342002e+01	2.668252e+02
1.730000e-06	3.189755e-06	4.032961e-09	2.336359e+01	2.668405e+02
1.740000e-06	3.181071e-06	4.045404e-09	2.329999e+01	2.667862e+02
1.750000e-06	3.171161e-06	4.034812e-09	2.322739e+01	2.666519e+02
1.760000e-06	3.159459e-06	4.026823e-09	2.314168e+01	2.664419e+02
1.770000e-06	3.146103e-06	3.999003e-09	2.304386e+01	2.661780e+02
1.780000e-06	3.132024e-06	4.022406e-09	2.294074e+01	2.658943e+02
1.790000e-06	3.117532e-06	4.053232e-09	2.283459e+01	2.656247e+02
1.800000e-06	3.101782e-06	3.979688e-09	2.271923e+01	2.653890e+02
1.810000e-06	3.084549e-06	4.004239e-09	2.259300e+01	2.651824e+02
1.820000e-06	3.066485e-06	4.060666e-09	2.246069e+01	2.649754e+02
1.830000e-06	3.047652e-06	4.005384e-09	2.232275e+01	2.647246e+02
1.840000e-06	3.027770e-06	3.986536e-09	2.217712e+01	2.643912e+02
1.850000e-06	3.006936e-06	4.071585e-09	2.202452e+01	2.639593e+02
1.860000e-06	2.984967e-06	4.046161e-09	2.186360e+01	2.634457e+02
1.870000e-06	2.961611e-06	3.988156e-09	2.169253e+01	2.628961e+02
1.880000e-06	2.937186e-06	4.060448e-09	2.151363e+01	2.623670e+02
1.890000e-06	2.911718e-06	4.031037e-09	2.132709e+01	2.619026e+02
1.900000e-06	2.885013e-06	3.935675e-09	2.113148e+01	2.615133e+02
1.910000e-06	2.857305e-06	3.986115e-09	2.092854e+01	2.611685e+02
1.920000e-06	2.828721e-06	3.997658e-09	2.071917e+01	2.608046e+02
1.930000e-06	2.799065e-06	3.987429e-09	2.050195e+01	2.603478e+02
1.940000e-06	2.768328e-06	4.003987e-09	2.027681e+01	2.597410e+02
1.950000e-06	2.736439e-06	3.941287e-09	2.004324e+01	2.589646e+02
1.960000e-06	2.703436e-06	3.934105e-09	1.980151e+01	2.580430e+02
1.970000e-06	2.669580e-06	3.947320e-09	1.955353e+01	2.570339e+02
1.980000e-06	2.634831e-06	3.889555e-09	1.929901e+01	2.560046e+02
1.990000e-06	2.599206e-06	3.915772e-09	1.903807e+01	2.550075e+02
2.000000e-06	2.562863e-06	3.940245e-09	1.877187e+01	2.540610e+02
2.010000e-06	2.525579e-06	3.843352e-09	1.849879e+01	2.531473e+02
2.020000e-06	2.487087e-06	3.837916e-09	1.821685e+01	2.522225e+02
2.030000e-06	2.447518e-06	3.858974e-09	1.792702e+01	2.512377e+02
2.040000e-06	2.407124e-06	3.805108e-09	1.763115e+01	2.501588e+02
2.050000e-06	2.366059e-06	3.798457e-09	1.733037e+01	2.489787e+02
2.060000e-06	2.324270e-06	3.814095e-09	1.702428e+01	2.477175e+02
2.070000e-06	2.281679e-06	3.796273e-09	1.671232e+01	2.464114e+02
2.080000e-06	2.238294e-06	3.745551e-09	1.639455e+01	2.450969e+02
2.090000e-06	2.194266e-06	3.721230e-09	1.607206e+01	2.437967e+02
2.100000e-06	2.149655e-06	3.724565e-09	1.574530e+01	2.425129e+02
2.110000e-06	2.104211e-06	3.683804e-09	1.541244e+01	2.412288e+02
2.120000e-06	2.057920e-06	3.650939e-09	1.507339e+01	2.399176e+02
2.130000e-06	2.010960e-06	3.659443e-09	1.472942e+01	2.385531e+02
2.140000e-06	1.963247e-06	3.652424e-09	1.437994e+01	2.371183e+02
2.150000e-06	1.914767e-06	3.617114e-09	1.402485e+01	2.356085e+02
2.160000e-06	1.865561e-06	3.578995e-09	1.366444e+01	2.340297e+02
2.170000e-06	1.815642e-06	3.557793e-09	1.329880e+01	2.323932e+02
2.180000e-06	1.765084e-06	3.533419e-09	1.292849e+01	2.307099e+02
2.190000e-06	1.713863e-06	3.495934e-09	1.255332e+01	2.289861e+02
2.200000e-06	1.662060e-06	3.486993e-09	1.217388e+01	2.272210e+02
2.210000e-06	1.609636e-06	3.460982e-09	1.178989e+01	2.254080e+02
2.220000e-06	1.556425e-06	3.411220e-09	1.140015e+01	2.235363e+02
2.230000e-06	1.502297e-06	3.386431e-09	1.100368e+01	2.215940e+02
2.240000e-06	1.447226e-06	3.364939e-09	1.060031e+01	2.195725e+02
2.250000e-06	1.391549e-06	3.338134e-09	1.019250e+01	2.174688e+02
2.260000e-06	1.335526e-06	3.305618e-09	9.782159e+00	2.152886e+02
2.270000e-06	1.279154e-06	3.272378e-09	9.369254e+00	2.130448e+02
2.280000e-06	1.222362e-06	3.229827e-09	8.953277e+00	2.107550e+02
2.290000e-06	1.165118e-06	3.183553e-09	8.533990e+00	2.084338e+02
2.300000e-06	1.107468e-06	3.155929e-09	8.111727e+00	2.060862e+02
2.310000e-06	1.049477e-06	3.128331e-09	7.686972e+00	2.037016e+02
2.320000e-06	9.911734e-07	3.086365e-09	7.259921e+00	2.012539e+02
2.330000e-06	9.325552e-07	3.045478e-09	6.830568e+00	1.987076e+02
2.340000e-06	8.736119e-07	3.010332e-09	6.398833e+00	1.960292e+02
2.350000e-06	8.143132e-07	2.970431e-09	5.964496e+00	1.932000e+02
2.360000e-06	7.547021e-07	2.921486e-09	5.527870e+00	1.902235e+02
2.370000e-06	6.948674e-07	2.869963e-09	5.089606e+00	1.871257e+02
2.380000e-06	6.348752e-07	2.821833e-09	4.650189e+00	1.839447e+02
2.390000e-06	5.747981e-07	2.771680e-09	4.210150e+00	1.807145e+02
2.400000e-06	5.146415e-07	2.724004e-09	3.769528e+00	1.774491e+02
2.410000e-06	4.543820e-07	2.676222e-09	3.328154e+00	1.741338e+02
2.420000e-06	3.939989e-07	2.620929e-09	2.885874e+00	1.707285e+02
2.430000e-06	3.335278e-07	2.563927e-09	2.442948e+00	1.671814e+02
2.440000e-06	2.730094e-07	2.508090e-09	1.999677e+00	1.634482e+02
2.450000e-06	2.124155e-07	2.453646e-09	1.555853e+00	1.595086e+02
2.460000e-06	1.517216e-07	2.395815e-09	1.111296e+00	1.553722e+02
2.470000e-06	9.094339e-08	2.329770e-09	6.661214e-01	1.510710e+02
2.480000e-06	3.017784e-08	2.255299e-09	2.210398e-01	1.466419e+02
2.490000e-06	-3.059830e-08	2.182027e-09	-2.241194e-01	1.421062e+02
2.500000e-06	-9.143330e-08	2.114449e-09	-6.697098e-01	1.374562e+02
2.510000e-06	-1.522386e-07	2.043940e-09	-1.115083e+00	1.326535e+02
2.520000e-06	-2.129722e-07	1.966751e-09	-1.559930e+00	1.276419e+02
2.530000e-06	-2.737090e-07	1.885899e-09	-2.004801e+00	1.223666e+02
2.540000e-06	-3.343547e-07	1.801445e-09	-2.449005e+00	1.167937e+02
2.550000e-06	-3.948593e-07	1.710243e-09	-2.892175e+00	1.109187e+02
2.560000e-06	-4.552697e-07	1.616620e-09	-3.334655e+00	1.047624e+02
2.570000e-06	-5.155829e-07	1.521848e-09	-3.776424e+00	9.835485e+01
2.580000e-06	-5.758326e-07	1.420083e-09	-4.217727e+00	9.171511e+01
2.590000e-06	-6.359834e-07	1.310785e-09	-4.658306e+00	8.483639e+01
2.600000e-06	-6.960019e-07	1.202056e-09	-5.097916e+00	7.768268e+01
2.610000e-06	-7.558702e-07	1.091832e-09	-5.536426e+00	7.019831e+01
2.620000e-06	-8.154873e-07	9.710331e-10	-5.973095e+00	6.232609e+01
2.630000e-06	-8.747279e-07	8.429443e-10	-6.407008e+00	5.402604e+01
2.640000e-06	-9.335992e-07	7.115787e-10	-6.838215e+00	4.528680e+01
2.650000e-06	-9.921418e-07	5.738381e-10	-7.267014e+00	3.612617e+01
2.660000e-06	-1.050379e-06	4.279823e-10	-7.693577e+00	2.658164e+01
2.670000e-06	-1.108247e-06	2.772439e-10	-8.117438e+00	1.669689e+01
2.680000e-06	-1.165642e-06	1.193747e-10	-8.537828e+00	6.510911e+00
2.690000e-06	-1.222563e-06	-4.413719e-11	-8.954750e+00	-3.945010e+00
2.700000e-06	-1.279062e-06	-2.056848e-10	-9.368584e+00	-1.464204e+01
2.710000e-06	-1.335224e-06	-3.658859e-10	-9.779943e+00	-2.554357e+01
2.720000e-06	-1.391076e-06	-5.324083e-10	-1.018904e+01	-3.659587e+01
2.730000e-06	-1.446491e-06	-7.042013e-10	-1.059493e+01	-4.772465e+01
2.740000e-06	-1.501244e-06	-8.729509e-10	-1.099597e+01	-5.883956e+01
2.750000e-06	-1.555123e-06	-1.040269e-09	-1.139061e+01	-6.984455e+01
2.760000e-06	-1.608148e-06	-1.206766e-09	-1.177899e+01	-8.064973e+01
2.770000e-06	-1.660489e-06	-1.367463e-09	-1.216237e+01	-9.117989e+01
2.780000e-06	-1.712243e-06	-1.520999e-09	-1.254145e+01	-1.013770e+02
2.790000e-06	-1.763419e-06	-1.671486e-09	-1.291629e+01	-1.111970e+02
2.800000e-06	-1.813952e-06	-1.818255e-09	-1.328642e+01	-1.206049e+02
2.810000e-06	-1.863742e-06	-1.955463e-09	-1.365111e+01	-1.295702e+02
2.820000e-06	-1.912604e-06	-2.085823e-09	-1.400901e+01	-1.380672e+02
2.830000e-06	-1.960518e-06	-2.211908e-09	-1.435995e+01	-1.460787e+02
2.840000e-06	-2.007648e-06	-2.328368e-09	-1.470516e+01	-1.536009e+02
2.850000e-06	-2.054180e-06	-2.433575e-09	-1.504599e+01	-1.606465e+02
2.860000e-06	-2.100104e-06	-2.532799e-09	-1.538236e+01	-1.672437e+02
2.870000e-06	-2.145297e-06	-2.629337e-09	-1.571338e+01	-1.734304e+02
2.880000e-06	-2.189848e-06	-2.720448e-09	-1.603970e+01	-1.792461e+02
2.890000e-06	-2.233860e-06	-2.806644e-09	-1.636207e+01	-1.847252e+02
2.900000e-06	-2.277174e-06	-2.888533e-09	-1.667932e+01	-1.898937e+02
2.910000e-06	-2.319695e-06	-2.963367e-09	-1.699077e+01	-1.947696e+02
2.920000e-06	-2.361471e-06	-3.033522e-09	-1.729676e+01	-1.993671e+02
2.930000e-06	-2.402455e-06	-3.102680e-09	-1.759696e+01	-2.037004e+02
2.940000e-06	-2.442678e-06	-3.168316e-09	-1.789157e+01	-2.077853e+02
2.950000e-06	-2.482071e-06	-3.228397e-09	-1.818011e+01	-2.116385e+02
2.960000e-06	-2.520334e-06	-3.286622e-09	-1.846037e+01	-2.152745e+02
2.970000e-06	-2.557449e-06	-3.344802e-09	-1.873222e+01	-2.187034e+02
2.980000e-06	-2.593684e-06	-3.398498e-09	-1.899762e+01	-2.219307e+02
2.990000e-06	-2.629101e-06	-3.446731e-09	-1.925704e+01	-2.249598e+02
3.000000e-06	-2.663644e-06	-3.493481e-09	-1.951006e+01	-2.277960e+02
3.010000e-06	-2.697237e-06	-3.538158e-09	-1.975610e+01	-2.304500e+02
3.020000e-06	-2.729941e-06	-3.578349e-09	-1.999565e+01	-2.329378e+02
3.030000e-06	-2.761909e-06	-3.615891e-09	-2.022980e+01	-2.352780e+02
3.040000e-06	-2.792778e-06	-3.651485e-09	-2.045590e+01	-2.374865e+02
3.050000e-06	-2.822290e-06	-3.684523e-09	-2.067206e+01	-2.395726e+02
3.060000e-06	-2.850757e-06	-3.716263e-09	-2.088057e+01	-2.415380e+02
3.070000e-06	-2.878358e-06	-3.746964e-09	-2.108274e+01	-2.433803e+02
3.080000e-06	-2.904998e-06	-3.773984e-09	-2.127787e+01	-2.450981e+02
3.090000e-06	-2.930554e-06	-3.798430e-09	-2.146505e+01	-2.466975e+02
3.100000e-06	-2.955178e-06	-3.824477e-09	-2.164542e+01	-2.481933e+02
3.110000e-06	-2.978987e-06	-3.848786e-09	-2.181980e+01	-2.496073e+02
3.120000e-06	-3.001647e-06	-3.870176e-09	-2.198578e+01	-2.509608e+02
3.130000e-06	-3.022974e-06	-3.890487e-09	-2.214199e+01	-2.522680e+02
3.140000e-06	-3.043214e-06	-3.909674e-09	-2.229024e+01	-2.535304e+02
3.150000e-06	-3.062471e-06	-3.926662e-09	-2.243129e+01	-2.547382e+02
3.160000e-06	-3.080645e-06	-3.944867e-09	-2.256441e+01	-2.558748e+02
3.170000e-06	-3.097817e-06	-3.964498e-09	-2.269018e+01	-2.569260e+02
3.180000e-06	-3.114103e-06	-3.980994e-09	-2.280947e+01	-2.578863e+02
3.190000e-06	-3.129241e-06	-3.992662e-09	-2.292035e+01	-2.587617e+02
3.200000e-06	-3.142906e-06	-4.002427e-09	-2.302044e+01	-2.595675e+02
3.210000e-06	-3.155154e-06	-4.013004e-09	-2.311015e+01	-2.603209e+02
3.220000e-06	-3.166194e-06	-4.023267e-09	-2.319102e+01	-2.610347e+02
3.230000e-06	-3.176126e-06	-4.032506e-09	-2.326376e+01	-2.617127e+02
3.240000e-06	-3.185037e-06	-4.041947e-09	-2.332903e+01	-2.623498e+02
3.250000e-06	-3.192938e-06	-4.052116e-09	-2.338690e+01	-2.629364e+02
3.260000e-06	-3.199589e-06	-4.061441e-09	-2.343562e+01	-2.634640e+02
3.270000e-06	-3.204895e-06	-4.068282e-09	-2.347448e+01	-2.639296e+02
3.280000e-06	-3.209037e-06	-4.071080e-09	-2.350482e+01	-2.643365e+02
3.290000e-06	-3.212134e-06	-4.073149e-09	-2.352751e+01	-2.646919e+02
3.300000e-06	-3.214177e-06	-4.076978e-09	-2.354247e+01	-2.650039e+02
3.310000e-06	-3.215204e-06	-4.082055e-09	-2.354999e+01	-2.652781e+02
