# Temperatura_=_20.0
# Concentracion g/m^3_=_6600.0
# C_Vs_to_Am_M_A/Vsm_=_65563218390.804596
# pendiente_HvsI_1/m_=_3716.3
# ordenada_HvsI_A/m_=_1297.0
# frecuencia_Hz_=_302073.8178170079

Tiempo_(s)	Campo_(V.s)	Magnetizacion_(V.s)	Campo_(kA/m)	Magnetizacion_(A/m)
0.000000e+00	-6.283047e-06	-4.062674e-09	-4.559938e+01	-2.653162e+02
1.000000e-08	-6.281080e-06	-4.059766e-09	-4.558511e+01	-2.652120e+02
2.000000e-08	-6.276925e-06	-4.055467e-09	-4.555496e+01	-2.650674e+02
3.000000e-08	-6.270799e-06	-4.053510e-09	-4.551049e+01	-2.649403e+02
4.000000e-08	-6.262729e-06	-4.054242e-09	-4.545192e+01	-2.648814e+02
5.000000e-08	-6.252469e-06	-4.057037e-09	-4.537746e+01	-2.649070e+02
6.000000e-08	-6.239852e-06	-4.057996e-09	-4.528590e+01	-2.649865e+02
7.000000e-08	-6.224967e-06	-4.054368e-09	-4.517786e+01	-2.650511e+02
8.000000e-08	-6.207821e-06	-4.047869e-09	-4.505343e+01	-2.650223e+02
9.000000e-08	-6.188543e-06	-4.060613e-09	-4.491352e+01	-2.648492e+02
1.000000e-07	-6.167011e-06	-4.069242e-09	-4.475725e+01	-2.645357e+02
1.100000e-07	-6.143034e-06	-4.048914e-09	-4.458324e+01	-2.641456e+02
1.200000e-07	-6.116616e-06	-4.033571e-09	-4.439151e+01	-2.637791e+02
1.300000e-07	-6.088122e-06	-4.017131e-09	-4.418471e+01	-2.635314e+02
1.400000e-07	-6.058015e-06	-3.985770e-09	-4.396621e+01	-2.634493e+02
1.500000e-07	-6.026345e-06	-4.015615e-09	-4.373636e+01	-2.635056e+02
1.600000e-07	-5.992711e-06	-4.046402e-09	-4.349226e+01	-2.636040e+02
1.700000e-07	-5.957043e-06	-4.013793e-09	-4.323340e+01	-2.636139e+02
1.800000e-07	-5.919504e-06	-4.045089e-09	-4.296096e+01	-2.634201e+02
1.900000e-07	-5.879847e-06	-4.028081e-09	-4.267315e+01	-2.629688e+02
2.000000e-07	-5.837933e-06	-3.973904e-09	-4.236896e+01	-2.622895e+02
2.100000e-07	-5.793822e-06	-3.983271e-09	-4.204882e+01	-2.614838e+02
2.200000e-07	-5.747567e-06	-3.945092e-09	-4.171312e+01	-2.606868e+02
2.300000e-07	-5.699088e-06	-3.941464e-09	-4.136128e+01	-2.600165e+02
2.400000e-07	-5.648101e-06	-3.979742e-09	-4.099125e+01	-2.595308e+02
2.500000e-07	-5.594687e-06	-3.968094e-09	-4.060359e+01	-2.592105e+02
2.600000e-07	-5.539178e-06	-3.962871e-09	-4.020073e+01	-2.589714e+02
2.700000e-07	-5.481519e-06	-3.954285e-09	-3.978227e+01	-2.586997e+02
2.800000e-07	-5.421793e-06	-3.930211e-09	-3.934881e+01	-2.582955e+02
2.900000e-07	-5.360141e-06	-3.920706e-09	-3.890137e+01	-2.577074e+02
3.000000e-07	-5.296585e-06	-3.925866e-09	-3.844011e+01	-2.569450e+02
3.100000e-07	-5.231046e-06	-3.914875e-09	-3.796446e+01	-2.560691e+02
3.200000e-07	-5.163404e-06	-3.883817e-09	-3.747354e+01	-2.551634e+02
3.300000e-07	-5.093809e-06	-3.877168e-09	-3.696845e+01	-2.543025e+02
3.400000e-07	-5.022480e-06	-3.860814e-09	-3.645078e+01	-2.535263e+02
3.500000e-07	-4.949456e-06	-3.846423e-09	-3.592081e+01	-2.528300e+02
3.600000e-07	-4.874382e-06	-3.850433e-09	-3.537596e+01	-2.521706e+02
3.700000e-07	-4.797156e-06	-3.838669e-09	-3.481549e+01	-2.514850e+02
3.800000e-07	-4.717981e-06	-3.826970e-09	-3.424087e+01	-2.507131e+02
3.900000e-07	-4.636922e-06	-3.811564e-09	-3.365258e+01	-2.498170e+02
4.000000e-07	-4.554270e-06	-3.795067e-09	-3.305273e+01	-2.487914e+02
4.100000e-07	-4.470248e-06	-3.775959e-09	-3.244295e+01	-2.476624e+02
4.200000e-07	-4.384915e-06	-3.747808e-09	-3.182364e+01	-2.464771e+02
4.300000e-07	-4.298205e-06	-3.727870e-09	-3.119434e+01	-2.452866e+02
4.400000e-07	-4.210020e-06	-3.718034e-09	-3.055433e+01	-2.441285e+02
4.500000e-07	-4.120226e-06	-3.710991e-09	-2.990265e+01	-2.430139e+02
4.600000e-07	-4.028789e-06	-3.692175e-09	-2.923905e+01	-2.419233e+02
4.700000e-07	-3.935981e-06	-3.672398e-09	-2.856549e+01	-2.408133e+02
4.800000e-07	-3.841909e-06	-3.649781e-09	-2.788276e+01	-2.396327e+02
4.900000e-07	-3.746480e-06	-3.621455e-09	-2.719018e+01	-2.383419e+02
5.000000e-07	-3.649670e-06	-3.600881e-09	-2.648758e+01	-2.369294e+02
5.100000e-07	-3.551408e-06	-3.584175e-09	-2.577444e+01	-2.354167e+02
5.200000e-07	-3.451705e-06	-3.561559e-09	-2.505084e+01	-2.338505e+02
5.300000e-07	-3.350715e-06	-3.531482e-09	-2.431790e+01	-2.322826e+02
5.400000e-07	-3.248614e-06	-3.506897e-09	-2.357690e+01	-2.307463e+02
5.500000e-07	-3.145404e-06	-3.485275e-09	-2.282785e+01	-2.292391e+02
5.600000e-07	-3.040976e-06	-3.460267e-09	-2.206997e+01	-2.277195e+02
5.700000e-07	-2.935394e-06	-3.431937e-09	-2.130370e+01	-2.261219e+02
5.800000e-07	-2.828642e-06	-3.401494e-09	-2.052895e+01	-2.243828e+02
5.900000e-07	-2.720755e-06	-3.369931e-09	-1.974596e+01	-2.224676e+02
6.000000e-07	-2.611908e-06	-3.336022e-09	-1.895599e+01	-2.203868e+02
6.100000e-07	-2.502204e-06	-3.303331e-09	-1.815981e+01	-2.181917e+02
6.200000e-07	-2.391632e-06	-3.271849e-09	-1.735733e+01	-2.159520e+02
6.300000e-07	-2.280170e-06	-3.239128e-09	-1.654840e+01	-2.137248e+02
6.400000e-07	-2.167835e-06	-3.205547e-09	-1.573312e+01	-2.115274e+02
6.500000e-07	-2.054638e-06	-3.172972e-09	-1.491159e+01	-2.093281e+02
6.600000e-07	-1.940626e-06	-3.138185e-09	-1.408414e+01	-2.070584e+02
6.700000e-07	-1.825834e-06	-3.098258e-09	-1.325104e+01	-2.046408e+02
6.800000e-07	-1.710288e-06	-3.052985e-09	-1.241246e+01	-2.020206e+02
6.900000e-07	-1.594009e-06	-3.004686e-09	-1.156856e+01	-1.991848e+02
7.000000e-07	-1.477059e-06	-2.957332e-09	-1.071979e+01	-1.961613e+02
7.100000e-07	-1.359613e-06	-2.910930e-09	-9.867425e+00	-1.929984e+02
7.200000e-07	-1.241805e-06	-2.861351e-09	-9.012436e+00	-1.897352e+02
7.300000e-07	-1.123630e-06	-2.808471e-09	-8.154774e+00	-1.863776e+02
7.400000e-07	-1.005136e-06	-2.756865e-09	-7.294802e+00	-1.828912e+02
7.500000e-07	-8.863546e-07	-2.703423e-09	-6.432743e+00	-1.792136e+02
7.600000e-07	-7.672303e-07	-2.645241e-09	-5.568194e+00	-1.752793e+02
7.700000e-07	-6.478401e-07	-2.580354e-09	-4.701717e+00	-1.710422e+02
7.800000e-07	-5.282448e-07	-2.508427e-09	-3.833751e+00	-1.664839e+02
7.900000e-07	-4.084276e-07	-2.431214e-09	-2.964174e+00	-1.616037e+02
8.000000e-07	-2.884538e-07	-2.348548e-09	-2.093462e+00	-1.563951e+02
8.100000e-07	-1.683392e-07	-2.262050e-09	-1.221726e+00	-1.508224e+02
8.200000e-07	-4.808643e-08	-2.172874e-09	-3.489885e-01	-1.448104e+02
8.300000e-07	7.221935e-08	-2.078662e-09	5.241338e-01	-1.382540e+02
8.400000e-07	1.925282e-07	-1.973978e-09	1.397279e+00	-1.310415e+02
8.500000e-07	3.127969e-07	-1.855597e-09	2.270132e+00	-1.230781e+02
8.600000e-07	4.329616e-07	-1.720592e-09	3.142231e+00	-1.142943e+02
8.700000e-07	5.529226e-07	-1.569040e-09	4.012851e+00	-1.046312e+02
8.800000e-07	6.726685e-07	-1.403468e-09	4.881910e+00	-9.400864e+01
8.900000e-07	7.922365e-07	-1.221620e-09	5.749677e+00	-8.229498e+01
9.000000e-07	9.115230e-07	-1.020677e-09	6.615403e+00	-6.930154e+01
9.100000e-07	1.030444e-06	-7.996760e-10	7.478471e+00	-5.481711e+01
9.200000e-07	1.149032e-06	-5.577636e-10	8.339133e+00	-3.868162e+01
9.300000e-07	1.267287e-06	-2.891204e-10	9.197373e+00	-2.087791e+01
9.400000e-07	1.385169e-06	4.093180e-12	1.005290e+01	-1.607374e+00
9.500000e-07	1.502596e-06	3.112679e-10	1.090513e+01	1.868435e+01
9.600000e-07	1.619443e-06	6.264313e-10	1.175315e+01	3.935020e+01
9.700000e-07	1.735654e-06	9.405366e-10	1.259655e+01	5.964723e+01
9.800000e-07	1.851112e-06	1.235269e-09	1.343449e+01	7.887504e+01
9.900000e-07	1.965710e-06	1.498616e-09	1.426619e+01	9.650400e+01
1.000000e-06	2.079480e-06	1.731838e-09	1.509189e+01	1.122535e+02
1.010000e-06	2.192384e-06	1.939275e-09	1.591129e+01	1.260992e+02
1.020000e-06	2.304332e-06	2.123392e-09	1.672375e+01	1.382140e+02
1.030000e-06	2.415408e-06	2.287530e-09	1.752989e+01	1.488708e+02
1.040000e-06	2.525685e-06	2.434457e-09	1.833023e+01	1.583449e+02
1.050000e-06	2.635122e-06	2.560895e-09	1.912447e+01	1.668488e+02
1.060000e-06	2.743728e-06	2.672705e-09	1.991268e+01	1.745143e+02
1.070000e-06	2.851397e-06	2.775952e-09	2.069409e+01	1.814159e+02
1.080000e-06	2.957978e-06	2.872097e-09	2.146761e+01	1.876128e+02
1.090000e-06	3.063490e-06	2.958192e-09	2.223336e+01	1.931836e+02
1.100000e-06	3.167865e-06	3.032068e-09	2.299086e+01	1.982369e+02
1.110000e-06	3.270990e-06	3.099930e-09	2.373930e+01	2.028953e+02
1.120000e-06	3.372956e-06	3.164816e-09	2.447932e+01	2.072645e+02
1.130000e-06	3.473816e-06	3.228774e-09	2.521131e+01	2.114069e+02
1.140000e-06	3.573494e-06	3.289093e-09	2.593473e+01	2.153333e+02
1.150000e-06	3.671909e-06	3.343095e-09	2.664898e+01	2.190177e+02
1.160000e-06	3.768964e-06	3.391366e-09	2.735336e+01	2.224264e+02
1.170000e-06	3.864558e-06	3.435318e-09	2.804714e+01	2.255465e+02
1.180000e-06	3.958773e-06	3.475417e-09	2.873090e+01	2.283995e+02
1.190000e-06	4.051733e-06	3.512626e-09	2.940556e+01	2.310347e+02
1.200000e-06	4.143391e-06	3.548738e-09	3.007077e+01	2.335081e+02
1.210000e-06	4.233587e-06	3.583202e-09	3.072537e+01	2.358578e+02
1.220000e-06	4.322148e-06	3.614084e-09	3.136811e+01	2.380911e+02
1.230000e-06	4.409081e-06	3.641378e-09	3.199902e+01	2.401875e+02
1.240000e-06	4.494526e-06	3.666405e-09	3.261914e+01	2.421177e+02
1.250000e-06	4.578527e-06	3.689490e-09	3.322879e+01	2.438659e+02
1.260000e-06	4.660995e-06	3.711916e-09	3.382730e+01	2.454445e+02
1.270000e-06	4.741697e-06	3.734409e-09	3.441299e+01	2.468933e+02
1.280000e-06	4.820566e-06	3.757074e-09	3.498539e+01	2.482636e+02
1.290000e-06	4.897691e-06	3.778407e-09	3.554512e+01	2.495967e+02
1.300000e-06	4.972961e-06	3.797217e-09	3.609140e+01	2.509063e+02
1.310000e-06	5.046175e-06	3.814342e-09	3.662275e+01	2.521761e+02
1.320000e-06	5.117455e-06	3.829959e-09	3.714007e+01	2.533708e+02
1.330000e-06	5.186992e-06	3.844044e-09	3.764473e+01	2.544565e+02
1.340000e-06	5.254710e-06	3.858616e-09	3.813620e+01	2.554192e+02
1.350000e-06	5.320453e-06	3.873926e-09	3.861333e+01	2.562722e+02
1.360000e-06	5.384213e-06	3.887637e-09	3.907607e+01	2.570496e+02
1.370000e-06	5.446160e-06	3.898713e-09	3.952565e+01	2.577901e+02
1.380000e-06	5.506380e-06	3.909205e-09	3.996270e+01	2.585199e+02
1.390000e-06	5.564707e-06	3.920504e-09	4.038601e+01	2.592430e+02
1.400000e-06	5.620887e-06	3.932090e-09	4.079374e+01	2.599433e+02
1.410000e-06	5.674996e-06	3.943917e-09	4.118644e+01	2.605966e+02
1.420000e-06	5.726978e-06	3.954745e-09	4.156370e+01	2.611847e+02
1.430000e-06	5.776526e-06	3.962624e-09	4.192329e+01	2.617055e+02
1.440000e-06	5.823788e-06	3.969022e-09	4.226630e+01	2.621726e+02
1.450000e-06	5.869079e-06	3.975813e-09	4.259500e+01	2.626074e+02
1.460000e-06	5.912429e-06	3.981977e-09	4.290962e+01	2.630280e+02
1.470000e-06	5.953640e-06	3.986726e-09	4.320870e+01	2.634414e+02
1.480000e-06	5.992698e-06	3.992205e-09	4.349217e+01	2.638426e+02
1.490000e-06	6.029804e-06	4.000805e-09	4.376147e+01	2.642212e+02
1.500000e-06	6.064931e-06	4.010641e-09	4.401640e+01	2.645694e+02
1.510000e-06	6.097804e-06	4.018795e-09	4.425498e+01	2.648869e+02
1.520000e-06	6.128458e-06	4.023844e-09	4.447745e+01	2.651792e+02
1.530000e-06	6.157159e-06	4.027962e-09	4.468575e+01	2.654522e+02
1.540000e-06	6.183659e-06	4.032914e-09	4.487807e+01	2.657047e+02
1.550000e-06	6.207699e-06	4.036485e-09	4.505254e+01	2.659268e+02
1.560000e-06	6.229489e-06	4.038654e-09	4.521068e+01	2.661045e+02
1.570000e-06	6.249239e-06	4.040789e-09	4.535402e+01	2.662296e+02
1.580000e-06	6.266781e-06	4.043664e-09	4.548133e+01	2.663084e+02
1.590000e-06	6.281989e-06	4.046587e-09	4.559170e+01	2.663626e+02
1.600000e-06	6.294872e-06	4.048609e-09	4.568520e+01	2.664220e+02
1.610000e-06	6.305208e-06	4.051423e-09	4.576021e+01	2.665092e+02
1.620000e-06	6.313061e-06	4.054132e-09	4.581721e+01	2.666264e+02
1.630000e-06	6.318719e-06	4.055972e-09	4.585827e+01	2.667504e+02
1.640000e-06	6.322240e-06	4.056810e-09	4.588383e+01	2.668410e+02
1.650000e-06	6.323449e-06	4.056465e-09	4.589260e+01	2.668609e+02
1.660000e-06	6.322378e-06	4.056155e-09	4.588483e+01	2.667957e+02
1.670000e-06	6.319311e-06	4.054995e-09	4.586257e+01	2.666659e+02
1.680000e-06	6.314203e-06	4.055194e-09	4.582550e+01	2.665216e+02
1.690000e-06	6.306881e-06	4.056270e-09	4.577236e+01	2.664210e+02
1.700000e-06	6.297496e-06	4.058584e-09	4.570424e+01	2.664017e+02
1.710000e-06	6.286209e-06	4.061875e-09	4.562233e+01	2.664586e+02
1.720000e-06	6.272706e-06	4.064813e-09	4.552433e+01	2.665408e+02
1.730000e-06	6.256969e-06	4.066003e-09	4.541012e+01	2.665706e+02
1.740000e-06	6.239240e-06	4.038747e-09	4.528145e+01	2.664778e+02
1.750000e-06	6.219038e-06	4.023568e-09	4.513483e+01	2.662348e+02
1.760000e-06	6.195749e-06	4.039111e-09	4.496581e+01	2.658744e+02
1.770000e-06	6.169777e-06	4.039894e-09	4.477732e+01	2.654816e+02
1.780000e-06	6.142040e-06	4.062887e-09	4.457602e+01	2.651601e+02
1.790000e-06	6.112913e-06	4.076237e-09	4.436463e+01	2.649873e+02
1.800000e-06	6.082207e-06	4.022041e-09	4.414178e+01	2.649772e+02
1.810000e-06	6.049361e-06	4.040611e-09	4.390340e+01	2.650678e+02
1.820000e-06	6.014376e-06	4.049841e-09	4.364949e+01	2.651412e+02
1.830000e-06	5.977593e-06	4.012896e-09	4.338254e+01	2.650676e+02
1.840000e-06	5.938536e-06	4.055321e-09	4.309909e+01	2.647556e+02
1.850000e-06	5.897210e-06	4.025026e-09	4.279916e+01	2.641894e+02
1.860000e-06	5.853943e-06	4.020937e-09	4.248515e+01	2.634352e+02
1.870000e-06	5.808612e-06	4.069077e-09	4.215615e+01	2.626163e+02
1.880000e-06	5.761273e-06	4.001076e-09	4.181259e+01	2.618660e+02
1.890000e-06	5.711693e-06	3.982780e-09	4.145277e+01	2.612784e+02
1.900000e-06	5.659804e-06	3.972229e-09	4.107618e+01	2.608761e+02
1.910000e-06	5.605581e-06	3.951373e-09	4.068266e+01	2.606064e+02
1.920000e-06	5.549002e-06	3.989681e-09	4.027203e+01	2.603660e+02
1.930000e-06	5.490548e-06	3.969971e-09	3.984780e+01	2.600425e+02
1.940000e-06	5.430235e-06	3.967443e-09	3.941007e+01	2.595553e+02
1.950000e-06	5.367719e-06	3.941218e-09	3.895636e+01	2.588811e+02
1.960000e-06	5.303050e-06	3.921173e-09	3.848703e+01	2.580559e+02
1.970000e-06	5.236471e-06	3.924811e-09	3.800383e+01	2.571551e+02
1.980000e-06	5.168079e-06	3.903398e-09	3.750747e+01	2.562622e+02
1.990000e-06	5.097599e-06	3.932268e-09	3.699596e+01	2.554380e+02
2.000000e-06	5.025173e-06	3.898966e-09	3.647032e+01	2.547018e+02
2.010000e-06	4.951037e-06	3.870386e-09	3.593228e+01	2.540293e+02
2.020000e-06	4.875018e-06	3.869964e-09	3.538057e+01	2.533655e+02
2.030000e-06	4.796955e-06	3.844261e-09	3.481403e+01	2.526460e+02
2.040000e-06	4.716946e-06	3.846781e-09	3.423336e+01	2.518189e+02
2.050000e-06	4.635401e-06	3.825633e-09	3.364155e+01	2.508609e+02
2.060000e-06	4.552400e-06	3.825136e-09	3.303916e+01	2.497821e+02
2.070000e-06	4.467923e-06	3.808066e-09	3.242607e+01	2.486200e+02
2.080000e-06	4.381737e-06	3.780840e-09	3.180058e+01	2.474260e+02
2.090000e-06	4.293845e-06	3.768131e-09	3.116270e+01	2.462469e+02
2.100000e-06	4.204574e-06	3.742393e-09	3.051481e+01	2.451091e+02
2.110000e-06	4.113936e-06	3.725102e-09	2.985700e+01	2.440094e+02
2.120000e-06	4.021934e-06	3.702472e-09	2.918930e+01	2.429157e+02
2.130000e-06	3.928454e-06	3.704031e-09	2.851086e+01	2.417787e+02
2.140000e-06	3.833448e-06	3.691011e-09	2.782135e+01	2.405501e+02
2.150000e-06	3.737048e-06	3.660037e-09	2.712173e+01	2.392018e+02
2.160000e-06	3.639349e-06	3.631634e-09	2.641268e+01	2.377379e+02
2.170000e-06	3.540379e-06	3.608619e-09	2.569439e+01	2.361933e+02
2.180000e-06	3.440141e-06	3.591072e-09	2.496692e+01	2.346200e+02
2.190000e-06	3.338601e-06	3.568778e-09	2.422999e+01	2.330642e+02
2.200000e-06	3.235697e-06	3.551727e-09	2.348316e+01	2.315438e+02
2.210000e-06	3.131579e-06	3.526070e-09	2.272752e+01	2.300376e+02
2.220000e-06	3.026311e-06	3.496932e-09	2.196354e+01	2.284902e+02
2.230000e-06	2.920011e-06	3.470444e-09	2.119206e+01	2.268332e+02
2.240000e-06	2.812733e-06	3.451963e-09	2.041348e+01	2.250136e+02
2.250000e-06	2.704582e-06	3.426823e-09	1.962857e+01	2.230171e+02
2.260000e-06	2.595552e-06	3.393440e-09	1.883729e+01	2.208746e+02
2.270000e-06	2.485478e-06	3.357776e-09	1.803842e+01	2.186498e+02
2.280000e-06	2.374422e-06	3.322642e-09	1.723243e+01	2.164104e+02
2.290000e-06	2.262439e-06	3.287864e-09	1.641971e+01	2.141975e+02
2.300000e-06	2.149613e-06	3.252166e-09	1.560088e+01	2.120055e+02
2.310000e-06	2.036027e-06	3.219121e-09	1.477652e+01	2.097830e+02
2.320000e-06	1.921755e-06	3.182659e-09	1.394719e+01	2.074531e+02
2.330000e-06	1.806692e-06	3.147034e-09	1.311211e+01	2.049456e+02
2.340000e-06	1.690897e-06	3.109332e-09	1.227173e+01	2.022238e+02
2.350000e-06	1.574516e-06	3.068437e-09	1.142709e+01	1.992951e+02
2.360000e-06	1.457527e-06	3.021667e-09	1.057804e+01	1.962004e+02
2.370000e-06	1.339909e-06	2.971640e-09	9.724423e+00	1.929873e+02
2.380000e-06	1.221775e-06	2.921946e-09	8.867067e+00	1.896817e+02
2.390000e-06	1.103242e-06	2.868849e-09	8.006806e+00	1.862703e+02
2.400000e-06	9.843239e-07	2.812254e-09	7.143757e+00	1.827033e+02
2.410000e-06	8.650194e-07	2.753225e-09	6.277901e+00	1.789136e+02
2.420000e-06	7.453316e-07	2.689935e-09	5.409264e+00	1.748424e+02
2.430000e-06	6.254525e-07	2.621934e-09	4.539239e+00	1.704565e+02
2.440000e-06	5.054225e-07	2.552781e-09	3.668117e+00	1.657482e+02
2.450000e-06	3.851832e-07	2.481837e-09	2.795477e+00	1.607173e+02
2.460000e-06	2.647906e-07	2.403424e-09	1.921725e+00	1.553461e+02
2.470000e-06	1.442940e-07	2.311832e-09	1.047218e+00	1.495806e+02
2.480000e-06	2.368737e-08	2.209760e-09	1.719117e-01	1.433296e+02
2.490000e-06	-9.693263e-08	2.101833e-09	-7.034912e-01	1.364815e+02
2.500000e-06	-2.174448e-07	1.985650e-09	-1.578111e+00	1.289302e+02
2.510000e-06	-3.379224e-07	1.858769e-09	-2.452481e+00	1.205929e+02
2.520000e-06	-4.583595e-07	1.720487e-09	-3.326556e+00	1.114083e+02
2.530000e-06	-5.786650e-07	1.569718e-09	-4.199677e+00	1.013119e+02
2.540000e-06	-6.987484e-07	1.401062e-09	-5.071185e+00	9.020245e+01
2.550000e-06	-8.185594e-07	1.211949e-09	-5.940717e+00	7.792038e+01
2.560000e-06	-9.380408e-07	1.003913e-09	-6.807856e+00	6.425954e+01
2.570000e-06	-1.057118e-06	7.741791e-10	-7.672059e+00	4.902153e+01
2.580000e-06	-1.175837e-06	5.174815e-10	-8.533670e+00	3.210134e+01
2.590000e-06	-1.294087e-06	2.342255e-10	-9.391873e+00	1.357620e+01
2.600000e-06	-1.411716e-06	-6.891015e-11	-1.024557e+01	-6.238301e+00
2.610000e-06	-1.528777e-06	-3.849316e-10	-1.109514e+01	-2.679342e+01
2.620000e-06	-1.645140e-06	-7.023845e-10	-1.193965e+01	-4.738155e+01
2.630000e-06	-1.760638e-06	-1.008961e-09	-1.277788e+01	-6.726185e+01
2.640000e-06	-1.875350e-06	-1.292736e-09	-1.361041e+01	-8.579952e+01
2.650000e-06	-1.989299e-06	-1.545372e-09	-1.443739e+01	-1.025749e+02
2.660000e-06	-2.102384e-06	-1.770410e-09	-1.525811e+01	-1.174300e+02
2.670000e-06	-2.214568e-06	-1.972667e-09	-1.607228e+01	-1.304424e+02
2.680000e-06	-2.325796e-06	-2.150044e-09	-1.687952e+01	-1.418445e+02
2.690000e-06	-2.436030e-06	-2.305784e-09	-1.767955e+01	-1.519212e+02
2.700000e-06	-2.545361e-06	-2.445727e-09	-1.847303e+01	-1.609238e+02
2.710000e-06	-2.653904e-06	-2.571596e-09	-1.926078e+01	-1.690268e+02
2.720000e-06	-2.761657e-06	-2.683901e-09	-2.004280e+01	-1.763307e+02
2.730000e-06	-2.868482e-06	-2.783356e-09	-2.081808e+01	-1.828976e+02
2.740000e-06	-2.974344e-06	-2.871390e-09	-2.158638e+01	-1.887924e+02
2.750000e-06	-3.079263e-06	-2.951492e-09	-2.234784e+01	-1.941083e+02
2.760000e-06	-3.183034e-06	-3.027600e-09	-2.310096e+01	-1.989637e+02
2.770000e-06	-3.285500e-06	-3.100049e-09	-2.384461e+01	-2.034772e+02
2.780000e-06	-3.386711e-06	-3.167206e-09	-2.457915e+01	-2.077370e+02
2.790000e-06	-3.486670e-06	-3.229577e-09	-2.530460e+01	-2.117809e+02
2.800000e-06	-3.585443e-06	-3.288104e-09	-2.602145e+01	-2.155998e+02
2.810000e-06	-3.683089e-06	-3.342773e-09	-2.673012e+01	-2.191600e+02
2.820000e-06	-3.779575e-06	-3.394514e-09	-2.743037e+01	-2.224348e+02
2.830000e-06	-3.874722e-06	-3.443319e-09	-2.812090e+01	-2.254265e+02
2.840000e-06	-3.968382e-06	-3.488623e-09	-2.880064e+01	-2.281716e+02
2.850000e-06	-4.060609e-06	-3.530864e-09	-2.946998e+01	-2.307257e+02
2.860000e-06	-4.151422e-06	-3.572128e-09	-3.012906e+01	-2.331390e+02
2.870000e-06	-4.240772e-06	-3.612887e-09	-3.077752e+01	-2.354362e+02
2.880000e-06	-4.328628e-06	-3.649859e-09	-3.141513e+01	-2.376099e+02
2.890000e-06	-4.414933e-06	-3.681710e-09	-3.204149e+01	-2.396328e+02
2.900000e-06	-4.499583e-06	-3.711144e-09	-3.265585e+01	-2.414794e+02
2.910000e-06	-4.582635e-06	-3.738732e-09	-3.325860e+01	-2.431458e+02
2.920000e-06	-4.664179e-06	-3.763955e-09	-3.385041e+01	-2.446583e+02
2.930000e-06	-4.744089e-06	-3.787449e-09	-3.443035e+01	-2.460648e+02
2.940000e-06	-4.822117e-06	-3.808983e-09	-3.499664e+01	-2.474145e+02
2.950000e-06	-4.898123e-06	-3.830543e-09	-3.554826e+01	-2.487373e+02
2.960000e-06	-4.972204e-06	-3.851259e-09	-3.608590e+01	-2.500324e+02
2.970000e-06	-5.044457e-06	-3.870334e-09	-3.661028e+01	-2.512725e+02
2.980000e-06	-5.114773e-06	-3.888315e-09	-3.712060e+01	-2.524202e+02
2.990000e-06	-5.183113e-06	-3.903200e-09	-3.761658e+01	-2.534493e+02
3.000000e-06	-5.249637e-06	-3.917666e-09	-3.809938e+01	-2.543583e+02
3.010000e-06	-5.314442e-06	-3.932034e-09	-3.856970e+01	-2.551717e+02
3.020000e-06	-5.377382e-06	-3.944174e-09	-3.902650e+01	-2.559279e+02
3.030000e-06	-5.438286e-06	-3.955214e-09	-3.946850e+01	-2.566618e+02
3.040000e-06	-5.497192e-06	-3.965454e-09	-3.989602e+01	-2.573898e+02
3.050000e-06	-5.554218e-06	-3.973916e-09	-4.030989e+01	-2.581055e+02
3.060000e-06	-5.609281e-06	-3.982013e-09	-4.070951e+01	-2.587873e+02
3.070000e-06	-5.662099e-06	-3.990757e-09	-4.109284e+01	-2.594121e+02
3.080000e-06	-5.712563e-06	-3.998991e-09	-4.145908e+01	-2.599686e+02
3.090000e-06	-5.760647e-06	-4.008713e-09	-4.180805e+01	-2.604624e+02
3.100000e-06	-5.806605e-06	-4.018647e-09	-4.214159e+01	-2.609122e+02
3.110000e-06	-5.850758e-06	-4.025905e-09	-4.246203e+01	-2.613391e+02
3.120000e-06	-5.893043e-06	-4.029731e-09	-4.276892e+01	-2.617566e+02
3.130000e-06	-5.933419e-06	-4.032709e-09	-4.306195e+01	-2.621658e+02
3.140000e-06	-5.971724e-06	-4.037431e-09	-4.333994e+01	-2.625583e+02
3.150000e-06	-6.007789e-06	-4.041512e-09	-4.360169e+01	-2.629237e+02
3.160000e-06	-6.041734e-06	-4.046078e-09	-4.384805e+01	-2.632576e+02
3.170000e-06	-6.073623e-06	-4.050663e-09	-4.407948e+01	-2.635629e+02
3.180000e-06	-6.103249e-06	-4.054879e-09	-4.429449e+01	-2.638462e+02
3.190000e-06	-6.130648e-06	-4.057636e-09	-4.449334e+01	-2.641108e+02
3.200000e-06	-6.155949e-06	-4.059581e-09	-4.467696e+01	-2.643512e+02
3.210000e-06	-6.178996e-06	-4.062170e-09	-4.484423e+01	-2.645547e+02
3.220000e-06	-6.199710e-06	-4.063372e-09	-4.499456e+01	-2.647086e+02
3.230000e-06	-6.218249e-06	-4.062218e-09	-4.512911e+01	-2.648108e+02
3.240000e-06	-6.234692e-06	-4.059800e-09	-4.524845e+01	-2.648751e+02
3.250000e-06	-6.248661e-06	-4.059321e-09	-4.534982e+01	-2.649285e+02
3.260000e-06	-6.260086e-06	-4.061391e-09	-4.543274e+01	-2.649993e+02
3.270000e-06	-6.269264e-06	-4.064147e-09	-4.549935e+01	-2.651022e+02
3.280000e-06	-6.276258e-06	-4.067105e-09	-4.555011e+01	-2.652271e+02
3.290000e-06	-6.280954e-06	-4.068053e-09	-4.558419e+01	-2.653413e+02
3.300000e-06	-6.283399e-06	-4.066106e-09	-4.560194e+01	-2.654032e+02
3.310000e-06	-6.283763e-06	-4.064347e-09	-4.560458e+01	-2.653837e+02
