# Temperatura_=_20.0
# Concentracion g/m^3_=_6600.0
# C_Vs_to_Am_M_A/Vsm_=_65563218390.804596
# pendiente_HvsI_1/m_=_3716.3
# ordenada_HvsI_A/m_=_1297.0
# frecuencia_Hz_=_302072.15445908695

Tiempo_(s)	Campo_(V.s)	Magnetizacion_(V.s)	Campo_(kA/m)	Magnetizacion_(A/m)
0.000000e+00	-6.277311e-06	-4.186722e-09	-4.560295e+01	-2.729624e+02
1.000000e-08	-6.275472e-06	-4.185687e-09	-4.558959e+01	-2.729802e+02
2.000000e-08	-6.271424e-06	-4.184374e-09	-4.556018e+01	-2.729402e+02
3.000000e-08	-6.265369e-06	-4.180636e-09	-4.551619e+01	-2.728530e+02
4.000000e-08	-6.257359e-06	-4.176491e-09	-4.545800e+01	-2.727436e+02
5.000000e-08	-6.247170e-06	-4.175383e-09	-4.538398e+01	-2.726406e+02
6.000000e-08	-6.234680e-06	-4.175418e-09	-4.529324e+01	-2.725618e+02
7.000000e-08	-6.219883e-06	-4.175166e-09	-4.518574e+01	-2.725039e+02
8.000000e-08	-6.202765e-06	-4.169862e-09	-4.506139e+01	-2.724419e+02
9.000000e-08	-6.183538e-06	-4.162731e-09	-4.492171e+01	-2.723397e+02
1.000000e-07	-6.162162e-06	-4.175428e-09	-4.476642e+01	-2.721683e+02
1.100000e-07	-6.138315e-06	-4.179791e-09	-4.459318e+01	-2.719216e+02
1.200000e-07	-6.111987e-06	-4.161373e-09	-4.440191e+01	-2.716231e+02
1.300000e-07	-6.083572e-06	-4.145536e-09	-4.419549e+01	-2.713184e+02
1.400000e-07	-6.053497e-06	-4.140778e-09	-4.397700e+01	-2.710555e+02
1.500000e-07	-6.021827e-06	-4.124816e-09	-4.374692e+01	-2.708624e+02
1.600000e-07	-5.988173e-06	-4.131378e-09	-4.350244e+01	-2.707305e+02
1.700000e-07	-5.952590e-06	-4.159690e-09	-4.324394e+01	-2.706147e+02
1.800000e-07	-5.915187e-06	-4.132524e-09	-4.297222e+01	-2.704488e+02
1.900000e-07	-5.875610e-06	-4.140944e-09	-4.268470e+01	-2.701721e+02
2.000000e-07	-5.833811e-06	-4.143150e-09	-4.238104e+01	-2.697548e+02
2.100000e-07	-5.789806e-06	-4.100282e-09	-4.206135e+01	-2.692112e+02
2.200000e-07	-5.743617e-06	-4.082978e-09	-4.172580e+01	-2.685950e+02
2.300000e-07	-5.695181e-06	-4.066341e-09	-4.137393e+01	-2.679770e+02
2.400000e-07	-5.644313e-06	-4.075747e-09	-4.100439e+01	-2.674164e+02
2.500000e-07	-5.591083e-06	-4.077269e-09	-4.061769e+01	-2.669369e+02
2.600000e-07	-5.535707e-06	-4.075068e-09	-4.021539e+01	-2.665178e+02
2.700000e-07	-5.478200e-06	-4.074217e-09	-3.979762e+01	-2.661044e+02
2.800000e-07	-5.418608e-06	-4.038323e-09	-3.936470e+01	-2.656316e+02
2.900000e-07	-5.357061e-06	-4.032696e-09	-3.891758e+01	-2.650512e+02
3.000000e-07	-5.293617e-06	-4.035660e-09	-3.845668e+01	-2.643505e+02
3.100000e-07	-5.228203e-06	-4.022759e-09	-3.798146e+01	-2.635544e+02
3.200000e-07	-5.160696e-06	-4.013616e-09	-3.749105e+01	-2.627117e+02
3.300000e-07	-5.091223e-06	-3.993057e-09	-3.698634e+01	-2.618722e+02
3.400000e-07	-5.019986e-06	-3.979162e-09	-3.646883e+01	-2.610645e+02
3.500000e-07	-4.947001e-06	-3.962037e-09	-3.593861e+01	-2.602853e+02
3.600000e-07	-4.872057e-06	-3.950324e-09	-3.539416e+01	-2.595028e+02
3.700000e-07	-4.795020e-06	-3.940097e-09	-3.483451e+01	-2.586730e+02
3.800000e-07	-4.715993e-06	-3.923760e-09	-3.426040e+01	-2.577596e+02
3.900000e-07	-4.635130e-06	-3.911913e-09	-3.367295e+01	-2.567494e+02
4.000000e-07	-4.552664e-06	-3.893126e-09	-3.307386e+01	-2.556564e+02
4.100000e-07	-4.468803e-06	-3.878309e-09	-3.246463e+01	-2.545134e+02
4.200000e-07	-4.383624e-06	-3.855432e-09	-3.184583e+01	-2.533565e+02
4.300000e-07	-4.297085e-06	-3.831802e-09	-3.121715e+01	-2.522086e+02
4.400000e-07	-4.209002e-06	-3.819789e-09	-3.057725e+01	-2.510705e+02
4.500000e-07	-4.119326e-06	-3.806063e-09	-2.992578e+01	-2.499218e+02
4.600000e-07	-4.028066e-06	-3.789454e-09	-2.926280e+01	-2.487307e+02
4.700000e-07	-3.935367e-06	-3.769683e-09	-2.858937e+01	-2.474678e+02
4.800000e-07	-3.841402e-06	-3.747851e-09	-2.790673e+01	-2.461174e+02
4.900000e-07	-3.746138e-06	-3.720135e-09	-2.721466e+01	-2.446816e+02
5.000000e-07	-3.649456e-06	-3.696088e-09	-2.651230e+01	-2.431766e+02
5.100000e-07	-3.551366e-06	-3.676421e-09	-2.579970e+01	-2.416232e+02
5.200000e-07	-3.451913e-06	-3.652735e-09	-2.507720e+01	-2.400365e+02
5.300000e-07	-3.351113e-06	-3.622555e-09	-2.434492e+01	-2.384189e+02
5.400000e-07	-3.249136e-06	-3.592282e-09	-2.360409e+01	-2.367594e+02
5.500000e-07	-3.146070e-06	-3.567320e-09	-2.285534e+01	-2.350391e+02
5.600000e-07	-3.041848e-06	-3.539330e-09	-2.209819e+01	-2.332390e+02
5.700000e-07	-2.936427e-06	-3.508401e-09	-2.133234e+01	-2.313474e+02
5.800000e-07	-2.829922e-06	-3.475622e-09	-2.055861e+01	-2.293641e+02
5.900000e-07	-2.722274e-06	-3.442609e-09	-1.977657e+01	-2.272985e+02
6.000000e-07	-2.613553e-06	-3.406461e-09	-1.898675e+01	-2.251639e+02
6.100000e-07	-2.503942e-06	-3.371118e-09	-1.819045e+01	-2.229706e+02
6.200000e-07	-2.393430e-06	-3.338293e-09	-1.738761e+01	-2.207199e+02
6.300000e-07	-2.282083e-06	-3.302142e-09	-1.657871e+01	-2.184020e+02
6.400000e-07	-2.169872e-06	-3.263878e-09	-1.576353e+01	-2.159987e+02
6.500000e-07	-2.056708e-06	-3.225169e-09	-1.494142e+01	-2.134885e+02
6.600000e-07	-1.942726e-06	-3.185955e-09	-1.411337e+01	-2.108541e+02
6.700000e-07	-1.828085e-06	-3.142646e-09	-1.328054e+01	-2.080859e+02
6.800000e-07	-1.712638e-06	-3.097256e-09	-1.244185e+01	-2.051835e+02
6.900000e-07	-1.596410e-06	-3.051064e-09	-1.159748e+01	-2.021510e+02
7.000000e-07	-1.479657e-06	-3.004057e-09	-1.074930e+01	-1.989906e+02
7.100000e-07	-1.362482e-06	-2.955116e-09	-9.898056e+00	-1.956960e+02
7.200000e-07	-1.244885e-06	-2.900843e-09	-9.043750e+00	-1.922489e+02
7.300000e-07	-1.126825e-06	-2.841381e-09	-8.186072e+00	-1.886211e+02
7.400000e-07	-1.008360e-06	-2.777912e-09	-7.325459e+00	-1.847818e+02
7.500000e-07	-8.896010e-07	-2.715370e-09	-6.462708e+00	-1.807063e+02
7.600000e-07	-7.705980e-07	-2.653722e-09	-5.598183e+00	-1.763822e+02
7.700000e-07	-6.513693e-07	-2.587036e-09	-4.732020e+00	-1.718094e+02
7.800000e-07	-5.319407e-07	-2.514547e-09	-3.864404e+00	-1.669912e+02
7.900000e-07	-4.123830e-07	-2.438805e-09	-2.995850e+00	-1.619202e+02
8.000000e-07	-2.927012e-07	-2.357732e-09	-2.126394e+00	-1.565640e+02
8.100000e-07	-1.728793e-07	-2.268402e-09	-1.255921e+00	-1.508577e+02
8.200000e-07	-5.294618e-08	-2.172583e-09	-3.846395e-01	-1.447071e+02
8.300000e-07	6.708061e-08	-2.071139e-09	4.873223e-01	-1.380044e+02
8.400000e-07	1.871154e-07	-1.961077e-09	1.359342e+00	-1.306492e+02
8.500000e-07	3.071370e-07	-1.838789e-09	2.231266e+00	-1.225667e+02
8.600000e-07	4.271003e-07	-1.702643e-09	3.102767e+00	-1.137129e+02
8.700000e-07	5.469036e-07	-1.553626e-09	3.973105e+00	-1.040647e+02
8.800000e-07	6.665277e-07	-1.392601e-09	4.842142e+00	-9.359559e+01
8.900000e-07	7.859627e-07	-1.217939e-09	5.709804e+00	-8.225058e+01
9.000000e-07	9.051796e-07	-1.030676e-09	6.575882e+00	-6.993342e+01
9.100000e-07	1.024103e-06	-8.273434e-10	7.439828e+00	-5.651809e+01
9.200000e-07	1.142682e-06	-6.035442e-10	8.301275e+00	-4.188798e+01
9.300000e-07	1.260866e-06	-3.602433e-10	9.159848e+00	-2.599345e+01
9.400000e-07	1.378625e-06	-1.008872e-10	1.001533e+01	-8.909491e+00
9.500000e-07	1.495918e-06	1.698305e-10	1.086744e+01	9.128818e+00
9.600000e-07	1.612639e-06	4.500483e-10	1.171538e+01	2.772998e+01
9.700000e-07	1.728722e-06	7.348417e-10	1.255870e+01	4.639334e+01
9.800000e-07	1.844049e-06	1.012937e-09	1.339651e+01	6.458924e+01
9.900000e-07	1.958540e-06	1.273776e-09	1.422825e+01	8.184912e+01
1.000000e-06	2.072206e-06	1.512522e-09	1.505401e+01	9.783890e+01
1.010000e-06	2.185037e-06	1.728195e-09	1.587370e+01	1.123946e+02
1.020000e-06	2.297034e-06	1.922555e-09	1.668732e+01	1.255130e+02
1.030000e-06	2.408140e-06	2.099862e-09	1.749448e+01	1.373050e+02
1.040000e-06	2.518355e-06	2.262602e-09	1.829516e+01	1.479333e+02
1.050000e-06	2.627749e-06	2.409602e-09	1.908988e+01	1.575551e+02
1.060000e-06	2.736296e-06	2.540834e-09	1.987844e+01	1.662901e+02
1.070000e-06	2.843904e-06	2.659842e-09	2.066019e+01	1.742173e+02
1.080000e-06	2.950493e-06	2.768899e-09	2.143452e+01	1.813940e+02
1.090000e-06	3.055983e-06	2.865058e-09	2.220088e+01	1.878818e+02
1.100000e-06	3.160254e-06	2.950308e-09	2.295838e+01	1.937641e+02
1.110000e-06	3.263307e-06	3.031254e-09	2.370703e+01	1.991455e+02
1.120000e-06	3.365248e-06	3.110239e-09	2.444761e+01	2.041357e+02
1.130000e-06	3.466090e-06	3.184595e-09	2.518019e+01	2.088258e+02
1.140000e-06	3.565806e-06	3.252467e-09	2.590460e+01	2.132694e+02
1.150000e-06	3.664279e-06	3.313487e-09	2.661999e+01	2.174796e+02
1.160000e-06	3.761258e-06	3.369115e-09	2.732451e+01	2.214406e+02
1.170000e-06	3.856728e-06	3.421390e-09	2.801807e+01	2.251295e+02
1.180000e-06	3.950899e-06	3.470292e-09	2.870220e+01	2.285373e+02
1.190000e-06	4.043827e-06	3.516284e-09	2.937730e+01	2.316792e+02
1.200000e-06	4.135472e-06	3.560247e-09	3.004308e+01	2.345913e+02
1.210000e-06	4.225708e-06	3.601182e-09	3.069861e+01	2.373164e+02
1.220000e-06	4.314329e-06	3.638250e-09	3.134242e+01	2.398872e+02
1.230000e-06	4.401300e-06	3.672739e-09	3.197424e+01	2.423163e+02
1.240000e-06	4.486745e-06	3.703933e-09	3.259497e+01	2.445976e+02
1.250000e-06	4.570733e-06	3.731010e-09	3.320513e+01	2.467168e+02
1.260000e-06	4.653170e-06	3.755281e-09	3.380401e+01	2.486661e+02
1.270000e-06	4.733842e-06	3.779755e-09	3.439007e+01	2.504546e+02
1.280000e-06	4.812702e-06	3.805777e-09	3.496296e+01	2.521084e+02
1.290000e-06	4.889848e-06	3.830883e-09	3.552341e+01	2.536617e+02
1.300000e-06	4.965166e-06	3.852327e-09	3.607058e+01	2.551433e+02
1.310000e-06	5.038454e-06	3.872231e-09	3.660299e+01	2.565657e+02
1.320000e-06	5.109797e-06	3.892443e-09	3.712128e+01	2.579228e+02
1.330000e-06	5.179317e-06	3.910481e-09	3.762632e+01	2.591970e+02
1.340000e-06	5.247024e-06	3.927398e-09	3.811819e+01	2.603722e+02
1.350000e-06	5.312849e-06	3.944611e-09	3.859639e+01	2.614450e+02
1.360000e-06	5.376666e-06	3.961164e-09	3.906001e+01	2.624291e+02
1.370000e-06	5.438592e-06	3.974859e-09	3.950988e+01	2.633504e+02
1.380000e-06	5.498791e-06	3.987511e-09	3.994721e+01	2.642356e+02
1.390000e-06	5.557113e-06	4.000887e-09	4.037090e+01	2.650995e+02
1.400000e-06	5.613346e-06	4.014013e-09	4.077942e+01	2.659394e+02
1.410000e-06	5.667528e-06	4.027211e-09	4.117304e+01	2.667371e+02
1.420000e-06	5.719578e-06	4.039038e-09	4.155117e+01	2.674698e+02
1.430000e-06	5.769216e-06	4.049849e-09	4.191177e+01	2.681219e+02
1.440000e-06	5.816560e-06	4.060003e-09	4.225572e+01	2.686943e+02
1.450000e-06	5.861943e-06	4.069524e-09	4.258541e+01	2.692044e+02
1.460000e-06	5.905416e-06	4.077858e-09	4.290123e+01	2.696790e+02
1.470000e-06	5.946755e-06	4.084883e-09	4.320155e+01	2.701422e+02
1.480000e-06	5.985811e-06	4.092214e-09	4.348528e+01	2.706061e+02
1.490000e-06	6.022820e-06	4.100530e-09	4.375414e+01	2.710672e+02
1.500000e-06	6.057877e-06	4.108827e-09	4.400882e+01	2.715105e+02
1.510000e-06	6.090705e-06	4.116605e-09	4.424730e+01	2.719181e+02
1.520000e-06	6.121331e-06	4.123638e-09	4.446979e+01	2.722781e+02
1.530000e-06	6.150015e-06	4.130790e-09	4.467817e+01	2.725890e+02
1.540000e-06	6.176566e-06	4.138270e-09	4.487106e+01	2.728578e+02
1.550000e-06	6.200670e-06	4.143961e-09	4.504617e+01	2.730949e+02
1.560000e-06	6.222516e-06	4.148414e-09	4.520488e+01	2.733074e+02
1.570000e-06	6.242353e-06	4.151986e-09	4.534899e+01	2.734972e+02
1.580000e-06	6.259991e-06	4.154138e-09	4.547712e+01	2.736622e+02
1.590000e-06	6.275243e-06	4.155724e-09	4.558792e+01	2.738016e+02
1.600000e-06	6.288120e-06	4.157661e-09	4.568147e+01	2.739197e+02
1.610000e-06	6.298529e-06	4.161090e-09	4.575709e+01	2.740265e+02
1.620000e-06	6.306467e-06	4.164672e-09	4.581476e+01	2.741328e+02
1.630000e-06	6.312184e-06	4.167585e-09	4.585629e+01	2.742432e+02
1.640000e-06	6.315821e-06	4.169520e-09	4.588271e+01	2.743512e+02
1.650000e-06	6.317182e-06	4.169980e-09	4.589260e+01	2.744393e+02
1.660000e-06	6.316274e-06	4.171067e-09	4.588600e+01	2.744863e+02
1.670000e-06	6.313340e-06	4.171995e-09	4.586469e+01	2.744773e+02
1.680000e-06	6.308351e-06	4.171845e-09	4.582844e+01	2.744134e+02
1.690000e-06	6.301175e-06	4.172547e-09	4.577631e+01	2.743125e+02
1.700000e-06	6.291951e-06	4.173446e-09	4.570930e+01	2.742031e+02
1.710000e-06	6.280787e-06	4.173923e-09	4.562820e+01	2.741105e+02
1.720000e-06	6.267373e-06	4.173392e-09	4.553075e+01	2.740436e+02
1.730000e-06	6.251725e-06	4.173044e-09	4.541707e+01	2.739882e+02
1.740000e-06	6.234088e-06	4.173543e-09	4.528894e+01	2.739123e+02
1.750000e-06	6.214046e-06	4.148482e-09	4.514335e+01	2.737808e+02
1.760000e-06	6.190975e-06	4.144344e-09	4.497574e+01	2.735736e+02
1.770000e-06	6.165138e-06	4.157347e-09	4.478804e+01	2.732986e+02
1.780000e-06	6.137466e-06	4.156164e-09	4.458701e+01	2.729911e+02
1.790000e-06	6.108419e-06	4.165483e-09	4.437599e+01	2.727008e+02
1.800000e-06	6.077831e-06	4.180394e-09	4.415378e+01	2.724691e+02
1.810000e-06	6.045142e-06	4.140798e-09	4.391630e+01	2.723081e+02
1.820000e-06	6.010315e-06	4.139319e-09	4.366329e+01	2.721914e+02
1.830000e-06	5.973639e-06	4.142052e-09	4.339685e+01	2.720612e+02
1.840000e-06	5.934728e-06	4.107691e-09	4.311417e+01	2.718503e+02
1.850000e-06	5.893596e-06	4.141545e-09	4.281536e+01	2.715097e+02
1.860000e-06	5.850526e-06	4.140687e-09	4.250247e+01	2.710296e+02
1.870000e-06	5.805413e-06	4.151903e-09	4.217474e+01	2.704442e+02
1.880000e-06	5.758248e-06	4.152679e-09	4.183210e+01	2.698186e+02
1.890000e-06	5.708801e-06	4.099444e-09	4.147287e+01	2.692219e+02
1.900000e-06	5.656970e-06	4.096854e-09	4.109634e+01	2.686990e+02
1.910000e-06	5.602819e-06	4.071585e-09	4.070295e+01	2.682529e+02
1.920000e-06	5.546361e-06	4.089953e-09	4.029279e+01	2.678448e+02
1.930000e-06	5.487955e-06	4.116185e-09	3.986849e+01	2.674118e+02
1.940000e-06	5.427674e-06	4.069296e-09	3.943057e+01	2.668934e+02
1.950000e-06	5.365346e-06	4.071377e-09	3.897777e+01	2.662566e+02
1.960000e-06	5.300896e-06	4.035662e-09	3.850956e+01	2.655068e+02
1.970000e-06	5.234425e-06	4.023577e-09	3.802666e+01	2.646827e+02
1.980000e-06	5.166109e-06	4.029538e-09	3.753037e+01	2.638364e+02
1.990000e-06	5.095818e-06	4.024047e-09	3.701972e+01	2.630103e+02
2.000000e-06	5.023603e-06	4.033764e-09	3.649510e+01	2.622185e+02
2.010000e-06	4.949607e-06	3.991434e-09	3.595754e+01	2.614431e+02
2.020000e-06	4.873721e-06	3.985964e-09	3.540625e+01	2.606444e+02
2.030000e-06	4.795859e-06	3.972748e-09	3.484060e+01	2.597794e+02
2.040000e-06	4.716061e-06	3.960362e-09	3.426089e+01	2.588213e+02
2.050000e-06	4.634589e-06	3.950902e-09	3.366902e+01	2.577697e+02
2.060000e-06	4.551683e-06	3.923677e-09	3.306673e+01	2.566491e+02
2.070000e-06	4.467270e-06	3.919845e-09	3.245349e+01	2.554959e+02
2.080000e-06	4.381172e-06	3.891501e-09	3.182801e+01	2.543419e+02
2.090000e-06	4.293382e-06	3.880452e-09	3.119025e+01	2.532001e+02
2.100000e-06	4.204136e-06	3.860848e-09	3.054190e+01	2.520609e+02
2.110000e-06	4.113592e-06	3.838707e-09	2.988412e+01	2.508969e+02
2.120000e-06	4.021651e-06	3.820943e-09	2.921620e+01	2.496758e+02
2.130000e-06	3.928253e-06	3.803561e-09	2.853768e+01	2.483734e+02
2.140000e-06	3.833447e-06	3.791743e-09	2.784894e+01	2.469823e+02
2.150000e-06	3.737214e-06	3.761142e-09	2.714983e+01	2.455121e+02
2.160000e-06	3.639649e-06	3.736640e-09	2.644105e+01	2.439824e+02
2.170000e-06	3.540850e-06	3.709708e-09	2.572331e+01	2.424127e+02
2.180000e-06	3.440767e-06	3.690829e-09	2.499623e+01	2.408124e+02
2.190000e-06	3.339426e-06	3.671101e-09	2.426001e+01	2.391777e+02
2.200000e-06	3.236817e-06	3.650654e-09	2.351459e+01	2.374928e+02
2.210000e-06	3.132888e-06	3.623485e-09	2.275958e+01	2.357378e+02
2.220000e-06	3.027772e-06	3.588480e-09	2.199594e+01	2.338963e+02
2.230000e-06	2.921624e-06	3.558667e-09	2.122480e+01	2.319618e+02
2.240000e-06	2.814483e-06	3.534630e-09	2.044645e+01	2.299389e+02
2.250000e-06	2.706429e-06	3.509324e-09	1.966146e+01	2.278399e+02
2.260000e-06	2.597465e-06	3.474353e-09	1.886987e+01	2.256774e+02
2.270000e-06	2.487658e-06	3.440308e-09	1.807215e+01	2.234583e+02
2.280000e-06	2.376885e-06	3.405730e-09	1.726742e+01	2.211785e+02
2.290000e-06	2.265054e-06	3.371127e-09	1.645500e+01	2.188239e+02
2.300000e-06	2.152430e-06	3.334081e-09	1.563681e+01	2.163738e+02
2.310000e-06	2.039039e-06	3.296208e-09	1.481306e+01	2.138080e+02
2.320000e-06	1.924863e-06	3.253674e-09	1.398360e+01	2.111123e+02
2.330000e-06	1.809974e-06	3.207340e-09	1.314896e+01	2.082817e+02
2.340000e-06	1.694436e-06	3.160305e-09	1.230961e+01	2.053186e+02
2.350000e-06	1.578199e-06	3.114570e-09	1.146519e+01	2.022271e+02
2.360000e-06	1.461260e-06	3.067602e-09	1.061565e+01	1.990062e+02
2.370000e-06	1.343794e-06	3.017508e-09	9.762298e+00	1.956440e+02
2.380000e-06	1.225898e-06	2.967997e-09	8.905812e+00	1.921171e+02
2.390000e-06	1.107617e-06	2.913497e-09	8.046533e+00	1.883951e+02
2.400000e-06	9.888936e-07	2.853494e-09	7.184042e+00	1.844488e+02
2.410000e-06	8.697268e-07	2.788364e-09	6.318327e+00	1.802589e+02
2.420000e-06	7.502002e-07	2.718743e-09	5.449999e+00	1.758192e+02
2.430000e-06	6.304026e-07	2.643889e-09	4.579703e+00	1.711325e+02
2.440000e-06	5.104071e-07	2.565509e-09	3.707968e+00	1.661993e+02
2.450000e-06	3.902573e-07	2.486898e-09	2.835112e+00	1.610022e+02
2.460000e-06	2.699453e-07	2.406148e-09	1.961078e+00	1.554938e+02
2.470000e-06	1.494849e-07	2.316627e-09	1.085967e+00	1.495944e+02
2.480000e-06	2.891959e-08	2.217472e-09	2.100929e-01	1.432012e+02
2.490000e-06	-9.162783e-08	2.111969e-09	-6.656511e-01	1.362072e+02
2.500000e-06	-2.120953e-07	1.995616e-09	-1.540815e+00	1.285219e+02
2.510000e-06	-3.325303e-07	1.865582e-09	-2.415741e+00	1.200854e+02
2.520000e-06	-4.528605e-07	1.724901e-09	-3.289908e+00	1.108655e+02
2.530000e-06	-5.730334e-07	1.574311e-09	-4.162931e+00	1.008409e+02
2.540000e-06	-6.929748e-07	1.408493e-09	-5.034272e+00	8.997468e+01
2.550000e-06	-8.126376e-07	1.225425e-09	-5.903590e+00	7.819297e+01
2.560000e-06	-9.320418e-07	1.028512e-09	-6.771029e+00	6.538251e+01
2.570000e-06	-1.051092e-06	8.183948e-10	-7.635897e+00	5.141534e+01
2.580000e-06	-1.169690e-06	5.898516e-10	-8.497480e+00	3.619825e+01
2.590000e-06	-1.287852e-06	3.389370e-10	-9.355890e+00	1.973315e+01
2.600000e-06	-1.405477e-06	6.883712e-11	-1.021040e+01	2.167046e+00
2.610000e-06	-1.522473e-06	-2.142626e-10	-1.106035e+01	-1.618919e+01
2.620000e-06	-1.638749e-06	-5.023712e-10	-1.190506e+01	-3.488510e+01
2.630000e-06	-1.754240e-06	-7.890905e-10	-1.274408e+01	-5.339534e+01
2.640000e-06	-1.868918e-06	-1.065595e-09	-1.357718e+01	-7.120785e+01
2.650000e-06	-1.982793e-06	-1.322217e-09	-1.440445e+01	-8.790929e+01
2.660000e-06	-2.095878e-06	-1.556185e-09	-1.522598e+01	-1.032429e+02
2.670000e-06	-2.208068e-06	-1.768523e-09	-1.604101e+01	-1.171231e+02
2.680000e-06	-2.319306e-06	-1.961443e-09	-1.684912e+01	-1.296069e+02
2.690000e-06	-2.429574e-06	-2.134930e-09	-1.765019e+01	-1.408374e+02
2.700000e-06	-2.538917e-06	-2.292640e-09	-1.844454e+01	-1.509804e+02
2.710000e-06	-2.647422e-06	-2.437771e-09	-1.923280e+01	-1.601780e+02
2.720000e-06	-2.755096e-06	-2.569428e-09	-2.001502e+01	-1.685298e+02
2.730000e-06	-2.861921e-06	-2.686007e-09	-2.079107e+01	-1.761015e+02
2.740000e-06	-2.967812e-06	-2.787920e-09	-2.156034e+01	-1.829493e+02
2.750000e-06	-3.072657e-06	-2.879842e-09	-2.232201e+01	-1.891438e+02
2.760000e-06	-3.176374e-06	-2.965312e-09	-2.307549e+01	-1.947794e+02
2.770000e-06	-3.278870e-06	-3.045896e-09	-2.382009e+01	-1.999659e+02
2.780000e-06	-3.380112e-06	-3.120975e-09	-2.455559e+01	-2.048071e+02
2.790000e-06	-3.480053e-06	-3.192142e-09	-2.528163e+01	-2.093784e+02
2.800000e-06	-3.578775e-06	-3.260383e-09	-2.599882e+01	-2.137139e+02
2.810000e-06	-3.676379e-06	-3.324226e-09	-2.670789e+01	-2.178111e+02
2.820000e-06	-3.772781e-06	-3.383677e-09	-2.740822e+01	-2.216479e+02
2.830000e-06	-3.867877e-06	-3.438183e-09	-2.809907e+01	-2.252057e+02
2.840000e-06	-3.961577e-06	-3.489922e-09	-2.877977e+01	-2.284864e+02
2.850000e-06	-4.053839e-06	-3.540700e-09	-2.945003e+01	-2.315161e+02
2.860000e-06	-4.144687e-06	-3.589268e-09	-3.011002e+01	-2.343361e+02
2.870000e-06	-4.234039e-06	-3.633841e-09	-3.075913e+01	-2.369862e+02
2.880000e-06	-4.321842e-06	-3.673753e-09	-3.139700e+01	-2.394907e+02
2.890000e-06	-4.408075e-06	-3.711178e-09	-3.202346e+01	-2.418525e+02
2.900000e-06	-4.492656e-06	-3.747870e-09	-3.263792e+01	-2.440599e+02
2.910000e-06	-4.575706e-06	-3.783337e-09	-3.324125e+01	-2.461001e+02
2.920000e-06	-4.657265e-06	-3.816278e-09	-3.383376e+01	-2.479722e+02
2.930000e-06	-4.737183e-06	-3.845864e-09	-3.441434e+01	-2.496939e+02
2.940000e-06	-4.815204e-06	-3.872420e-09	-3.498114e+01	-2.512965e+02
2.950000e-06	-4.891137e-06	-3.897203e-09	-3.553277e+01	-2.528135e+02
2.960000e-06	-4.965168e-06	-3.919933e-09	-3.607059e+01	-2.542669e+02
2.970000e-06	-5.037437e-06	-3.940535e-09	-3.659560e+01	-2.556604e+02
2.980000e-06	-5.107804e-06	-3.959915e-09	-3.710680e+01	-2.569812e+02
2.990000e-06	-5.176197e-06	-3.978052e-09	-3.760366e+01	-2.582106e+02
3.000000e-06	-5.242720e-06	-3.995572e-09	-3.808692e+01	-2.593374e+02
3.010000e-06	-5.307494e-06	-4.013087e-09	-3.855749e+01	-2.603660e+02
3.020000e-06	-5.370437e-06	-4.030624e-09	-3.901475e+01	-2.613171e+02
3.030000e-06	-5.431303e-06	-4.046480e-09	-3.945693e+01	-2.622186e+02
3.040000e-06	-5.490168e-06	-4.059395e-09	-3.988457e+01	-2.630928e+02
3.050000e-06	-5.547202e-06	-4.071215e-09	-4.029890e+01	-2.639467e+02
3.060000e-06	-5.602325e-06	-4.081930e-09	-4.069936e+01	-2.647696e+02
3.070000e-06	-5.655206e-06	-4.091514e-09	-4.108352e+01	-2.655395e+02
3.080000e-06	-5.705621e-06	-4.100872e-09	-4.144978e+01	-2.662355e+02
3.090000e-06	-5.753676e-06	-4.110585e-09	-4.179889e+01	-2.668491e+02
3.100000e-06	-5.799628e-06	-4.119916e-09	-4.213271e+01	-2.673894e+02
3.110000e-06	-5.843747e-06	-4.127391e-09	-4.245322e+01	-2.678793e+02
3.120000e-06	-5.886078e-06	-4.133760e-09	-4.276075e+01	-2.683458e+02
3.130000e-06	-5.926500e-06	-4.139657e-09	-4.305440e+01	-2.688085e+02
3.140000e-06	-5.964837e-06	-4.144920e-09	-4.333291e+01	-2.692722e+02
3.150000e-06	-6.001007e-06	-4.150541e-09	-4.359567e+01	-2.697271e+02
3.160000e-06	-6.035071e-06	-4.156327e-09	-4.384314e+01	-2.701556e+02
3.170000e-06	-6.067014e-06	-4.161121e-09	-4.407520e+01	-2.705417e+02
3.180000e-06	-6.096677e-06	-4.164985e-09	-4.429069e+01	-2.708781e+02
3.190000e-06	-6.124126e-06	-4.168561e-09	-4.449010e+01	-2.711680e+02
3.200000e-06	-6.149451e-06	-4.171745e-09	-4.467408e+01	-2.714206e+02
3.210000e-06	-6.172541e-06	-4.174399e-09	-4.484182e+01	-2.716454e+02
3.220000e-06	-6.193345e-06	-4.174719e-09	-4.499296e+01	-2.718472e+02
3.230000e-06	-6.211962e-06	-4.174245e-09	-4.512821e+01	-2.720255e+02
3.240000e-06	-6.228440e-06	-4.175089e-09	-4.524791e+01	-2.721782e+02
3.250000e-06	-6.242448e-06	-4.177418e-09	-4.534968e+01	-2.723065e+02
3.260000e-06	-6.253921e-06	-4.180718e-09	-4.543302e+01	-2.724176e+02
3.270000e-06	-6.263154e-06	-4.183060e-09	-4.550010e+01	-2.725228e+02
3.280000e-06	-6.270190e-06	-4.184581e-09	-4.555121e+01	-2.726308e+02
3.290000e-06	-6.274930e-06	-4.184641e-09	-4.558565e+01	-2.727414e+02
3.300000e-06	-6.277468e-06	-4.183687e-09	-4.560408e+01	-2.728425e+02
3.310000e-06	-6.277935e-06	-4.184343e-09	-4.560748e+01	-2.729137e+02
