# Temperatura_=_20.0
# Concentracion g/m^3_=_4600.0
# C_Vs_to_Am_M_A/Vsm_=_65563218390.804596
# pendiente_HvsI_1/m_=_3716.3
# ordenada_HvsI_A/m_=_1297.0
# frecuencia_Hz_=_302559.0383342756

Tiempo_(s)	Campo_(V.s)	Magnetizacion_(V.s)	Campo_(kA/m)	Magnetizacion_(A/m)
0.000000e+00	-7.930158e-06	-2.772032e-09	-5.757800e+01	-1.807282e+02
1.000000e-08	-7.926518e-06	-2.775641e-09	-5.755158e+01	-1.806222e+02
2.000000e-08	-7.920244e-06	-2.771953e-09	-5.750602e+01	-1.804750e+02
3.000000e-08	-7.911383e-06	-2.769496e-09	-5.744169e+01	-1.803294e+02
4.000000e-08	-7.899738e-06	-2.768064e-09	-5.735714e+01	-1.801968e+02
5.000000e-08	-7.885125e-06	-2.762604e-09	-5.725104e+01	-1.800515e+02
6.000000e-08	-7.867723e-06	-2.750374e-09	-5.712469e+01	-1.798616e+02
7.000000e-08	-7.847986e-06	-2.728483e-09	-5.698139e+01	-1.796267e+02
8.000000e-08	-7.825921e-06	-2.745187e-09	-5.682117e+01	-1.793860e+02
9.000000e-08	-7.800961e-06	-2.808884e-09	-5.663995e+01	-1.791822e+02
1.000000e-07	-7.772820e-06	-2.760151e-09	-5.643563e+01	-1.790124e+02
1.100000e-07	-7.741749e-06	-2.712311e-09	-5.621004e+01	-1.788110e+02
1.200000e-07	-7.707878e-06	-2.729523e-09	-5.596411e+01	-1.784942e+02
1.300000e-07	-7.671334e-06	-2.733151e-09	-5.569878e+01	-1.780372e+02
1.400000e-07	-7.632475e-06	-2.683066e-09	-5.541664e+01	-1.775243e+02
1.500000e-07	-7.591425e-06	-2.649088e-09	-5.511859e+01	-1.771181e+02
1.600000e-07	-7.547930e-06	-2.775750e-09	-5.480279e+01	-1.769534e+02
1.700000e-07	-7.501746e-06	-2.703876e-09	-5.446746e+01	-1.770251e+02
1.800000e-07	-7.452842e-06	-2.680217e-09	-5.411239e+01	-1.771555e+02
1.900000e-07	-7.400979e-06	-2.737413e-09	-5.373583e+01	-1.770772e+02
2.000000e-07	-7.346188e-06	-2.641143e-09	-5.333801e+01	-1.765886e+02
2.100000e-07	-7.288728e-06	-2.670668e-09	-5.292082e+01	-1.756792e+02
2.200000e-07	-7.228621e-06	-2.638361e-09	-5.248440e+01	-1.745393e+02
2.300000e-07	-7.165958e-06	-2.624215e-09	-5.202943e+01	-1.734460e+02
2.400000e-07	-7.100606e-06	-2.637026e-09	-5.155493e+01	-1.726005e+02
2.500000e-07	-7.032528e-06	-2.599741e-09	-5.106064e+01	-1.720266e+02
2.600000e-07	-6.961857e-06	-2.612847e-09	-5.054752e+01	-1.715891e+02
2.700000e-07	-6.888366e-06	-2.598651e-09	-5.001393e+01	-1.711064e+02
2.800000e-07	-6.812040e-06	-2.606811e-09	-4.945975e+01	-1.704698e+02
2.900000e-07	-6.732994e-06	-2.571297e-09	-4.888583e+01	-1.696857e+02
3.000000e-07	-6.651313e-06	-2.570386e-09	-4.829277e+01	-1.688269e+02
3.100000e-07	-6.567322e-06	-2.575597e-09	-4.768295e+01	-1.679495e+02
3.200000e-07	-6.481145e-06	-2.514989e-09	-4.705725e+01	-1.670491e+02
3.300000e-07	-6.392668e-06	-2.516113e-09	-4.641485e+01	-1.660907e+02
3.400000e-07	-6.301825e-06	-2.506689e-09	-4.575527e+01	-1.650737e+02
3.500000e-07	-6.208692e-06	-2.503801e-09	-4.507907e+01	-1.640640e+02
3.600000e-07	-6.113314e-06	-2.472421e-09	-4.438656e+01	-1.631538e+02
3.700000e-07	-6.015684e-06	-2.465396e-09	-4.367770e+01	-1.623774e+02
3.800000e-07	-5.915859e-06	-2.466810e-09	-4.295291e+01	-1.616559e+02
3.900000e-07	-5.813942e-06	-2.429032e-09	-4.221293e+01	-1.608294e+02
4.000000e-07	-5.710024e-06	-2.403396e-09	-4.145842e+01	-1.597647e+02
4.100000e-07	-5.604103e-06	-2.391883e-09	-4.068936e+01	-1.584599e+02
4.200000e-07	-5.496148e-06	-2.400605e-09	-3.990554e+01	-1.570614e+02
4.300000e-07	-5.386169e-06	-2.361371e-09	-3.910703e+01	-1.557715e+02
4.400000e-07	-5.274236e-06	-2.338897e-09	-3.829432e+01	-1.547082e+02
4.500000e-07	-5.160327e-06	-2.338798e-09	-3.746727e+01	-1.538217e+02
4.600000e-07	-5.044441e-06	-2.324835e-09	-3.662586e+01	-1.529298e+02
4.700000e-07	-4.926628e-06	-2.285295e-09	-3.577046e+01	-1.518484e+02
4.800000e-07	-4.806975e-06	-2.261986e-09	-3.490171e+01	-1.505176e+02
4.900000e-07	-4.685585e-06	-2.260166e-09	-3.402033e+01	-1.490327e+02
5.000000e-07	-4.562422e-06	-2.231208e-09	-3.312609e+01	-1.475592e+02
5.100000e-07	-4.437571e-06	-2.201820e-09	-3.221960e+01	-1.462044e+02
5.200000e-07	-4.311136e-06	-2.187170e-09	-3.130159e+01	-1.449458e+02
5.300000e-07	-4.183171e-06	-2.179662e-09	-3.037249e+01	-1.436676e+02
5.400000e-07	-4.053698e-06	-2.146258e-09	-2.943244e+01	-1.422693e+02
5.500000e-07	-3.922646e-06	-2.120739e-09	-2.848091e+01	-1.407508e+02
5.600000e-07	-3.789997e-06	-2.109336e-09	-2.751780e+01	-1.392031e+02
5.700000e-07	-3.655875e-06	-2.087445e-09	-2.654398e+01	-1.377153e+02
5.800000e-07	-3.520439e-06	-2.051535e-09	-2.556063e+01	-1.362794e+02
5.900000e-07	-3.383749e-06	-2.022936e-09	-2.456817e+01	-1.347804e+02
6.000000e-07	-3.245780e-06	-2.006862e-09	-2.356643e+01	-1.330864e+02
6.100000e-07	-3.106383e-06	-1.976901e-09	-2.255432e+01	-1.311659e+02
6.200000e-07	-2.965574e-06	-1.946160e-09	-2.153196e+01	-1.291322e+02
6.300000e-07	-2.823568e-06	-1.922757e-09	-2.050091e+01	-1.271689e+02
6.400000e-07	-2.680563e-06	-1.900073e-09	-1.946260e+01	-1.253902e+02
6.500000e-07	-2.536555e-06	-1.865452e-09	-1.841701e+01	-1.237447e+02
6.600000e-07	-2.391509e-06	-1.832495e-09	-1.736388e+01	-1.220462e+02
6.700000e-07	-2.245596e-06	-1.805348e-09	-1.630446e+01	-1.201106e+02
6.800000e-07	-2.098893e-06	-1.773135e-09	-1.523930e+01	-1.178938e+02
6.900000e-07	-1.951513e-06	-1.739542e-09	-1.416923e+01	-1.155187e+02
7.000000e-07	-1.803595e-06	-1.705600e-09	-1.309525e+01	-1.131667e+02
7.100000e-07	-1.655139e-06	-1.672639e-09	-1.201736e+01	-1.109229e+02
7.200000e-07	-1.506130e-06	-1.633553e-09	-1.093547e+01	-1.087007e+02
7.300000e-07	-1.356627e-06	-1.594915e-09	-9.849976e+00	-1.063116e+02
7.400000e-07	-1.206717e-06	-1.557326e-09	-8.761533e+00	-1.036230e+02
7.500000e-07	-1.056488e-06	-1.518020e-09	-7.670776e+00	-1.006676e+02
7.600000e-07	-9.059618e-07	-1.474741e-09	-6.577860e+00	-9.760451e+01
7.700000e-07	-7.551436e-07	-1.425283e-09	-5.482824e+00	-9.455236e+01
7.800000e-07	-6.040700e-07	-1.373551e-09	-4.385933e+00	-9.143628e+01
7.900000e-07	-4.527659e-07	-1.317242e-09	-3.287370e+00	-8.798927e+01
8.000000e-07	-3.012268e-07	-1.259251e-09	-2.187098e+00	-8.392853e+01
8.100000e-07	-1.495280e-07	-1.193818e-09	-1.085668e+00	-7.916558e+01
8.200000e-07	2.277579e-09	-1.119474e-09	1.653668e-02	-7.384755e+01
8.300000e-07	1.541030e-07	-1.033369e-09	1.118886e+00	-6.813305e+01
8.400000e-07	3.058512e-07	-9.304995e-10	2.220675e+00	-6.182091e+01
8.500000e-07	4.575394e-07	-8.019832e-10	3.322028e+00	-5.411541e+01
8.600000e-07	6.091169e-07	-6.381650e-10	4.422577e+00	-4.378459e+01
8.700000e-07	7.605092e-07	-4.313563e-10	5.521782e+00	-2.973558e+01
8.800000e-07	9.116229e-07	-1.679872e-10	6.618964e+00	-1.173341e+01
8.900000e-07	1.062427e-06	1.519761e-10	7.713897e+00	9.165498e+00
9.000000e-07	1.212882e-06	4.955546e-10	8.806294e+00	3.078047e+01
9.100000e-07	1.362959e-06	7.993004e-10	9.895952e+00	5.055705e+01
9.200000e-07	1.512685e-06	1.027309e-09	1.098306e+01	6.653689e+01
9.300000e-07	1.661953e-06	1.186105e-09	1.206684e+01	7.804416e+01
9.400000e-07	1.810580e-06	1.299403e-09	1.314596e+01	8.574831e+01
9.500000e-07	1.958496e-06	1.387861e-09	1.421993e+01	9.112178e+01
9.600000e-07	2.105683e-06	1.464994e-09	1.528860e+01	9.564080e+01
9.700000e-07	2.252072e-06	1.537283e-09	1.635148e+01	1.001770e+02
9.800000e-07	2.397516e-06	1.601840e-09	1.740750e+01	1.048546e+02
9.900000e-07	2.542020e-06	1.661009e-09	1.845669e+01	1.093389e+02
1.000000e-06	2.685553e-06	1.715075e-09	1.949883e+01	1.132798e+02
1.010000e-06	2.828049e-06	1.767259e-09	2.053344e+01	1.166047e+02
1.020000e-06	2.969527e-06	1.815514e-09	2.156066e+01	1.195213e+02
1.030000e-06	3.109786e-06	1.859279e-09	2.257903e+01	1.223111e+02
1.040000e-06	3.248729e-06	1.899433e-09	2.358784e+01	1.251171e+02
1.050000e-06	3.386347e-06	1.936986e-09	2.458704e+01	1.278849e+02
1.060000e-06	3.522645e-06	1.973354e-09	2.557665e+01	1.304687e+02
1.070000e-06	3.657720e-06	2.008550e-09	2.655738e+01	1.327874e+02
1.080000e-06	3.791528e-06	2.042526e-09	2.752891e+01	1.348963e+02
1.090000e-06	3.923947e-06	2.073186e-09	2.849036e+01	1.369297e+02
1.100000e-06	4.054932e-06	2.102082e-09	2.944139e+01	1.389806e+02
1.110000e-06	4.184449e-06	2.128943e-09	3.038177e+01	1.410263e+02
1.120000e-06	4.312530e-06	2.155309e-09	3.131172e+01	1.429582e+02
1.130000e-06	4.439209e-06	2.178480e-09	3.223149e+01	1.446852e+02
1.140000e-06	4.564386e-06	2.200576e-09	3.314035e+01	1.462181e+02
1.150000e-06	4.687950e-06	2.223441e-09	3.403751e+01	1.476671e+02
1.160000e-06	4.809789e-06	2.246026e-09	3.492214e+01	1.491588e+02
1.170000e-06	4.929916e-06	2.270071e-09	3.579434e+01	1.507428e+02
1.180000e-06	5.048342e-06	2.292209e-09	3.665418e+01	1.523638e+02
1.190000e-06	5.164832e-06	2.312669e-09	3.749998e+01	1.539149e+02
1.200000e-06	5.279219e-06	2.332141e-09	3.833049e+01	1.553243e+02
1.210000e-06	5.391613e-06	2.350188e-09	3.914655e+01	1.566042e+02
1.220000e-06	5.502128e-06	2.368732e-09	3.994896e+01	1.578269e+02
1.230000e-06	5.610763e-06	2.386499e-09	4.073772e+01	1.590561e+02
1.240000e-06	5.717325e-06	2.404294e-09	4.151143e+01	1.602933e+02
1.250000e-06	5.821687e-06	2.421636e-09	4.226916e+01	1.614835e+02
1.260000e-06	5.923947e-06	2.439258e-09	4.301164e+01	1.625692e+02
1.270000e-06	6.024090e-06	2.455885e-09	4.373873e+01	1.635445e+02
1.280000e-06	6.121962e-06	2.470378e-09	4.444935e+01	1.644618e+02
1.290000e-06	6.217507e-06	2.483826e-09	4.514307e+01	1.653877e+02
1.300000e-06	6.310895e-06	2.496223e-09	4.582112e+01	1.663484e+02
1.310000e-06	6.402045e-06	2.508350e-09	4.648293e+01	1.673103e+02
1.320000e-06	6.490781e-06	2.522136e-09	4.712721e+01	1.682122e+02
1.330000e-06	6.577214e-06	2.535682e-09	4.775477e+01	1.690188e+02
1.340000e-06	6.661405e-06	2.547235e-09	4.836605e+01	1.697494e+02
1.350000e-06	6.743184e-06	2.558316e-09	4.895981e+01	1.704579e+02
1.360000e-06	6.822470e-06	2.570609e-09	4.953548e+01	1.711840e+02
1.370000e-06	6.899251e-06	2.583162e-09	5.009296e+01	1.719189e+02
1.380000e-06	6.973411e-06	2.593059e-09	5.063141e+01	1.726165e+02
1.390000e-06	7.044991e-06	2.602533e-09	5.115113e+01	1.732400e+02
1.400000e-06	7.114124e-06	2.611954e-09	5.165308e+01	1.738027e+02
1.410000e-06	7.180704e-06	2.620751e-09	5.213649e+01	1.743646e+02
1.420000e-06	7.244634e-06	2.629758e-09	5.260066e+01	1.749844e+02
1.430000e-06	7.306100e-06	2.640212e-09	5.304695e+01	1.756651e+02
1.440000e-06	7.365084e-06	2.651557e-09	5.347520e+01	1.763398e+02
1.450000e-06	7.421478e-06	2.660507e-09	5.388466e+01	1.769138e+02
1.460000e-06	7.475165e-06	2.666476e-09	5.427446e+01	1.773317e+02
1.470000e-06	7.525799e-06	2.671640e-09	5.464210e+01	1.776193e+02
1.480000e-06	7.573417e-06	2.676271e-09	5.498784e+01	1.778673e+02
1.490000e-06	7.618424e-06	2.680015e-09	5.531462e+01	1.781688e+02
1.500000e-06	7.660781e-06	2.684652e-09	5.562215e+01	1.785579e+02
1.510000e-06	7.700294e-06	2.691690e-09	5.590905e+01	1.789940e+02
1.520000e-06	7.737135e-06	2.699039e-09	5.617654e+01	1.793995e+02
1.530000e-06	7.771240e-06	2.704790e-09	5.642416e+01	1.797190e+02
1.540000e-06	7.802513e-06	2.708833e-09	5.665122e+01	1.799519e+02
1.550000e-06	7.831159e-06	2.710928e-09	5.685921e+01	1.801406e+02
1.560000e-06	7.856964e-06	2.712067e-09	5.704657e+01	1.803270e+02
1.570000e-06	7.879819e-06	2.714492e-09	5.721251e+01	1.805200e+02
1.580000e-06	7.899947e-06	2.719470e-09	5.735865e+01	1.806968e+02
1.590000e-06	7.917180e-06	2.724771e-09	5.748378e+01	1.808336e+02
1.600000e-06	7.931441e-06	2.727437e-09	5.758732e+01	1.809328e+02
1.610000e-06	7.942651e-06	2.728688e-09	5.766871e+01	1.810219e+02
1.620000e-06	7.950787e-06	2.731856e-09	5.772779e+01	1.811245e+02
1.630000e-06	7.956121e-06	2.736530e-09	5.776651e+01	1.812325e+02
1.640000e-06	7.958634e-06	2.740429e-09	5.778476e+01	1.813058e+02
1.650000e-06	7.958336e-06	2.741981e-09	5.778260e+01	1.813024e+02
1.660000e-06	7.955438e-06	2.733031e-09	5.776155e+01	1.812138e+02
1.670000e-06	7.949830e-06	2.732594e-09	5.772084e+01	1.810721e+02
1.680000e-06	7.941512e-06	2.730595e-09	5.766044e+01	1.809233e+02
1.690000e-06	7.930569e-06	2.726632e-09	5.758099e+01	1.807885e+02
1.700000e-06	7.916773e-06	2.729551e-09	5.748082e+01	1.806497e+02
1.710000e-06	7.900323e-06	2.742427e-09	5.736138e+01	1.804726e+02
1.720000e-06	7.881585e-06	2.765792e-09	5.722534e+01	1.802464e+02
1.730000e-06	7.860432e-06	2.705035e-09	5.707175e+01	1.800022e+02
1.740000e-06	7.836280e-06	2.665506e-09	5.689639e+01	1.797868e+02
1.750000e-06	7.808514e-06	2.727744e-09	5.669479e+01	1.796123e+02
1.760000e-06	7.777231e-06	2.726963e-09	5.646766e+01	1.794271e+02
1.770000e-06	7.743293e-06	2.685814e-09	5.622124e+01	1.791449e+02
1.780000e-06	7.707163e-06	2.728499e-09	5.595892e+01	1.787193e+02
1.790000e-06	7.668739e-06	2.798067e-09	5.567993e+01	1.782067e+02
1.800000e-06	7.628306e-06	2.641020e-09	5.538636e+01	1.777578e+02
1.810000e-06	7.585649e-06	2.716141e-09	5.507665e+01	1.775261e+02
1.820000e-06	7.540236e-06	2.748153e-09	5.474692e+01	1.775490e+02
1.830000e-06	7.492107e-06	2.646474e-09	5.439748e+01	1.776886e+02
1.840000e-06	7.441101e-06	2.779742e-09	5.402714e+01	1.776865e+02
1.850000e-06	7.387141e-06	2.672417e-09	5.363536e+01	1.773101e+02
1.860000e-06	7.330367e-06	2.753717e-09	5.322314e+01	1.764945e+02
1.870000e-06	7.270951e-06	2.727912e-09	5.279174e+01	1.753868e+02
1.880000e-06	7.208961e-06	2.632490e-09	5.234165e+01	1.742573e+02
1.890000e-06	7.144175e-06	2.723677e-09	5.187127e+01	1.733398e+02
1.900000e-06	7.076601e-06	2.629794e-09	5.138063e+01	1.727058e+02
1.910000e-06	7.006238e-06	2.668645e-09	5.086976e+01	1.722516e+02
1.920000e-06	6.933197e-06	2.612713e-09	5.033943e+01	1.717946e+02
1.930000e-06	6.857546e-06	2.637485e-09	4.979016e+01	1.712000e+02
1.940000e-06	6.779072e-06	2.646100e-09	4.922039e+01	1.704469e+02
1.950000e-06	6.698016e-06	2.560339e-09	4.863187e+01	1.695995e+02
1.960000e-06	6.614540e-06	2.621774e-09	4.802578e+01	1.687246e+02
1.970000e-06	6.528603e-06	2.566952e-09	4.740183e+01	1.678329e+02
1.980000e-06	6.440222e-06	2.580067e-09	4.676012e+01	1.668914e+02
1.990000e-06	6.349548e-06	2.537514e-09	4.610177e+01	1.658852e+02
2.000000e-06	6.256776e-06	2.542959e-09	4.542818e+01	1.648645e+02
2.010000e-06	6.161721e-06	2.530787e-09	4.473803e+01	1.639224e+02
2.020000e-06	6.064390e-06	2.481500e-09	4.403134e+01	1.631152e+02
2.030000e-06	5.964946e-06	2.502200e-09	4.330931e+01	1.623930e+02
2.040000e-06	5.863426e-06	2.494242e-09	4.257221e+01	1.616083e+02
2.050000e-06	5.759748e-06	2.495939e-09	4.181944e+01	1.606095e+02
2.060000e-06	5.654007e-06	2.436009e-09	4.105170e+01	1.593558e+02
2.070000e-06	5.546372e-06	2.434979e-09	4.027020e+01	1.579615e+02
2.080000e-06	5.436845e-06	2.415823e-09	3.947496e+01	1.566277e+02
2.090000e-06	5.325332e-06	2.391925e-09	3.866531e+01	1.555053e+02
2.100000e-06	5.211728e-06	2.369678e-09	3.784047e+01	1.545881e+02
2.110000e-06	5.096204e-06	2.372765e-09	3.700169e+01	1.537172e+02
2.120000e-06	4.978771e-06	2.363286e-09	3.614905e+01	1.526949e+02
2.130000e-06	4.859358e-06	2.328633e-09	3.528204e+01	1.514228e+02
2.140000e-06	4.738124e-06	2.319231e-09	3.440180e+01	1.499613e+02
2.150000e-06	4.615191e-06	2.303831e-09	3.350923e+01	1.484704e+02
2.160000e-06	4.490637e-06	2.282389e-09	3.260489e+01	1.470827e+02
2.170000e-06	4.364497e-06	2.242315e-09	3.168903e+01	1.458087e+02
2.180000e-06	4.236667e-06	2.234618e-09	3.076091e+01	1.445472e+02
2.190000e-06	4.107193e-06	2.214185e-09	2.982084e+01	1.431835e+02
2.200000e-06	3.976205e-06	2.188944e-09	2.886978e+01	1.416887e+02
2.210000e-06	3.843808e-06	2.161952e-09	2.790850e+01	1.401377e+02
2.220000e-06	3.710063e-06	2.151641e-09	2.693743e+01	1.386308e+02
2.230000e-06	3.574807e-06	2.132297e-09	2.595538e+01	1.371892e+02
2.240000e-06	3.438098e-06	2.104214e-09	2.496279e+01	1.357197e+02
2.250000e-06	3.300165e-06	2.083218e-09	2.396130e+01	1.340828e+02
2.260000e-06	3.161077e-06	2.057419e-09	2.295143e+01	1.322135e+02
2.270000e-06	3.020787e-06	2.024513e-09	2.193284e+01	1.301912e+02
2.280000e-06	2.879285e-06	1.988714e-09	2.090544e+01	1.281943e+02
2.290000e-06	2.736601e-06	1.965279e-09	1.986947e+01	1.263671e+02
2.300000e-06	2.592848e-06	1.938698e-09	1.882573e+01	1.247022e+02
2.310000e-06	2.448165e-06	1.911600e-09	1.777524e+01	1.230369e+02
2.320000e-06	2.302619e-06	1.883824e-09	1.671849e+01	1.211716e+02
2.330000e-06	2.156280e-06	1.856412e-09	1.565597e+01	1.190190e+02
2.340000e-06	2.009183e-06	1.823216e-09	1.458795e+01	1.166658e+02
2.350000e-06	1.861468e-06	1.789876e-09	1.351545e+01	1.142938e+02
2.360000e-06	1.713254e-06	1.754943e-09	1.243932e+01	1.120243e+02
2.370000e-06	1.564563e-06	1.715409e-09	1.135972e+01	1.098127e+02
2.380000e-06	1.415401e-06	1.676325e-09	1.027672e+01	1.074826e+02
2.390000e-06	1.265807e-06	1.639262e-09	9.190565e+00	1.048727e+02
2.400000e-06	1.115764e-06	1.599453e-09	8.101157e+00	1.019717e+02
2.410000e-06	9.652511e-07	1.553608e-09	7.008338e+00	9.891933e+01
2.420000e-06	8.144181e-07	1.506566e-09	5.913195e+00	9.586223e+01
2.430000e-06	6.633374e-07	1.456242e-09	4.816253e+00	9.278144e+01
2.440000e-06	5.119815e-07	1.399429e-09	3.717312e+00	8.944697e+01
2.450000e-06	3.604686e-07	1.339348e-09	2.617232e+00	8.555804e+01
2.460000e-06	2.088418e-07	1.275356e-09	1.516324e+00	8.096408e+01
2.470000e-06	5.705552e-08	1.198973e-09	4.142595e-01	7.576420e+01
2.480000e-06	-9.485135e-08	1.109270e-09	-6.886813e-01	7.014728e+01
2.490000e-06	-2.467633e-07	1.010656e-09	-1.791659e+00	6.403487e+01
2.500000e-06	-3.985465e-07	8.980693e-10	-2.893702e+00	5.678315e+01
2.510000e-06	-5.502178e-07	7.534371e-10	-3.994932e+00	4.722902e+01
2.520000e-06	-7.016615e-07	5.609227e-10	-5.094510e+00	3.417606e+01
2.530000e-06	-8.528118e-07	3.136703e-10	-6.191958e+00	1.711579e+01
2.540000e-06	-1.003700e-06	7.522307e-12	-7.287505e+00	-3.228757e+00
2.550000e-06	-1.154249e-06	-3.400204e-10	-8.380585e+00	-2.490640e+01
2.560000e-06	-1.304350e-06	-6.717417e-10	-9.470410e+00	-4.536522e+01
2.570000e-06	-1.453945e-06	-9.333762e-10	-1.055657e+01	-6.241431e+01
2.580000e-06	-1.603029e-06	-1.115320e-09	-1.163901e+01	-7.502423e+01
2.590000e-06	-1.751520e-06	-1.242904e-09	-1.271715e+01	-8.355932e+01
2.600000e-06	-1.899423e-06	-1.337745e-09	-1.379102e+01	-8.936406e+01
2.610000e-06	-2.046679e-06	-1.415328e-09	-1.486020e+01	-9.398509e+01
2.620000e-06	-2.193165e-06	-1.488937e-09	-1.592377e+01	-9.847860e+01
2.630000e-06	-2.338848e-06	-1.560243e-09	-1.698153e+01	-1.031421e+02
2.640000e-06	-2.483608e-06	-1.626328e-09	-1.803258e+01	-1.077141e+02
2.650000e-06	-2.627318e-06	-1.685741e-09	-1.907600e+01	-1.118110e+02
2.660000e-06	-2.769976e-06	-1.744165e-09	-2.011179e+01	-1.152789e+02
2.670000e-06	-2.911476e-06	-1.800745e-09	-2.113917e+01	-1.182699e+02
2.680000e-06	-3.051777e-06	-1.848592e-09	-2.215785e+01	-1.210703e+02
2.690000e-06	-3.190886e-06	-1.887785e-09	-2.316787e+01	-1.238706e+02
2.700000e-06	-3.328850e-06	-1.925653e-09	-2.416957e+01	-1.266610e+02
2.710000e-06	-3.465604e-06	-1.965278e-09	-2.516249e+01	-1.293033e+02
2.720000e-06	-3.601005e-06	-2.003131e-09	-2.614559e+01	-1.316885e+02
2.730000e-06	-3.735001e-06	-2.039348e-09	-2.711849e+01	-1.338386e+02
2.740000e-06	-3.867673e-06	-2.076172e-09	-2.808177e+01	-1.358787e+02
2.750000e-06	-3.999078e-06	-2.110989e-09	-2.903586e+01	-1.379227e+02
2.760000e-06	-4.129198e-06	-2.141852e-09	-2.998061e+01	-1.399781e+02
2.770000e-06	-4.257955e-06	-2.171016e-09	-3.091547e+01	-1.419497e+02
2.780000e-06	-4.385146e-06	-2.200451e-09	-3.183896e+01	-1.437318e+02
2.790000e-06	-4.510740e-06	-2.227321e-09	-3.275085e+01	-1.453059e+02
2.800000e-06	-4.634765e-06	-2.250938e-09	-3.365135e+01	-1.467631e+02
2.810000e-06	-4.757199e-06	-2.275734e-09	-3.454030e+01	-1.482354e+02
2.820000e-06	-4.877938e-06	-2.301014e-09	-3.541694e+01	-1.497979e+02
2.830000e-06	-4.996799e-06	-2.324152e-09	-3.627995e+01	-1.514193e+02
2.840000e-06	-5.113654e-06	-2.348045e-09	-3.712839e+01	-1.529975e+02
2.850000e-06	-5.228507e-06	-2.374230e-09	-3.796230e+01	-1.544448e+02
2.860000e-06	-5.341199e-06	-2.399016e-09	-3.878051e+01	-1.557517e+02
2.870000e-06	-5.451759e-06	-2.420491e-09	-3.958325e+01	-1.569813e+02
2.880000e-06	-5.560450e-06	-2.440024e-09	-4.037241e+01	-1.582060e+02
2.890000e-06	-5.667262e-06	-2.458692e-09	-4.114794e+01	-1.594451e+02
2.900000e-06	-5.772082e-06	-2.475036e-09	-4.190899e+01	-1.606536e+02
2.910000e-06	-5.874702e-06	-2.490063e-09	-4.265408e+01	-1.617687e+02
2.920000e-06	-5.975077e-06	-2.506884e-09	-4.338287e+01	-1.627687e+02
2.930000e-06	-6.073360e-06	-2.523269e-09	-4.409647e+01	-1.636938e+02
2.940000e-06	-6.169517e-06	-2.537701e-09	-4.479463e+01	-1.646130e+02
2.950000e-06	-6.263365e-06	-2.552658e-09	-4.547602e+01	-1.655662e+02
2.960000e-06	-6.354958e-06	-2.568636e-09	-4.614105e+01	-1.665335e+02
2.970000e-06	-6.444363e-06	-2.582809e-09	-4.679019e+01	-1.674557e+02
2.980000e-06	-6.531379e-06	-2.593295e-09	-4.742198e+01	-1.682867e+02
2.990000e-06	-6.616005e-06	-2.603786e-09	-4.803642e+01	-1.690319e+02
3.000000e-06	-6.698285e-06	-2.614744e-09	-4.863382e+01	-1.697409e+02
3.010000e-06	-6.778115e-06	-2.626639e-09	-4.921344e+01	-1.704616e+02
3.020000e-06	-6.855351e-06	-2.638502e-09	-4.977422e+01	-1.711980e+02
3.030000e-06	-6.929947e-06	-2.646980e-09	-5.031584e+01	-1.719097e+02
3.040000e-06	-7.002045e-06	-2.654705e-09	-5.083931e+01	-1.725529e+02
3.050000e-06	-7.071600e-06	-2.662625e-09	-5.134433e+01	-1.731266e+02
3.060000e-06	-7.138581e-06	-2.673699e-09	-5.183065e+01	-1.736823e+02
3.070000e-06	-7.203120e-06	-2.685227e-09	-5.229924e+01	-1.742847e+02
3.080000e-06	-7.265092e-06	-2.694623e-09	-5.274920e+01	-1.749541e+02
3.090000e-06	-7.324437e-06	-2.703136e-09	-5.318008e+01	-1.756394e+02
3.100000e-06	-7.381249e-06	-2.709315e-09	-5.359258e+01	-1.762466e+02
3.110000e-06	-7.435341e-06	-2.713187e-09	-5.398532e+01	-1.767046e+02
3.120000e-06	-7.486514e-06	-2.717121e-09	-5.435687e+01	-1.770181e+02
3.130000e-06	-7.534621e-06	-2.722672e-09	-5.470615e+01	-1.772663e+02
3.140000e-06	-7.579927e-06	-2.728798e-09	-5.503511e+01	-1.775483e+02
3.150000e-06	-7.622859e-06	-2.735434e-09	-5.534682e+01	-1.779169e+02
3.160000e-06	-7.663279e-06	-2.741294e-09	-5.564029e+01	-1.783482e+02
3.170000e-06	-7.700872e-06	-2.746398e-09	-5.591324e+01	-1.787685e+02
3.180000e-06	-7.735696e-06	-2.749360e-09	-5.616609e+01	-1.791119e+02
3.190000e-06	-7.767843e-06	-2.754021e-09	-5.639950e+01	-1.793637e+02
3.200000e-06	-7.797074e-06	-2.758497e-09	-5.661173e+01	-1.795589e+02
3.210000e-06	-7.823402e-06	-2.762062e-09	-5.680289e+01	-1.797436e+02
3.220000e-06	-7.847004e-06	-2.764707e-09	-5.697425e+01	-1.799364e+02
3.230000e-06	-7.867771e-06	-2.767936e-09	-5.712504e+01	-1.801202e+02
3.240000e-06	-7.885734e-06	-2.770856e-09	-5.725546e+01	-1.802682e+02
3.250000e-06	-7.900804e-06	-2.771158e-09	-5.736488e+01	-1.803750e+02
3.260000e-06	-7.912690e-06	-2.770561e-09	-5.745117e+01	-1.804638e+02
3.270000e-06	-7.921658e-06	-2.771508e-09	-5.751629e+01	-1.805625e+02
3.280000e-06	-7.927789e-06	-2.773313e-09	-5.756080e+01	-1.806721e+02
3.290000e-06	-7.931063e-06	-2.772440e-09	-5.758458e+01	-1.807588e+02
3.300000e-06	-7.931662e-06	-2.769214e-09	-5.758892e+01	-1.807772e+02
