# Temperatura_=_20.0
# Concentracion g/m^3_=_6600.0
# C_Vs_to_Am_M_A/Vsm_=_65563218390.804596
# pendiente_HvsI_1/m_=_3716.3
# ordenada_HvsI_A/m_=_1297.0
# frecuencia_Hz_=_301449.41454286734

Tiempo_(s)	Campo_(V.s)	Magnetizacion_(V.s)	Campo_(kA/m)	Magnetizacion_(A/m)
0.000000e+00	-3.212389e-06	-3.337140e-09	-2.354833e+01	-2.172535e+02
1.000000e-08	-3.211433e-06	-3.340215e-09	-2.354133e+01	-2.174230e+02
2.000000e-08	-3.209091e-06	-3.342860e-09	-2.352416e+01	-2.175659e+02
3.000000e-08	-3.205560e-06	-3.344785e-09	-2.349827e+01	-2.176652e+02
4.000000e-08	-3.201171e-06	-3.345227e-09	-2.346610e+01	-2.177075e+02
5.000000e-08	-3.195836e-06	-3.344284e-09	-2.342699e+01	-2.176901e+02
6.000000e-08	-3.189429e-06	-3.339854e-09	-2.338002e+01	-2.176227e+02
7.000000e-08	-3.181988e-06	-3.331019e-09	-2.332548e+01	-2.175240e+02
8.000000e-08	-3.173524e-06	-3.342391e-09	-2.326343e+01	-2.174138e+02
9.000000e-08	-3.163646e-06	-3.370705e-09	-2.319102e+01	-2.173054e+02
1.000000e-07	-3.152040e-06	-3.374138e-09	-2.310595e+01	-2.171990e+02
1.100000e-07	-3.139053e-06	-3.311188e-09	-2.301074e+01	-2.170824e+02
1.200000e-07	-3.125186e-06	-3.263757e-09	-2.290909e+01	-2.169351e+02
1.300000e-07	-3.110281e-06	-3.340468e-09	-2.279983e+01	-2.167368e+02
1.400000e-07	-3.093881e-06	-3.373017e-09	-2.267961e+01	-2.164745e+02
1.500000e-07	-3.076421e-06	-3.271248e-09	-2.255162e+01	-2.161458e+02
1.600000e-07	-3.058318e-06	-3.283253e-09	-2.241892e+01	-2.157583e+02
1.700000e-07	-3.039214e-06	-3.331679e-09	-2.227888e+01	-2.153238e+02
1.800000e-07	-3.019041e-06	-3.243557e-09	-2.213100e+01	-2.148528e+02
1.900000e-07	-2.998045e-06	-3.257618e-09	-2.197709e+01	-2.143495e+02
2.000000e-07	-2.976059e-06	-3.326833e-09	-2.181592e+01	-2.138128e+02
2.100000e-07	-2.952913e-06	-3.240546e-09	-2.164625e+01	-2.132391e+02
2.200000e-07	-2.928870e-06	-3.215152e-09	-2.147000e+01	-2.126281e+02
2.300000e-07	-2.903813e-06	-3.275005e-09	-2.128632e+01	-2.119867e+02
2.400000e-07	-2.877362e-06	-3.223932e-09	-2.109243e+01	-2.113295e+02
2.500000e-07	-2.849722e-06	-3.217949e-09	-2.088981e+01	-2.106742e+02
2.600000e-07	-2.821178e-06	-3.253367e-09	-2.068057e+01	-2.100353e+02
2.700000e-07	-2.791673e-06	-3.187573e-09	-2.046428e+01	-2.094183e+02
2.800000e-07	-2.761176e-06	-3.168706e-09	-2.024072e+01	-2.088161e+02
2.900000e-07	-2.729809e-06	-3.193756e-09	-2.001079e+01	-2.082115e+02
3.000000e-07	-2.697667e-06	-3.162111e-09	-1.977517e+01	-2.075828e+02
3.100000e-07	-2.664532e-06	-3.176190e-09	-1.953228e+01	-2.069114e+02
3.200000e-07	-2.630084e-06	-3.173487e-09	-1.927976e+01	-2.061872e+02
3.300000e-07	-2.594528e-06	-3.103457e-09	-1.901911e+01	-2.054109e+02
3.400000e-07	-2.558190e-06	-3.116083e-09	-1.875274e+01	-2.045913e+02
3.500000e-07	-2.520966e-06	-3.141971e-09	-1.847988e+01	-2.037404e+02
3.600000e-07	-2.482777e-06	-3.087792e-09	-1.819993e+01	-2.028680e+02
3.700000e-07	-2.443769e-06	-3.064324e-09	-1.791398e+01	-2.019784e+02
3.800000e-07	-2.404102e-06	-3.081121e-09	-1.762321e+01	-2.010707e+02
3.900000e-07	-2.363751e-06	-3.060729e-09	-1.732742e+01	-2.001405e+02
4.000000e-07	-2.322450e-06	-3.027371e-09	-1.702466e+01	-1.991834e+02
4.100000e-07	-2.279959e-06	-3.013491e-09	-1.671318e+01	-1.981968e+02
4.200000e-07	-2.236477e-06	-3.008462e-09	-1.639443e+01	-1.971799e+02
4.300000e-07	-2.192297e-06	-2.991337e-09	-1.607057e+01	-1.961320e+02
4.400000e-07	-2.147414e-06	-2.954537e-09	-1.574156e+01	-1.950515e+02
4.500000e-07	-2.101772e-06	-2.939582e-09	-1.540698e+01	-1.939347e+02
4.600000e-07	-2.055374e-06	-2.948669e-09	-1.506687e+01	-1.927783e+02
4.700000e-07	-2.008259e-06	-2.919777e-09	-1.472149e+01	-1.915809e+02
4.800000e-07	-1.960542e-06	-2.869186e-09	-1.437170e+01	-1.903453e+02
4.900000e-07	-1.912218e-06	-2.866954e-09	-1.401746e+01	-1.890777e+02
5.000000e-07	-1.862895e-06	-2.869217e-09	-1.365590e+01	-1.877845e+02
5.100000e-07	-1.812440e-06	-2.826211e-09	-1.328604e+01	-1.864679e+02
5.200000e-07	-1.761130e-06	-2.795013e-09	-1.290992e+01	-1.851224e+02
5.300000e-07	-1.709146e-06	-2.791866e-09	-1.252885e+01	-1.837343e+02
5.400000e-07	-1.656517e-06	-2.770139e-09	-1.214305e+01	-1.822862e+02
5.500000e-07	-1.603277e-06	-2.732833e-09	-1.175278e+01	-1.807637e+02
5.600000e-07	-1.549455e-06	-2.712656e-09	-1.135824e+01	-1.791624e+02
5.700000e-07	-1.495015e-06	-2.694860e-09	-1.095917e+01	-1.774920e+02
5.800000e-07	-1.440015e-06	-2.657960e-09	-1.055599e+01	-1.757739e+02
5.900000e-07	-1.384555e-06	-2.625204e-09	-1.014945e+01	-1.740335e+02
6.000000e-07	-1.328736e-06	-2.610867e-09	-9.740265e+00	-1.722894e+02
6.100000e-07	-1.272639e-06	-2.588730e-09	-9.329047e+00	-1.705452e+02
6.200000e-07	-1.216161e-06	-2.550936e-09	-8.915039e+00	-1.687853e+02
6.300000e-07	-1.159151e-06	-2.521419e-09	-8.497125e+00	-1.669802e+02
6.400000e-07	-1.101486e-06	-2.499404e-09	-8.074415e+00	-1.650957e+02
6.500000e-07	-1.043163e-06	-2.465373e-09	-7.646876e+00	-1.631059e+02
6.600000e-07	-9.842791e-07	-2.425963e-09	-7.215231e+00	-1.610014e+02
6.700000e-07	-9.249530e-07	-2.395501e-09	-6.780343e+00	-1.587916e+02
6.800000e-07	-8.653746e-07	-2.363325e-09	-6.343605e+00	-1.564983e+02
6.900000e-07	-8.056600e-07	-2.323702e-09	-5.905869e+00	-1.541448e+02
7.000000e-07	-7.458235e-07	-2.288119e-09	-5.467239e+00	-1.517443e+02
7.100000e-07	-6.858324e-07	-2.254083e-09	-5.027476e+00	-1.492937e+02
7.200000e-07	-6.256786e-07	-2.212824e-09	-4.586520e+00	-1.467741e+02
7.300000e-07	-5.653141e-07	-2.170084e-09	-4.144020e+00	-1.441591e+02
7.400000e-07	-5.047274e-07	-2.131780e-09	-3.699891e+00	-1.414250e+02
7.500000e-07	-4.439673e-07	-2.089877e-09	-3.254490e+00	-1.385609e+02
7.600000e-07	-3.830302e-07	-2.040352e-09	-2.807793e+00	-1.355712e+02
7.700000e-07	-3.219204e-07	-1.990435e-09	-2.359829e+00	-1.324721e+02
7.800000e-07	-2.606920e-07	-1.942908e-09	-1.910996e+00	-1.292822e+02
7.900000e-07	-1.994048e-07	-1.892521e-09	-1.461732e+00	-1.260122e+02
8.000000e-07	-1.380742e-07	-1.838133e-09	-1.012149e+00	-1.226583e+02
8.100000e-07	-7.667407e-08	-1.784956e-09	-5.620572e-01	-1.192017e+02
8.200000e-07	-1.522451e-08	-1.731943e-09	-1.116029e-01	-1.156140e+02
8.300000e-07	4.619277e-08	-1.672819e-09	3.386148e-01	-1.118672e+02
8.400000e-07	1.075376e-07	-1.609803e-09	7.883015e-01	-1.079417e+02
8.500000e-07	1.688480e-07	-1.547378e-09	1.237736e+00	-1.038303e+02
8.600000e-07	2.301646e-07	-1.483730e-09	1.687215e+00	-9.953727e+01
8.700000e-07	2.914318e-07	-1.415950e-09	2.136333e+00	-9.507129e+01
8.800000e-07	3.525878e-07	-1.345035e-09	2.584635e+00	-9.043768e+01
8.900000e-07	4.136447e-07	-1.273105e-09	3.032211e+00	-8.563218e+01
9.000000e-07	4.745387e-07	-1.198220e-09	3.478593e+00	-8.063904e+01
9.100000e-07	5.351879e-07	-1.118738e-09	3.923181e+00	-7.543392e+01
9.200000e-07	5.955862e-07	-1.035052e-09	4.365929e+00	-6.998988e+01
9.300000e-07	6.557629e-07	-9.472363e-10	4.807053e+00	-6.428382e+01
9.400000e-07	7.157567e-07	-8.543113e-10	5.246835e+00	-5.830079e+01
9.500000e-07	7.755908e-07	-7.564275e-10	5.685447e+00	-5.203482e+01
9.600000e-07	8.352915e-07	-6.556511e-10	6.123082e+00	-4.548667e+01
9.700000e-07	8.948457e-07	-5.524122e-10	6.559642e+00	-3.865990e+01
9.800000e-07	9.541590e-07	-4.445113e-10	6.994437e+00	-3.155740e+01
9.900000e-07	1.013067e-06	-3.321691e-10	7.426258e+00	-2.417987e+01
1.000000e-06	1.071404e-06	-2.165182e-10	7.853896e+00	-1.652690e+01
1.010000e-06	1.129050e-06	-9.642453e-11	8.276470e+00	-8.600173e+00
1.020000e-06	1.185945e-06	2.705895e-11	8.693537e+00	-4.076687e-01
1.030000e-06	1.242232e-06	1.548416e-10	9.106146e+00	8.032260e+00
1.040000e-06	1.298171e-06	2.878163e-10	9.516207e+00	1.668806e+01
1.050000e-06	1.353873e-06	4.231724e-10	9.924531e+00	2.551387e+01
1.060000e-06	1.409262e-06	5.576898e-10	1.033056e+01	3.445042e+01
1.070000e-06	1.464165e-06	6.896949e-10	1.073302e+01	4.342775e+01
1.080000e-06	1.518537e-06	8.231209e-10	1.113159e+01	5.236959e+01
1.090000e-06	1.572407e-06	9.583655e-10	1.152649e+01	6.119879e+01
1.100000e-06	1.625751e-06	1.089266e-09	1.191753e+01	6.984302e+01
1.110000e-06	1.678501e-06	1.215055e-09	1.230420e+01	7.823966e+01
1.120000e-06	1.730650e-06	1.339665e-09	1.268649e+01	8.633903e+01
1.130000e-06	1.782185e-06	1.459114e-09	1.306426e+01	9.410524e+01
1.140000e-06	1.832882e-06	1.569620e-09	1.343589e+01	1.015150e+02
1.150000e-06	1.882509e-06	1.675231e-09	1.379968e+01	1.085551e+02
1.160000e-06	1.931140e-06	1.777738e-09	1.415617e+01	1.152199e+02
1.170000e-06	1.979101e-06	1.873317e-09	1.450774e+01	1.215104e+02
1.180000e-06	2.026550e-06	1.960333e-09	1.485557e+01	1.274339e+02
1.190000e-06	2.073357e-06	2.043603e-09	1.519869e+01	1.330057e+02
1.200000e-06	2.119418e-06	2.123682e-09	1.553634e+01	1.382489e+02
1.210000e-06	2.164663e-06	2.198135e-09	1.586801e+01	1.431931e+02
1.220000e-06	2.209131e-06	2.268055e-09	1.619397e+01	1.478707e+02
1.230000e-06	2.253042e-06	2.334642e-09	1.651586e+01	1.523100e+02
1.240000e-06	2.296409e-06	2.396347e-09	1.683376e+01	1.565297e+02
1.250000e-06	2.338851e-06	2.453161e-09	1.714488e+01	1.605353e+02
1.260000e-06	2.380060e-06	2.507930e-09	1.744697e+01	1.643200e+02
1.270000e-06	2.420217e-06	2.559815e-09	1.774134e+01	1.678698e+02
1.280000e-06	2.459625e-06	2.606570e-09	1.803021e+01	1.711731e+02
1.290000e-06	2.498255e-06	2.648673e-09	1.831339e+01	1.742290e+02
1.300000e-06	2.535990e-06	2.687745e-09	1.859001e+01	1.770529e+02
1.310000e-06	2.572865e-06	2.725019e-09	1.886032e+01	1.796765e+02
1.320000e-06	2.608979e-06	2.760159e-09	1.912505e+01	1.821413e+02
1.330000e-06	2.644377e-06	2.793995e-09	1.938453e+01	1.844886e+02
1.340000e-06	2.678742e-06	2.826751e-09	1.963645e+01	1.867492e+02
1.350000e-06	2.711820e-06	2.858088e-09	1.987892e+01	1.889356e+02
1.360000e-06	2.743831e-06	2.888343e-09	2.011358e+01	1.910411e+02
1.370000e-06	2.775032e-06	2.916726e-09	2.034230e+01	1.930455e+02
1.380000e-06	2.805370e-06	2.941906e-09	2.056469e+01	1.949238e+02
1.390000e-06	2.834738e-06	2.965190e-09	2.077997e+01	1.966578e+02
1.400000e-06	2.863222e-06	2.988452e-09	2.098878e+01	1.982433e+02
1.410000e-06	2.890851e-06	3.011210e-09	2.119131e+01	1.996935e+02
1.420000e-06	2.917334e-06	3.031672e-09	2.138544e+01	2.010348e+02
1.430000e-06	2.942474e-06	3.050135e-09	2.156973e+01	2.023001e+02
1.440000e-06	2.966470e-06	3.068978e-09	2.174563e+01	2.035185e+02
1.450000e-06	2.989448e-06	3.087649e-09	2.191407e+01	2.047079e+02
1.460000e-06	3.011465e-06	3.104667e-09	2.207547e+01	2.058709e+02
1.470000e-06	3.032524e-06	3.120300e-09	2.222983e+01	2.069957e+02
1.480000e-06	3.052640e-06	3.136145e-09	2.237729e+01	2.080615e+02
1.490000e-06	3.071888e-06	3.151404e-09	2.251839e+01	2.090471e+02
1.500000e-06	3.090024e-06	3.164343e-09	2.265134e+01	2.099384e+02
1.510000e-06	3.106928e-06	3.176008e-09	2.277526e+01	2.107339e+02
1.520000e-06	3.122693e-06	3.187302e-09	2.289082e+01	2.114459e+02
1.530000e-06	3.137284e-06	3.198079e-09	2.299778e+01	2.120975e+02
1.540000e-06	3.150725e-06	3.207632e-09	2.309630e+01	2.127149e+02
1.550000e-06	3.162976e-06	3.217086e-09	2.318611e+01	2.133200e+02
1.560000e-06	3.173914e-06	3.227498e-09	2.326629e+01	2.139230e+02
1.570000e-06	3.183417e-06	3.236778e-09	2.333595e+01	2.145199e+02
1.580000e-06	3.191613e-06	3.244038e-09	2.339603e+01	2.150942e+02
1.590000e-06	3.198740e-06	3.250432e-09	2.344828e+01	2.156232e+02
1.600000e-06	3.204776e-06	3.258667e-09	2.349252e+01	2.160863e+02
1.610000e-06	3.209722e-06	3.267691e-09	2.352878e+01	2.164726e+02
1.620000e-06	3.213703e-06	3.273969e-09	2.355797e+01	2.167848e+02
1.630000e-06	3.216666e-06	3.279181e-09	2.357969e+01	2.170374e+02
1.640000e-06	3.218333e-06	3.284817e-09	2.359191e+01	2.172513e+02
1.650000e-06	3.218728e-06	3.289798e-09	2.359480e+01	2.174449e+02
1.660000e-06	3.218036e-06	3.292236e-09	2.358973e+01	2.176270e+02
1.670000e-06	3.216266e-06	3.292620e-09	2.357675e+01	2.177939e+02
1.680000e-06	3.213504e-06	3.295505e-09	2.355650e+01	2.179320e+02
1.690000e-06	3.209861e-06	3.299379e-09	2.352980e+01	2.180240e+02
1.700000e-06	3.205382e-06	3.299981e-09	2.349696e+01	2.180580e+02
1.710000e-06	3.199824e-06	3.300906e-09	2.345622e+01	2.180330e+02
1.720000e-06	3.192967e-06	3.311006e-09	2.340596e+01	2.179601e+02
1.730000e-06	3.185015e-06	3.308036e-09	2.334766e+01	2.178589e+02
1.740000e-06	3.176083e-06	3.270453e-09	2.328219e+01	2.177488e+02
1.750000e-06	3.165684e-06	3.250554e-09	2.320596e+01	2.176412e+02
1.760000e-06	3.153370e-06	3.297601e-09	2.311570e+01	2.175347e+02
1.770000e-06	3.139497e-06	3.354069e-09	2.301400e+01	2.174154e+02
1.780000e-06	3.125024e-06	3.295402e-09	2.290790e+01	2.172623e+02
1.790000e-06	3.110129e-06	3.233457e-09	2.279872e+01	2.170557e+02
1.800000e-06	3.093936e-06	3.323186e-09	2.268001e+01	2.167841e+02
1.810000e-06	3.076389e-06	3.324494e-09	2.255138e+01	2.164467e+02
1.820000e-06	3.058198e-06	3.222670e-09	2.241804e+01	2.160520e+02
1.830000e-06	3.039218e-06	3.280148e-09	2.227891e+01	2.156121e+02
1.840000e-06	3.019041e-06	3.317710e-09	2.213100e+01	2.151367e+02
1.850000e-06	2.997872e-06	3.207100e-09	2.197582e+01	2.146292e+02
1.860000e-06	2.975585e-06	3.225562e-09	2.181245e+01	2.140877e+02
1.870000e-06	2.951963e-06	3.283665e-09	2.163929e+01	2.135088e+02
1.880000e-06	2.927240e-06	3.206968e-09	2.145806e+01	2.128932e+02
1.890000e-06	2.901447e-06	3.211154e-09	2.126898e+01	2.122488e+02
1.900000e-06	2.874484e-06	3.229563e-09	2.107133e+01	2.115911e+02
1.910000e-06	2.846610e-06	3.158146e-09	2.086700e+01	2.109377e+02
1.920000e-06	2.817815e-06	3.194842e-09	2.065592e+01	2.103023e+02
1.930000e-06	2.787849e-06	3.215264e-09	2.043625e+01	2.096884e+02
1.940000e-06	2.756730e-06	3.158703e-09	2.020814e+01	2.090874e+02
1.950000e-06	2.724508e-06	3.194263e-09	1.997193e+01	2.084810e+02
1.960000e-06	2.691312e-06	3.157751e-09	1.972859e+01	2.078475e+02
1.970000e-06	2.657277e-06	3.098984e-09	1.947910e+01	2.071692e+02
1.980000e-06	2.622368e-06	3.173578e-09	1.922320e+01	2.064376e+02
1.990000e-06	2.586676e-06	3.151231e-09	1.896156e+01	2.056547e+02
2.000000e-06	2.550241e-06	3.080649e-09	1.869447e+01	2.048302e+02
2.010000e-06	2.512675e-06	3.120367e-09	1.841910e+01	2.039761e+02
2.020000e-06	2.473809e-06	3.106807e-09	1.813419e+01	2.031014e+02
2.030000e-06	2.434021e-06	3.054889e-09	1.784253e+01	2.022098e+02
2.040000e-06	2.393494e-06	3.052200e-09	1.754545e+01	2.012994e+02
2.050000e-06	2.352243e-06	3.062198e-09	1.724305e+01	2.003659e+02
2.060000e-06	2.310283e-06	3.059556e-09	1.693547e+01	1.994050e+02
2.070000e-06	2.267534e-06	3.006587e-09	1.662209e+01	1.984145e+02
2.080000e-06	2.224033e-06	2.984769e-09	1.630321e+01	1.973935e+02
2.090000e-06	2.179919e-06	3.018995e-09	1.597984e+01	1.963414e+02
2.100000e-06	2.135169e-06	2.993243e-09	1.565180e+01	1.952563e+02
2.110000e-06	2.089541e-06	2.937198e-09	1.531732e+01	1.941343e+02
2.120000e-06	2.043072e-06	2.931077e-09	1.497668e+01	1.929724e+02
2.130000e-06	1.995972e-06	2.950626e-09	1.463142e+01	1.917696e+02
2.140000e-06	1.948170e-06	2.919253e-09	1.428101e+01	1.905293e+02
2.150000e-06	1.899521e-06	2.867210e-09	1.392439e+01	1.892580e+02
2.160000e-06	1.850126e-06	2.878334e-09	1.356230e+01	1.879618e+02
2.170000e-06	1.800120e-06	2.872418e-09	1.319573e+01	1.866419e+02
2.180000e-06	1.749466e-06	2.816846e-09	1.282442e+01	1.852916e+02
2.190000e-06	1.698108e-06	2.798036e-09	1.244793e+01	1.838964e+02
2.200000e-06	1.646128e-06	2.802357e-09	1.206689e+01	1.824387e+02
2.210000e-06	1.593474e-06	2.777742e-09	1.168092e+01	1.809052e+02
2.220000e-06	1.539879e-06	2.731037e-09	1.128804e+01	1.792934e+02
2.230000e-06	1.485319e-06	2.709494e-09	1.088809e+01	1.776150e+02
2.240000e-06	1.430056e-06	2.707890e-09	1.048299e+01	1.758925e+02
2.250000e-06	1.374339e-06	2.672502e-09	1.007455e+01	1.741510e+02
2.260000e-06	1.318285e-06	2.632554e-09	9.663651e+00	1.724075e+02
2.270000e-06	1.261845e-06	2.616094e-09	9.249919e+00	1.706627e+02
2.280000e-06	1.204942e-06	2.591804e-09	8.832798e+00	1.688987e+02
2.290000e-06	1.147583e-06	2.555929e-09	8.412326e+00	1.670846e+02
2.300000e-06	1.089880e-06	2.528224e-09	7.989337e+00	1.651866e+02
2.310000e-06	1.031865e-06	2.511853e-09	7.564059e+00	1.631808e+02
2.320000e-06	9.735050e-07	2.479958e-09	7.136253e+00	1.610607e+02
2.330000e-06	9.147644e-07	2.436422e-09	6.705656e+00	1.588378e+02
2.340000e-06	8.556703e-07	2.406011e-09	6.272468e+00	1.565349e+02
2.350000e-06	7.963158e-07	2.374553e-09	5.837372e+00	1.541745e+02
2.360000e-06	7.367385e-07	2.333371e-09	5.400642e+00	1.517678e+02
2.370000e-06	6.770166e-07	2.292495e-09	4.962852e+00	1.493091e+02
2.380000e-06	6.171609e-07	2.255850e-09	4.524081e+00	1.467779e+02
2.390000e-06	5.571968e-07	2.218833e-09	4.084516e+00	1.441473e+02
2.400000e-06	4.970941e-07	2.176808e-09	3.643935e+00	1.413953e+02
2.410000e-06	4.368525e-07	2.134560e-09	3.202336e+00	1.385130e+02
2.420000e-06	3.765646e-07	2.089488e-09	2.760397e+00	1.355068e+02
2.430000e-06	3.162186e-07	2.038840e-09	2.318032e+00	1.323940e+02
2.440000e-06	2.558072e-07	1.990499e-09	1.875188e+00	1.291926e+02
2.450000e-06	1.952359e-07	1.943950e-09	1.431171e+00	1.259115e+02
2.460000e-06	1.344690e-07	1.894745e-09	9.857211e-01	1.225447e+02
2.470000e-06	7.365990e-08	1.841836e-09	5.399619e-01	1.190715e+02
2.480000e-06	1.288051e-08	1.788170e-09	9.442020e-02	1.154631e+02
2.490000e-06	-4.792487e-08	1.733342e-09	-3.513120e-01	1.116920e+02
2.500000e-06	-1.087448e-07	1.671948e-09	-7.971508e-01	1.077403e+02
2.510000e-06	-1.694877e-07	1.606940e-09	-1.242425e+00	1.036028e+02
2.520000e-06	-2.301158e-07	1.541108e-09	-1.686857e+00	9.928488e+01
2.530000e-06	-2.906666e-07	1.472275e-09	-2.130724e+00	9.479512e+01
2.540000e-06	-3.511616e-07	1.399566e-09	-2.574181e+00	9.013780e+01
2.550000e-06	-4.115428e-07	1.325617e-09	-3.016804e+00	8.530703e+01
2.560000e-06	-4.718186e-07	1.250540e-09	-3.458654e+00	8.028554e+01
2.570000e-06	-5.320134e-07	1.169053e-09	-3.899910e+00	7.504823e+01
2.580000e-06	-5.920783e-07	1.082043e-09	-4.340214e+00	6.956833e+01
2.590000e-06	-6.520264e-07	9.960924e-10	-4.779662e+00	6.382371e+01
2.600000e-06	-7.118771e-07	9.094864e-10	-5.218396e+00	5.780074e+01
2.610000e-06	-7.715867e-07	8.158619e-10	-5.656095e+00	5.149462e+01
2.620000e-06	-8.310996e-07	7.142353e-10	-6.092353e+00	4.490675e+01
2.630000e-06	-8.902986e-07	6.082861e-10	-6.526310e+00	3.804077e+01
2.640000e-06	-9.490716e-07	4.988518e-10	-6.957144e+00	3.089930e+01
2.650000e-06	-1.007475e-06	3.834056e-10	-7.385267e+00	2.348276e+01
2.660000e-06	-1.065560e-06	2.640681e-10	-7.811061e+00	1.579080e+01
2.670000e-06	-1.123215e-06	1.430651e-10	-8.233699e+00	7.825722e+00
2.680000e-06	-1.180364e-06	1.832572e-11	-8.652629e+00	-4.032225e-01
2.690000e-06	-1.237054e-06	-1.111178e-10	-9.068190e+00	-8.875937e+00
2.700000e-06	-1.293354e-06	-2.433340e-10	-9.480897e+00	-1.755885e+01
2.710000e-06	-1.349356e-06	-3.778276e-10	-9.891415e+00	-2.640408e+01
2.720000e-06	-1.405069e-06	-5.157352e-10	-1.029982e+01	-3.535062e+01
2.730000e-06	-1.460289e-06	-6.551295e-10	-1.070461e+01	-4.432732e+01
2.740000e-06	-1.514819e-06	-7.930072e-10	-1.110434e+01	-5.325743e+01
2.750000e-06	-1.568521e-06	-9.282846e-10	-1.149800e+01	-6.206414e+01
2.760000e-06	-1.621380e-06	-1.059812e-09	-1.188548e+01	-7.067624e+01
2.770000e-06	-1.673553e-06	-1.186352e-09	-1.226793e+01	-7.903282e+01
2.780000e-06	-1.725096e-06	-1.309107e-09	-1.264577e+01	-8.708616e+01
2.790000e-06	-1.776011e-06	-1.428650e-09	-1.301900e+01	-9.480230e+01
2.800000e-06	-1.826321e-06	-1.541829e-09	-1.338779e+01	-1.021595e+02
2.810000e-06	-1.875962e-06	-1.646917e-09	-1.375169e+01	-1.091459e+02
2.820000e-06	-1.924718e-06	-1.748593e-09	-1.410909e+01	-1.157567e+02
2.830000e-06	-1.972444e-06	-1.846443e-09	-1.445895e+01	-1.219938e+02
2.840000e-06	-2.019340e-06	-1.936749e-09	-1.480272e+01	-1.278657e+02
2.850000e-06	-2.065610e-06	-2.021423e-09	-1.514190e+01	-1.333886e+02
2.860000e-06	-2.111260e-06	-2.101869e-09	-1.547654e+01	-1.385868e+02
2.870000e-06	-2.156253e-06	-2.177071e-09	-1.580635e+01	-1.434907e+02
2.880000e-06	-2.200584e-06	-2.247099e-09	-1.613132e+01	-1.481324e+02
2.890000e-06	-2.244312e-06	-2.315178e-09	-1.645187e+01	-1.525391e+02
2.900000e-06	-2.287359e-06	-2.382047e-09	-1.676742e+01	-1.567279e+02
2.910000e-06	-2.329632e-06	-2.445110e-09	-1.707730e+01	-1.607023e+02
2.920000e-06	-2.371109e-06	-2.504467e-09	-1.738135e+01	-1.644540e+02
2.930000e-06	-2.411783e-06	-2.562312e-09	-1.767951e+01	-1.679689e+02
2.940000e-06	-2.451736e-06	-2.617301e-09	-1.797239e+01	-1.712363e+02
2.950000e-06	-2.490854e-06	-2.666698e-09	-1.825914e+01	-1.742574e+02
2.960000e-06	-2.528814e-06	-2.711058e-09	-1.853741e+01	-1.770501e+02
2.970000e-06	-2.565622e-06	-2.754827e-09	-1.880722e+01	-1.796479e+02
2.980000e-06	-2.601544e-06	-2.796285e-09	-1.907055e+01	-1.820932e+02
2.990000e-06	-2.636685e-06	-2.833111e-09	-1.932815e+01	-1.844264e+02
3.000000e-06	-2.670880e-06	-2.868673e-09	-1.957881e+01	-1.866757e+02
3.010000e-06	-2.704083e-06	-2.904753e-09	-1.982221e+01	-1.888510e+02
3.020000e-06	-2.736476e-06	-2.939387e-09	-2.005966e+01	-1.909433e+02
3.030000e-06	-2.768114e-06	-2.970810e-09	-2.029158e+01	-1.929308e+02
3.040000e-06	-2.798662e-06	-3.001377e-09	-2.051551e+01	-1.947890e+02
3.050000e-06	-2.827882e-06	-3.030092e-09	-2.072972e+01	-1.965014e+02
3.060000e-06	-2.856071e-06	-3.054198e-09	-2.093635e+01	-1.980661e+02
3.070000e-06	-2.883379e-06	-3.074693e-09	-2.113653e+01	-1.994985e+02
3.080000e-06	-2.909664e-06	-3.095133e-09	-2.132922e+01	-2.008266e+02
3.090000e-06	-2.934876e-06	-3.114987e-09	-2.151403e+01	-2.020833e+02
3.100000e-06	-2.959169e-06	-3.133502e-09	-2.169211e+01	-2.032965e+02
3.110000e-06	-2.982617e-06	-3.150832e-09	-2.186400e+01	-2.044821e+02
3.120000e-06	-3.004879e-06	-3.168741e-09	-2.202718e+01	-2.056403e+02
3.130000e-06	-3.025808e-06	-3.188250e-09	-2.218061e+01	-2.067577e+02
3.140000e-06	-3.045688e-06	-3.204906e-09	-2.232634e+01	-2.078130e+02
3.150000e-06	-3.064630e-06	-3.218611e-09	-2.246519e+01	-2.087854e+02
3.160000e-06	-3.082546e-06	-3.232522e-09	-2.259652e+01	-2.096624e+02
3.170000e-06	-3.099479e-06	-3.245696e-09	-2.272065e+01	-2.104446e+02
3.180000e-06	-3.115464e-06	-3.255873e-09	-2.283783e+01	-2.111461e+02
3.190000e-06	-3.130248e-06	-3.264531e-09	-2.294620e+01	-2.117909e+02
3.200000e-06	-3.143576e-06	-3.273772e-09	-2.304390e+01	-2.124051e+02
3.210000e-06	-3.155525e-06	-3.283123e-09	-2.313149e+01	-2.130093e+02
3.220000e-06	-3.166250e-06	-3.291189e-09	-2.321011e+01	-2.136117e+02
3.230000e-06	-3.175837e-06	-3.299193e-09	-2.328039e+01	-2.142063e+02
3.240000e-06	-3.184406e-06	-3.308555e-09	-2.334321e+01	-2.147753e+02
3.250000e-06	-3.191993e-06	-3.317615e-09	-2.339882e+01	-2.152956e+02
3.260000e-06	-3.198327e-06	-3.324784e-09	-2.344525e+01	-2.157478e+02
3.270000e-06	-3.203266e-06	-3.329846e-09	-2.348146e+01	-2.161228e+02
3.280000e-06	-3.207098e-06	-3.332941e-09	-2.350955e+01	-2.164250e+02
3.290000e-06	-3.209962e-06	-3.332798e-09	-2.353054e+01	-2.166705e+02
3.300000e-06	-3.211736e-06	-3.332146e-09	-2.354354e+01	-2.168802e+02
3.310000e-06	-3.212435e-06	-3.334178e-09	-2.354867e+01	-2.170715e+02
