# Temperatura_=_20.0
# Concentracion g/m^3_=_6600.0
# C_Vs_to_Am_M_A/Vsm_=_65563218390.804596
# pendiente_HvsI_1/m_=_3716.3
# ordenada_HvsI_A/m_=_1297.0
# frecuencia_Hz_=_302601.82735517103

Tiempo_(s)	Campo_(V.s)	Magnetizacion_(V.s)	Campo_(kA/m)	Magnetizacion_(A/m)
0.000000e+00	-7.965038e-06	-5.015081e-09	-5.756051e+01	-3.275420e+02
1.000000e-08	-7.962205e-06	-5.015366e-09	-5.754004e+01	-3.274745e+02
2.000000e-08	-7.956724e-06	-5.013432e-09	-5.750043e+01	-3.275579e+02
3.000000e-08	-7.948712e-06	-5.013744e-09	-5.744253e+01	-3.277411e+02
4.000000e-08	-7.937949e-06	-5.014224e-09	-5.736475e+01	-3.279062e+02
5.000000e-08	-7.924235e-06	-5.012158e-09	-5.726564e+01	-3.279303e+02
6.000000e-08	-7.907600e-06	-5.009307e-09	-5.714543e+01	-3.277513e+02
7.000000e-08	-7.888495e-06	-5.000600e-09	-5.700736e+01	-3.274039e+02
8.000000e-08	-7.867156e-06	-4.988305e-09	-5.685315e+01	-3.270038e+02
9.000000e-08	-7.843125e-06	-5.017882e-09	-5.667949e+01	-3.266891e+02
1.000000e-07	-7.815955e-06	-5.014752e-09	-5.648314e+01	-3.265487e+02
1.100000e-07	-7.785732e-06	-4.987999e-09	-5.626473e+01	-3.265752e+02
1.200000e-07	-7.752655e-06	-4.988406e-09	-5.602570e+01	-3.266686e+02
1.300000e-07	-7.716812e-06	-4.998707e-09	-5.576667e+01	-3.266892e+02
1.400000e-07	-7.678500e-06	-5.003200e-09	-5.548980e+01	-3.265316e+02
1.500000e-07	-7.637957e-06	-4.962815e-09	-5.519681e+01	-3.261817e+02
1.600000e-07	-7.595111e-06	-4.957790e-09	-5.488718e+01	-3.257260e+02
1.700000e-07	-7.549655e-06	-4.959320e-09	-5.455869e+01	-3.253075e+02
1.800000e-07	-7.501432e-06	-4.902080e-09	-5.421019e+01	-3.250512e+02
1.900000e-07	-7.450395e-06	-4.968724e-09	-5.384137e+01	-3.249982e+02
2.000000e-07	-7.396404e-06	-4.979068e-09	-5.345120e+01	-3.250815e+02
2.100000e-07	-7.339613e-06	-4.955339e-09	-5.304079e+01	-3.251572e+02
2.200000e-07	-7.280210e-06	-4.978213e-09	-5.261150e+01	-3.250732e+02
2.300000e-07	-7.218183e-06	-4.921413e-09	-5.216325e+01	-3.247412e+02
2.400000e-07	-7.153482e-06	-4.919459e-09	-5.169569e+01	-3.241744e+02
2.500000e-07	-7.086019e-06	-4.920263e-09	-5.120815e+01	-3.234735e+02
2.600000e-07	-7.015875e-06	-4.940950e-09	-5.070125e+01	-3.227709e+02
2.700000e-07	-6.943000e-06	-4.901007e-09	-5.017460e+01	-3.221633e+02
2.800000e-07	-6.867340e-06	-4.867237e-09	-4.962783e+01	-3.216692e+02
2.900000e-07	-6.788974e-06	-4.875916e-09	-4.906151e+01	-3.212315e+02
3.000000e-07	-6.707909e-06	-4.865675e-09	-4.847568e+01	-3.207605e+02
3.100000e-07	-6.624339e-06	-4.878508e-09	-4.787175e+01	-3.201911e+02
3.200000e-07	-6.538530e-06	-4.872964e-09	-4.725164e+01	-3.195200e+02
3.300000e-07	-6.450430e-06	-4.868982e-09	-4.661497e+01	-3.188040e+02
3.400000e-07	-6.359929e-06	-4.845012e-09	-4.596096e+01	-3.181193e+02
3.500000e-07	-6.267144e-06	-4.825673e-09	-4.529043e+01	-3.175091e+02
3.600000e-07	-6.172083e-06	-4.819515e-09	-4.460346e+01	-3.169500e+02
3.700000e-07	-6.074744e-06	-4.805469e-09	-4.390003e+01	-3.163595e+02
3.800000e-07	-5.975205e-06	-4.792935e-09	-4.318069e+01	-3.156411e+02
3.900000e-07	-5.873482e-06	-4.780658e-09	-4.244557e+01	-3.147425e+02
4.000000e-07	-5.769669e-06	-4.764943e-09	-4.169536e+01	-3.136917e+02
4.100000e-07	-5.663910e-06	-4.746241e-09	-4.093107e+01	-3.125891e+02
4.200000e-07	-5.556163e-06	-4.748189e-09	-4.015243e+01	-3.115559e+02
4.300000e-07	-5.446396e-06	-4.736232e-09	-3.935918e+01	-3.106663e+02
4.400000e-07	-5.334617e-06	-4.703167e-09	-3.855139e+01	-3.099020e+02
4.500000e-07	-5.220858e-06	-4.685509e-09	-3.772929e+01	-3.091549e+02
4.600000e-07	-5.105132e-06	-4.688958e-09	-3.689298e+01	-3.082817e+02
4.700000e-07	-4.987394e-06	-4.672388e-09	-3.604213e+01	-3.071814e+02
4.800000e-07	-4.867740e-06	-4.643272e-09	-3.517743e+01	-3.058536e+02
4.900000e-07	-4.746311e-06	-4.628924e-09	-3.429991e+01	-3.044048e+02
5.000000e-07	-4.623202e-06	-4.612989e-09	-3.341025e+01	-3.029941e+02
5.100000e-07	-4.498436e-06	-4.583927e-09	-3.250861e+01	-3.017466e+02
5.200000e-07	-4.372002e-06	-4.562333e-09	-3.159491e+01	-3.006793e+02
5.300000e-07	-4.243948e-06	-4.552792e-09	-3.066951e+01	-2.996830e+02
5.400000e-07	-4.114401e-06	-4.525346e-09	-2.973332e+01	-2.985722e+02
5.500000e-07	-3.983381e-06	-4.490355e-09	-2.878648e+01	-2.971798e+02
5.600000e-07	-3.850794e-06	-4.469911e-09	-2.782833e+01	-2.954482e+02
5.700000e-07	-3.716639e-06	-4.456520e-09	-2.685884e+01	-2.934645e+02
5.800000e-07	-3.581036e-06	-4.430182e-09	-2.587888e+01	-2.914191e+02
5.900000e-07	-3.444074e-06	-4.404456e-09	-2.488910e+01	-2.895053e+02
6.000000e-07	-3.305782e-06	-4.382927e-09	-2.388972e+01	-2.878111e+02
6.100000e-07	-3.166103e-06	-4.347168e-09	-2.288030e+01	-2.862639e+02
6.200000e-07	-3.025009e-06	-4.304585e-09	-2.186067e+01	-2.846595e+02
6.300000e-07	-2.882656e-06	-4.272646e-09	-2.083194e+01	-2.827651e+02
6.400000e-07	-2.739212e-06	-4.243783e-09	-1.979532e+01	-2.804436e+02
6.500000e-07	-2.594837e-06	-4.201173e-09	-1.875197e+01	-2.777320e+02
6.600000e-07	-2.449604e-06	-4.159983e-09	-1.770242e+01	-2.748282e+02
6.700000e-07	-2.303469e-06	-4.127940e-09	-1.664636e+01	-2.719865e+02
6.800000e-07	-2.156469e-06	-4.093404e-09	-1.558404e+01	-2.693763e+02
6.900000e-07	-2.008785e-06	-4.051931e-09	-1.451678e+01	-2.669761e+02
7.000000e-07	-1.860482e-06	-4.009577e-09	-1.344504e+01	-2.645661e+02
7.100000e-07	-1.711588e-06	-3.963166e-09	-1.236904e+01	-2.618288e+02
7.200000e-07	-1.562203e-06	-3.906006e-09	-1.128949e+01	-2.585089e+02
7.300000e-07	-1.412320e-06	-3.845232e-09	-1.020634e+01	-2.545481e+02
7.400000e-07	-1.261962e-06	-3.786548e-09	-9.119753e+00	-2.501177e+02
7.500000e-07	-1.111082e-06	-3.723762e-09	-8.029397e+00	-2.455205e+02
7.600000e-07	-9.597326e-07	-3.650457e-09	-6.935648e+00	-2.410074e+02
7.700000e-07	-8.081057e-07	-3.574782e-09	-5.839894e+00	-2.366009e+02
7.800000e-07	-6.562387e-07	-3.499345e-09	-4.742405e+00	-2.320270e+02
7.900000e-07	-5.041429e-07	-3.417211e-09	-3.643263e+00	-2.268014e+02
8.000000e-07	-3.518724e-07	-3.321813e-09	-2.542858e+00	-2.204385e+02
8.100000e-07	-1.994735e-07	-3.211691e-09	-1.441525e+00	-2.126745e+02
8.200000e-07	-4.697872e-08	-3.085966e-09	-3.394986e-01	-2.035736e+02
8.300000e-07	1.055700e-07	-2.939418e-09	7.629173e-01	-1.934330e+02
8.400000e-07	2.581296e-07	-2.771201e-09	1.865411e+00	-1.824977e+02
8.500000e-07	4.106102e-07	-2.577033e-09	2.967334e+00	-1.706060e+02
8.600000e-07	5.629705e-07	-2.350517e-09	4.068389e+00	-1.569460e+02
8.700000e-07	7.152169e-07	-2.077387e-09	5.168619e+00	-1.400843e+02
8.800000e-07	8.672607e-07	-1.743450e-09	6.267386e+00	-1.183247e+02
8.900000e-07	1.019051e-06	-1.338460e-09	7.364321e+00	-9.030800e+01
9.000000e-07	1.170447e-06	-8.437852e-10	8.458404e+00	-5.564331e+01
9.100000e-07	1.321319e-06	-2.414831e-10	9.548707e+00	-1.531540e+01
9.200000e-07	1.471675e-06	4.514122e-10	1.063528e+01	2.832247e+01
9.300000e-07	1.621498e-06	1.159170e-09	1.171799e+01	7.201143e+01
9.400000e-07	1.770787e-06	1.787885e-09	1.279685e+01	1.123709e+02
9.500000e-07	1.919521e-06	2.285588e-09	1.387170e+01	1.467403e+02
9.600000e-07	2.067544e-06	2.657543e-09	1.494141e+01	1.737892e+02
9.700000e-07	2.214757e-06	2.935304e-09	1.600526e+01	1.936960e+02
9.800000e-07	2.361174e-06	3.152736e-09	1.706337e+01	2.078593e+02
9.900000e-07	2.506713e-06	3.332071e-09	1.811513e+01	2.182807e+02
1.000000e-06	2.651350e-06	3.482208e-09	1.916037e+01	2.268674e+02
1.010000e-06	2.794964e-06	3.612058e-09	2.019822e+01	2.349080e+02
1.020000e-06	2.937461e-06	3.727012e-09	2.122799e+01	2.428800e+02
1.030000e-06	3.078814e-06	3.830686e-09	2.224950e+01	2.505991e+02
1.040000e-06	3.218905e-06	3.922803e-09	2.326189e+01	2.575845e+02
1.050000e-06	3.357672e-06	4.004907e-09	2.426471e+01	2.634476e+02
1.060000e-06	3.495125e-06	4.080779e-09	2.525803e+01	2.681346e+02
1.070000e-06	3.631277e-06	4.148666e-09	2.624195e+01	2.719442e+02
1.080000e-06	3.766079e-06	4.209931e-09	2.721612e+01	2.753567e+02
1.090000e-06	3.899543e-06	4.265475e-09	2.818062e+01	2.787917e+02
1.100000e-06	4.031628e-06	4.315720e-09	2.913515e+01	2.824246e+02
1.110000e-06	4.162265e-06	4.362469e-09	3.007922e+01	2.861479e+02
1.120000e-06	4.291464e-06	4.407366e-09	3.101289e+01	2.896784e+02
1.130000e-06	4.419124e-06	4.448231e-09	3.193544e+01	2.927374e+02
1.140000e-06	4.545232e-06	4.484627e-09	3.284679e+01	2.952069e+02
1.150000e-06	4.669832e-06	4.518207e-09	3.374722e+01	2.971830e+02
1.160000e-06	4.792803e-06	4.549600e-09	3.463589e+01	2.989112e+02
1.170000e-06	4.914075e-06	4.576891e-09	3.551228e+01	3.006509e+02
1.180000e-06	5.033597e-06	4.601160e-09	3.637603e+01	3.025439e+02
1.190000e-06	5.151334e-06	4.625804e-09	3.722687e+01	3.045577e+02
1.200000e-06	5.267129e-06	4.649768e-09	3.806367e+01	3.065254e+02
1.210000e-06	5.380806e-06	4.672138e-09	3.888518e+01	3.082525e+02
1.220000e-06	5.492439e-06	4.691939e-09	3.969191e+01	3.096302e+02
1.230000e-06	5.602132e-06	4.711345e-09	4.048463e+01	3.106921e+02
1.240000e-06	5.709887e-06	4.727889e-09	4.126333e+01	3.115913e+02
1.250000e-06	5.815542e-06	4.741872e-09	4.202687e+01	3.125135e+02
1.260000e-06	5.919033e-06	4.757067e-09	4.277476e+01	3.135774e+02
1.270000e-06	6.020390e-06	4.770662e-09	4.350723e+01	3.147779e+02
1.280000e-06	6.119489e-06	4.784194e-09	4.422338e+01	3.159978e+02
1.290000e-06	6.216196e-06	4.797425e-09	4.492225e+01	3.170798e+02
1.300000e-06	6.310646e-06	4.810924e-09	4.560481e+01	3.179153e+02
1.310000e-06	6.402954e-06	4.823943e-09	4.627188e+01	3.185031e+02
1.320000e-06	6.492944e-06	4.835179e-09	4.692221e+01	3.189470e+02
1.330000e-06	6.580574e-06	4.848372e-09	4.755548e+01	3.193973e+02
1.340000e-06	6.665895e-06	4.859345e-09	4.817206e+01	3.199714e+02
1.350000e-06	6.748837e-06	4.867293e-09	4.877146e+01	3.206954e+02
1.360000e-06	6.829284e-06	4.875275e-09	4.935282e+01	3.214982e+02
1.370000e-06	6.907255e-06	4.884874e-09	4.991629e+01	3.222574e+02
1.380000e-06	6.982682e-06	4.895361e-09	5.046137e+01	3.228694e+02
1.390000e-06	7.055453e-06	4.905178e-09	5.098726e+01	3.233048e+02
1.400000e-06	7.125698e-06	4.916186e-09	5.149490e+01	3.236190e+02
1.410000e-06	7.193437e-06	4.926052e-09	5.198442e+01	3.239159e+02
1.420000e-06	7.258506e-06	4.933377e-09	5.245466e+01	3.242865e+02
1.430000e-06	7.321006e-06	4.938389e-09	5.290632e+01	3.247583e+02
1.440000e-06	7.381098e-06	4.942324e-09	5.334059e+01	3.252836e+02
1.450000e-06	7.438623e-06	4.946325e-09	5.375630e+01	3.257704e+02
1.460000e-06	7.493457e-06	4.951355e-09	5.415257e+01	3.261391e+02
1.470000e-06	7.545355e-06	4.957994e-09	5.452761e+01	3.263691e+02
1.480000e-06	7.594137e-06	4.963416e-09	5.488014e+01	3.265113e+02
1.490000e-06	7.640125e-06	4.968491e-09	5.521248e+01	3.266577e+02
1.500000e-06	7.683483e-06	4.973764e-09	5.552581e+01	3.268877e+02
1.510000e-06	7.724018e-06	4.976738e-09	5.581875e+01	3.272213e+02
1.520000e-06	7.761794e-06	4.978521e-09	5.609174e+01	3.276062e+02
1.530000e-06	7.796971e-06	4.981586e-09	5.634595e+01	3.279467e+02
1.540000e-06	7.829365e-06	4.986521e-09	5.658005e+01	3.281583e+02
1.550000e-06	7.858989e-06	4.989955e-09	5.679414e+01	3.282167e+02
1.560000e-06	7.885869e-06	4.990592e-09	5.698838e+01	3.281739e+02
1.570000e-06	7.909781e-06	4.991769e-09	5.716119e+01	3.281311e+02
1.580000e-06	7.930861e-06	4.994507e-09	5.731353e+01	3.281833e+02
1.590000e-06	7.949190e-06	4.997244e-09	5.744598e+01	3.283656e+02
1.600000e-06	7.964576e-06	4.999664e-09	5.755717e+01	3.286329e+02
1.610000e-06	7.976866e-06	5.001445e-09	5.764598e+01	3.288827e+02
1.620000e-06	7.986000e-06	5.001894e-09	5.771199e+01	3.290118e+02
1.630000e-06	7.992194e-06	5.001800e-09	5.775676e+01	3.289737e+02
1.640000e-06	7.995556e-06	5.002795e-09	5.778106e+01	3.288067e+02
1.650000e-06	7.996069e-06	5.006220e-09	5.778476e+01	3.286148e+02
1.660000e-06	7.993900e-06	5.003047e-09	5.776909e+01	3.285119e+02
1.670000e-06	7.989057e-06	5.005083e-09	5.773409e+01	3.285583e+02
1.680000e-06	7.981496e-06	5.006259e-09	5.767945e+01	3.287253e+02
1.690000e-06	7.971332e-06	5.005007e-09	5.760600e+01	3.289070e+02
1.700000e-06	7.958408e-06	5.005100e-09	5.751260e+01	3.289750e+02
1.710000e-06	7.942686e-06	5.006060e-09	5.739898e+01	3.288469e+02
1.720000e-06	7.924516e-06	5.014807e-09	5.726768e+01	3.285326e+02
1.730000e-06	7.904010e-06	5.002204e-09	5.711949e+01	3.281318e+02
1.740000e-06	7.880705e-06	4.967992e-09	5.695107e+01	3.277839e+02
1.750000e-06	7.853989e-06	4.991126e-09	5.675800e+01	3.275960e+02
1.760000e-06	7.823691e-06	4.995317e-09	5.653905e+01	3.275865e+02
1.770000e-06	7.790418e-06	4.974381e-09	5.629859e+01	3.276754e+02
1.780000e-06	7.754772e-06	4.963557e-09	5.604099e+01	3.277262e+02
1.790000e-06	7.716746e-06	5.010009e-09	5.576619e+01	3.276180e+02
1.800000e-06	7.676573e-06	4.967160e-09	5.547588e+01	3.273112e+02
1.810000e-06	7.634379e-06	4.958743e-09	5.517095e+01	3.268690e+02
1.820000e-06	7.589596e-06	5.057054e-09	5.484733e+01	3.264269e+02
1.830000e-06	7.542117e-06	4.958803e-09	5.450421e+01	3.261216e+02
1.840000e-06	7.491925e-06	4.999133e-09	5.414149e+01	3.260194e+02
1.850000e-06	7.438718e-06	4.960354e-09	5.375698e+01	3.260796e+02
1.860000e-06	7.382658e-06	4.915539e-09	5.335186e+01	3.261719e+02
1.870000e-06	7.323839e-06	4.998374e-09	5.292679e+01	3.261391e+02
1.880000e-06	7.262386e-06	4.955555e-09	5.248269e+01	3.258715e+02
1.890000e-06	7.198204e-06	4.998829e-09	5.201888e+01	3.253561e+02
1.900000e-06	7.131173e-06	4.940292e-09	5.153447e+01	3.246758e+02
1.910000e-06	7.061438e-06	4.941256e-09	5.103051e+01	3.239616e+02
1.920000e-06	6.988944e-06	4.968119e-09	5.050663e+01	3.233246e+02
1.930000e-06	6.913767e-06	4.931027e-09	4.996334e+01	3.228045e+02
1.940000e-06	6.835811e-06	4.966463e-09	4.939999e+01	3.223603e+02
1.950000e-06	6.755191e-06	4.913093e-09	4.881737e+01	3.219051e+02
1.960000e-06	6.672116e-06	4.901283e-09	4.821702e+01	3.213627e+02
1.970000e-06	6.586576e-06	4.868053e-09	4.759885e+01	3.207131e+02
1.980000e-06	6.498652e-06	4.870586e-09	4.696346e+01	3.200005e+02
1.990000e-06	6.408354e-06	4.896078e-09	4.631091e+01	3.193013e+02
2.000000e-06	6.315807e-06	4.871300e-09	4.564210e+01	3.186713e+02
2.010000e-06	6.220955e-06	4.874802e-09	4.495664e+01	3.181049e+02
2.020000e-06	6.123870e-06	4.843720e-09	4.425504e+01	3.175312e+02
2.030000e-06	6.024653e-06	4.835259e-09	4.353804e+01	3.168518e+02
2.040000e-06	5.923242e-06	4.828828e-09	4.280517e+01	3.159984e+02
2.050000e-06	5.819721e-06	4.827356e-09	4.205706e+01	3.149780e+02
2.060000e-06	5.714165e-06	4.796009e-09	4.129425e+01	3.138761e+02
2.070000e-06	5.606646e-06	4.773037e-09	4.051725e+01	3.128151e+02
2.080000e-06	5.497197e-06	4.774411e-09	3.972630e+01	3.118868e+02
2.090000e-06	5.385774e-06	4.761042e-09	3.892108e+01	3.110979e+02
2.100000e-06	5.272280e-06	4.738102e-09	3.810090e+01	3.103593e+02
2.110000e-06	5.156752e-06	4.726447e-09	3.726602e+01	3.095295e+02
2.120000e-06	5.039289e-06	4.721252e-09	3.641716e+01	3.084900e+02
2.130000e-06	4.919908e-06	4.683493e-09	3.555443e+01	3.072123e+02
2.140000e-06	4.798717e-06	4.660553e-09	3.467863e+01	3.057790e+02
2.150000e-06	4.675782e-06	4.661731e-09	3.379022e+01	3.043436e+02
2.160000e-06	4.551129e-06	4.653387e-09	3.288940e+01	3.030481e+02
2.170000e-06	4.424809e-06	4.615799e-09	3.197653e+01	3.019408e+02
2.180000e-06	4.296818e-06	4.600563e-09	3.105158e+01	3.009421e+02
2.190000e-06	4.167249e-06	4.597860e-09	3.011523e+01	2.998776e+02
2.200000e-06	4.036180e-06	4.576451e-09	2.916805e+01	2.985659e+02
2.210000e-06	3.903641e-06	4.541348e-09	2.821023e+01	2.969159e+02
2.220000e-06	3.769716e-06	4.517812e-09	2.724240e+01	2.949794e+02
2.230000e-06	3.634328e-06	4.490410e-09	2.626400e+01	2.929290e+02
2.240000e-06	3.497460e-06	4.447779e-09	2.527490e+01	2.909678e+02
2.250000e-06	3.359203e-06	4.422947e-09	2.427577e+01	2.892185e+02
2.260000e-06	3.219646e-06	4.412127e-09	2.326725e+01	2.876494e+02
2.270000e-06	3.078882e-06	4.390448e-09	2.224999e+01	2.860817e+02
2.280000e-06	2.936958e-06	4.349851e-09	2.122436e+01	2.842777e+02
2.290000e-06	2.793937e-06	4.316705e-09	2.019079e+01	2.820664e+02
2.300000e-06	2.649817e-06	4.285923e-09	1.914929e+01	2.794384e+02
2.310000e-06	2.504755e-06	4.245849e-09	1.810098e+01	2.765580e+02
2.320000e-06	2.358915e-06	4.202772e-09	1.704704e+01	2.736787e+02
2.330000e-06	2.212258e-06	4.162012e-09	1.598721e+01	2.710037e+02
2.340000e-06	2.064749e-06	4.116684e-09	1.492121e+01	2.685642e+02
2.350000e-06	1.916519e-06	4.068912e-09	1.385000e+01	2.661846e+02
2.360000e-06	1.767714e-06	4.024675e-09	1.277465e+01	2.635578e+02
2.370000e-06	1.618426e-06	3.980643e-09	1.169579e+01	2.603977e+02
2.380000e-06	1.468664e-06	3.931029e-09	1.061351e+01	2.565889e+02
2.390000e-06	1.318463e-06	3.874515e-09	9.528067e+00	2.522493e+02
2.400000e-06	1.167865e-06	3.813678e-09	8.439748e+00	2.476643e+02
2.410000e-06	1.016846e-06	3.748377e-09	7.348388e+00	2.431163e+02
2.420000e-06	8.654417e-07	3.675365e-09	6.254241e+00	2.386970e+02
2.430000e-06	7.137665e-07	3.594047e-09	5.158138e+00	2.342045e+02
2.440000e-06	5.618212e-07	3.506127e-09	4.060083e+00	2.291910e+02
2.450000e-06	4.096303e-07	3.409087e-09	2.960253e+00	2.231484e+02
2.460000e-06	2.572860e-07	3.301525e-09	1.859315e+00	2.157410e+02
2.470000e-06	1.047903e-07	3.180475e-09	7.572824e-01	2.069513e+02
2.480000e-06	-4.779555e-08	3.044887e-09	-3.454015e-01	1.970390e+02
2.490000e-06	-2.003718e-07	2.887084e-09	-1.448016e+00	1.862955e+02
2.500000e-06	-3.528978e-07	2.700543e-09	-2.550267e+00	1.746910e+02
2.510000e-06	-5.052929e-07	2.481764e-09	-3.651573e+00	1.615863e+02
2.520000e-06	-6.575215e-07	2.223684e-09	-4.751675e+00	1.456822e+02
2.530000e-06	-8.095863e-07	1.915166e-09	-5.850594e+00	1.252986e+02
2.540000e-06	-9.613263e-07	1.533500e-09	-6.947165e+00	9.892966e+01
2.550000e-06	-1.112652e-06	1.061665e-09	-8.040743e+00	6.589137e+01
2.560000e-06	-1.263542e-06	4.858292e-10	-9.131168e+00	2.680696e+01
2.570000e-06	-1.413962e-06	-1.890638e-10	-1.021820e+01	-1.628581e+01
2.580000e-06	-1.563894e-06	-9.052467e-10	-1.130171e+01	-6.028971e+01
2.590000e-06	-1.713300e-06	-1.571031e-09	-1.238141e+01	-1.017728e+02
2.600000e-06	-1.862151e-06	-2.117630e-09	-1.345710e+01	-1.378237e+02
2.610000e-06	-2.010380e-06	-2.533272e-09	-1.452831e+01	-1.667439e+02
2.620000e-06	-2.157792e-06	-2.840017e-09	-1.559360e+01	-1.883445e+02
2.630000e-06	-2.304232e-06	-3.073117e-09	-1.665187e+01	-2.037679e+02
2.640000e-06	-2.449829e-06	-3.261939e-09	-1.770405e+01	-2.149318e+02
2.650000e-06	-2.594590e-06	-3.421124e-09	-1.875018e+01	-2.238266e+02
2.660000e-06	-2.738339e-06	-3.558898e-09	-1.978901e+01	-2.319279e+02
2.670000e-06	-2.880952e-06	-3.680761e-09	-2.081962e+01	-2.399143e+02
2.680000e-06	-3.022385e-06	-3.789853e-09	-2.184170e+01	-2.477378e+02
2.690000e-06	-3.162636e-06	-3.885535e-09	-2.285525e+01	-2.549529e+02
2.700000e-06	-3.301622e-06	-3.969992e-09	-2.385966e+01	-2.611173e+02
2.710000e-06	-3.439349e-06	-4.048200e-09	-2.485496e+01	-2.660829e+02
2.720000e-06	-3.575835e-06	-4.120627e-09	-2.584130e+01	-2.700702e+02
2.730000e-06	-3.710957e-06	-4.185980e-09	-2.681777e+01	-2.735369e+02
2.740000e-06	-3.844681e-06	-4.244720e-09	-2.778415e+01	-2.769389e+02
2.750000e-06	-3.977021e-06	-4.300112e-09	-2.874052e+01	-2.805227e+02
2.760000e-06	-4.107926e-06	-4.352295e-09	-2.968653e+01	-2.842465e+02
2.770000e-06	-4.237480e-06	-4.398546e-09	-3.062277e+01	-2.878552e+02
2.780000e-06	-4.365660e-06	-4.443126e-09	-3.154908e+01	-2.910518e+02
2.790000e-06	-4.492301e-06	-4.485707e-09	-3.246427e+01	-2.936684e+02
2.800000e-06	-4.617350e-06	-4.526617e-09	-3.336796e+01	-2.957491e+02
2.810000e-06	-4.740783e-06	-4.567621e-09	-3.425996e+01	-2.975135e+02
2.820000e-06	-4.862546e-06	-4.603700e-09	-3.513990e+01	-2.992313e+02
2.830000e-06	-4.982571e-06	-4.630653e-09	-3.600728e+01	-3.010826e+02
2.840000e-06	-5.100706e-06	-4.653598e-09	-3.686099e+01	-3.030787e+02
2.850000e-06	-5.216810e-06	-4.680199e-09	-3.770004e+01	-3.050777e+02
2.860000e-06	-5.330761e-06	-4.706056e-09	-3.852352e+01	-3.068806e+02
2.870000e-06	-5.442475e-06	-4.728252e-09	-3.933084e+01	-3.083488e+02
2.880000e-06	-5.552106e-06	-4.751012e-09	-4.012310e+01	-3.094794e+02
2.890000e-06	-5.659889e-06	-4.774620e-09	-4.090201e+01	-3.104019e+02
2.900000e-06	-5.765788e-06	-4.794703e-09	-4.166731e+01	-3.113036e+02
2.910000e-06	-5.869597e-06	-4.811793e-09	-4.241750e+01	-3.123279e+02
2.920000e-06	-5.971155e-06	-4.828944e-09	-4.315142e+01	-3.135023e+02
2.930000e-06	-6.070484e-06	-4.844216e-09	-4.386924e+01	-3.147327e+02
2.940000e-06	-6.167716e-06	-4.855598e-09	-4.457190e+01	-3.158631e+02
2.950000e-06	-6.262774e-06	-4.866120e-09	-4.525885e+01	-3.167655e+02
2.960000e-06	-6.355509e-06	-4.878218e-09	-4.592901e+01	-3.174095e+02
2.970000e-06	-6.445965e-06	-4.889242e-09	-4.658271e+01	-3.178763e+02
2.980000e-06	-6.534171e-06	-4.899361e-09	-4.722014e+01	-3.183119e+02
2.990000e-06	-6.619896e-06	-4.908855e-09	-4.783965e+01	-3.188491e+02
3.000000e-06	-6.703127e-06	-4.916620e-09	-4.844112e+01	-3.195394e+02
3.010000e-06	-6.784081e-06	-4.924220e-09	-4.902615e+01	-3.203337e+02
3.020000e-06	-6.862553e-06	-4.933311e-09	-4.959324e+01	-3.211159e+02
3.030000e-06	-6.938230e-06	-4.941528e-09	-5.014014e+01	-3.217715e+02
3.040000e-06	-7.011326e-06	-4.946281e-09	-5.066837e+01	-3.222494e+02
3.050000e-06	-7.082008e-06	-4.950338e-09	-5.117916e+01	-3.225856e+02
3.060000e-06	-7.150118e-06	-4.956572e-09	-5.167137e+01	-3.228772e+02
3.070000e-06	-7.215692e-06	-4.963748e-09	-5.214525e+01	-3.232243e+02
3.080000e-06	-7.278730e-06	-4.970565e-09	-5.260081e+01	-3.236732e+02
3.090000e-06	-7.339125e-06	-4.976194e-09	-5.303726e+01	-3.241933e+02
3.100000e-06	-7.396903e-06	-4.981121e-09	-5.345480e+01	-3.246992e+02
3.110000e-06	-7.452037e-06	-4.985119e-09	-5.385323e+01	-3.251028e+02
3.120000e-06	-7.504297e-06	-4.988452e-09	-5.423090e+01	-3.253658e+02
3.130000e-06	-7.553458e-06	-4.993090e-09	-5.458617e+01	-3.255227e+02
3.140000e-06	-7.599701e-06	-4.997040e-09	-5.492035e+01	-3.256596e+02
3.150000e-06	-7.643430e-06	-4.999343e-09	-5.523636e+01	-3.258645e+02
3.160000e-06	-7.684725e-06	-5.002054e-09	-5.553479e+01	-3.261750e+02
3.170000e-06	-7.723333e-06	-5.006363e-09	-5.581379e+01	-3.265557e+02
3.180000e-06	-7.759158e-06	-5.010515e-09	-5.607269e+01	-3.269172e+02
3.190000e-06	-7.792219e-06	-5.012365e-09	-5.631161e+01	-3.271668e+02
3.200000e-06	-7.822374e-06	-5.013754e-09	-5.652953e+01	-3.272620e+02
3.210000e-06	-7.849697e-06	-5.013260e-09	-5.672698e+01	-3.272366e+02
3.220000e-06	-7.874270e-06	-5.013349e-09	-5.690456e+01	-3.271842e+02
3.230000e-06	-7.895947e-06	-5.015634e-09	-5.706121e+01	-3.272068e+02
3.240000e-06	-7.914799e-06	-5.018150e-09	-5.719745e+01	-3.273583e+02
3.250000e-06	-7.930820e-06	-5.018314e-09	-5.731323e+01	-3.276131e+02
3.260000e-06	-7.943714e-06	-5.017910e-09	-5.740641e+01	-3.278785e+02
3.270000e-06	-7.953536e-06	-5.019521e-09	-5.747739e+01	-3.280457e+02
3.280000e-06	-7.960448e-06	-5.020676e-09	-5.752734e+01	-3.280497e+02
3.290000e-06	-7.964483e-06	-5.020313e-09	-5.755650e+01	-3.279075e+02
3.300000e-06	-7.965774e-06	-5.017168e-09	-5.756583e+01	-3.277109e+02
