# Temperatura_=_20.0
# Concentracion g/m^3_=_6200.0
# C_Vs_to_Am_M_A/Vsm_=_65563218390.804596
# pendiente_HvsI_1/m_=_3716.3
# ordenada_HvsI_A/m_=_1297.0
# frecuencia_Hz_=_301446.0607929972

Tiempo_(s)	Campo_(V.s)	Magnetizacion_(V.s)	Campo_(kA/m)	Magnetizacion_(A/m)
0.000000e+00	-3.214836e-06	-2.263031e-09	-2.354924e+01	-1.461965e+02
1.000000e-08	-3.214082e-06	-2.268302e-09	-2.354372e+01	-1.462621e+02
2.000000e-08	-3.211978e-06	-2.271595e-09	-2.352831e+01	-1.463443e+02
3.000000e-08	-3.208722e-06	-2.272756e-09	-2.350446e+01	-1.464591e+02
4.000000e-08	-3.204598e-06	-2.274530e-09	-2.347425e+01	-1.466027e+02
5.000000e-08	-3.199488e-06	-2.274702e-09	-2.343682e+01	-1.467509e+02
6.000000e-08	-3.193283e-06	-2.267582e-09	-2.339137e+01	-1.468679e+02
7.000000e-08	-3.186131e-06	-2.250506e-09	-2.333898e+01	-1.469215e+02
8.000000e-08	-3.178126e-06	-2.267852e-09	-2.328034e+01	-1.468982e+02
9.000000e-08	-3.168702e-06	-2.334058e-09	-2.321130e+01	-1.468112e+02
1.000000e-07	-3.157404e-06	-2.350380e-09	-2.312854e+01	-1.466975e+02
1.100000e-07	-3.144656e-06	-2.260710e-09	-2.303517e+01	-1.466032e+02
1.200000e-07	-3.131010e-06	-2.138287e-09	-2.293521e+01	-1.465640e+02
1.300000e-07	-3.116306e-06	-2.266406e-09	-2.282749e+01	-1.465877e+02
1.400000e-07	-3.100132e-06	-2.413890e-09	-2.270902e+01	-1.466481e+02
1.500000e-07	-3.082947e-06	-2.189209e-09	-2.258313e+01	-1.466922e+02
1.600000e-07	-3.065154e-06	-2.210375e-09	-2.245280e+01	-1.466604e+02
1.700000e-07	-3.046344e-06	-2.361824e-09	-2.231501e+01	-1.465105e+02
1.800000e-07	-3.026416e-06	-2.151280e-09	-2.216904e+01	-1.462362e+02
1.900000e-07	-3.005661e-06	-2.116781e-09	-2.201700e+01	-1.458723e+02
2.000000e-07	-2.983957e-06	-2.330415e-09	-2.185802e+01	-1.454829e+02
2.100000e-07	-2.961091e-06	-2.190232e-09	-2.169052e+01	-1.451380e+02
2.200000e-07	-2.937357e-06	-2.102192e-09	-2.151666e+01	-1.448868e+02
2.300000e-07	-2.912608e-06	-2.319624e-09	-2.133537e+01	-1.447380e+02
2.400000e-07	-2.886358e-06	-2.217644e-09	-2.114309e+01	-1.446564e+02
2.500000e-07	-2.858945e-06	-2.119216e-09	-2.094228e+01	-1.445749e+02
2.600000e-07	-2.830632e-06	-2.247840e-09	-2.073488e+01	-1.444195e+02
2.700000e-07	-2.801328e-06	-2.195521e-09	-2.052023e+01	-1.441358e+02
2.800000e-07	-2.771066e-06	-2.156831e-09	-2.029855e+01	-1.437072e+02
2.900000e-07	-2.739935e-06	-2.223518e-09	-2.007051e+01	-1.431584e+02
3.000000e-07	-2.708021e-06	-2.135513e-09	-1.983673e+01	-1.425439e+02
3.100000e-07	-2.675023e-06	-2.162659e-09	-1.959502e+01	-1.419259e+02
3.200000e-07	-2.640726e-06	-2.192602e-09	-1.934378e+01	-1.413513e+02
3.300000e-07	-2.605424e-06	-2.074542e-09	-1.908519e+01	-1.408363e+02
3.400000e-07	-2.569342e-06	-2.120589e-09	-1.882088e+01	-1.403639e+02
3.500000e-07	-2.532348e-06	-2.191464e-09	-1.854990e+01	-1.398938e+02
3.600000e-07	-2.494323e-06	-2.096932e-09	-1.827136e+01	-1.393801e+02
3.700000e-07	-2.455410e-06	-2.063819e-09	-1.798632e+01	-1.387894e+02
3.800000e-07	-2.415873e-06	-2.124448e-09	-1.769670e+01	-1.381123e+02
3.900000e-07	-2.375728e-06	-2.089159e-09	-1.740263e+01	-1.373649e+02
4.000000e-07	-2.334492e-06	-2.046648e-09	-1.710057e+01	-1.365810e+02
4.100000e-07	-2.291974e-06	-2.038918e-09	-1.678912e+01	-1.357980e+02
4.200000e-07	-2.248623e-06	-2.058785e-09	-1.647156e+01	-1.350442e+02
4.300000e-07	-2.204678e-06	-2.054430e-09	-1.614966e+01	-1.343294e+02
4.400000e-07	-2.159998e-06	-2.006279e-09	-1.582237e+01	-1.336440e+02
4.500000e-07	-2.114496e-06	-1.995370e-09	-1.548906e+01	-1.329642e+02
4.600000e-07	-2.068233e-06	-2.022821e-09	-1.515017e+01	-1.322612e+02
4.700000e-07	-2.021294e-06	-2.004695e-09	-1.480634e+01	-1.315114e+02
4.800000e-07	-1.973765e-06	-1.942538e-09	-1.445818e+01	-1.307028e+02
4.900000e-07	-1.925526e-06	-1.958040e-09	-1.410482e+01	-1.298376e+02
5.000000e-07	-1.876244e-06	-1.973564e-09	-1.374382e+01	-1.289295e+02
5.100000e-07	-1.825807e-06	-1.924312e-09	-1.337436e+01	-1.279978e+02
5.200000e-07	-1.774527e-06	-1.893973e-09	-1.299873e+01	-1.270605e+02
5.300000e-07	-1.722673e-06	-1.914931e-09	-1.261888e+01	-1.261279e+02
5.400000e-07	-1.670168e-06	-1.906096e-09	-1.223428e+01	-1.252002e+02
5.500000e-07	-1.617029e-06	-1.864138e-09	-1.184502e+01	-1.242675e+02
5.600000e-07	-1.563349e-06	-1.849320e-09	-1.145181e+01	-1.233142e+02
5.700000e-07	-1.509050e-06	-1.845008e-09	-1.105406e+01	-1.223245e+02
5.800000e-07	-1.454162e-06	-1.822830e-09	-1.065200e+01	-1.212885e+02
5.900000e-07	-1.398904e-06	-1.790967e-09	-1.024722e+01	-1.202056e+02
6.000000e-07	-1.343363e-06	-1.785257e-09	-9.840375e+00	-1.190846e+02
6.100000e-07	-1.287472e-06	-1.772864e-09	-9.430961e+00	-1.179394e+02
6.200000e-07	-1.231030e-06	-1.744430e-09	-9.017515e+00	-1.167833e+02
6.300000e-07	-1.173863e-06	-1.725917e-09	-8.598758e+00	-1.156217e+02
6.400000e-07	-1.115947e-06	-1.716050e-09	-8.174508e+00	-1.144489e+02
6.500000e-07	-1.057448e-06	-1.694310e-09	-7.745993e+00	-1.132485e+02
6.600000e-07	-9.985346e-07	-1.665123e-09	-7.314443e+00	-1.119990e+02
6.700000e-07	-9.392875e-07	-1.649434e-09	-6.880448e+00	-1.106820e+02
6.800000e-07	-8.798593e-07	-1.628711e-09	-6.445125e+00	-1.092900e+02
6.900000e-07	-8.203230e-07	-1.603077e-09	-6.009012e+00	-1.078301e+02
7.000000e-07	-7.606305e-07	-1.581246e-09	-5.571754e+00	-1.063226e+02
7.100000e-07	-7.007035e-07	-1.560424e-09	-5.132778e+00	-1.047925e+02
7.200000e-07	-6.405681e-07	-1.533131e-09	-4.692275e+00	-1.032597e+02
7.300000e-07	-5.801993e-07	-1.509877e-09	-4.250063e+00	-1.017293e+02
7.400000e-07	-5.195606e-07	-1.492515e-09	-3.805874e+00	-1.001873e+02
7.500000e-07	-4.587116e-07	-1.465367e-09	-3.360144e+00	-9.860380e+01
7.600000e-07	-3.976939e-07	-1.433942e-09	-2.913178e+00	-9.694241e+01
7.700000e-07	-3.365632e-07	-1.407437e-09	-2.465385e+00	-9.517196e+01
7.800000e-07	-2.753618e-07	-1.384114e-09	-2.017074e+00	-9.327691e+01
7.900000e-07	-2.141174e-07	-1.349680e-09	-1.568448e+00	-9.126140e+01
8.000000e-07	-1.528079e-07	-1.313974e-09	-1.119345e+00	-8.914577e+01
8.100000e-07	-9.143716e-08	-1.284400e-09	-6.697934e-01	-8.695663e+01
8.200000e-07	-3.004663e-08	-1.252967e-09	-2.200969e-01	-8.471466e+01
8.300000e-07	3.140104e-08	-1.216164e-09	2.300182e-01	-8.242478e+01
8.400000e-07	9.283997e-08	-1.179605e-09	6.800693e-01	-8.007249e+01
8.500000e-07	1.542040e-07	-1.145070e-09	1.129571e+00	-7.762770e+01
8.600000e-07	2.155274e-07	-1.105289e-09	1.578776e+00	-7.505421e+01
8.700000e-07	2.768237e-07	-1.062827e-09	2.027783e+00	-7.232087e+01
8.800000e-07	3.380497e-07	-1.018193e-09	2.476274e+00	-6.941008e+01
8.900000e-07	3.991193e-07	-9.729517e-10	2.923619e+00	-6.632042e+01
9.000000e-07	4.600683e-07	-9.225829e-10	3.370082e+00	-6.306262e+01
9.100000e-07	5.208443e-07	-8.698051e-10	3.815277e+00	-5.965099e+01
9.200000e-07	5.813646e-07	-8.171907e-10	4.258599e+00	-5.609381e+01
9.300000e-07	6.416557e-07	-7.629879e-10	4.700242e+00	-5.238661e+01
9.400000e-07	7.017286e-07	-7.051953e-10	5.140287e+00	-4.851067e+01
9.500000e-07	7.616145e-07	-6.422183e-10	5.578962e+00	-4.443720e+01
9.600000e-07	8.212809e-07	-5.779506e-10	6.016029e+00	-4.013487e+01
9.700000e-07	8.807293e-07	-5.107008e-10	6.451499e+00	-3.557775e+01
9.800000e-07	9.400079e-07	-4.392387e-10	6.885725e+00	-3.075017e+01
9.900000e-07	9.990894e-07	-3.611026e-10	7.318508e+00	-2.564697e+01
1.000000e-06	1.057817e-06	-2.796621e-10	7.748697e+00	-2.026926e+01
1.010000e-06	1.116016e-06	-1.940702e-10	8.175013e+00	-1.461814e+01
1.020000e-06	1.173486e-06	-1.030113e-10	8.595996e+00	-8.689549e+00
1.030000e-06	1.230177e-06	-8.318144e-12	9.011268e+00	-2.473562e+00
1.040000e-06	1.286231e-06	9.008266e-11	9.421869e+00	4.040446e+00
1.050000e-06	1.341864e-06	1.920008e-10	9.829393e+00	1.085343e+01
1.060000e-06	1.397232e-06	3.004391e-10	1.023497e+01	1.794410e+01
1.070000e-06	1.452240e-06	4.123480e-10	1.063791e+01	2.525844e+01
1.080000e-06	1.506755e-06	5.277654e-10	1.103725e+01	3.270574e+01
1.090000e-06	1.560738e-06	6.429027e-10	1.143268e+01	4.016376e+01
1.100000e-06	1.614215e-06	7.549426e-10	1.182441e+01	4.749297e+01
1.110000e-06	1.667187e-06	8.626448e-10	1.221244e+01	5.455697e+01
1.120000e-06	1.719570e-06	9.646203e-10	1.259616e+01	6.124359e+01
1.130000e-06	1.771305e-06	1.059385e-09	1.297512e+01	6.748107e+01
1.140000e-06	1.822319e-06	1.146713e-09	1.334881e+01	7.324436e+01
1.150000e-06	1.872394e-06	1.228729e-09	1.371562e+01	7.855025e+01
1.160000e-06	1.921444e-06	1.303633e-09	1.407492e+01	8.344298e+01
1.170000e-06	1.969627e-06	1.369952e-09	1.442786e+01	8.797534e+01
1.180000e-06	2.017145e-06	1.429379e-09	1.477594e+01	9.219162e+01
1.190000e-06	2.064024e-06	1.486935e-09	1.511935e+01	9.611755e+01
1.200000e-06	2.110216e-06	1.540394e-09	1.545771e+01	9.975991e+01
1.210000e-06	2.155692e-06	1.586268e-09	1.579083e+01	1.031147e+02
1.220000e-06	2.200398e-06	1.626597e-09	1.611831e+01	1.061794e+02
1.230000e-06	2.244390e-06	1.666404e-09	1.644055e+01	1.089645e+02
1.240000e-06	2.287804e-06	1.705401e-09	1.675857e+01	1.114981e+02
1.250000e-06	2.330542e-06	1.741369e-09	1.707163e+01	1.138232e+02
1.260000e-06	2.372180e-06	1.774664e-09	1.737664e+01	1.159882e+02
1.270000e-06	2.412610e-06	1.805322e-09	1.767279e+01	1.180346e+02
1.280000e-06	2.452116e-06	1.832820e-09	1.796218e+01	1.199870e+02
1.290000e-06	2.490888e-06	1.858034e-09	1.824620e+01	1.218503e+02
1.300000e-06	2.528878e-06	1.883053e-09	1.852448e+01	1.236132e+02
1.310000e-06	2.565992e-06	1.906891e-09	1.879635e+01	1.252577e+02
1.320000e-06	2.602258e-06	1.929337e-09	1.906200e+01	1.267700e+02
1.330000e-06	2.637812e-06	1.951849e-09	1.932244e+01	1.281486e+02
1.340000e-06	2.672501e-06	1.972583e-09	1.957655e+01	1.294064e+02
1.350000e-06	2.705929e-06	1.989685e-09	1.982141e+01	1.305669e+02
1.360000e-06	2.738157e-06	2.005110e-09	2.005748e+01	1.316568e+02
1.370000e-06	2.769456e-06	2.019727e-09	2.028676e+01	1.326978e+02
1.380000e-06	2.799855e-06	2.033426e-09	2.050944e+01	1.337012e+02
1.390000e-06	2.829387e-06	2.047084e-09	2.072576e+01	1.346670e+02
1.400000e-06	2.858056e-06	2.060489e-09	2.093577e+01	1.355873e+02
1.410000e-06	2.885838e-06	2.073273e-09	2.113927e+01	1.364511e+02
1.420000e-06	2.912709e-06	2.084252e-09	2.133611e+01	1.372497e+02
1.430000e-06	2.938375e-06	2.094401e-09	2.152412e+01	1.379800e+02
1.440000e-06	2.962698e-06	2.105476e-09	2.170229e+01	1.386450e+02
1.450000e-06	2.985903e-06	2.116120e-09	2.187227e+01	1.392526e+02
1.460000e-06	3.008130e-06	2.125377e-09	2.203509e+01	1.398137e+02
1.470000e-06	3.029383e-06	2.133630e-09	2.219077e+01	1.403397e+02
1.480000e-06	3.049671e-06	2.140686e-09	2.233938e+01	1.408411e+02
1.490000e-06	3.069102e-06	2.146759e-09	2.248172e+01	1.413260e+02
1.500000e-06	3.087518e-06	2.153165e-09	2.261662e+01	1.417992e+02
1.510000e-06	3.104695e-06	2.160505e-09	2.274244e+01	1.422612e+02
1.520000e-06	3.120768e-06	2.167076e-09	2.286018e+01	1.427078e+02
1.530000e-06	3.135702e-06	2.172636e-09	2.296957e+01	1.431319e+02
1.540000e-06	3.149413e-06	2.178582e-09	2.307001e+01	1.435259e+02
1.550000e-06	3.161949e-06	2.185737e-09	2.316184e+01	1.438854e+02
1.560000e-06	3.173296e-06	2.191888e-09	2.324496e+01	1.442121e+02
1.570000e-06	3.183264e-06	2.196203e-09	2.331798e+01	1.445136e+02
1.580000e-06	3.191798e-06	2.200992e-09	2.338049e+01	1.448017e+02
1.590000e-06	3.199189e-06	2.206210e-09	2.343462e+01	1.450862e+02
1.600000e-06	3.205525e-06	2.209854e-09	2.348104e+01	1.453701e+02
1.610000e-06	3.210714e-06	2.212265e-09	2.351905e+01	1.456461e+02
1.620000e-06	3.214895e-06	2.215585e-09	2.354968e+01	1.458986e+02
1.630000e-06	3.218191e-06	2.220896e-09	2.357382e+01	1.461096e+02
1.640000e-06	3.220328e-06	2.224561e-09	2.358947e+01	1.462677e+02
1.650000e-06	3.221055e-06	2.225701e-09	2.359480e+01	1.463748e+02
1.660000e-06	3.220574e-06	2.226280e-09	2.359127e+01	1.464479e+02
1.670000e-06	3.219086e-06	2.224992e-09	2.358038e+01	1.465145e+02
1.680000e-06	3.216566e-06	2.226845e-09	2.356192e+01	1.466009e+02
1.690000e-06	3.213062e-06	2.231281e-09	2.353625e+01	1.467206e+02
1.700000e-06	3.208748e-06	2.234591e-09	2.350465e+01	1.468669e+02
1.710000e-06	3.203541e-06	2.237690e-09	2.346650e+01	1.470130e+02
1.720000e-06	3.197047e-06	2.251895e-09	2.341893e+01	1.471228e+02
1.730000e-06	3.189282e-06	2.267078e-09	2.336206e+01	1.471658e+02
1.740000e-06	3.180538e-06	2.192947e-09	2.329801e+01	1.471321e+02
1.750000e-06	3.170587e-06	2.149676e-09	2.322512e+01	1.470387e+02
1.760000e-06	3.158816e-06	2.199291e-09	2.313889e+01	1.469251e+02
1.770000e-06	3.145293e-06	2.352030e-09	2.303983e+01	1.468371e+02
1.780000e-06	3.131100e-06	2.282796e-09	2.293586e+01	1.468073e+02
1.790000e-06	3.116715e-06	2.091188e-09	2.283049e+01	1.468388e+02
1.800000e-06	3.101083e-06	2.283829e-09	2.271598e+01	1.469006e+02
1.810000e-06	3.083780e-06	2.338624e-09	2.258924e+01	1.469375e+02
1.820000e-06	3.065682e-06	2.094188e-09	2.245666e+01	1.468908e+02
1.830000e-06	3.046831e-06	2.215992e-09	2.231858e+01	1.467226e+02
1.840000e-06	3.026807e-06	2.423022e-09	2.217190e+01	1.464327e+02
1.850000e-06	3.005926e-06	2.152879e-09	2.201894e+01	1.460608e+02
1.860000e-06	2.984032e-06	2.130516e-09	2.185857e+01	1.456738e+02
1.870000e-06	2.960626e-06	2.354922e-09	2.168711e+01	1.453403e+02
1.880000e-06	2.936064e-06	2.141203e-09	2.150719e+01	1.451043e+02
1.890000e-06	2.910542e-06	2.111974e-09	2.132023e+01	1.449684e+02
1.900000e-06	2.883795e-06	2.329201e-09	2.112431e+01	1.448914e+02
1.910000e-06	2.856038e-06	2.162827e-09	2.092098e+01	1.448038e+02
1.920000e-06	2.827459e-06	2.159652e-09	2.071164e+01	1.446329e+02
1.930000e-06	2.797853e-06	2.247773e-09	2.049477e+01	1.443286e+02
1.940000e-06	2.767063e-06	2.111993e-09	2.026922e+01	1.438805e+02
1.950000e-06	2.735067e-06	2.215606e-09	2.003485e+01	1.433187e+02
1.960000e-06	2.702016e-06	2.210456e-09	1.979275e+01	1.427001e+02
1.970000e-06	2.668180e-06	2.049512e-09	1.954489e+01	1.420862e+02
1.980000e-06	2.633419e-06	2.226697e-09	1.929026e+01	1.415200e+02
1.990000e-06	2.597690e-06	2.208933e-09	1.902854e+01	1.410130e+02
2.000000e-06	2.561331e-06	2.009857e-09	1.876221e+01	1.405438e+02
2.010000e-06	2.524104e-06	2.158599e-09	1.848951e+01	1.400703e+02
2.020000e-06	2.485561e-06	2.161277e-09	1.820718e+01	1.395472e+02
2.030000e-06	2.445884e-06	2.047429e-09	1.791653e+01	1.389443e+02
2.040000e-06	2.405437e-06	2.093724e-09	1.762025e+01	1.382557e+02
2.050000e-06	2.364312e-06	2.104305e-09	1.731901e+01	1.375010e+02
2.060000e-06	2.322480e-06	2.119217e-09	1.701258e+01	1.367151e+02
2.070000e-06	2.279833e-06	2.043141e-09	1.670018e+01	1.359350e+02
2.080000e-06	2.236394e-06	1.990934e-09	1.638198e+01	1.351867e+02
2.090000e-06	2.192331e-06	2.086316e-09	1.605921e+01	1.344773e+02
2.100000e-06	2.147745e-06	2.056274e-09	1.573262e+01	1.337945e+02
2.110000e-06	2.102385e-06	1.974958e-09	1.540034e+01	1.331132e+02
2.120000e-06	2.056068e-06	1.994364e-09	1.506107e+01	1.324049e+02
2.130000e-06	2.009109e-06	2.035912e-09	1.471708e+01	1.316472e+02
2.140000e-06	1.961535e-06	2.010683e-09	1.436860e+01	1.308302e+02
2.150000e-06	1.913141e-06	1.929145e-09	1.401410e+01	1.299579e+02
2.160000e-06	1.863904e-06	1.962131e-09	1.365343e+01	1.290454e+02
2.170000e-06	1.813923e-06	1.994939e-09	1.328731e+01	1.281120e+02
2.180000e-06	1.763348e-06	1.905082e-09	1.291684e+01	1.271751e+02
2.190000e-06	1.712131e-06	1.892187e-09	1.254166e+01	1.262436e+02
2.200000e-06	1.660238e-06	1.918519e-09	1.216154e+01	1.253160e+02
2.210000e-06	1.607775e-06	1.908436e-09	1.177724e+01	1.243815e+02
2.220000e-06	1.554626e-06	1.869059e-09	1.138791e+01	1.234240e+02
2.230000e-06	1.500479e-06	1.844319e-09	1.099128e+01	1.224282e+02
2.240000e-06	1.445342e-06	1.874868e-09	1.058739e+01	1.213854e+02
2.250000e-06	1.389559e-06	1.845199e-09	1.017876e+01	1.202965e+02
2.260000e-06	1.333432e-06	1.799934e-09	9.767623e+00	1.191713e+02
2.270000e-06	1.277017e-06	1.802509e-09	9.354375e+00	1.180240e+02
2.280000e-06	1.220231e-06	1.791922e-09	8.938411e+00	1.168671e+02
2.290000e-06	1.163011e-06	1.765640e-09	8.519259e+00	1.157046e+02
2.300000e-06	1.105353e-06	1.741431e-09	8.096907e+00	1.145292e+02
2.310000e-06	1.047331e-06	1.733894e-09	7.671884e+00	1.133232e+02
2.320000e-06	9.890432e-07	1.720518e-09	7.244917e+00	1.120652e+02
2.330000e-06	9.304442e-07	1.688629e-09	6.815669e+00	1.107377e+02
2.340000e-06	8.713756e-07	1.674470e-09	6.382981e+00	1.093353e+02
2.350000e-06	8.119013e-07	1.655172e-09	5.947322e+00	1.078673e+02
2.360000e-06	7.522008e-07	1.623801e-09	5.510005e+00	1.063551e+02
2.370000e-06	6.923293e-07	1.603414e-09	5.071435e+00	1.048239e+02
2.380000e-06	6.322918e-07	1.578768e-09	4.631649e+00	1.032916e+02
2.390000e-06	5.721517e-07	1.554796e-09	4.191113e+00	1.017609e+02
2.400000e-06	5.119562e-07	1.532940e-09	3.750170e+00	1.002152e+02
2.410000e-06	4.516827e-07	1.513464e-09	3.308656e+00	9.862299e+01
2.420000e-06	3.912901e-07	1.488347e-09	2.866269e+00	9.694776e+01
2.430000e-06	3.308016e-07	1.454284e-09	2.423180e+00	9.516013e+01
2.440000e-06	2.702844e-07	1.429824e-09	1.979881e+00	9.324729e+01
2.450000e-06	2.097196e-07	1.403304e-09	1.536233e+00	9.121608e+01
2.460000e-06	1.490473e-07	1.367003e-09	1.091798e+00	8.908844e+01
2.470000e-06	8.831161e-08	1.329533e-09	6.468982e-01	8.689089e+01
2.480000e-06	2.754933e-08	1.298493e-09	2.018037e-01	8.464234e+01
2.490000e-06	-3.330316e-08	1.266883e-09	-2.439515e-01	8.234498e+01
2.500000e-06	-9.425180e-08	1.227592e-09	-6.904112e-01	7.998170e+01
2.510000e-06	-1.551219e-07	1.189334e-09	-1.136295e+00	7.752086e+01
2.520000e-06	-2.158521e-07	1.151194e-09	-1.581155e+00	7.492631e+01
2.530000e-06	-2.765148e-07	1.107938e-09	-2.025520e+00	7.216843e+01
2.540000e-06	-3.371121e-07	1.061595e-09	-2.469406e+00	6.923194e+01
2.550000e-06	-3.976292e-07	1.016108e-09	-2.912704e+00	6.611753e+01
2.560000e-06	-4.580489e-07	9.691607e-10	-3.355289e+00	6.283704e+01
2.570000e-06	-5.183751e-07	9.166162e-10	-3.797190e+00	5.940447e+01
2.580000e-06	-5.786028e-07	8.575283e-10	-4.238369e+00	5.582660e+01
2.590000e-06	-6.387362e-07	7.980237e-10	-4.678856e+00	5.209685e+01
2.600000e-06	-6.987438e-07	7.378559e-10	-5.118422e+00	4.819473e+01
2.610000e-06	-7.585366e-07	6.749256e-10	-5.556416e+00	4.409055e+01
2.620000e-06	-8.180486e-07	6.083129e-10	-5.992352e+00	3.975333e+01
2.630000e-06	-8.772802e-07	5.373933e-10	-6.426233e+00	3.515838e+01
2.640000e-06	-9.362094e-07	4.646589e-10	-6.857900e+00	3.029165e+01
2.650000e-06	-9.947688e-07	3.866898e-10	-7.286858e+00	2.514921e+01
2.660000e-06	-1.052959e-06	3.016140e-10	-7.713110e+00	1.973258e+01
2.670000e-06	-1.110719e-06	2.128382e-10	-8.136217e+00	1.404234e+01
2.680000e-06	-1.168023e-06	1.225571e-10	-8.555976e+00	8.073514e+00
2.690000e-06	-1.224915e-06	2.642016e-11	-8.972723e+00	1.815627e+00
2.700000e-06	-1.281421e-06	-7.484813e-11	-9.386640e+00	-4.741299e+00
2.710000e-06	-1.337634e-06	-1.783725e-10	-9.798405e+00	-1.159581e+01
2.720000e-06	-1.393526e-06	-2.855535e-10	-1.020782e+01	-1.872247e+01
2.730000e-06	-1.448889e-06	-3.962506e-10	-1.061337e+01	-2.606208e+01
2.740000e-06	-1.503520e-06	-5.083294e-10	-1.101355e+01	-3.351887e+01
2.750000e-06	-1.557357e-06	-6.211904e-10	-1.140792e+01	-4.096708e+01
2.760000e-06	-1.610418e-06	-7.353164e-10	-1.179660e+01	-4.826629e+01
2.770000e-06	-1.662778e-06	-8.445419e-10	-1.218014e+01	-5.528232e+01
2.780000e-06	-1.714516e-06	-9.449138e-10	-1.255914e+01	-6.190799e+01
2.790000e-06	-1.765636e-06	-1.038177e-09	-1.293360e+01	-6.807806e+01
2.800000e-06	-1.816115e-06	-1.124305e-09	-1.330337e+01	-7.377403e+01
2.810000e-06	-1.865922e-06	-1.203114e-09	-1.366821e+01	-7.901766e+01
2.820000e-06	-1.914868e-06	-1.277811e-09	-1.402675e+01	-8.385559e+01
2.830000e-06	-1.962803e-06	-1.350500e-09	-1.437788e+01	-8.834034e+01
2.840000e-06	-2.009936e-06	-1.418117e-09	-1.472314e+01	-9.251393e+01
2.850000e-06	-2.056458e-06	-1.480172e-09	-1.506392e+01	-9.639919e+01
2.860000e-06	-2.102349e-06	-1.540578e-09	-1.540008e+01	-1.000007e+02
2.870000e-06	-2.147522e-06	-1.597696e-09	-1.573098e+01	-1.033139e+02
2.880000e-06	-2.192031e-06	-1.643935e-09	-1.605702e+01	-1.063375e+02
2.890000e-06	-2.235968e-06	-1.683473e-09	-1.637886e+01	-1.090844e+02
2.900000e-06	-2.279240e-06	-1.724115e-09	-1.669584e+01	-1.115852e+02
2.910000e-06	-2.321712e-06	-1.762408e-09	-1.700696e+01	-1.138844e+02
2.920000e-06	-2.363372e-06	-1.796142e-09	-1.731212e+01	-1.160301e+02
2.930000e-06	-2.404267e-06	-1.828987e-09	-1.761168e+01	-1.180619e+02
2.940000e-06	-2.444446e-06	-1.862609e-09	-1.790600e+01	-1.200016e+02
2.950000e-06	-2.483724e-06	-1.891806e-09	-1.819372e+01	-1.218515e+02
2.960000e-06	-2.521811e-06	-1.917299e-09	-1.847272e+01	-1.235984e+02
2.970000e-06	-2.558816e-06	-1.944804e-09	-1.874378e+01	-1.252245e+02
2.980000e-06	-2.594977e-06	-1.970104e-09	-1.900867e+01	-1.267174e+02
2.990000e-06	-2.630310e-06	-1.990012e-09	-1.926749e+01	-1.280775e+02
3.000000e-06	-2.664743e-06	-2.008881e-09	-1.951972e+01	-1.293197e+02
3.010000e-06	-2.698258e-06	-2.028919e-09	-1.976522e+01	-1.304684e+02
3.020000e-06	-2.730898e-06	-2.045512e-09	-2.000431e+01	-1.315501e+02
3.030000e-06	-2.762721e-06	-2.059877e-09	-2.023742e+01	-1.325851e+02
3.040000e-06	-2.793433e-06	-2.075125e-09	-2.046239e+01	-1.335832e+02
3.050000e-06	-2.822863e-06	-2.090840e-09	-2.067797e+01	-1.345431e+02
3.060000e-06	-2.851289e-06	-2.106821e-09	-2.088620e+01	-1.354559e+02
3.070000e-06	-2.878839e-06	-2.121670e-09	-2.108801e+01	-1.363107e+02
3.080000e-06	-2.905385e-06	-2.134849e-09	-2.128246e+01	-1.370994e+02
3.090000e-06	-2.930871e-06	-2.144406e-09	-2.146915e+01	-1.378200e+02
3.100000e-06	-2.955500e-06	-2.151811e-09	-2.164956e+01	-1.384760e+02
3.110000e-06	-2.979280e-06	-2.160480e-09	-2.182376e+01	-1.390762e+02
3.120000e-06	-3.001813e-06	-2.168120e-09	-2.198881e+01	-1.396315e+02
3.130000e-06	-3.022991e-06	-2.174411e-09	-2.214395e+01	-1.401532e+02
3.140000e-06	-3.043142e-06	-2.181361e-09	-2.229156e+01	-1.406517e+02
3.150000e-06	-3.062375e-06	-2.191214e-09	-2.243244e+01	-1.411346e+02
3.160000e-06	-3.080606e-06	-2.201116e-09	-2.256599e+01	-1.416062e+02
3.170000e-06	-3.097828e-06	-2.208946e-09	-2.269214e+01	-1.420662e+02
3.180000e-06	-3.114094e-06	-2.214552e-09	-2.281129e+01	-1.425100e+02
3.190000e-06	-3.129143e-06	-2.218010e-09	-2.292153e+01	-1.429301e+02
3.200000e-06	-3.142684e-06	-2.222255e-09	-2.302072e+01	-1.433192e+02
3.210000e-06	-3.154880e-06	-2.228179e-09	-2.311006e+01	-1.436737e+02
3.220000e-06	-3.165885e-06	-2.233325e-09	-2.319067e+01	-1.439960e+02
3.230000e-06	-3.175749e-06	-2.237746e-09	-2.326293e+01	-1.442948e+02
3.240000e-06	-3.184613e-06	-2.243017e-09	-2.332786e+01	-1.445817e+02
3.250000e-06	-3.192477e-06	-2.248913e-09	-2.338546e+01	-1.448661e+02
3.260000e-06	-3.199069e-06	-2.253312e-09	-2.343375e+01	-1.451494e+02
3.270000e-06	-3.204298e-06	-2.254644e-09	-2.347205e+01	-1.454230e+02
3.280000e-06	-3.208417e-06	-2.257515e-09	-2.350223e+01	-1.456705e+02
3.290000e-06	-3.211541e-06	-2.260570e-09	-2.352511e+01	-1.458743e+02
3.300000e-06	-3.213596e-06	-2.262264e-09	-2.354016e+01	-1.460245e+02
3.310000e-06	-3.214625e-06	-2.262385e-09	-2.354770e+01	-1.461252e+02
