# Temperatura_=_20.0
# Concentracion g/m^3_=_6200.0
# C_Vs_to_Am_M_A/Vsm_=_65563218390.804596
# pendiente_HvsI_1/m_=_3716.3
# ordenada_HvsI_A/m_=_1297.0
# frecuencia_Hz_=_301444.2780691296

Tiempo_(s)	Campo_(V.s)	Magnetizacion_(V.s)	Campo_(kA/m)	Magnetizacion_(A/m)
0.000000e+00	-3.209661e-06	-1.446754e-09	-2.354957e+01	-9.762402e+01
1.000000e-08	-3.209085e-06	-1.448812e-09	-2.354535e+01	-9.769878e+01
2.000000e-08	-3.207168e-06	-1.449557e-09	-2.353128e+01	-9.776547e+01
3.000000e-08	-3.204000e-06	-1.449865e-09	-2.350804e+01	-9.783681e+01
4.000000e-08	-3.199915e-06	-1.450634e-09	-2.347807e+01	-9.793195e+01
5.000000e-08	-3.194880e-06	-1.448575e-09	-2.344113e+01	-9.806550e+01
6.000000e-08	-3.188800e-06	-1.441158e-09	-2.339652e+01	-9.823395e+01
7.000000e-08	-3.181755e-06	-1.422077e-09	-2.334483e+01	-9.840704e+01
8.000000e-08	-3.173810e-06	-1.422205e-09	-2.328654e+01	-9.853049e+01
9.000000e-08	-3.164448e-06	-1.476399e-09	-2.321785e+01	-9.854190e+01
1.000000e-07	-3.153269e-06	-1.501577e-09	-2.313582e+01	-9.839497e+01
1.100000e-07	-3.140597e-06	-1.451174e-09	-2.304284e+01	-9.808200e+01
1.200000e-07	-3.126980e-06	-1.337746e-09	-2.294294e+01	-9.764387e+01
1.300000e-07	-3.112370e-06	-1.427251e-09	-2.283574e+01	-9.716090e+01
1.400000e-07	-3.096320e-06	-1.571042e-09	-2.271798e+01	-9.672616e+01
1.500000e-07	-3.079200e-06	-1.392626e-09	-2.259237e+01	-9.641107e+01
1.600000e-07	-3.061442e-06	-1.422498e-09	-2.246208e+01	-9.623749e+01
1.700000e-07	-3.042698e-06	-1.621848e-09	-2.232455e+01	-9.616882e+01
1.800000e-07	-3.022774e-06	-1.505131e-09	-2.217837e+01	-9.612482e+01
1.900000e-07	-3.002021e-06	-1.444558e-09	-2.202610e+01	-9.601488e+01
2.000000e-07	-2.980433e-06	-1.610285e-09	-2.186770e+01	-9.577570e+01
2.100000e-07	-2.957692e-06	-1.474525e-09	-2.170085e+01	-9.539732e+01
2.200000e-07	-2.934018e-06	-1.387288e-09	-2.152716e+01	-9.492622e+01
2.300000e-07	-2.909425e-06	-1.614736e-09	-2.134672e+01	-9.444404e+01
2.400000e-07	-2.883378e-06	-1.534259e-09	-2.115561e+01	-9.403163e+01
2.500000e-07	-2.856096e-06	-1.407819e-09	-2.095544e+01	-9.373452e+01
2.600000e-07	-2.827922e-06	-1.523031e-09	-2.074872e+01	-9.354500e+01
2.700000e-07	-2.798741e-06	-1.489170e-09	-2.053461e+01	-9.340864e+01
2.800000e-07	-2.768568e-06	-1.447163e-09	-2.031323e+01	-9.325145e+01
2.900000e-07	-2.737526e-06	-1.526972e-09	-2.008548e+01	-9.301482e+01
3.000000e-07	-2.705758e-06	-1.458303e-09	-1.985239e+01	-9.268180e+01
3.100000e-07	-2.672980e-06	-1.460963e-09	-1.961190e+01	-9.228276e+01
3.200000e-07	-2.638830e-06	-1.481701e-09	-1.936134e+01	-9.187821e+01
3.300000e-07	-2.603575e-06	-1.382623e-09	-1.910267e+01	-9.152738e+01
3.400000e-07	-2.567559e-06	-1.420467e-09	-1.883841e+01	-9.125769e+01
3.500000e-07	-2.530661e-06	-1.511796e-09	-1.856769e+01	-9.104966e+01
3.600000e-07	-2.492800e-06	-1.439726e-09	-1.828990e+01	-9.084433e+01
3.700000e-07	-2.454009e-06	-1.380406e-09	-1.800529e+01	-9.056955e+01
3.800000e-07	-2.414565e-06	-1.424709e-09	-1.771588e+01	-9.017297e+01
3.900000e-07	-2.374546e-06	-1.433948e-09	-1.742226e+01	-8.964605e+01
4.000000e-07	-2.333467e-06	-1.394891e-09	-1.712086e+01	-8.902850e+01
4.100000e-07	-2.291151e-06	-1.331724e-09	-1.681038e+01	-8.839096e+01
4.200000e-07	-2.247949e-06	-1.374732e-09	-1.649340e+01	-8.780457e+01
4.300000e-07	-2.204123e-06	-1.425287e-09	-1.617185e+01	-8.731107e+01
4.400000e-07	-2.159558e-06	-1.358116e-09	-1.584488e+01	-8.690702e+01
4.500000e-07	-2.114230e-06	-1.310713e-09	-1.551230e+01	-8.654840e+01
4.600000e-07	-2.068197e-06	-1.370187e-09	-1.517455e+01	-8.617256e+01
4.700000e-07	-2.021408e-06	-1.381865e-09	-1.483125e+01	-8.572690e+01
4.800000e-07	-1.974015e-06	-1.290188e-09	-1.448353e+01	-8.519085e+01
4.900000e-07	-1.926025e-06	-1.289356e-09	-1.413142e+01	-8.458203e+01
5.000000e-07	-1.877029e-06	-1.349530e-09	-1.377193e+01	-8.394478e+01
5.100000e-07	-1.826849e-06	-1.323334e-09	-1.340376e+01	-8.332763e+01
5.200000e-07	-1.775781e-06	-1.255336e-09	-1.302906e+01	-8.276088e+01
5.300000e-07	-1.724082e-06	-1.272337e-09	-1.264975e+01	-8.224435e+01
5.400000e-07	-1.671716e-06	-1.303063e-09	-1.226553e+01	-8.175026e+01
5.500000e-07	-1.618676e-06	-1.272447e-09	-1.187638e+01	-8.123852e+01
5.600000e-07	-1.565044e-06	-1.237725e-09	-1.148287e+01	-8.067643e+01
5.700000e-07	-1.510832e-06	-1.243036e-09	-1.108511e+01	-8.005329e+01
5.800000e-07	-1.456024e-06	-1.243579e-09	-1.068298e+01	-7.938361e+01
5.900000e-07	-1.400796e-06	-1.207995e-09	-1.027777e+01	-7.869835e+01
6.000000e-07	-1.345346e-06	-1.196624e-09	-9.870927e+00	-7.802932e+01
6.100000e-07	-1.289574e-06	-1.198546e-09	-9.461720e+00	-7.739443e+01
6.200000e-07	-1.233357e-06	-1.188315e-09	-9.049255e+00	-7.679045e+01
6.300000e-07	-1.176593e-06	-1.172896e-09	-8.632768e+00	-7.619575e+01
6.400000e-07	-1.119066e-06	-1.169012e-09	-8.210692e+00	-7.558077e+01
6.500000e-07	-1.060771e-06	-1.160729e-09	-7.782970e+00	-7.492078e+01
6.600000e-07	-1.001926e-06	-1.140272e-09	-7.351225e+00	-7.420498e+01
6.700000e-07	-9.427531e-07	-1.128056e-09	-6.917065e+00	-7.343870e+01
6.800000e-07	-8.833995e-07	-1.116486e-09	-6.481582e+00	-7.263868e+01
6.900000e-07	-8.239049e-07	-1.103220e-09	-6.045065e+00	-7.182477e+01
7.000000e-07	-7.642803e-07	-1.088928e-09	-5.607594e+00	-7.101201e+01
7.100000e-07	-7.044515e-07	-1.076048e-09	-5.168625e+00	-7.020608e+01
7.200000e-07	-6.443379e-07	-1.059905e-09	-4.727566e+00	-6.940311e+01
7.300000e-07	-5.840050e-07	-1.049882e-09	-4.284898e+00	-6.859234e+01
7.400000e-07	-5.235439e-07	-1.043548e-09	-3.841289e+00	-6.775972e+01
7.500000e-07	-4.628876e-07	-1.028385e-09	-3.396248e+00	-6.689076e+01
7.600000e-07	-4.019608e-07	-1.008729e-09	-2.949223e+00	-6.597240e+01
7.700000e-07	-3.408705e-07	-9.920727e-10	-2.500998e+00	-6.499444e+01
7.800000e-07	-2.797114e-07	-9.791071e-10	-2.052268e+00	-6.395124e+01
7.900000e-07	-2.185048e-07	-9.565252e-10	-1.603190e+00	-6.284346e+01
8.000000e-07	-1.572421e-07	-9.343764e-10	-1.153700e+00	-6.167877e+01
8.100000e-07	-9.590654e-08	-9.181958e-10	-7.036750e-01	-6.046997e+01
8.200000e-07	-3.450561e-08	-9.030342e-10	-2.531708e-01	-5.923013e+01
8.300000e-07	2.689725e-08	-8.826604e-10	1.973476e-01	-5.796592e+01
8.400000e-07	8.827510e-08	-8.601124e-10	6.476825e-01	-5.667170e+01
8.500000e-07	1.496445e-07	-8.393445e-10	1.097955e+00	-5.532768e+01
8.600000e-07	2.109865e-07	-8.171097e-10	1.548027e+00	-5.390373e+01
8.700000e-07	2.722687e-07	-7.941956e-10	1.997660e+00	-5.236807e+01
8.800000e-07	3.334311e-07	-7.660764e-10	2.446414e+00	-5.069730e+01
8.900000e-07	3.944943e-07	-7.371073e-10	2.894441e+00	-4.888331e+01
9.000000e-07	4.554325e-07	-7.080199e-10	3.341550e+00	-4.693336e+01
9.100000e-07	5.161193e-07	-6.762148e-10	3.786814e+00	-4.486292e+01
9.200000e-07	5.765465e-07	-6.404528e-10	4.230174e+00	-4.268416e+01
9.300000e-07	6.367572e-07	-6.071227e-10	4.671946e+00	-4.039521e+01
9.400000e-07	6.967993e-07	-5.737686e-10	5.112480e+00	-3.797542e+01
9.500000e-07	7.566511e-07	-5.321092e-10	5.551618e+00	-3.538853e+01
9.600000e-07	8.162902e-07	-4.858786e-10	5.989195e+00	-3.259234e+01
9.700000e-07	8.757824e-07	-4.407412e-10	6.425695e+00	-2.954960e+01
9.800000e-07	9.351110e-07	-3.943679e-10	6.860994e+00	-2.623457e+01
9.900000e-07	9.941587e-07	-3.366785e-10	7.294233e+00	-2.263179e+01
1.000000e-06	1.052804e-06	-2.735328e-10	7.724522e+00	-1.872795e+01
1.010000e-06	1.110851e-06	-2.101126e-10	8.150414e+00	-1.450207e+01
1.020000e-06	1.168109e-06	-1.404890e-10	8.570521e+00	-9.920714e+00
1.030000e-06	1.224650e-06	-6.226414e-11	8.985367e+00	-4.943868e+00
1.040000e-06	1.280646e-06	2.008910e-11	9.396217e+00	4.582243e-01
1.050000e-06	1.336282e-06	1.054683e-10	9.804421e+00	6.282039e+00
1.060000e-06	1.391642e-06	1.988291e-10	1.021060e+01	1.247058e+01
1.070000e-06	1.446610e-06	2.961290e-10	1.061391e+01	1.890516e+01
1.080000e-06	1.501057e-06	3.970096e-10	1.101339e+01	2.541452e+01
1.090000e-06	1.554989e-06	4.984017e-10	1.140909e+01	3.180036e+01
1.100000e-06	1.608448e-06	5.943224e-10	1.180133e+01	3.787200e+01
1.110000e-06	1.661411e-06	6.794304e-10	1.218993e+01	4.347953e+01
1.120000e-06	1.713743e-06	7.553467e-10	1.257389e+01	4.853547e+01
1.130000e-06	1.765432e-06	8.234995e-10	1.295313e+01	5.301934e+01
1.140000e-06	1.816459e-06	8.817434e-10	1.332752e+01	5.696600e+01
1.150000e-06	1.866496e-06	9.347510e-10	1.369465e+01	6.044358e+01
1.160000e-06	1.915377e-06	9.847472e-10	1.405329e+01	6.352978e+01
1.170000e-06	1.963389e-06	1.028113e-09	1.440556e+01	6.629384e+01
1.180000e-06	2.010794e-06	1.062885e-09	1.475338e+01	6.878800e+01
1.190000e-06	2.057560e-06	1.095844e-09	1.509651e+01	7.104782e+01
1.200000e-06	2.103653e-06	1.128223e-09	1.543470e+01	7.309780e+01
1.210000e-06	2.149048e-06	1.155273e-09	1.576776e+01	7.495768e+01
1.220000e-06	2.193694e-06	1.176744e-09	1.609533e+01	7.664650e+01
1.230000e-06	2.237651e-06	1.199667e-09	1.641785e+01	7.818353e+01
1.240000e-06	2.281060e-06	1.223616e-09	1.673635e+01	7.958737e+01
1.250000e-06	2.323784e-06	1.244019e-09	1.704982e+01	8.087479e+01
1.260000e-06	2.365454e-06	1.263146e-09	1.735555e+01	8.206066e+01
1.270000e-06	2.405947e-06	1.282422e-09	1.765265e+01	8.315856e+01
1.280000e-06	2.445517e-06	1.298193e-09	1.794298e+01	8.418129e+01
1.290000e-06	2.484345e-06	1.309631e-09	1.822787e+01	8.514007e+01
1.300000e-06	2.522359e-06	1.322550e-09	1.850678e+01	8.604278e+01
1.310000e-06	2.559491e-06	1.337152e-09	1.877922e+01	8.689211e+01
1.320000e-06	2.595743e-06	1.349264e-09	1.904520e+01	8.768530e+01
1.330000e-06	2.631262e-06	1.359921e-09	1.930581e+01	8.841643e+01
1.340000e-06	2.665970e-06	1.372575e-09	1.956047e+01	8.908063e+01
1.350000e-06	2.699466e-06	1.384755e-09	1.980622e+01	8.967861e+01
1.360000e-06	2.731722e-06	1.393170e-09	2.004289e+01	9.021890e+01
1.370000e-06	2.763014e-06	1.400768e-09	2.027249e+01	9.071655e+01
1.380000e-06	2.793453e-06	1.408435e-09	2.049582e+01	9.118843e+01
1.390000e-06	2.823021e-06	1.415192e-09	2.071276e+01	9.164728e+01
1.400000e-06	2.851627e-06	1.421766e-09	2.092265e+01	9.209741e+01
1.410000e-06	2.879387e-06	1.429617e-09	2.112632e+01	9.253420e+01
1.420000e-06	2.906355e-06	1.437159e-09	2.132419e+01	9.294777e+01
1.430000e-06	2.932100e-06	1.443279e-09	2.151308e+01	9.332882e+01
1.440000e-06	2.956476e-06	1.449708e-09	2.169194e+01	9.367368e+01
1.450000e-06	2.979762e-06	1.455694e-09	2.186278e+01	9.398606e+01
1.460000e-06	3.002039e-06	1.460776e-09	2.202623e+01	9.427448e+01
1.470000e-06	3.023332e-06	1.465625e-09	2.218246e+01	9.454718e+01
1.480000e-06	3.043668e-06	1.470109e-09	2.233167e+01	9.480740e+01
1.490000e-06	3.063073e-06	1.474072e-09	2.247405e+01	9.505191e+01
1.500000e-06	3.081478e-06	1.478392e-09	2.260908e+01	9.527376e+01
1.510000e-06	3.098714e-06	1.482783e-09	2.273555e+01	9.546787e+01
1.520000e-06	3.114849e-06	1.485780e-09	2.285393e+01	9.563630e+01
1.530000e-06	3.129827e-06	1.487657e-09	2.296383e+01	9.578995e+01
1.540000e-06	3.143588e-06	1.490879e-09	2.306479e+01	9.594528e+01
1.550000e-06	3.156225e-06	1.494861e-09	2.315751e+01	9.611750e+01
1.560000e-06	3.167714e-06	1.497996e-09	2.324181e+01	9.631336e+01
1.570000e-06	3.177823e-06	1.502162e-09	2.331597e+01	9.652765e+01
1.580000e-06	3.186396e-06	1.507378e-09	2.337887e+01	9.674515e+01
1.590000e-06	3.193799e-06	1.512263e-09	2.343319e+01	9.694742e+01
1.600000e-06	3.200215e-06	1.514915e-09	2.348027e+01	9.712088e+01
1.610000e-06	3.205472e-06	1.517021e-09	2.351884e+01	9.726205e+01
1.620000e-06	3.209678e-06	1.520301e-09	2.354970e+01	9.737743e+01
1.630000e-06	3.212998e-06	1.524132e-09	2.357406e+01	9.747825e+01
1.640000e-06	3.215128e-06	1.526205e-09	2.358969e+01	9.757341e+01
1.650000e-06	3.215825e-06	1.527895e-09	2.359480e+01	9.766506e+01
1.660000e-06	3.215351e-06	1.530219e-09	2.359132e+01	9.774954e+01
1.670000e-06	3.213879e-06	1.529899e-09	2.358052e+01	9.782325e+01
1.680000e-06	3.211402e-06	1.532150e-09	2.356235e+01	9.788978e+01
1.690000e-06	3.207961e-06	1.537470e-09	2.353710e+01	9.796283e+01
1.700000e-06	3.203729e-06	1.543031e-09	2.350605e+01	9.806170e+01
1.710000e-06	3.198643e-06	1.548548e-09	2.346873e+01	9.819970e+01
1.720000e-06	3.192222e-06	1.563269e-09	2.342162e+01	9.837070e+01
1.730000e-06	3.184498e-06	1.590326e-09	2.336495e+01	9.854150e+01
1.740000e-06	3.175888e-06	1.545756e-09	2.330178e+01	9.865597e+01
1.750000e-06	3.166109e-06	1.506605e-09	2.323003e+01	9.865222e+01
1.760000e-06	3.154523e-06	1.520189e-09	2.314502e+01	9.848714e+01
1.770000e-06	3.141145e-06	1.642267e-09	2.304686e+01	9.815807e+01
1.780000e-06	3.126980e-06	1.587347e-09	2.294294e+01	9.771091e+01
1.790000e-06	3.112570e-06	1.405902e-09	2.283721e+01	9.722886e+01
1.800000e-06	3.096934e-06	1.527753e-09	2.272248e+01	9.680432e+01
1.810000e-06	3.079636e-06	1.581060e-09	2.259557e+01	9.650450e+01
1.820000e-06	3.061586e-06	1.331268e-09	2.246314e+01	9.634500e+01
1.830000e-06	3.042890e-06	1.356720e-09	2.232596e+01	9.628342e+01
1.840000e-06	3.023040e-06	1.565669e-09	2.218032e+01	9.623662e+01
1.850000e-06	3.002307e-06	1.357489e-09	2.202820e+01	9.611518e+01
1.860000e-06	2.980566e-06	1.325775e-09	2.186868e+01	9.586060e+01
1.870000e-06	2.957282e-06	1.549709e-09	2.169785e+01	9.546931e+01
1.880000e-06	2.932855e-06	1.345347e-09	2.151862e+01	9.499292e+01
1.890000e-06	2.907498e-06	1.266528e-09	2.133258e+01	9.451482e+01
1.900000e-06	2.880840e-06	1.483434e-09	2.113698e+01	9.411357e+01
1.910000e-06	2.853093e-06	1.355628e-09	2.093340e+01	9.382943e+01
1.920000e-06	2.824549e-06	1.331594e-09	2.072397e+01	9.364894e+01
1.930000e-06	2.795049e-06	1.421630e-09	2.050753e+01	9.351402e+01
1.940000e-06	2.764391e-06	1.303172e-09	2.028259e+01	9.335066e+01
1.950000e-06	2.732505e-06	1.362986e-09	2.004864e+01	9.310375e+01
1.960000e-06	2.699527e-06	1.390774e-09	1.980668e+01	9.276157e+01
1.970000e-06	2.665777e-06	1.265116e-09	1.955905e+01	9.235889e+01
1.980000e-06	2.631164e-06	1.421543e-09	1.930509e+01	9.195771e+01
1.990000e-06	2.595590e-06	1.428196e-09	1.904408e+01	9.161515e+01
2.000000e-06	2.559369e-06	1.228571e-09	1.877833e+01	9.135394e+01
2.010000e-06	2.522359e-06	1.344945e-09	1.850678e+01	9.114964e+01
2.020000e-06	2.484109e-06	1.387304e-09	1.822613e+01	9.094034e+01
2.030000e-06	2.444663e-06	1.311829e-09	1.793672e+01	9.065451e+01
2.040000e-06	2.404388e-06	1.312695e-09	1.764121e+01	9.024358e+01
2.050000e-06	2.363430e-06	1.314062e-09	1.734070e+01	8.970441e+01
2.060000e-06	2.321720e-06	1.398577e-09	1.703467e+01	8.908115e+01
2.070000e-06	2.279192e-06	1.326068e-09	1.672264e+01	8.844610e+01
2.080000e-06	2.235864e-06	1.200472e-09	1.640473e+01	8.786851e+01
2.090000e-06	2.191884e-06	1.318972e-09	1.608205e+01	8.738570e+01
2.100000e-06	2.147408e-06	1.361196e-09	1.575572e+01	8.698929e+01
2.110000e-06	2.102180e-06	1.249954e-09	1.542389e+01	8.663199e+01
2.120000e-06	2.056035e-06	1.225652e-09	1.508531e+01	8.625087e+01
2.130000e-06	2.009189e-06	1.303680e-09	1.474160e+01	8.579593e+01
2.140000e-06	1.961692e-06	1.330001e-09	1.439311e+01	8.525073e+01
2.150000e-06	1.913419e-06	1.211830e-09	1.403893e+01	8.463657e+01
2.160000e-06	1.864254e-06	1.204752e-09	1.367820e+01	8.399942e+01
2.170000e-06	1.814364e-06	1.303488e-09	1.331216e+01	8.338682e+01
2.180000e-06	1.763884e-06	1.247862e-09	1.294178e+01	8.282613e+01
2.190000e-06	1.712735e-06	1.185787e-09	1.256649e+01	8.231382e+01
2.200000e-06	1.660957e-06	1.207351e-09	1.218659e+01	8.181990e+01
2.210000e-06	1.608662e-06	1.242645e-09	1.180290e+01	8.130414e+01
2.220000e-06	1.555703e-06	1.210287e-09	1.141433e+01	8.073566e+01
2.230000e-06	1.501832e-06	1.159743e-09	1.101908e+01	8.010656e+01
2.240000e-06	1.446921e-06	1.203493e-09	1.061619e+01	7.943368e+01
2.250000e-06	1.391235e-06	1.215479e-09	1.020762e+01	7.874888e+01
2.260000e-06	1.335191e-06	1.169410e-09	9.796418e+00	7.808311e+01
2.270000e-06	1.278863e-06	1.156697e-09	9.383134e+00	7.745218e+01
2.280000e-06	1.222229e-06	1.157610e-09	8.967606e+00	7.685059e+01
2.290000e-06	1.165154e-06	1.151469e-09	8.548840e+00	7.625526e+01
2.300000e-06	1.107552e-06	1.134127e-09	8.126212e+00	7.563656e+01
2.310000e-06	1.049587e-06	1.126151e-09	7.700918e+00	7.497092e+01
2.320000e-06	9.913565e-07	1.128670e-09	7.273673e+00	7.424931e+01
2.330000e-06	9.328088e-07	1.110435e-09	6.844103e+00	7.347859e+01
2.340000e-06	8.738805e-07	1.098968e-09	6.411740e+00	7.267627e+01
2.350000e-06	8.146342e-07	1.089074e-09	5.977045e+00	7.186202e+01
2.360000e-06	7.551188e-07	1.075250e-09	5.540376e+00	7.105000e+01
2.370000e-06	6.953354e-07	1.070123e-09	5.101739e+00	7.024484e+01
2.380000e-06	6.353926e-07	1.053034e-09	4.661933e+00	6.944174e+01
2.390000e-06	5.753133e-07	1.036517e-09	4.221126e+00	6.862945e+01
2.400000e-06	5.151306e-07	1.026443e-09	3.779560e+00	6.779372e+01
2.410000e-06	4.548714e-07	1.019653e-09	3.337433e+00	6.692016e+01
2.420000e-06	3.945404e-07	1.005030e-09	2.894779e+00	6.599595e+01
2.430000e-06	3.341416e-07	9.819204e-10	2.451627e+00	6.501128e+01
2.440000e-06	2.737003e-07	9.719585e-10	2.008164e+00	6.396112e+01
2.450000e-06	2.132083e-07	9.630879e-10	1.564329e+00	6.284687e+01
2.460000e-06	1.525871e-07	9.442918e-10	1.119546e+00	6.167690e+01
2.470000e-06	9.188242e-08	9.218757e-10	6.741496e-01	6.046430e+01
2.480000e-06	3.112090e-08	9.040451e-10	2.283369e-01	5.922183e+01
2.490000e-06	-2.965160e-08	8.883961e-10	-2.175565e-01	5.795504e+01
2.500000e-06	-9.035417e-08	8.687859e-10	-6.629367e-01	5.665677e+01
2.510000e-06	-1.509889e-07	8.469630e-10	-1.107819e+00	5.530585e+01
2.520000e-06	-2.116002e-07	8.244109e-10	-1.552530e+00	5.387150e+01
2.530000e-06	-2.721950e-07	8.012725e-10	-1.997120e+00	5.232236e+01
2.540000e-06	-3.327195e-07	7.775639e-10	-2.441193e+00	5.063644e+01
2.550000e-06	-3.931550e-07	7.503445e-10	-2.884614e+00	4.880742e+01
2.560000e-06	-4.535259e-07	7.214823e-10	-3.327560e+00	4.684388e+01
2.570000e-06	-5.138276e-07	6.946096e-10	-3.770000e+00	4.476154e+01
2.580000e-06	-5.739975e-07	6.606769e-10	-4.211472e+00	4.257149e+01
2.590000e-06	-6.340465e-07	6.194343e-10	-4.652057e+00	4.026995e+01
2.600000e-06	-6.939374e-07	5.804910e-10	-5.091482e+00	3.783430e+01
2.610000e-06	-7.536199e-07	5.454931e-10	-5.529377e+00	3.522711e+01
2.620000e-06	-8.130664e-07	5.031172e-10	-5.965542e+00	3.240623e+01
2.630000e-06	-8.722007e-07	4.529525e-10	-6.399416e+00	2.933543e+01
2.640000e-06	-9.309759e-07	4.047791e-10	-6.830655e+00	2.599030e+01
2.650000e-06	-9.893974e-07	3.534775e-10	-7.259298e+00	2.235606e+01
2.660000e-06	-1.047473e-06	2.916044e-10	-7.685402e+00	1.841905e+01
2.670000e-06	-1.105193e-06	2.243765e-10	-8.108900e+00	1.415700e+01
2.680000e-06	-1.162466e-06	1.567377e-10	-8.529117e+00	9.535287e+00
2.690000e-06	-1.219251e-06	8.099029e-11	-8.945756e+00	4.514024e+00
2.700000e-06	-1.275702e-06	-5.265304e-12	-9.359943e+00	-9.341152e-01
2.710000e-06	-1.331878e-06	-9.521107e-11	-9.772111e+00	-6.800701e+00
2.720000e-06	-1.387704e-06	-1.886643e-10	-1.018171e+01	-1.302224e+01
2.730000e-06	-1.442973e-06	-2.871440e-10	-1.058722e+01	-1.947365e+01
2.740000e-06	-1.497475e-06	-3.851236e-10	-1.098711e+01	-2.597932e+01
2.750000e-06	-1.551147e-06	-4.804095e-10	-1.138091e+01	-3.234004e+01
2.760000e-06	-1.604047e-06	-5.736388e-10	-1.176904e+01	-3.836804e+01
2.770000e-06	-1.656313e-06	-6.581628e-10	-1.215252e+01	-4.391934e+01
2.780000e-06	-1.707983e-06	-7.313240e-10	-1.253163e+01	-4.891372e+01
2.790000e-06	-1.759032e-06	-7.984686e-10	-1.290617e+01	-5.333747e+01
2.800000e-06	-1.809454e-06	-8.604518e-10	-1.327613e+01	-5.723015e+01
2.810000e-06	-1.859146e-06	-9.111679e-10	-1.364072e+01	-6.066200e+01
2.820000e-06	-1.907847e-06	-9.553439e-10	-1.399805e+01	-6.371052e+01
2.830000e-06	-1.955595e-06	-1.000100e-09	-1.434838e+01	-6.644338e+01
2.840000e-06	-2.002639e-06	-1.040000e-09	-1.469354e+01	-6.891087e+01
2.850000e-06	-2.049065e-06	-1.072413e-09	-1.503418e+01	-7.114706e+01
2.860000e-06	-2.094897e-06	-1.104151e-09	-1.537045e+01	-7.317565e+01
2.870000e-06	-2.140091e-06	-1.136978e-09	-1.570204e+01	-7.501618e+01
2.880000e-06	-2.184657e-06	-1.162441e-09	-1.602902e+01	-7.668770e+01
2.890000e-06	-2.228587e-06	-1.182146e-09	-1.635134e+01	-7.820949e+01
2.900000e-06	-2.271791e-06	-1.204307e-09	-1.666834e+01	-7.959998e+01
2.910000e-06	-2.314262e-06	-1.225223e-09	-1.697995e+01	-8.087573e+01
2.920000e-06	-2.355938e-06	-1.240031e-09	-1.728573e+01	-8.205142e+01
2.930000e-06	-2.396813e-06	-1.255495e-09	-1.758564e+01	-8.314057e+01
2.940000e-06	-2.436999e-06	-1.274794e-09	-1.788048e+01	-8.415583e+01
2.950000e-06	-2.476301e-06	-1.289215e-09	-1.816884e+01	-8.510820e+01
2.960000e-06	-2.514424e-06	-1.298433e-09	-1.844855e+01	-8.600505e+01
2.970000e-06	-2.551465e-06	-1.311196e-09	-1.872033e+01	-8.684847e+01
2.980000e-06	-2.587697e-06	-1.325768e-09	-1.898617e+01	-8.763522e+01
2.990000e-06	-2.623098e-06	-1.336400e-09	-1.924591e+01	-8.835923e+01
3.000000e-06	-2.657606e-06	-1.344290e-09	-1.949910e+01	-8.901606e+01
3.010000e-06	-2.691195e-06	-1.353310e-09	-1.974554e+01	-8.960720e+01
3.020000e-06	-2.723914e-06	-1.360500e-09	-1.998560e+01	-9.014201e+01
3.030000e-06	-2.755811e-06	-1.365201e-09	-2.021964e+01	-9.063601e+01
3.040000e-06	-2.786604e-06	-1.371412e-09	-2.044557e+01	-9.110590e+01
3.050000e-06	-2.816140e-06	-1.379118e-09	-2.066227e+01	-9.156367e+01
3.060000e-06	-2.844584e-06	-1.387386e-09	-2.087097e+01	-9.201261e+01
3.070000e-06	-2.872130e-06	-1.394023e-09	-2.107308e+01	-9.244732e+01
3.080000e-06	-2.898743e-06	-1.398660e-09	-2.126834e+01	-9.285768e+01
3.090000e-06	-2.924301e-06	-1.402602e-09	-2.145586e+01	-9.323477e+01
3.100000e-06	-2.948945e-06	-1.405999e-09	-2.163668e+01	-9.357576e+01
3.110000e-06	-2.972781e-06	-1.411243e-09	-2.181157e+01	-9.388501e+01
3.120000e-06	-2.995389e-06	-1.415867e-09	-2.197744e+01	-9.417130e+01
3.130000e-06	-3.016583e-06	-1.418367e-09	-2.213294e+01	-9.444251e+01
3.140000e-06	-3.036787e-06	-1.420609e-09	-2.228118e+01	-9.470119e+01
3.150000e-06	-3.056089e-06	-1.423774e-09	-2.242281e+01	-9.494352e+01
3.160000e-06	-3.074349e-06	-1.426740e-09	-2.255678e+01	-9.516243e+01
3.170000e-06	-3.091614e-06	-1.429253e-09	-2.268345e+01	-9.535343e+01
3.180000e-06	-3.107908e-06	-1.431863e-09	-2.280300e+01	-9.551950e+01
3.190000e-06	-3.122997e-06	-1.433039e-09	-2.291371e+01	-9.567239e+01
3.200000e-06	-3.136595e-06	-1.434128e-09	-2.301348e+01	-9.582879e+01
3.210000e-06	-3.148797e-06	-1.436772e-09	-2.310301e+01	-9.600330e+01
3.220000e-06	-3.159844e-06	-1.439809e-09	-2.318406e+01	-9.620149e+01
3.230000e-06	-3.169797e-06	-1.441174e-09	-2.325709e+01	-9.641687e+01
3.240000e-06	-3.178732e-06	-1.441981e-09	-2.332264e+01	-9.663349e+01
3.250000e-06	-3.186726e-06	-1.444201e-09	-2.338130e+01	-9.683307e+01
3.260000e-06	-3.193445e-06	-1.446915e-09	-2.343059e+01	-9.700292e+01
3.270000e-06	-3.198740e-06	-1.448566e-09	-2.346944e+01	-9.714076e+01
3.280000e-06	-3.202936e-06	-1.450349e-09	-2.350023e+01	-9.725393e+01
3.290000e-06	-3.206139e-06	-1.450714e-09	-2.352374e+01	-9.735370e+01
3.300000e-06	-3.208262e-06	-1.450274e-09	-2.353931e+01	-9.744840e+01
3.310000e-06	-3.209353e-06	-1.448945e-09	-2.354732e+01	-9.753941e+01
