# Temperatura_=_20.0
# Concentracion g/m^3_=_4600.0
# C_Vs_to_Am_M_A/Vsm_=_65563218390.804596
# pendiente_HvsI_1/m_=_3716.3
# ordenada_HvsI_A/m_=_1297.0
# frecuencia_Hz_=_301469.11722694425

Tiempo_(s)	Campo_(V.s)	Magnetizacion_(V.s)	Campo_(kA/m)	Magnetizacion_(A/m)
0.000000e+00	-3.218283e-06	-3.161234e-09	-2.354879e+01	-2.049794e+02
1.000000e-08	-3.217575e-06	-3.162730e-09	-2.354361e+01	-2.050358e+02
2.000000e-08	-3.215459e-06	-3.161199e-09	-2.352812e+01	-2.050550e+02
3.000000e-08	-3.212156e-06	-3.160736e-09	-2.350396e+01	-2.050443e+02
4.000000e-08	-3.207984e-06	-3.161913e-09	-2.347343e+01	-2.050137e+02
5.000000e-08	-3.202829e-06	-3.161090e-09	-2.343571e+01	-2.049729e+02
6.000000e-08	-3.196621e-06	-3.156595e-09	-2.339028e+01	-2.049281e+02
7.000000e-08	-3.189425e-06	-3.141736e-09	-2.333763e+01	-2.048797e+02
8.000000e-08	-3.181362e-06	-3.139134e-09	-2.327863e+01	-2.048213e+02
9.000000e-08	-3.171896e-06	-3.198191e-09	-2.320937e+01	-2.047414e+02
1.000000e-07	-3.160576e-06	-3.229240e-09	-2.312654e+01	-2.046264e+02
1.100000e-07	-3.147782e-06	-3.183854e-09	-2.303292e+01	-2.044660e+02
1.200000e-07	-3.134082e-06	-3.032739e-09	-2.293267e+01	-2.042574e+02
1.300000e-07	-3.119377e-06	-3.078740e-09	-2.282507e+01	-2.040091e+02
1.400000e-07	-3.103127e-06	-3.286689e-09	-2.270617e+01	-2.037403e+02
1.500000e-07	-3.085779e-06	-3.111951e-09	-2.257923e+01	-2.034760e+02
1.600000e-07	-3.067890e-06	-3.023169e-09	-2.244834e+01	-2.032394e+02
1.700000e-07	-3.049023e-06	-3.204002e-09	-2.231028e+01	-2.030433e+02
1.800000e-07	-3.028950e-06	-3.101713e-09	-2.216340e+01	-2.028841e+02
1.900000e-07	-3.008083e-06	-2.967662e-09	-2.201072e+01	-2.027412e+02
2.000000e-07	-2.986349e-06	-3.187794e-09	-2.185168e+01	-2.025833e+02
2.100000e-07	-2.963415e-06	-3.151728e-09	-2.168387e+01	-2.023790e+02
2.200000e-07	-2.939599e-06	-2.960998e-09	-2.150961e+01	-2.021075e+02
2.300000e-07	-2.914844e-06	-3.130986e-09	-2.132847e+01	-2.017667e+02
2.400000e-07	-2.888601e-06	-3.118720e-09	-2.113644e+01	-2.013731e+02
2.500000e-07	-2.861169e-06	-2.979982e-09	-2.093572e+01	-2.009544e+02
2.600000e-07	-2.832916e-06	-3.098381e-09	-2.072898e+01	-2.005382e+02
2.700000e-07	-2.803688e-06	-3.083479e-09	-2.051512e+01	-2.001402e+02
2.800000e-07	-2.773416e-06	-2.986356e-09	-2.029361e+01	-1.997581e+02
2.900000e-07	-2.742190e-06	-3.070682e-09	-2.006513e+01	-1.993736e+02
3.000000e-07	-2.710124e-06	-3.020641e-09	-1.983049e+01	-1.989610e+02
3.100000e-07	-2.677076e-06	-3.001394e-09	-1.958868e+01	-1.984991e+02
3.200000e-07	-2.642735e-06	-3.064731e-09	-1.933740e+01	-1.979806e+02
3.300000e-07	-2.607320e-06	-2.970820e-09	-1.907825e+01	-1.974150e+02
3.400000e-07	-2.571157e-06	-2.936866e-09	-1.881364e+01	-1.968234e+02
3.500000e-07	-2.534087e-06	-3.029264e-09	-1.854240e+01	-1.962287e+02
3.600000e-07	-2.496050e-06	-2.985459e-09	-1.826407e+01	-1.956449e+02
3.700000e-07	-2.457118e-06	-2.907532e-09	-1.797920e+01	-1.950713e+02
3.800000e-07	-2.417503e-06	-2.949638e-09	-1.768933e+01	-1.944932e+02
3.900000e-07	-2.377259e-06	-2.951066e-09	-1.739485e+01	-1.938895e+02
4.000000e-07	-2.336058e-06	-2.924308e-09	-1.709338e+01	-1.932422e+02
4.100000e-07	-2.293621e-06	-2.897086e-09	-1.678286e+01	-1.925438e+02
4.200000e-07	-2.250182e-06	-2.909004e-09	-1.646501e+01	-1.917994e+02
4.300000e-07	-2.206107e-06	-2.916689e-09	-1.614250e+01	-1.910223e+02
4.400000e-07	-2.161303e-06	-2.865011e-09	-1.581466e+01	-1.902260e+02
4.500000e-07	-2.115676e-06	-2.824304e-09	-1.548080e+01	-1.894173e+02
4.600000e-07	-2.069321e-06	-2.859024e-09	-1.514162e+01	-1.885934e+02
4.700000e-07	-2.022305e-06	-2.876278e-09	-1.479759e+01	-1.877438e+02
4.800000e-07	-1.974721e-06	-2.801621e-09	-1.444941e+01	-1.868571e+02
4.900000e-07	-1.926443e-06	-2.785670e-09	-1.409615e+01	-1.859263e+02
5.000000e-07	-1.877007e-06	-2.819864e-09	-1.373442e+01	-1.849525e+02
5.100000e-07	-1.826407e-06	-2.790891e-09	-1.336417e+01	-1.839420e+02
5.200000e-07	-1.775064e-06	-2.734031e-09	-1.298848e+01	-1.829019e+02
5.300000e-07	-1.723118e-06	-2.743491e-09	-1.260839e+01	-1.818341e+02
5.400000e-07	-1.670469e-06	-2.748176e-09	-1.222314e+01	-1.807332e+02
5.500000e-07	-1.617177e-06	-2.707848e-09	-1.183319e+01	-1.795890e+02
5.600000e-07	-1.563395e-06	-2.684240e-09	-1.143966e+01	-1.783918e+02
5.700000e-07	-1.509026e-06	-2.684081e-09	-1.104183e+01	-1.771384e+02
5.800000e-07	-1.454055e-06	-2.664815e-09	-1.063960e+01	-1.758346e+02
5.900000e-07	-1.398685e-06	-2.620069e-09	-1.023444e+01	-1.744923e+02
6.000000e-07	-1.343079e-06	-2.608524e-09	-9.827566e+00	-1.731221e+02
6.100000e-07	-1.287173e-06	-2.599329e-09	-9.418488e+00	-1.717261e+02
6.200000e-07	-1.230687e-06	-2.567740e-09	-9.005173e+00	-1.702942e+02
6.300000e-07	-1.173510e-06	-2.539350e-09	-8.586799e+00	-1.688062e+02
6.400000e-07	-1.115593e-06	-2.527055e-09	-8.163008e+00	-1.672401e+02
6.500000e-07	-1.057021e-06	-2.500919e-09	-7.734424e+00	-1.655818e+02
6.600000e-07	-9.979811e-07	-2.461609e-09	-7.302417e+00	-1.638316e+02
6.700000e-07	-9.386446e-07	-2.442997e-09	-6.868241e+00	-1.620036e+02
6.800000e-07	-8.791107e-07	-2.422044e-09	-6.432620e+00	-1.601178e+02
6.900000e-07	-8.194025e-07	-2.386502e-09	-5.995724e+00	-1.581892e+02
7.000000e-07	-7.595424e-07	-2.352644e-09	-5.557716e+00	-1.562177e+02
7.100000e-07	-6.994921e-07	-2.327890e-09	-5.118317e+00	-1.541860e+02
7.200000e-07	-6.392472e-07	-2.291211e-09	-4.677493e+00	-1.520658e+02
7.300000e-07	-5.788181e-07	-2.251703e-09	-4.235322e+00	-1.498298e+02
7.400000e-07	-5.181578e-07	-2.222043e-09	-3.791459e+00	-1.474636e+02
7.500000e-07	-4.572636e-07	-2.186405e-09	-3.345885e+00	-1.449713e+02
7.600000e-07	-3.962224e-07	-2.140308e-09	-2.899234e+00	-1.423716e+02
7.700000e-07	-3.350804e-07	-2.095925e-09	-2.451847e+00	-1.396864e+02
7.800000e-07	-2.738473e-07	-2.060134e-09	-2.003793e+00	-1.369266e+02
7.900000e-07	-2.125465e-07	-2.013707e-09	-1.555243e+00	-1.340823e+02
8.000000e-07	-1.511955e-07	-1.964076e-09	-1.106326e+00	-1.311237e+02
8.100000e-07	-8.979977e-08	-1.917428e-09	-6.570820e-01	-1.280102e+02
8.200000e-07	-2.833173e-08	-1.868345e-09	-2.073086e-01	-1.247045e+02
8.300000e-07	3.316814e-08	-1.813396e-09	2.426976e-01	-1.211841e+02
8.400000e-07	9.460592e-08	-1.755254e-09	6.922495e-01	-1.174433e+02
8.500000e-07	1.560005e-07	-1.695445e-09	1.141485e+00	-1.134853e+02
8.600000e-07	2.173906e-07	-1.629158e-09	1.590688e+00	-1.093070e+02
8.700000e-07	2.787372e-07	-1.562418e-09	2.039573e+00	-1.048868e+02
8.800000e-07	3.399953e-07	-1.492457e-09	2.487810e+00	-1.001792e+02
8.900000e-07	4.011166e-07	-1.417272e-09	2.935047e+00	-9.512230e+01
9.000000e-07	4.620621e-07	-1.332787e-09	3.380996e+00	-8.965177e+01
9.100000e-07	5.228030e-07	-1.242465e-09	3.825449e+00	-8.371399e+01
9.200000e-07	5.833009e-07	-1.145150e-09	4.268123e+00	-7.726891e+01
9.300000e-07	6.435748e-07	-1.038016e-09	4.709159e+00	-7.027823e+01
9.400000e-07	7.036474e-07	-9.207009e-10	5.148722e+00	-6.268295e+01
9.500000e-07	7.635232e-07	-7.906372e-10	5.586845e+00	-5.438199e+01
9.600000e-07	8.232401e-07	-6.489327e-10	6.023804e+00	-4.522663e+01
9.700000e-07	8.828179e-07	-4.933166e-10	6.459746e+00	-3.504183e+01
9.800000e-07	9.422272e-07	-3.211557e-10	6.894456e+00	-2.367530e+01
9.900000e-07	1.001397e-06	-1.255937e-10	7.327415e+00	-1.106247e+01
1.000000e-06	1.060166e-06	8.532300e-11	7.757436e+00	2.713501e+00
1.010000e-06	1.118329e-06	3.062176e-10	8.183029e+00	1.739011e+01
1.020000e-06	1.175783e-06	5.370166e-10	8.603426e+00	3.253822e+01
1.030000e-06	1.232497e-06	7.684665e-10	9.018414e+00	4.762105e+01
1.040000e-06	1.288641e-06	9.878271e-10	9.429231e+00	6.208549e+01
1.050000e-06	1.344397e-06	1.187222e-09	9.837209e+00	7.546035e+01
1.060000e-06	1.399808e-06	1.368249e-09	1.024266e+01	8.743357e+01
1.070000e-06	1.454830e-06	1.523720e-09	1.064527e+01	9.788771e+01
1.080000e-06	1.509372e-06	1.656320e-09	1.104436e+01	1.068871e+02
1.090000e-06	1.563431e-06	1.772339e-09	1.143992e+01	1.146257e+02
1.100000e-06	1.617016e-06	1.875587e-09	1.183201e+01	1.213566e+02
1.110000e-06	1.670064e-06	1.966086e-09	1.222018e+01	1.273247e+02
1.120000e-06	1.722459e-06	2.047201e-09	1.260356e+01	1.327226e+02
1.130000e-06	1.774215e-06	2.122484e-09	1.298227e+01	1.376752e+02
1.140000e-06	1.825298e-06	2.189324e-09	1.335605e+01	1.422499e+02
1.150000e-06	1.875415e-06	2.250114e-09	1.372277e+01	1.464793e+02
1.160000e-06	1.924447e-06	2.307825e-09	1.408155e+01	1.503848e+02
1.170000e-06	1.972656e-06	2.362313e-09	1.443430e+01	1.539906e+02
1.180000e-06	2.020281e-06	2.409528e-09	1.478278e+01	1.573268e+02
1.190000e-06	2.067245e-06	2.453241e-09	1.512643e+01	1.604238e+02
1.200000e-06	2.113452e-06	2.494724e-09	1.546453e+01	1.633060e+02
1.210000e-06	2.158937e-06	2.531927e-09	1.579735e+01	1.659890e+02
1.220000e-06	2.203618e-06	2.566613e-09	1.612429e+01	1.684823e+02
1.230000e-06	2.247586e-06	2.600851e-09	1.644602e+01	1.707950e+02
1.240000e-06	2.291098e-06	2.632384e-09	1.676440e+01	1.729420e+02
1.250000e-06	2.333928e-06	2.659959e-09	1.707780e+01	1.749449e+02
1.260000e-06	2.375599e-06	2.686659e-09	1.738271e+01	1.768281e+02
1.270000e-06	2.416078e-06	2.713549e-09	1.767890e+01	1.786132e+02
1.280000e-06	2.455702e-06	2.737746e-09	1.796884e+01	1.803124e+02
1.290000e-06	2.494558e-06	2.758654e-09	1.825315e+01	1.819276e+02
1.300000e-06	2.532600e-06	2.779032e-09	1.853151e+01	1.834533e+02
1.310000e-06	2.569801e-06	2.799300e-09	1.880372e+01	1.848830e+02
1.320000e-06	2.606091e-06	2.819630e-09	1.906926e+01	1.862153e+02
1.330000e-06	2.641655e-06	2.840423e-09	1.932949e+01	1.874574e+02
1.340000e-06	2.676436e-06	2.859818e-09	1.958399e+01	1.886230e+02
1.350000e-06	2.709974e-06	2.875902e-09	1.982940e+01	1.897280e+02
1.360000e-06	2.742246e-06	2.889313e-09	2.006553e+01	1.907852e+02
1.370000e-06	2.773618e-06	2.902435e-09	2.029509e+01	1.918004e+02
1.380000e-06	2.804140e-06	2.915844e-09	2.051843e+01	1.927734e+02
1.390000e-06	2.833723e-06	2.929899e-09	2.073489e+01	1.937009e+02
1.400000e-06	2.862324e-06	2.945876e-09	2.094417e+01	1.945809e+02
1.410000e-06	2.890103e-06	2.961845e-09	2.114743e+01	1.954153e+02
1.420000e-06	2.917046e-06	2.974325e-09	2.134458e+01	1.962093e+02
1.430000e-06	2.942648e-06	2.984785e-09	2.153191e+01	1.969687e+02
1.440000e-06	2.966925e-06	2.995757e-09	2.170956e+01	1.976961e+02
1.450000e-06	2.990174e-06	3.007356e-09	2.187967e+01	1.983891e+02
1.460000e-06	3.012409e-06	3.019083e-09	2.204237e+01	1.990409e+02
1.470000e-06	3.033637e-06	3.028591e-09	2.219770e+01	1.996441e+02
1.480000e-06	3.053939e-06	3.037221e-09	2.234625e+01	2.001949e+02
1.490000e-06	3.073430e-06	3.045781e-09	2.248888e+01	2.006960e+02
1.500000e-06	3.091884e-06	3.053411e-09	2.262390e+01	2.011563e+02
1.510000e-06	3.109108e-06	3.061540e-09	2.274994e+01	2.015877e+02
1.520000e-06	3.125207e-06	3.069472e-09	2.286773e+01	2.020002e+02
1.530000e-06	3.140125e-06	3.075963e-09	2.297689e+01	2.023983e+02
1.540000e-06	3.153786e-06	3.081127e-09	2.307685e+01	2.027789e+02
1.550000e-06	3.166262e-06	3.085806e-09	2.316814e+01	2.031345e+02
1.560000e-06	3.177568e-06	3.090315e-09	2.325087e+01	2.034566e+02
1.570000e-06	3.187424e-06	3.095093e-09	2.332299e+01	2.037407e+02
1.580000e-06	3.195827e-06	3.100672e-09	2.338447e+01	2.039886e+02
1.590000e-06	3.203194e-06	3.106144e-09	2.343838e+01	2.042079e+02
1.600000e-06	3.209519e-06	3.110460e-09	2.348466e+01	2.044088e+02
1.610000e-06	3.214645e-06	3.113865e-09	2.352217e+01	2.045996e+02
1.620000e-06	3.218775e-06	3.115769e-09	2.355239e+01	2.047836e+02
1.630000e-06	3.222032e-06	3.117583e-09	2.357622e+01	2.049574e+02
1.640000e-06	3.224029e-06	3.120398e-09	2.359083e+01	2.051127e+02
1.650000e-06	3.224571e-06	3.124479e-09	2.359480e+01	2.052396e+02
1.660000e-06	3.224012e-06	3.126513e-09	2.359071e+01	2.053300e+02
1.670000e-06	3.222488e-06	3.123613e-09	2.357956e+01	2.053810e+02
1.680000e-06	3.219936e-06	3.124376e-09	2.356088e+01	2.053956e+02
1.690000e-06	3.216412e-06	3.127559e-09	2.353510e+01	2.053815e+02
1.700000e-06	3.212108e-06	3.127988e-09	2.350360e+01	2.053490e+02
1.710000e-06	3.206854e-06	3.127066e-09	2.346516e+01	2.053076e+02
1.720000e-06	3.200197e-06	3.132133e-09	2.341645e+01	2.052626e+02
1.730000e-06	3.192361e-06	3.158556e-09	2.335911e+01	2.052134e+02
1.740000e-06	3.183689e-06	3.101076e-09	2.329565e+01	2.051529e+02
1.750000e-06	3.173770e-06	3.045146e-09	2.322308e+01	2.050690e+02
1.760000e-06	3.161976e-06	3.047891e-09	2.313678e+01	2.049482e+02
1.770000e-06	3.148264e-06	3.205509e-09	2.303644e+01	2.047809e+02
1.780000e-06	3.133810e-06	3.204576e-09	2.293069e+01	2.045660e+02
1.790000e-06	3.119310e-06	2.976862e-09	2.282459e+01	2.043136e+02
1.800000e-06	3.103568e-06	3.086088e-09	2.270939e+01	2.040440e+02
1.810000e-06	3.086133e-06	3.249667e-09	2.258182e+01	2.037825e+02
1.820000e-06	3.068015e-06	3.041869e-09	2.244925e+01	2.035515e+02
1.830000e-06	3.049216e-06	3.017339e-09	2.231170e+01	2.033614e+02
1.840000e-06	3.029206e-06	3.289103e-09	2.216527e+01	2.032063e+02
1.850000e-06	3.008325e-06	3.103987e-09	2.201248e+01	2.030634e+02
1.860000e-06	2.986347e-06	2.944725e-09	2.185167e+01	2.029009e+02
1.870000e-06	2.962806e-06	3.201581e-09	2.167941e+01	2.026880e+02
1.880000e-06	2.938240e-06	3.100941e-09	2.149966e+01	2.024065e+02
1.890000e-06	2.912752e-06	2.961640e-09	2.131316e+01	2.020569e+02
1.900000e-06	2.885907e-06	3.175368e-09	2.111673e+01	2.016580e+02
1.910000e-06	2.858077e-06	3.065622e-09	2.091310e+01	2.012383e+02
1.920000e-06	2.829495e-06	2.991828e-09	2.070395e+01	2.008243e+02
1.930000e-06	2.799705e-06	3.124605e-09	2.048597e+01	2.004293e+02
1.940000e-06	2.768744e-06	3.012317e-09	2.025942e+01	2.000484e+02
1.950000e-06	2.736711e-06	3.045586e-09	2.002503e+01	1.996616e+02
1.960000e-06	2.703534e-06	3.117863e-09	1.978227e+01	1.992432e+02
1.970000e-06	2.669580e-06	2.934516e-09	1.953382e+01	1.987734e+02
1.980000e-06	2.634767e-06	3.032638e-09	1.927909e+01	1.982475e+02
1.990000e-06	2.599030e-06	3.124358e-09	1.901759e+01	1.976768e+02
2.000000e-06	2.562692e-06	2.921659e-09	1.875170e+01	1.970836e+02
2.010000e-06	2.525375e-06	2.997822e-09	1.847865e+01	1.964901e+02
2.020000e-06	2.486675e-06	3.059896e-09	1.819547e+01	1.959083e+02
2.030000e-06	2.446932e-06	2.959403e-09	1.790467e+01	1.953354e+02
2.040000e-06	2.406469e-06	2.963414e-09	1.760859e+01	1.947552e+02
2.050000e-06	2.365333e-06	2.957237e-09	1.730759e+01	1.941463e+02
2.060000e-06	2.323513e-06	2.995671e-09	1.700159e+01	1.934919e+02
2.070000e-06	2.280828e-06	2.957473e-09	1.668926e+01	1.927866e+02
2.080000e-06	2.237310e-06	2.860833e-09	1.637082e+01	1.920368e+02
2.090000e-06	2.193243e-06	2.941990e-09	1.604838e+01	1.912563e+02
2.100000e-06	2.148663e-06	2.973589e-09	1.572217e+01	1.904582e+02
2.110000e-06	2.103242e-06	2.877749e-09	1.538982e+01	1.896479e+02
2.120000e-06	2.056914e-06	2.844904e-09	1.505083e+01	1.888212e+02
2.130000e-06	2.009947e-06	2.885549e-09	1.470717e+01	1.879671e+02
2.140000e-06	1.962307e-06	2.899298e-09	1.435857e+01	1.870745e+02
2.150000e-06	1.913759e-06	2.809206e-09	1.400334e+01	1.861375e+02
2.160000e-06	1.864326e-06	2.804645e-09	1.364162e+01	1.851581e+02
2.170000e-06	1.814235e-06	2.872166e-09	1.327510e+01	1.841432e+02
2.180000e-06	1.763588e-06	2.797343e-09	1.290451e+01	1.830993e+02
2.190000e-06	1.712284e-06	2.747906e-09	1.252911e+01	1.820275e+02
2.200000e-06	1.660339e-06	2.770966e-09	1.214902e+01	1.809213e+02
2.210000e-06	1.607815e-06	2.774772e-09	1.176469e+01	1.797701e+02
2.220000e-06	1.554444e-06	2.731062e-09	1.137416e+01	1.785650e+02
2.230000e-06	1.499991e-06	2.683432e-09	1.097572e+01	1.773040e+02
2.240000e-06	1.444664e-06	2.706389e-09	1.057088e+01	1.759941e+02
2.250000e-06	1.388850e-06	2.687628e-09	1.016248e+01	1.746474e+02
2.260000e-06	1.332732e-06	2.630722e-09	9.751853e+00	1.732738e+02
2.270000e-06	1.276342e-06	2.627241e-09	9.339237e+00	1.718738e+02
2.280000e-06	1.219576e-06	2.621718e-09	8.923867e+00	1.704354e+02
2.290000e-06	1.162236e-06	2.586888e-09	8.504298e+00	1.689377e+02
2.300000e-06	1.104474e-06	2.555123e-09	8.081644e+00	1.673591e+02
2.310000e-06	1.046456e-06	2.540988e-09	7.657115e+00	1.656875e+02
2.320000e-06	9.881186e-07	2.518849e-09	7.230252e+00	1.639252e+02
2.330000e-06	9.293491e-07	2.470828e-09	6.800224e+00	1.620879e+02
2.340000e-06	8.701472e-07	2.444270e-09	6.367033e+00	1.601955e+02
2.350000e-06	8.106418e-07	2.424887e-09	5.931620e+00	1.582614e+02
2.360000e-06	7.509088e-07	2.387639e-09	5.494542e+00	1.562828e+02
2.370000e-06	6.910423e-07	2.361415e-09	5.056488e+00	1.542405e+02
2.380000e-06	6.310691e-07	2.332290e-09	4.617653e+00	1.521054e+02
2.390000e-06	5.709897e-07	2.294039e-09	4.178040e+00	1.498514e+02
2.400000e-06	5.108052e-07	2.253136e-09	3.737658e+00	1.474667e+02
2.410000e-06	4.505071e-07	2.220638e-09	3.296446e+00	1.449578e+02
2.420000e-06	3.900699e-07	2.185987e-09	2.854215e+00	1.423448e+02
2.430000e-06	3.295281e-07	2.135834e-09	2.411220e+00	1.396489e+02
2.440000e-06	2.689750e-07	2.095426e-09	1.968141e+00	1.368783e+02
2.450000e-06	2.083581e-07	2.058369e-09	1.524596e+00	1.340201e+02
2.460000e-06	1.475569e-07	2.010371e-09	1.079702e+00	1.310421e+02
2.470000e-06	8.663786e-08	1.959278e-09	6.339457e-01	1.279033e+02
2.480000e-06	2.577739e-08	1.913214e-09	1.886180e-01	1.245680e+02
2.490000e-06	-3.503426e-08	1.863211e-09	-2.563523e-01	1.210163e+02
2.500000e-06	-9.590510e-08	1.804451e-09	-7.017559e-01	1.172444e+02
2.510000e-06	-1.567821e-07	1.744031e-09	-1.147205e+00	1.132556e+02
2.520000e-06	-2.175729e-07	1.679675e-09	-1.592022e+00	1.090448e+02
2.530000e-06	-2.783330e-07	1.607573e-09	-2.036615e+00	1.045869e+02
2.540000e-06	-3.390373e-07	1.530278e-09	-2.480800e+00	9.983361e+01
2.550000e-06	-3.995987e-07	1.450825e-09	-2.923940e+00	9.472160e+01
2.560000e-06	-4.600262e-07	1.367314e-09	-3.366099e+00	8.918741e+01
2.570000e-06	-5.203031e-07	1.279078e-09	-3.807156e+00	8.317953e+01
2.580000e-06	-5.804869e-07	1.180607e-09	-4.247533e+00	7.665921e+01
2.590000e-06	-6.406133e-07	1.072225e-09	-4.687489e+00	6.958672e+01
2.600000e-06	-7.006111e-07	9.544805e-10	-5.126504e+00	6.189814e+01
2.610000e-06	-7.604630e-07	8.260179e-10	-5.564452e+00	5.348537e+01
2.620000e-06	-8.201193e-07	6.829125e-10	-6.000969e+00	4.419392e+01
2.630000e-06	-8.795189e-07	5.218481e-10	-6.435607e+00	3.384848e+01
2.640000e-06	-9.385412e-07	3.494763e-10	-6.867484e+00	2.230513e+01
2.650000e-06	-9.971253e-07	1.606158e-10	-7.296155e+00	9.517181e+00
2.660000e-06	-1.055358e-06	-4.956172e-11	-7.722256e+00	-4.407615e+00
2.670000e-06	-1.113263e-06	-2.755354e-10	-8.145958e+00	-1.918104e+01
2.680000e-06	-1.170721e-06	-5.085595e-10	-8.566386e+00	-3.435400e+01
2.690000e-06	-1.227660e-06	-7.415221e-10	-8.983022e+00	-4.938132e+01
2.700000e-06	-1.284194e-06	-9.653171e-10	-9.396691e+00	-6.371576e+01
2.710000e-06	-1.340388e-06	-1.168677e-09	-9.807875e+00	-7.690495e+01
2.720000e-06	-1.396228e-06	-1.348588e-09	-1.021647e+01	-8.866360e+01
2.730000e-06	-1.451701e-06	-1.505801e-09	-1.062237e+01	-9.890208e+01
2.740000e-06	-1.506493e-06	-1.640745e-09	-1.102330e+01	-1.077071e+02
2.750000e-06	-1.560314e-06	-1.757853e-09	-1.141711e+01	-1.152857e+02
2.760000e-06	-1.613312e-06	-1.863718e-09	-1.180491e+01	-1.218934e+02
2.770000e-06	-1.665666e-06	-1.957708e-09	-1.218800e+01	-1.277696e+02
2.780000e-06	-1.717450e-06	-2.038565e-09	-1.256691e+01	-1.330976e+02
2.790000e-06	-1.768590e-06	-2.112118e-09	-1.294111e+01	-1.379930e+02
2.800000e-06	-1.819073e-06	-2.182206e-09	-1.331050e+01	-1.425167e+02
2.810000e-06	-1.868905e-06	-2.245208e-09	-1.367513e+01	-1.466984e+02
2.820000e-06	-1.917837e-06	-2.304100e-09	-1.403318e+01	-1.505593e+02
2.830000e-06	-1.965706e-06	-2.363835e-09	-1.438345e+01	-1.541246e+02
2.840000e-06	-2.012720e-06	-2.419408e-09	-1.472745e+01	-1.574246e+02
2.850000e-06	-2.059184e-06	-2.466401e-09	-1.506744e+01	-1.604895e+02
2.860000e-06	-2.105105e-06	-2.510982e-09	-1.540345e+01	-1.633423e+02
2.870000e-06	-2.150306e-06	-2.556419e-09	-1.573420e+01	-1.659976e+02
2.880000e-06	-2.194825e-06	-2.594984e-09	-1.605995e+01	-1.684642e+02
2.890000e-06	-2.238780e-06	-2.627485e-09	-1.638158e+01	-1.707520e+02
2.900000e-06	-2.282085e-06	-2.663662e-09	-1.669845e+01	-1.728769e+02
2.910000e-06	-2.324614e-06	-2.699398e-09	-1.700964e+01	-1.748610e+02
2.920000e-06	-2.366307e-06	-2.727692e-09	-1.731472e+01	-1.767289e+02
2.930000e-06	-2.407137e-06	-2.756269e-09	-1.761348e+01	-1.785010e+02
2.940000e-06	-2.447300e-06	-2.787282e-09	-1.790736e+01	-1.801882e+02
2.950000e-06	-2.486686e-06	-2.812726e-09	-1.819556e+01	-1.817909e+02
2.960000e-06	-2.524872e-06	-2.832725e-09	-1.847497e+01	-1.833030e+02
2.970000e-06	-2.561880e-06	-2.855570e-09	-1.874577e+01	-1.847186e+02
2.980000e-06	-2.598068e-06	-2.879287e-09	-1.901055e+01	-1.860372e+02
2.990000e-06	-2.633500e-06	-2.897243e-09	-1.926982e+01	-1.872672e+02
3.000000e-06	-2.668027e-06	-2.913435e-09	-1.952246e+01	-1.884231e+02
3.010000e-06	-2.701583e-06	-2.932107e-09	-1.976800e+01	-1.895205e+02
3.020000e-06	-2.734232e-06	-2.949782e-09	-2.000690e+01	-1.905713e+02
3.030000e-06	-2.766165e-06	-2.965271e-09	-2.024056e+01	-1.915805e+02
3.040000e-06	-2.797086e-06	-2.982903e-09	-2.046681e+01	-1.925470e+02
3.050000e-06	-2.826592e-06	-2.998159e-09	-2.068271e+01	-1.934676e+02
3.060000e-06	-2.854997e-06	-3.009036e-09	-2.089056e+01	-1.943408e+02
3.070000e-06	-2.882570e-06	-3.019751e-09	-2.109231e+01	-1.951688e+02
3.080000e-06	-2.909164e-06	-3.032438e-09	-2.128691e+01	-1.959574e+02
3.090000e-06	-2.934664e-06	-3.044786e-09	-2.147349e+01	-1.967120e+02
3.100000e-06	-2.959222e-06	-3.055699e-09	-2.165319e+01	-1.974347e+02
3.110000e-06	-2.983013e-06	-3.067235e-09	-2.182727e+01	-1.981221e+02
3.120000e-06	-3.005629e-06	-3.076225e-09	-2.199276e+01	-1.987672e+02
3.130000e-06	-3.026860e-06	-3.083675e-09	-2.214811e+01	-1.993629e+02
3.140000e-06	-3.047082e-06	-3.091171e-09	-2.229608e+01	-1.999061e+02
3.150000e-06	-3.066370e-06	-3.098553e-09	-2.243721e+01	-2.004005e+02
3.160000e-06	-3.084603e-06	-3.104581e-09	-2.257062e+01	-2.008558e+02
3.170000e-06	-3.101783e-06	-3.110579e-09	-2.269633e+01	-2.012838e+02
3.180000e-06	-3.118055e-06	-3.116221e-09	-2.281540e+01	-2.016941e+02
3.190000e-06	-3.133091e-06	-3.122627e-09	-2.292543e+01	-2.020898e+02
3.200000e-06	-3.146488e-06	-3.129872e-09	-2.302345e+01	-2.024672e+02
3.210000e-06	-3.158571e-06	-3.137036e-09	-2.311187e+01	-2.028184e+02
3.220000e-06	-3.169552e-06	-3.141586e-09	-2.319222e+01	-2.031350e+02
3.230000e-06	-3.179401e-06	-3.143188e-09	-2.326428e+01	-2.034135e+02
3.240000e-06	-3.188211e-06	-3.146237e-09	-2.332874e+01	-2.036566e+02
3.250000e-06	-3.196083e-06	-3.151054e-09	-2.338634e+01	-2.038725e+02
3.260000e-06	-3.202681e-06	-3.153962e-09	-2.343463e+01	-2.040713e+02
3.270000e-06	-3.207833e-06	-3.154607e-09	-2.347233e+01	-2.042610e+02
3.280000e-06	-3.211906e-06	-3.157712e-09	-2.350213e+01	-2.044437e+02
3.290000e-06	-3.215020e-06	-3.160686e-09	-2.352492e+01	-2.046153e+02
3.300000e-06	-3.217084e-06	-3.161874e-09	-2.354002e+01	-2.047670e+02
3.310000e-06	-3.218086e-06	-3.161481e-09	-2.354735e+01	-2.048889e+02
