# Temperatura_=_20.0
# Concentracion g/m^3_=_4600.0
# C_Vs_to_Am_M_A/Vsm_=_65563218390.804596
# pendiente_HvsI_1/m_=_3716.3
# ordenada_HvsI_A/m_=_1297.0
# frecuencia_Hz_=_301476.654970063

Tiempo_(s)	Campo_(V.s)	Magnetizacion_(V.s)	Campo_(kA/m)	Magnetizacion_(A/m)
0.000000e+00	-3.212429e-06	-9.105349e-11	-2.354289e+01	-4.823023e+00
1.000000e-08	-3.211948e-06	-9.065740e-11	-2.353937e+01	-4.806642e+00
2.000000e-08	-3.210199e-06	-9.170424e-11	-2.352655e+01	-4.794876e+00
3.000000e-08	-3.207135e-06	-9.165379e-11	-2.350409e+01	-4.780519e+00
4.000000e-08	-3.203116e-06	-9.023312e-11	-2.347464e+01	-4.759517e+00
5.000000e-08	-3.198208e-06	-8.887291e-11	-2.343867e+01	-4.733449e+00
6.000000e-08	-3.192277e-06	-8.706042e-11	-2.339521e+01	-4.708331e+00
7.000000e-08	-3.185306e-06	-8.163782e-11	-2.334412e+01	-4.690256e+00
8.000000e-08	-3.177415e-06	-7.475749e-11	-2.328629e+01	-4.680271e+00
9.000000e-08	-3.168286e-06	-9.239233e-11	-2.321938e+01	-4.671608e+00
1.000000e-07	-3.157398e-06	-1.237582e-10	-2.313959e+01	-4.651328e+00
1.100000e-07	-3.144905e-06	-1.223863e-10	-2.304803e+01	-4.606162e+00
1.200000e-07	-3.131340e-06	-6.087337e-11	-2.294862e+01	-4.529890e+00
1.300000e-07	-3.116878e-06	-1.649659e-11	-2.284263e+01	-4.428413e+00
1.400000e-07	-3.101133e-06	-1.126162e-10	-2.272724e+01	-4.319456e+00
1.500000e-07	-3.084107e-06	-1.371044e-10	-2.260246e+01	-4.226308e+00
1.600000e-07	-3.066304e-06	-1.767573e-11	-2.247198e+01	-4.168057e+00
1.700000e-07	-3.047650e-06	-5.652905e-11	-2.233528e+01	-4.150822e+00
1.800000e-07	-3.027879e-06	-1.252402e-10	-2.219038e+01	-4.164375e+00
1.900000e-07	-3.007225e-06	-2.397608e-11	-2.203901e+01	-4.186253e+00
2.000000e-07	-2.985708e-06	-2.753852e-11	-2.188132e+01	-4.191877e+00
2.100000e-07	-2.963009e-06	-1.298466e-10	-2.171497e+01	-4.166191e+00
2.200000e-07	-2.939328e-06	-4.392879e-11	-2.154142e+01	-4.111313e+00
2.300000e-07	-2.914819e-06	-4.296220e-12	-2.136180e+01	-4.046364e+00
2.400000e-07	-2.889015e-06	-9.996931e-11	-2.117269e+01	-3.999221e+00
2.500000e-07	-2.861836e-06	-6.546991e-11	-2.097350e+01	-3.993827e+00
2.600000e-07	-2.833672e-06	-3.085465e-11	-2.076710e+01	-4.038949e+00
2.700000e-07	-2.804604e-06	-7.951259e-11	-2.055407e+01	-4.123723e+00
2.800000e-07	-2.774516e-06	-7.098495e-11	-2.033357e+01	-4.222229e+00
2.900000e-07	-2.743427e-06	-6.057242e-11	-2.010572e+01	-4.305055e+00
3.000000e-07	-2.711568e-06	-6.116252e-11	-1.987223e+01	-4.352436e+00
3.100000e-07	-2.678898e-06	-4.744710e-11	-1.963281e+01	-4.362738e+00
3.200000e-07	-2.645022e-06	-7.498368e-11	-1.938455e+01	-4.352226e+00
3.300000e-07	-2.609956e-06	-5.744752e-11	-1.912755e+01	-4.346191e+00
3.400000e-07	-2.574018e-06	-2.584516e-11	-1.886417e+01	-4.365692e+00
3.500000e-07	-2.537249e-06	-6.914948e-11	-1.859471e+01	-4.416281e+00
3.600000e-07	-2.499535e-06	-7.682676e-11	-1.831832e+01	-4.484187e+00
3.700000e-07	-2.460858e-06	-3.372071e-11	-1.803486e+01	-4.541887e+00
3.800000e-07	-2.421438e-06	-4.212732e-11	-1.774597e+01	-4.560487e+00
3.900000e-07	-2.381440e-06	-6.446294e-11	-1.745284e+01	-4.523058e+00
4.000000e-07	-2.340579e-06	-6.057826e-11	-1.715337e+01	-4.432609e+00
4.100000e-07	-2.298506e-06	-4.678495e-11	-1.684504e+01	-4.310875e+00
4.200000e-07	-2.255338e-06	-3.765863e-11	-1.652867e+01	-4.188494e+00
4.300000e-07	-2.211450e-06	-5.680856e-11	-1.620703e+01	-4.091164e+00
4.400000e-07	-2.166891e-06	-4.959518e-11	-1.588047e+01	-4.028292e+00
4.500000e-07	-2.121544e-06	-2.291668e-11	-1.554814e+01	-3.989390e+00
4.600000e-07	-2.075461e-06	-3.864572e-11	-1.521041e+01	-3.949815e+00
4.700000e-07	-2.028671e-06	-6.339095e-11	-1.486750e+01	-3.883026e+00
4.800000e-07	-1.981215e-06	-4.286268e-11	-1.451971e+01	-3.773547e+00
4.900000e-07	-1.933122e-06	-2.477636e-11	-1.416725e+01	-3.624530e+00
5.000000e-07	-1.884167e-06	-4.688528e-11	-1.380847e+01	-3.456443e+00
5.100000e-07	-1.834109e-06	-5.245052e-11	-1.344161e+01	-3.297564e+00
5.200000e-07	-1.783096e-06	-2.798508e-11	-1.306775e+01	-3.170721e+00
5.300000e-07	-1.731405e-06	-2.115349e-11	-1.268893e+01	-3.082415e+00
5.400000e-07	-1.679055e-06	-3.895022e-11	-1.230527e+01	-3.019256e+00
5.500000e-07	-1.626068e-06	-4.058486e-11	-1.191695e+01	-2.953290e+00
5.600000e-07	-1.572527e-06	-3.071083e-11	-1.152456e+01	-2.853804e+00
5.700000e-07	-1.518371e-06	-3.161125e-11	-1.112767e+01	-2.700422e+00
5.800000e-07	-1.463556e-06	-3.321166e-11	-1.072595e+01	-2.491913e+00
5.900000e-07	-1.408280e-06	-2.090658e-11	-1.032084e+01	-2.247132e+00
6.000000e-07	-1.352719e-06	-1.486788e-11	-9.913656e+00	-1.997974e+00
6.100000e-07	-1.296862e-06	-2.239939e-11	-9.504295e+00	-1.777462e+00
6.200000e-07	-1.240609e-06	-1.810582e-11	-9.092037e+00	-1.607856e+00
6.300000e-07	-1.183800e-06	-1.001827e-11	-8.675701e+00	-1.493275e+00
6.400000e-07	-1.126362e-06	-1.044883e-11	-8.254755e+00	-1.419215e+00
6.500000e-07	-1.068238e-06	-1.112884e-11	-7.828783e+00	-1.358565e+00
6.600000e-07	-1.009484e-06	-6.908122e-12	-7.398195e+00	-1.281393e+00
6.700000e-07	-9.503114e-07	-5.747358e-12	-6.964536e+00	-1.164824e+00
6.800000e-07	-8.908405e-07	-5.605783e-12	-6.528692e+00	-9.998116e-01
6.900000e-07	-8.311853e-07	-4.788004e-13	-6.091498e+00	-7.930792e-01
7.000000e-07	-7.714244e-07	2.553218e-12	-5.653530e+00	-5.642453e-01
7.100000e-07	-7.115402e-07	2.718194e-12	-5.214657e+00	-3.395303e-01
7.200000e-07	-6.514864e-07	8.660481e-12	-4.774541e+00	-1.440989e-01
7.300000e-07	-5.912380e-07	1.793381e-11	-4.332999e+00	4.867328e-03
7.400000e-07	-5.307581e-07	1.834283e-11	-3.889761e+00	1.026747e-01
7.500000e-07	-4.700888e-07	1.463124e-11	-3.445135e+00	1.581314e-01
7.600000e-07	-4.092004e-07	1.570181e-11	-2.998902e+00	1.907694e-01
7.700000e-07	-3.480866e-07	1.742021e-11	-2.551019e+00	2.248660e-01
7.800000e-07	-2.868296e-07	1.579614e-11	-2.102085e+00	2.817887e-01
7.900000e-07	-2.254982e-07	1.780954e-11	-1.652606e+00	3.729231e-01
8.000000e-07	-1.641394e-07	2.302611e-11	-1.202926e+00	4.956034e-01
8.100000e-07	-1.026784e-07	2.406185e-11	-7.524980e-01	6.337866e-01
8.200000e-07	-4.118637e-08	2.449546e-11	-3.018421e-01	7.636826e-01
8.300000e-07	2.030044e-08	2.601454e-11	1.487756e-01	8.626544e-01
8.400000e-07	8.182599e-08	2.689515e-11	5.996772e-01	9.181721e-01
8.500000e-07	1.433489e-07	2.671251e-11	1.050559e+00	9.332313e-01
8.600000e-07	2.048279e-07	2.739648e-11	1.501120e+00	9.257775e-01
8.700000e-07	2.662236e-07	2.767237e-11	1.951070e+00	9.220074e-01
8.800000e-07	3.275276e-07	2.682329e-11	2.400347e+00	9.460417e-01
8.900000e-07	3.887431e-07	2.693623e-11	2.848977e+00	1.010181e+00
9.000000e-07	4.498400e-07	2.846769e-11	3.296737e+00	1.109930e+00
9.100000e-07	5.107162e-07	3.054337e-11	3.742880e+00	1.226057e+00
9.200000e-07	5.713458e-07	3.121247e-11	4.187215e+00	1.332938e+00
9.300000e-07	6.317135e-07	3.227643e-11	4.629631e+00	1.409605e+00
9.400000e-07	6.918577e-07	3.444476e-11	5.070410e+00	1.448682e+00
9.500000e-07	7.518324e-07	3.616885e-11	5.509945e+00	1.459254e+00
9.600000e-07	8.116382e-07	3.650371e-11	5.948243e+00	1.462442e+00
9.700000e-07	8.712978e-07	3.592071e-11	6.385471e+00	1.481788e+00
9.800000e-07	9.307572e-07	3.509413e-11	6.821230e+00	1.532873e+00
9.900000e-07	9.899604e-07	3.559228e-11	7.255112e+00	1.616927e+00
1.000000e-06	1.048733e-06	3.833258e-11	7.685841e+00	1.721234e+00
1.010000e-06	1.106940e-06	4.086832e-11	8.112417e+00	1.825954e+00
1.020000e-06	1.164398e-06	4.103492e-11	8.533513e+00	1.913950e+00
1.030000e-06	1.221090e-06	3.913819e-11	8.948988e+00	1.978878e+00
1.040000e-06	1.277243e-06	3.804017e-11	9.360518e+00	2.027753e+00
1.050000e-06	1.333018e-06	3.834669e-11	9.769272e+00	2.076920e+00
1.060000e-06	1.388547e-06	4.069595e-11	1.017623e+01	2.143604e+00
1.070000e-06	1.443687e-06	4.316781e-11	1.058033e+01	2.237292e+00
1.080000e-06	1.498330e-06	4.494459e-11	1.098079e+01	2.355206e+00
1.090000e-06	1.552453e-06	4.684554e-11	1.137744e+01	2.484043e+00
1.100000e-06	1.606024e-06	4.841677e-11	1.177005e+01	2.607033e+00
1.110000e-06	1.659090e-06	4.954360e-11	1.215896e+01	2.712731e+00
1.120000e-06	1.711520e-06	5.127388e-11	1.254320e+01	2.801169e+00
1.130000e-06	1.763217e-06	5.325883e-11	1.292207e+01	2.884271e+00
1.140000e-06	1.814194e-06	5.320568e-11	1.329566e+01	2.980312e+00
1.150000e-06	1.864308e-06	5.377630e-11	1.366293e+01	3.105075e+00
1.160000e-06	1.913361e-06	5.570843e-11	1.402243e+01	3.263979e+00
1.170000e-06	1.961516e-06	5.989945e-11	1.437534e+01	3.448913e+00
1.180000e-06	2.009067e-06	6.411055e-11	1.472383e+01	3.641259e+00
1.190000e-06	2.056011e-06	6.648496e-11	1.506787e+01	3.819616e+00
1.200000e-06	2.102277e-06	6.858450e-11	1.540694e+01	3.968587e+00
1.210000e-06	2.147827e-06	6.906951e-11	1.574075e+01	4.084617e+00
1.220000e-06	2.192596e-06	6.858728e-11	1.606885e+01	4.176395e+00
1.230000e-06	2.236685e-06	6.968777e-11	1.639197e+01	4.259976e+00
1.240000e-06	2.280250e-06	7.243664e-11	1.671124e+01	4.351165e+00
1.250000e-06	2.323009e-06	7.554816e-11	1.702461e+01	4.458795e+00
1.260000e-06	2.364595e-06	7.807016e-11	1.732938e+01	4.581822e+00
1.270000e-06	2.405063e-06	8.066751e-11	1.762596e+01	4.711122e+00
1.280000e-06	2.444663e-06	8.298352e-11	1.791617e+01	4.834622e+00
1.290000e-06	2.483547e-06	8.314085e-11	1.820114e+01	4.942981e+00
1.300000e-06	2.521677e-06	8.258111e-11	1.848059e+01	5.033107e+00
1.310000e-06	2.558962e-06	8.275787e-11	1.875383e+01	5.108158e+00
1.320000e-06	2.595373e-06	8.450642e-11	1.902068e+01	5.174581e+00
1.330000e-06	2.631018e-06	8.780223e-11	1.928192e+01	5.238107e+00
1.340000e-06	2.665844e-06	9.007248e-11	1.953714e+01	5.300913e+00
1.350000e-06	2.699456e-06	9.108658e-11	1.978347e+01	5.361219e+00
1.360000e-06	2.731812e-06	9.200128e-11	2.002060e+01	5.415145e+00
1.370000e-06	2.763250e-06	9.216624e-11	2.025100e+01	5.459446e+00
1.380000e-06	2.793841e-06	9.172456e-11	2.047519e+01	5.493431e+00
1.390000e-06	2.823543e-06	9.190704e-11	2.069286e+01	5.519060e+00
1.400000e-06	2.852328e-06	9.367670e-11	2.090382e+01	5.539383e+00
1.410000e-06	2.880227e-06	9.602730e-11	2.110829e+01	5.556502e+00
1.420000e-06	2.907238e-06	9.692930e-11	2.130624e+01	5.570418e+00
1.430000e-06	2.932990e-06	9.660660e-11	2.149497e+01	5.579495e+00
1.440000e-06	2.957382e-06	9.699258e-11	2.167373e+01	5.582169e+00
1.450000e-06	2.980738e-06	9.878927e-11	2.184490e+01	5.578693e+00
1.460000e-06	3.003160e-06	1.003767e-10	2.200922e+01	5.571583e+00
1.470000e-06	3.024588e-06	1.002780e-10	2.216626e+01	5.564255e+00
1.480000e-06	3.045064e-06	9.946387e-11	2.231633e+01	5.558464e+00
1.490000e-06	3.064661e-06	9.852238e-11	2.245995e+01	5.552086e+00
1.500000e-06	3.083219e-06	9.680122e-11	2.259595e+01	5.538810e+00
1.510000e-06	3.100550e-06	9.536669e-11	2.272297e+01	5.510374e+00
1.520000e-06	3.116710e-06	9.488452e-11	2.284140e+01	5.460574e+00
1.530000e-06	3.131784e-06	9.393740e-11	2.295187e+01	5.389106e+00
1.540000e-06	3.145719e-06	9.261594e-11	2.305399e+01	5.303163e+00
1.550000e-06	3.158477e-06	9.189722e-11	2.314750e+01	5.215619e+00
1.560000e-06	3.170062e-06	9.177213e-11	2.323240e+01	5.140343e+00
1.570000e-06	3.180304e-06	9.145200e-11	2.330746e+01	5.086687e+00
1.580000e-06	3.189072e-06	9.096918e-11	2.337172e+01	5.055773e+00
1.590000e-06	3.196656e-06	9.069603e-11	2.342730e+01	5.040397e+00
1.600000e-06	3.203211e-06	8.985695e-11	2.347533e+01	5.028682e+00
1.610000e-06	3.208624e-06	8.740896e-11	2.351501e+01	5.009700e+00
1.620000e-06	3.212989e-06	8.443838e-11	2.354700e+01	4.978340e+00
1.630000e-06	3.216413e-06	8.300006e-11	2.357209e+01	4.937061e+00
1.640000e-06	3.218648e-06	8.330578e-11	2.358847e+01	4.893786e+00
1.650000e-06	3.219512e-06	8.320838e-11	2.359480e+01	4.857197e+00
1.660000e-06	3.219240e-06	8.272697e-11	2.359281e+01	4.831994e+00
1.670000e-06	3.217933e-06	8.059292e-11	2.358323e+01	4.816669e+00
1.680000e-06	3.215564e-06	7.752436e-11	2.356587e+01	4.804904e+00
1.690000e-06	3.212232e-06	7.728207e-11	2.354145e+01	4.789682e+00
1.700000e-06	3.208063e-06	7.821731e-11	2.351090e+01	4.767683e+00
1.710000e-06	3.202917e-06	7.824900e-11	2.347318e+01	4.741280e+00
1.720000e-06	3.196496e-06	7.881926e-11	2.342613e+01	4.716819e+00
1.730000e-06	3.188894e-06	9.007161e-11	2.337041e+01	4.699963e+00
1.740000e-06	3.180379e-06	8.546539e-11	2.330801e+01	4.690723e+00
1.750000e-06	3.170686e-06	4.492726e-11	2.323697e+01	4.681235e+00
1.760000e-06	3.159267e-06	2.225109e-11	2.315329e+01	4.658083e+00
1.770000e-06	3.145978e-06	7.510166e-11	2.305589e+01	4.608564e+00
1.780000e-06	3.131543e-06	1.427901e-10	2.295010e+01	4.527979e+00
1.790000e-06	3.116746e-06	5.578204e-11	2.284166e+01	4.424083e+00
1.800000e-06	3.101088e-06	-8.155503e-12	2.272691e+01	4.315901e+00
1.810000e-06	3.084025e-06	1.138274e-10	2.260186e+01	4.226751e+00
1.820000e-06	3.066080e-06	1.160429e-10	2.247035e+01	4.174320e+00
1.830000e-06	3.047504e-06	-4.584352e-12	2.233421e+01	4.162431e+00
1.840000e-06	3.027857e-06	9.446826e-11	2.219022e+01	4.178685e+00
1.850000e-06	3.007117e-06	1.715211e-10	2.203823e+01	4.199600e+00
1.860000e-06	2.985350e-06	5.337930e-12	2.187870e+01	4.201282e+00
1.870000e-06	2.962201e-06	3.406004e-11	2.170905e+01	4.170813e+00
1.880000e-06	2.937835e-06	1.486086e-10	2.153048e+01	4.112957e+00
1.890000e-06	2.912506e-06	3.674918e-11	2.134485e+01	4.048750e+00
1.900000e-06	2.885992e-06	3.160129e-11	2.115054e+01	4.006316e+00
1.910000e-06	2.858429e-06	1.078026e-10	2.094853e+01	4.008009e+00
1.920000e-06	2.830076e-06	4.278776e-11	2.074075e+01	4.059860e+00
1.930000e-06	2.800617e-06	4.436900e-11	2.052485e+01	4.148368e+00
1.940000e-06	2.769865e-06	6.923586e-11	2.029948e+01	4.246301e+00
1.950000e-06	2.738032e-06	6.128540e-11	2.006619e+01	4.324865e+00
1.960000e-06	2.705170e-06	1.071631e-10	1.982535e+01	4.366541e+00
1.970000e-06	2.671432e-06	6.041954e-11	1.957809e+01	4.372491e+00
1.980000e-06	2.636872e-06	3.312456e-11	1.932481e+01	4.360977e+00
1.990000e-06	2.601427e-06	1.217882e-10	1.906505e+01	4.357523e+00
2.000000e-06	2.565306e-06	7.102673e-11	1.880033e+01	4.381535e+00
2.010000e-06	2.528268e-06	3.120955e-11	1.852889e+01	4.435821e+00
2.020000e-06	2.489886e-06	1.105179e-10	1.824760e+01	4.504097e+00
2.030000e-06	2.450392e-06	8.617263e-11	1.795816e+01	4.557791e+00
2.040000e-06	2.410137e-06	5.621602e-11	1.766314e+01	4.568963e+00
2.050000e-06	2.369175e-06	6.314949e-11	1.736294e+01	4.523237e+00
2.060000e-06	2.327489e-06	7.339964e-11	1.705744e+01	4.426599e+00
2.070000e-06	2.285046e-06	9.638817e-11	1.674639e+01	4.302816e+00
2.080000e-06	2.241819e-06	4.364557e-11	1.642959e+01	4.182682e+00
2.090000e-06	2.197952e-06	3.821995e-11	1.610811e+01	4.090125e+00
2.100000e-06	2.153534e-06	1.020214e-10	1.578258e+01	4.031709e+00
2.110000e-06	2.108327e-06	7.343534e-11	1.545127e+01	3.994372e+00
2.120000e-06	2.062200e-06	3.175959e-11	1.511322e+01	3.952361e+00
2.130000e-06	2.015363e-06	5.196272e-11	1.476997e+01	3.879989e+00
2.140000e-06	1.967920e-06	7.488817e-11	1.442227e+01	3.764163e+00
2.150000e-06	1.919666e-06	5.535807e-11	1.406863e+01	3.610810e+00
2.160000e-06	1.870523e-06	2.618026e-11	1.370848e+01	3.442246e+00
2.170000e-06	1.820683e-06	5.794011e-11	1.334322e+01	3.286791e+00
2.180000e-06	1.770221e-06	6.845212e-11	1.297340e+01	3.165480e+00
2.190000e-06	1.719096e-06	2.891297e-11	1.259872e+01	3.081980e+00
2.200000e-06	1.667345e-06	2.894089e-11	1.221945e+01	3.020300e+00
2.210000e-06	1.614990e-06	4.806099e-11	1.183576e+01	2.951275e+00
2.220000e-06	1.561832e-06	4.458032e-11	1.144618e+01	2.844911e+00
2.230000e-06	1.507685e-06	2.128621e-11	1.104935e+01	2.683188e+00
2.240000e-06	1.452663e-06	2.316054e-11	1.064612e+01	2.467888e+00
2.250000e-06	1.397062e-06	3.962529e-11	1.023863e+01	2.220319e+00
2.260000e-06	1.341100e-06	1.957194e-11	9.828503e+00	1.973323e+00
2.270000e-06	1.284815e-06	7.537810e-12	9.416011e+00	1.759050e+00
2.280000e-06	1.228162e-06	1.586837e-11	9.000818e+00	1.597473e+00
2.290000e-06	1.171070e-06	1.194194e-11	8.582409e+00	1.489910e+00
2.300000e-06	1.113540e-06	8.171604e-12	8.160787e+00	1.419564e+00
2.310000e-06	1.055649e-06	1.094008e-11	7.736524e+00	1.358277e+00
2.320000e-06	9.974281e-07	1.346628e-11	7.309840e+00	1.276565e+00
2.330000e-06	9.388597e-07	6.905729e-12	6.880611e+00	1.153215e+00
2.340000e-06	8.799439e-07	-1.110935e-12	6.448835e+00	9.814370e-01
2.350000e-06	8.206969e-07	-7.419848e-13	6.014632e+00	7.700700e-01
2.360000e-06	7.611458e-07	-6.468071e-12	5.578201e+00	5.401170e-01
2.370000e-06	7.013591e-07	-1.028075e-11	5.140042e+00	3.181211e-01
2.380000e-06	6.414422e-07	-6.670198e-12	4.700930e+00	1.284899e-01
2.390000e-06	5.814441e-07	-9.482128e-12	4.261223e+00	-1.317644e-02
2.400000e-06	5.213491e-07	-1.352658e-11	3.820805e+00	-1.041400e-01
2.410000e-06	4.611635e-07	-1.245164e-11	3.379724e+00	-1.549964e-01
2.420000e-06	4.008775e-07	-1.088374e-11	2.937907e+00	-1.863814e-01
2.430000e-06	3.404691e-07	-1.652759e-11	2.495192e+00	-2.226385e-01
2.440000e-06	2.799780e-07	-2.015295e-11	2.051871e+00	-2.840974e-01
2.450000e-06	2.194013e-07	-1.549586e-11	1.607924e+00	-3.802880e-01
2.460000e-06	1.587385e-07	-1.586208e-11	1.163345e+00	-5.064706e-01
2.470000e-06	9.794062e-08	-2.056290e-11	7.177763e-01	-6.450471e-01
2.480000e-06	3.706224e-08	-2.201826e-11	2.716176e-01	-7.718065e-01
2.490000e-06	-2.382587e-08	-2.181887e-11	-1.746124e-01	-8.650528e-01
2.500000e-06	-8.467959e-08	-2.465871e-11	-6.205903e-01	-9.142644e-01
2.510000e-06	-1.454436e-07	-2.731835e-11	-1.065911e+00	-9.247619e-01
2.520000e-06	-2.061605e-07	-2.645750e-11	-1.510886e+00	-9.162022e-01
2.530000e-06	-2.668154e-07	-2.638276e-11	-1.955407e+00	-9.151545e-01
2.540000e-06	-3.274047e-07	-2.873792e-11	-2.399447e+00	-9.445760e-01
2.550000e-06	-3.878871e-07	-3.077720e-11	-2.842704e+00	-1.014520e+00
2.560000e-06	-4.482271e-07	-3.152633e-11	-3.284917e+00	-1.118091e+00
2.570000e-06	-5.084294e-07	-3.118879e-11	-3.726121e+00	-1.234522e+00
2.580000e-06	-5.684998e-07	-3.177760e-11	-4.166358e+00	-1.338171e+00
2.590000e-06	-6.284881e-07	-3.432335e-11	-4.605993e+00	-1.409575e+00
2.600000e-06	-6.884170e-07	-3.617362e-11	-5.045194e+00	-1.443706e+00
2.610000e-06	-7.482218e-07	-3.556069e-11	-5.483485e+00	-1.451797e+00
2.620000e-06	-8.077806e-07	-3.403295e-11	-5.919972e+00	-1.455977e+00
2.630000e-06	-8.669981e-07	-3.602082e-11	-6.353959e+00	-1.479240e+00
2.640000e-06	-9.258280e-07	-3.788061e-11	-6.785105e+00	-1.535367e+00
2.650000e-06	-9.843294e-07	-3.650046e-11	-7.213844e+00	-1.623399e+00
2.660000e-06	-1.042515e-06	-3.578400e-11	-7.640268e+00	-1.729068e+00
2.670000e-06	-1.100310e-06	-3.791515e-11	-8.063830e+00	-1.832308e+00
2.680000e-06	-1.157672e-06	-4.103377e-11	-8.484220e+00	-1.917124e+00
2.690000e-06	-1.214567e-06	-4.275025e-11	-8.901184e+00	-1.979083e+00
2.700000e-06	-1.271021e-06	-4.385442e-11	-9.314916e+00	-2.026918e+00
2.710000e-06	-1.327134e-06	-4.496606e-11	-9.726153e+00	-2.077674e+00
2.720000e-06	-1.382970e-06	-4.642814e-11	-1.013535e+01	-2.147942e+00
2.730000e-06	-1.438417e-06	-4.788451e-11	-1.054171e+01	-2.245598e+00
2.740000e-06	-1.493261e-06	-4.821625e-11	-1.094365e+01	-2.366105e+00
2.750000e-06	-1.547237e-06	-4.912095e-11	-1.133921e+01	-2.495145e+00
2.760000e-06	-1.600307e-06	-5.140387e-11	-1.172815e+01	-2.616184e+00
2.770000e-06	-1.652704e-06	-5.350167e-11	-1.211215e+01	-2.719154e+00
2.780000e-06	-1.704501e-06	-5.446711e-11	-1.249176e+01	-2.805911e+00
2.790000e-06	-1.755675e-06	-5.621336e-11	-1.286679e+01	-2.889742e+00
2.800000e-06	-1.806214e-06	-5.957438e-11	-1.323718e+01	-2.989134e+00
2.810000e-06	-1.856144e-06	-6.129105e-11	-1.360310e+01	-3.118796e+00
2.820000e-06	-1.905261e-06	-6.232028e-11	-1.396306e+01	-3.282263e+00
2.830000e-06	-1.953315e-06	-6.586573e-11	-1.431524e+01	-3.469602e+00
2.840000e-06	-2.000448e-06	-6.993049e-11	-1.466066e+01	-3.661252e+00
2.850000e-06	-2.046917e-06	-7.089643e-11	-1.500122e+01	-3.836161e+00
2.860000e-06	-2.092843e-06	-7.076410e-11	-1.533779e+01	-3.980378e+00
2.870000e-06	-2.138100e-06	-7.355789e-11	-1.566947e+01	-4.092210e+00
2.880000e-06	-2.182629e-06	-7.727522e-11	-1.599581e+01	-4.181796e+00
2.890000e-06	-2.226594e-06	-7.845705e-11	-1.631801e+01	-4.265642e+00
2.900000e-06	-2.269904e-06	-7.909544e-11	-1.663542e+01	-4.358902e+00
2.910000e-06	-2.312458e-06	-8.083861e-11	-1.694728e+01	-4.469067e+00
2.920000e-06	-2.354276e-06	-8.134743e-11	-1.725375e+01	-4.593725e+00
2.930000e-06	-2.395241e-06	-8.102759e-11	-1.755397e+01	-4.722972e+00
2.940000e-06	-2.435465e-06	-8.368483e-11	-1.784877e+01	-4.844800e+00
2.950000e-06	-2.474952e-06	-8.809916e-11	-1.813815e+01	-4.950625e+00
2.960000e-06	-2.513328e-06	-9.020254e-11	-1.841940e+01	-5.038328e+00
2.970000e-06	-2.550485e-06	-9.194420e-11	-1.869171e+01	-5.111769e+00
2.980000e-06	-2.586738e-06	-9.422439e-11	-1.895739e+01	-5.177531e+00
2.990000e-06	-2.622248e-06	-9.485321e-11	-1.921764e+01	-5.240964e+00
3.000000e-06	-2.656909e-06	-9.361734e-11	-1.947166e+01	-5.303643e+00
3.010000e-06	-2.690583e-06	-9.291780e-11	-1.971845e+01	-5.363332e+00
3.020000e-06	-2.723311e-06	-9.400988e-11	-1.995830e+01	-5.416079e+00
3.030000e-06	-2.755232e-06	-9.552599e-11	-2.019223e+01	-5.458921e+00
3.040000e-06	-2.786220e-06	-9.764423e-11	-2.041934e+01	-5.491587e+00
3.050000e-06	-2.815960e-06	-9.925680e-11	-2.063730e+01	-5.516315e+00
3.060000e-06	-2.844537e-06	-9.868415e-11	-2.084673e+01	-5.536138e+00
3.070000e-06	-2.872224e-06	-9.793223e-11	-2.104964e+01	-5.552893e+00
3.080000e-06	-2.898931e-06	-9.732160e-11	-2.124536e+01	-5.566281e+00
3.090000e-06	-2.924575e-06	-9.670667e-11	-2.143330e+01	-5.574555e+00
3.100000e-06	-2.949260e-06	-9.682084e-11	-2.161420e+01	-5.576322e+00
3.110000e-06	-2.973119e-06	-9.728732e-11	-2.178906e+01	-5.572171e+00
3.120000e-06	-2.995984e-06	-9.697678e-11	-2.195664e+01	-5.564872e+00
3.130000e-06	-3.017484e-06	-9.650613e-11	-2.211420e+01	-5.557772e+00
3.140000e-06	-3.037753e-06	-9.761360e-11	-2.226274e+01	-5.552176e+00
3.150000e-06	-3.057064e-06	-9.997779e-11	-2.240427e+01	-5.545323e+00
3.160000e-06	-3.075382e-06	-1.013168e-10	-2.253852e+01	-5.530429e+00
3.170000e-06	-3.092687e-06	-9.982734e-11	-2.266534e+01	-5.499262e+00
3.180000e-06	-3.109073e-06	-9.778303e-11	-2.278543e+01	-5.446255e+00
3.190000e-06	-3.124376e-06	-9.800349e-11	-2.289758e+01	-5.372153e+00
3.200000e-06	-3.138238e-06	-9.872028e-11	-2.299917e+01	-5.285153e+00
3.210000e-06	-3.150667e-06	-9.856738e-11	-2.309026e+01	-5.198604e+00
3.220000e-06	-3.161860e-06	-9.693325e-11	-2.317229e+01	-5.126052e+00
3.230000e-06	-3.171907e-06	-9.364013e-11	-2.324592e+01	-5.075832e+00
3.240000e-06	-3.180889e-06	-9.149235e-11	-2.331175e+01	-5.047784e+00
3.250000e-06	-3.188913e-06	-9.216131e-11	-2.337055e+01	-5.033743e+00
3.260000e-06	-3.195767e-06	-9.444910e-11	-2.342078e+01	-5.021608e+00
3.270000e-06	-3.201203e-06	-9.604750e-11	-2.346062e+01	-5.001038e+00
3.280000e-06	-3.205464e-06	-9.702316e-11	-2.349184e+01	-4.967986e+00
3.290000e-06	-3.208749e-06	-9.671999e-11	-2.351592e+01	-4.925905e+00
3.300000e-06	-3.210987e-06	-9.451999e-11	-2.353232e+01	-4.883145e+00
3.310000e-06	-3.212123e-06	-9.257374e-11	-2.354065e+01	-4.848074e+00
