# Temperatura_=_20.0
# Concentracion g/m^3_=_6200.0
# C_Vs_to_Am_M_A/Vsm_=_65563218390.804596
# pendiente_HvsI_1/m_=_3716.3
# ordenada_HvsI_A/m_=_1297.0
# frecuencia_Hz_=_301535.1185415623

Tiempo_(s)	Campo_(V.s)	Magnetizacion_(V.s)	Campo_(kA/m)	Magnetizacion_(A/m)
0.000000e+00	-4.649771e-06	-4.230785e-12	-3.465938e+01	-8.403559e-01
1.000000e-08	-4.648394e-06	-8.898600e-12	-3.464912e+01	-8.875580e-01
2.000000e-08	-4.645274e-06	-7.717532e-12	-3.462586e+01	-9.169329e-01
3.000000e-08	-4.640724e-06	-7.331366e-12	-3.459195e+01	-9.134339e-01
4.000000e-08	-4.634740e-06	-7.562975e-12	-3.454734e+01	-8.719936e-01
5.000000e-08	-4.627321e-06	-4.864484e-12	-3.449204e+01	-8.017530e-01
6.000000e-08	-4.618445e-06	-9.800157e-13	-3.442588e+01	-7.246828e-01
7.000000e-08	-4.607879e-06	1.253038e-11	-3.434712e+01	-6.681072e-01
8.000000e-08	-4.595549e-06	2.940652e-11	-3.425521e+01	-6.535269e-01
9.000000e-08	-4.581259e-06	-3.472335e-11	-3.414869e+01	-6.863158e-01
1.000000e-07	-4.564705e-06	-6.445257e-11	-3.402530e+01	-7.511568e-01
1.100000e-07	-4.546197e-06	-2.497252e-11	-3.388734e+01	-8.160807e-01
1.200000e-07	-4.526278e-06	-1.801523e-11	-3.373887e+01	-8.443789e-01
1.300000e-07	-4.505197e-06	9.796215e-11	-3.358173e+01	-8.100076e-01
1.400000e-07	-4.482984e-06	1.630917e-11	-3.341615e+01	-7.100903e-01
1.500000e-07	-4.459481e-06	-1.621005e-10	-3.324096e+01	-5.688277e-01
1.600000e-07	-4.434599e-06	8.173698e-11	-3.305549e+01	-4.304163e-01
1.700000e-07	-4.408195e-06	4.630770e-11	-3.285868e+01	-3.431358e-01
1.800000e-07	-4.380037e-06	-9.467771e-11	-3.264879e+01	-3.406233e-01
1.900000e-07	-4.350321e-06	1.372885e-10	-3.242728e+01	-4.277949e-01
2.000000e-07	-4.319353e-06	9.861485e-13	-3.219645e+01	-5.771882e-01
2.100000e-07	-4.286875e-06	-1.610806e-10	-3.195436e+01	-7.373839e-01
2.200000e-07	-4.252585e-06	1.970123e-11	-3.169876e+01	-8.503453e-01
2.300000e-07	-4.216793e-06	-4.775958e-11	-3.143197e+01	-8.710525e-01
2.400000e-07	-4.179565e-06	-6.124888e-11	-3.115447e+01	-7.821073e-01
2.500000e-07	-4.140788e-06	8.149137e-11	-3.086542e+01	-5.982492e-01
2.600000e-07	-4.100529e-06	-1.512493e-11	-3.056534e+01	-3.598530e-01
2.700000e-07	-4.058542e-06	-3.926480e-11	-3.025237e+01	-1.186615e-01
2.800000e-07	-4.014962e-06	-2.617833e-11	-2.992752e+01	7.847223e-02
2.900000e-07	-3.969977e-06	-1.952048e-11	-2.959220e+01	2.020668e-01
3.000000e-07	-3.923503e-06	4.550558e-11	-2.924578e+01	2.451767e-01
3.100000e-07	-3.875578e-06	1.809241e-11	-2.888855e+01	2.209315e-01
3.200000e-07	-3.825797e-06	-2.968532e-11	-2.851748e+01	1.548922e-01
3.300000e-07	-3.774169e-06	-2.222705e-11	-2.813265e+01	7.588246e-02
3.400000e-07	-3.721163e-06	6.677242e-12	-2.773754e+01	8.448197e-03
3.500000e-07	-3.666883e-06	-9.103351e-12	-2.733293e+01	-3.149160e-02
3.600000e-07	-3.611484e-06	-2.585622e-11	-2.691999e+01	-3.790666e-02
3.700000e-07	-3.554931e-06	6.367429e-12	-2.649845e+01	-1.384925e-02
3.800000e-07	-3.496834e-06	-4.674015e-12	-2.606539e+01	3.044970e-02
3.900000e-07	-3.437266e-06	-5.881855e-12	-2.562137e+01	8.022603e-02
4.000000e-07	-3.376578e-06	1.426527e-11	-2.516900e+01	1.196966e-01
4.100000e-07	-3.314788e-06	-7.374721e-12	-2.470842e+01	1.364178e-01
4.200000e-07	-3.251900e-06	-1.233983e-11	-2.423965e+01	1.256985e-01
4.300000e-07	-3.188082e-06	-2.953366e-11	-2.376396e+01	9.345216e-02
4.400000e-07	-3.123073e-06	-2.851120e-11	-2.327938e+01	5.570974e-02
4.500000e-07	-3.056470e-06	1.650187e-11	-2.278292e+01	3.395785e-02
4.600000e-07	-2.988764e-06	2.682767e-11	-2.227824e+01	4.727725e-02
4.700000e-07	-2.920324e-06	9.826836e-14	-2.176809e+01	1.041137e-01
4.800000e-07	-2.850981e-06	-2.530187e-11	-2.125121e+01	1.973454e-01
4.900000e-07	-2.780620e-06	-2.286541e-12	-2.072673e+01	3.054378e-01
5.000000e-07	-2.709314e-06	1.227096e-11	-2.019522e+01	4.000316e-01
5.100000e-07	-2.637209e-06	2.712508e-12	-1.965775e+01	4.572988e-01
5.200000e-07	-2.564077e-06	1.032781e-11	-1.911263e+01	4.682762e-01
5.300000e-07	-2.489559e-06	1.391949e-11	-1.855717e+01	4.433269e-01
5.400000e-07	-2.413854e-06	3.614085e-12	-1.799286e+01	4.081629e-01
5.500000e-07	-2.337279e-06	-6.945911e-12	-1.742207e+01	3.926053e-01
5.600000e-07	-2.259864e-06	1.014182e-11	-1.684502e+01	4.167740e-01
5.700000e-07	-2.181502e-06	2.030950e-11	-1.626091e+01	4.809692e-01
5.800000e-07	-2.102027e-06	3.490216e-12	-1.566850e+01	5.642151e-01
5.900000e-07	-2.021636e-06	-4.091813e-12	-1.506927e+01	6.327016e-01
6.000000e-07	-1.940523e-06	6.148642e-12	-1.446466e+01	6.547993e-01
6.100000e-07	-1.858663e-06	8.715129e-12	-1.385447e+01	6.160560e-01
6.200000e-07	-1.776141e-06	-6.874320e-13	-1.323935e+01	5.272209e-01
6.300000e-07	-1.693104e-06	6.620001e-13	-1.262039e+01	4.212019e-01
6.400000e-07	-1.609613e-06	6.943164e-12	-1.199805e+01	3.397646e-01
6.500000e-07	-1.525726e-06	3.452205e-12	-1.137276e+01	3.155173e-01
6.600000e-07	-1.441459e-06	3.031559e-12	-1.074463e+01	3.571110e-01
6.700000e-07	-1.356786e-06	1.192414e-11	-1.011348e+01	4.444322e-01
6.800000e-07	-1.271628e-06	1.137051e-11	-9.478711e+00	5.363045e-01
6.900000e-07	-1.185991e-06	5.514930e-12	-8.840372e+00	5.877062e-01
7.000000e-07	-1.099996e-06	6.100419e-12	-8.199364e+00	5.692220e-01
7.100000e-07	-1.013654e-06	9.896531e-12	-7.555775e+00	4.803169e-01
7.200000e-07	-9.269377e-07	7.634927e-12	-6.909391e+00	3.505959e-01
7.300000e-07	-8.399189e-07	2.688517e-12	-6.260753e+00	2.283577e-01
7.400000e-07	-7.526756e-07	1.695929e-12	-5.610442e+00	1.612025e-01
7.500000e-07	-6.652389e-07	-6.247679e-13	-4.958689e+00	1.768220e-01
7.600000e-07	-5.776048e-07	1.902115e-12	-4.305465e+00	2.719415e-01
7.700000e-07	-4.898491e-07	8.808540e-12	-3.651334e+00	4.138388e-01
7.800000e-07	-4.020243e-07	1.350722e-11	-2.996688e+00	5.535370e-01
7.900000e-07	-3.141566e-07	1.196637e-11	-2.341722e+00	6.449928e-01
8.000000e-07	-2.262514e-07	1.165910e-11	-1.686477e+00	6.623742e-01
8.100000e-07	-1.382548e-07	1.176379e-11	-1.030551e+00	6.086805e-01
8.200000e-07	-5.017083e-08	6.960535e-12	-3.739732e-01	5.128130e-01
8.300000e-07	3.799512e-08	2.665869e-12	2.832155e-01	4.170088e-01
8.400000e-07	1.261346e-07	3.055612e-12	9.402073e-01	3.602278e-01
8.500000e-07	2.142334e-07	5.546461e-12	1.596895e+00	3.642185e-01
8.600000e-07	3.023352e-07	6.023710e-12	2.253606e+00	4.273255e-01
8.700000e-07	3.903841e-07	8.674255e-12	2.909922e+00	5.275853e-01
8.800000e-07	4.783104e-07	1.163569e-11	3.565325e+00	6.329037e-01
8.900000e-07	5.661107e-07	1.328819e-11	4.219788e+00	7.136553e-01
9.000000e-07	6.537913e-07	1.393145e-11	4.873359e+00	7.527204e-01
9.100000e-07	7.413085e-07	1.345033e-11	5.525712e+00	7.496201e-01
9.200000e-07	8.286109e-07	9.905026e-12	6.176464e+00	7.181069e-01
9.300000e-07	9.157006e-07	6.266096e-12	6.825631e+00	6.790837e-01
9.400000e-07	1.002492e-06	7.661304e-12	7.472571e+00	6.521277e-01
9.500000e-07	1.088920e-06	9.697920e-12	8.116805e+00	6.488361e-01
9.600000e-07	1.174970e-06	9.730961e-12	8.758226e+00	6.699962e-01
9.700000e-07	1.260579e-06	8.510167e-12	9.396356e+00	7.069005e-01
9.800000e-07	1.345757e-06	6.871635e-12	1.003127e+01	7.456826e-01
9.900000e-07	1.430438e-06	6.361929e-12	1.066248e+01	7.727968e-01
1.000000e-06	1.514612e-06	1.102759e-11	1.128992e+01	7.797620e-01
1.010000e-06	1.598386e-06	1.386031e-11	1.191437e+01	7.658399e-01
1.020000e-06	1.681735e-06	9.892795e-12	1.253565e+01	7.380981e-01
1.030000e-06	1.764479e-06	6.019772e-12	1.315242e+01	7.090606e-01
1.040000e-06	1.846472e-06	4.830775e-12	1.376360e+01	6.927400e-01
1.050000e-06	1.927718e-06	3.828467e-12	1.436920e+01	7.002195e-01
1.060000e-06	2.008293e-06	1.256684e-12	1.496981e+01	7.360759e-01
1.070000e-06	2.088154e-06	3.910740e-12	1.556509e+01	7.967539e-01
1.080000e-06	2.167218e-06	8.391430e-12	1.615444e+01	8.714932e-01
1.090000e-06	2.245448e-06	9.991481e-12	1.673756e+01	9.456314e-01
1.100000e-06	2.322868e-06	1.122201e-11	1.731465e+01	1.005281e+00
1.110000e-06	2.399546e-06	1.180383e-11	1.788621e+01	1.041807e+00
1.120000e-06	2.475417e-06	1.056595e-11	1.845175e+01	1.054497e+00
1.130000e-06	2.550271e-06	9.091166e-12	1.900971e+01	1.050438e+00
1.140000e-06	2.623928e-06	1.036471e-11	1.955876e+01	1.041637e+00
1.150000e-06	2.696465e-06	1.028205e-11	2.009945e+01	1.040539e+00
1.160000e-06	2.768062e-06	9.389327e-12	2.063313e+01	1.055714e+00
1.170000e-06	2.838777e-06	1.090466e-11	2.116024e+01	1.089336e+00
1.180000e-06	2.908537e-06	1.474835e-11	2.168023e+01	1.137269e+00
1.190000e-06	2.977272e-06	1.655733e-11	2.219258e+01	1.191399e+00
1.200000e-06	3.045091e-06	1.689209e-11	2.269810e+01	1.242898e+00
1.210000e-06	3.111962e-06	1.766380e-11	2.319656e+01	1.284870e+00
1.220000e-06	3.177521e-06	1.797882e-11	2.368524e+01	1.313346e+00
1.230000e-06	3.241709e-06	1.709843e-11	2.416369e+01	1.326598e+00
1.240000e-06	3.304782e-06	1.689212e-11	2.463384e+01	1.323683e+00
1.250000e-06	3.366775e-06	1.762157e-11	2.509594e+01	1.303500e+00
1.260000e-06	3.427655e-06	1.747575e-11	2.554974e+01	1.265194e+00
1.270000e-06	3.487572e-06	1.742359e-11	2.599635e+01	1.209784e+00
1.280000e-06	3.546347e-06	1.751266e-11	2.643446e+01	1.141948e+00
1.290000e-06	3.603544e-06	1.615410e-11	2.686081e+01	1.070532e+00
1.300000e-06	3.659215e-06	1.314141e-11	2.727578e+01	1.006840e+00
1.310000e-06	3.713587e-06	1.275081e-11	2.768107e+01	9.609725e-01
1.320000e-06	3.766700e-06	1.432924e-11	2.807697e+01	9.376684e-01
1.330000e-06	3.818356e-06	1.403190e-11	2.846202e+01	9.337358e-01
1.340000e-06	3.868199e-06	1.304513e-11	2.883355e+01	9.386742e-01
1.350000e-06	3.916315e-06	1.342204e-11	2.919221e+01	9.387152e-01
1.360000e-06	3.962965e-06	1.354176e-11	2.953994e+01	9.228075e-01
1.370000e-06	4.008224e-06	1.333523e-11	2.987730e+01	8.879290e-01
1.380000e-06	4.052287e-06	1.378211e-11	3.020574e+01	8.411489e-01
1.390000e-06	4.094986e-06	1.369363e-11	3.052401e+01	7.971798e-01
1.400000e-06	4.135968e-06	1.138814e-11	3.082950e+01	7.721911e-01
1.410000e-06	4.175430e-06	1.027731e-11	3.112365e+01	7.764607e-01
1.420000e-06	4.213539e-06	1.181095e-11	3.140771e+01	8.091325e-01
1.430000e-06	4.250310e-06	1.227218e-11	3.168180e+01	8.575438e-01
1.440000e-06	4.285789e-06	1.085491e-11	3.194626e+01	9.016103e-01
1.450000e-06	4.319621e-06	1.143581e-11	3.219845e+01	9.215185e-01
1.460000e-06	4.351790e-06	1.416432e-11	3.243824e+01	9.054927e-01
1.470000e-06	4.382547e-06	1.526340e-11	3.266750e+01	8.543850e-01
1.480000e-06	4.411845e-06	1.416542e-11	3.288589e+01	7.812583e-01
1.490000e-06	4.439769e-06	1.240263e-11	3.309403e+01	7.063218e-01
1.500000e-06	4.466081e-06	1.054335e-11	3.329015e+01	6.495081e-01
1.510000e-06	4.490513e-06	9.743147e-12	3.347228e+01	6.237972e-01
1.520000e-06	4.513325e-06	1.061584e-11	3.364231e+01	6.317841e-01
1.530000e-06	4.534671e-06	1.174907e-11	3.380143e+01	6.663620e-01
1.540000e-06	4.554613e-06	1.231309e-11	3.395008e+01	7.145803e-01
1.550000e-06	4.572972e-06	1.218589e-11	3.408692e+01	7.626046e-01
1.560000e-06	4.589581e-06	1.139277e-11	3.421073e+01	7.996931e-01
1.570000e-06	4.604472e-06	9.366289e-12	3.432172e+01	8.200508e-01
1.580000e-06	4.617623e-06	8.367152e-12	3.441975e+01	8.226908e-01
1.590000e-06	4.629022e-06	1.002564e-11	3.450472e+01	8.103035e-01
1.600000e-06	4.638502e-06	1.145302e-11	3.457538e+01	7.881768e-01
1.610000e-06	4.646180e-06	1.235910e-11	3.463262e+01	7.635567e-01
1.620000e-06	4.652272e-06	1.437360e-11	3.467802e+01	7.450068e-01
1.630000e-06	4.656824e-06	1.560775e-11	3.471195e+01	7.409721e-01
1.640000e-06	4.659850e-06	1.522382e-11	3.473451e+01	7.571800e-01
1.650000e-06	4.661083e-06	1.634876e-11	3.474370e+01	7.935204e-01
1.660000e-06	4.660576e-06	1.616482e-11	3.473993e+01	8.419901e-01
1.670000e-06	4.658594e-06	1.266987e-11	3.472515e+01	8.874474e-01
1.680000e-06	4.655208e-06	1.516310e-11	3.469991e+01	9.119639e-01
1.690000e-06	4.650447e-06	1.586660e-11	3.466442e+01	9.017905e-01
1.700000e-06	4.644041e-06	1.517668e-11	3.461667e+01	8.542218e-01
1.710000e-06	4.636041e-06	1.598734e-11	3.455704e+01	7.809766e-01
1.720000e-06	4.626686e-06	2.327466e-11	3.448731e+01	7.056840e-01
1.730000e-06	4.615899e-06	5.237654e-11	3.440690e+01	6.554908e-01
1.740000e-06	4.603616e-06	6.514276e-13	3.431534e+01	6.496664e-01
1.750000e-06	4.589288e-06	-6.409703e-11	3.420854e+01	6.899967e-01
1.760000e-06	4.572409e-06	-2.501592e-11	3.408272e+01	7.576354e-01
1.770000e-06	4.553378e-06	-8.788232e-12	3.394087e+01	8.187172e-01
1.780000e-06	4.533105e-06	1.266309e-10	3.378976e+01	8.373042e-01
1.790000e-06	4.512372e-06	2.531754e-11	3.363521e+01	7.907584e-01
1.800000e-06	4.490592e-06	-1.690512e-10	3.347286e+01	6.810619e-01
1.810000e-06	4.466593e-06	1.220262e-10	3.329398e+01	5.368144e-01
1.820000e-06	4.440877e-06	4.804018e-11	3.310229e+01	4.042854e-01
1.830000e-06	4.414106e-06	-1.196716e-10	3.290274e+01	3.304755e-01
1.840000e-06	4.385656e-06	1.795858e-10	3.269067e+01	3.446828e-01
1.850000e-06	4.355251e-06	2.673472e-11	3.246403e+01	4.459551e-01
1.860000e-06	4.323336e-06	-1.451598e-10	3.222614e+01	6.016101e-01
1.870000e-06	4.290007e-06	1.031421e-10	3.197770e+01	7.576096e-01
1.880000e-06	4.255306e-06	-5.894155e-11	3.171904e+01	8.568560e-01
1.890000e-06	4.219163e-06	-4.065467e-11	3.144963e+01	8.584353e-01
1.900000e-06	4.181174e-06	1.392725e-10	3.116646e+01	7.506886e-01
1.910000e-06	4.141506e-06	-6.198747e-11	3.087077e+01	5.536969e-01
1.920000e-06	4.100324e-06	1.973151e-11	3.056380e+01	3.110517e-01
1.930000e-06	4.057775e-06	-1.223912e-11	3.024665e+01	7.477401e-02
1.940000e-06	4.014091e-06	-9.140449e-11	2.992103e+01	-1.106519e-01
1.950000e-06	3.968937e-06	9.775652e-11	2.958445e+01	-2.196244e-01
1.960000e-06	3.922179e-06	-8.860217e-12	2.923592e+01	-2.491566e-01
1.970000e-06	3.873884e-06	-2.534046e-11	2.887592e+01	-2.152518e-01
1.980000e-06	3.824158e-06	2.331845e-11	2.850527e+01	-1.447133e-01
1.990000e-06	3.773161e-06	-4.808900e-11	2.812513e+01	-6.607178e-02
2.000000e-06	3.720602e-06	8.992619e-12	2.773336e+01	-2.553380e-03
2.010000e-06	3.666311e-06	-4.535174e-11	2.732868e+01	3.167131e-02
2.020000e-06	3.610570e-06	2.312236e-11	2.691318e+01	3.229457e-02
2.030000e-06	3.553582e-06	3.847181e-11	2.648840e+01	3.812290e-03
2.040000e-06	3.495350e-06	-4.465071e-11	2.605433e+01	-4.251888e-02
2.050000e-06	3.435946e-06	2.806502e-11	2.561153e+01	-9.146731e-02
2.060000e-06	3.375624e-06	-1.955908e-11	2.516190e+01	-1.275091e-01
2.070000e-06	3.314116e-06	6.332435e-12	2.470342e+01	-1.392816e-01
2.080000e-06	3.251054e-06	-2.242572e-11	2.423335e+01	-1.238534e-01
2.090000e-06	3.186800e-06	-5.415926e-11	2.375440e+01	-8.909833e-02
2.100000e-06	3.121473e-06	4.981757e-11	2.326745e+01	-5.248035e-02
2.110000e-06	3.055074e-06	9.966119e-12	2.277251e+01	-3.568947e-02
2.120000e-06	2.987736e-06	-2.819626e-12	2.227058e+01	-5.646398e-02
2.130000e-06	2.919544e-06	-2.015105e-11	2.176228e+01	-1.206822e-01
2.140000e-06	2.850233e-06	-5.206067e-12	2.124563e+01	-2.183657e-01
2.150000e-06	2.779442e-06	7.291913e-12	2.071795e+01	-3.260447e-01
2.160000e-06	2.707529e-06	-3.648201e-11	2.018191e+01	-4.152961e-01
2.170000e-06	2.634760e-06	1.975572e-11	1.963949e+01	-4.643012e-01
2.180000e-06	2.561135e-06	2.230951e-11	1.909070e+01	-4.674493e-01
2.190000e-06	2.486638e-06	-1.164905e-11	1.853540e+01	-4.383838e-01
2.200000e-06	2.411178e-06	-3.243868e-11	1.797292e+01	-4.045265e-01
2.210000e-06	2.334795e-06	-9.469929e-12	1.740356e+01	-3.949555e-01
2.220000e-06	2.257283e-06	2.082431e-11	1.682578e+01	-4.267928e-01
2.230000e-06	2.178564e-06	-1.672623e-11	1.623901e+01	-4.963509e-01
2.240000e-06	2.098928e-06	-1.572074e-11	1.564541e+01	-5.794854e-01
2.250000e-06	2.018711e-06	-3.774824e-12	1.504747e+01	-6.415772e-01
2.260000e-06	1.937887e-06	-1.047240e-11	1.444501e+01	-6.530822e-01
2.270000e-06	1.856351e-06	-2.290974e-11	1.383724e+01	-6.037501e-01
2.280000e-06	1.774198e-06	-1.320828e-11	1.322487e+01	-5.088468e-01
2.290000e-06	1.691360e-06	5.966851e-12	1.260739e+01	-4.040683e-01
2.300000e-06	1.607940e-06	-1.128442e-11	1.198558e+01	-3.308810e-01
2.310000e-06	1.524126e-06	-1.405033e-11	1.136083e+01	-3.184839e-01
2.320000e-06	1.439993e-06	-1.693321e-12	1.073371e+01	-3.703856e-01
2.330000e-06	1.355479e-06	1.048665e-12	1.010374e+01	-4.618024e-01
2.340000e-06	1.270460e-06	-7.055912e-12	9.470006e+00	-5.494317e-01
2.350000e-06	1.184865e-06	-1.273481e-11	8.831983e+00	-5.896852e-01
2.360000e-06	1.098545e-06	-7.220947e-12	8.188554e+00	-5.576255e-01
2.370000e-06	1.011647e-06	-6.352677e-12	7.540814e+00	-4.583979e-01
2.380000e-06	9.243719e-07	-5.504767e-12	6.890266e+00	-3.261039e-01
2.390000e-06	8.368320e-07	-5.124195e-12	6.237744e+00	-2.104505e-01
2.400000e-06	7.491013e-07	-8.792559e-12	5.583799e+00	-1.567490e-01
2.410000e-06	6.611706e-07	-9.452541e-12	4.928365e+00	-1.876398e-01
2.420000e-06	5.731182e-07	-4.928310e-12	4.272022e+00	-2.940983e-01
2.430000e-06	4.849337e-07	-2.730142e-12	3.614695e+00	-4.392633e-01
2.440000e-06	3.966655e-07	-5.910676e-12	2.956743e+00	-5.732235e-01
2.450000e-06	3.083358e-07	-7.722962e-12	2.298335e+00	-6.524547e-01
2.460000e-06	2.198355e-07	-9.827095e-12	1.638653e+00	-6.559638e-01
2.470000e-06	1.311653e-07	-1.148826e-11	9.777062e-01	-5.919192e-01
2.480000e-06	4.248821e-08	-9.098618e-12	3.167070e-01	-4.927298e-01
2.490000e-06	-4.614275e-08	-6.792779e-12	-3.439479e-01	-4.012743e-01
2.500000e-06	-1.347774e-07	-7.829053e-12	-1.004630e+00	-3.542874e-01
2.510000e-06	-2.233513e-07	-8.652611e-12	-1.664860e+00	-3.695226e-01
2.520000e-06	-3.118231e-07	-6.152045e-12	-2.324329e+00	-4.412187e-01
2.530000e-06	-4.001945e-07	-4.524257e-12	-2.983049e+00	-5.447178e-01
2.540000e-06	-4.884805e-07	-6.455949e-12	-3.641133e+00	-6.474558e-01
2.550000e-06	-5.766950e-07	-9.515689e-12	-4.298683e+00	-7.214449e-01
2.560000e-06	-6.647763e-07	-1.194989e-11	-4.955241e+00	-7.524299e-01
2.570000e-06	-7.526872e-07	-1.227510e-11	-5.610529e+00	-7.428210e-01
2.580000e-06	-8.403810e-07	-9.684668e-12	-6.264198e+00	-7.082537e-01
2.590000e-06	-9.278011e-07	-7.864948e-12	-6.915827e+00	-6.700009e-01
2.600000e-06	-1.014886e-06	-9.917044e-12	-7.564957e+00	-6.466096e-01
2.610000e-06	-1.101422e-06	-1.125612e-11	-8.209996e+00	-6.478294e-01
2.620000e-06	-1.187265e-06	-9.916283e-12	-8.849871e+00	-6.725475e-01
2.630000e-06	-1.272468e-06	-1.007112e-11	-9.484972e+00	-7.107573e-01
2.640000e-06	-1.357106e-06	-1.079835e-11	-1.011586e+01	-7.482468e-01
2.650000e-06	-1.441288e-06	-9.777140e-12	-1.074336e+01	-7.720729e-01
2.660000e-06	-1.525120e-06	-9.769981e-12	-1.136824e+01	-7.750133e-01
2.670000e-06	-1.608508e-06	-1.068875e-11	-1.198982e+01	-7.577953e-01
2.680000e-06	-1.691284e-06	-9.128510e-12	-1.260682e+01	-7.286929e-01
2.690000e-06	-1.773452e-06	-6.664048e-12	-1.321931e+01	-7.008167e-01
2.700000e-06	-1.855017e-06	-8.713531e-12	-1.382729e+01	-6.879726e-01
2.710000e-06	-1.935905e-06	-1.296240e-11	-1.443023e+01	-7.003008e-01
2.720000e-06	-2.016169e-06	-1.323583e-11	-1.502852e+01	-7.409755e-01
2.730000e-06	-2.095940e-06	-1.300506e-11	-1.562313e+01	-8.050112e-01
2.740000e-06	-2.174954e-06	-1.266670e-11	-1.621210e+01	-8.806513e-01
2.750000e-06	-2.252870e-06	-1.017743e-11	-1.679289e+01	-9.530121e-01
2.760000e-06	-2.329654e-06	-8.658679e-12	-1.736524e+01	-1.008848e+00
2.770000e-06	-2.405457e-06	-1.032995e-11	-1.793027e+01	-1.040816e+00
2.780000e-06	-2.480409e-06	-1.280340e-11	-1.848896e+01	-1.049694e+00
2.790000e-06	-2.554494e-06	-1.283237e-11	-1.904119e+01	-1.043722e+00
2.800000e-06	-2.627728e-06	-1.286443e-11	-1.958708e+01	-1.035335e+00
2.810000e-06	-2.700163e-06	-1.378798e-11	-2.012701e+01	-1.036571e+00
2.820000e-06	-2.771797e-06	-1.238462e-11	-2.066097e+01	-1.054969e+00
2.830000e-06	-2.842336e-06	-1.039690e-11	-2.118677e+01	-1.091494e+00
2.840000e-06	-2.911567e-06	-1.071081e-11	-2.170281e+01	-1.141083e+00
2.850000e-06	-2.979742e-06	-1.158825e-11	-2.221099e+01	-1.195252e+00
2.860000e-06	-3.047006e-06	-1.192868e-11	-2.271238e+01	-1.245364e+00
2.870000e-06	-3.113226e-06	-1.326321e-11	-2.320598e+01	-1.285026e+00
2.880000e-06	-3.178378e-06	-1.564018e-11	-2.369162e+01	-1.310759e+00
2.890000e-06	-3.242558e-06	-1.598359e-11	-2.417002e+01	-1.321081e+00
2.900000e-06	-3.305625e-06	-1.426283e-11	-2.464012e+01	-1.315061e+00
2.910000e-06	-3.367214e-06	-1.395611e-11	-2.509920e+01	-1.291567e+00
2.920000e-06	-3.427471e-06	-1.426870e-11	-2.554836e+01	-1.249936e+00
2.930000e-06	-3.486692e-06	-1.219119e-11	-2.598979e+01	-1.191729e+00
2.940000e-06	-3.544708e-06	-9.849758e-12	-2.642224e+01	-1.122390e+00
2.950000e-06	-3.601467e-06	-8.855437e-12	-2.684533e+01	-1.051392e+00
2.960000e-06	-3.656979e-06	-8.020874e-12	-2.725912e+01	-9.901364e-01
2.970000e-06	-3.710925e-06	-7.968002e-12	-2.766123e+01	-9.480504e-01
2.980000e-06	-3.763258e-06	-8.807931e-12	-2.805132e+01	-9.285697e-01
2.990000e-06	-3.814154e-06	-9.503712e-12	-2.843069e+01	-9.270458e-01
3.000000e-06	-3.863437e-06	-8.378262e-12	-2.879805e+01	-9.320139e-01
3.010000e-06	-3.910953e-06	-7.311207e-12	-2.915223e+01	-9.297335e-01
3.020000e-06	-3.957026e-06	-6.680431e-12	-2.949567e+01	-9.102617e-01
3.030000e-06	-4.001950e-06	-6.855532e-12	-2.983053e+01	-8.723513e-01
3.040000e-06	-4.045705e-06	-6.782407e-12	-3.015667e+01	-8.247460e-01
3.050000e-06	-4.088199e-06	-6.221909e-12	-3.047342e+01	-7.829473e-01
3.060000e-06	-4.129364e-06	-5.152721e-12	-3.078027e+01	-7.625932e-01
3.070000e-06	-4.169224e-06	-6.290932e-12	-3.107739e+01	-7.722495e-01
3.080000e-06	-4.207478e-06	-7.718911e-12	-3.136253e+01	-8.088484e-01
3.090000e-06	-4.244019e-06	-8.816059e-12	-3.163491e+01	-8.579503e-01
3.100000e-06	-4.279174e-06	-1.009566e-11	-3.189695e+01	-8.989062e-01
3.110000e-06	-4.312913e-06	-9.828496e-12	-3.214845e+01	-9.128217e-01
3.120000e-06	-4.345196e-06	-8.600532e-12	-3.238908e+01	-8.899714e-01
3.130000e-06	-4.375882e-06	-6.010888e-12	-3.261781e+01	-8.335701e-01
3.140000e-06	-4.404804e-06	-3.952894e-12	-3.283340e+01	-7.584348e-01
3.150000e-06	-4.432247e-06	-3.288423e-12	-3.303796e+01	-6.852890e-01
3.160000e-06	-4.458200e-06	-2.598628e-12	-3.323141e+01	-6.332454e-01
3.170000e-06	-4.482583e-06	-8.322093e-13	-3.341316e+01	-6.135630e-01
3.180000e-06	-4.505351e-06	-5.200427e-13	-3.358288e+01	-6.269414e-01
3.190000e-06	-4.526402e-06	-3.231899e-12	-3.373979e+01	-6.648850e-01
3.200000e-06	-4.545879e-06	-6.186943e-12	-3.388497e+01	-7.139260e-01
3.210000e-06	-4.563838e-06	-6.467767e-12	-3.401884e+01	-7.605441e-01
3.220000e-06	-4.580330e-06	-7.266576e-12	-3.414177e+01	-7.948110e-01
3.230000e-06	-4.595033e-06	-8.951907e-12	-3.425137e+01	-8.118446e-01
3.240000e-06	-4.607703e-06	-9.949504e-12	-3.434581e+01	-8.114077e-01
3.250000e-06	-4.618599e-06	-8.975986e-12	-3.442702e+01	-7.967209e-01
3.260000e-06	-4.627885e-06	-7.565172e-12	-3.449624e+01	-7.734590e-01
3.270000e-06	-4.635614e-06	-4.990666e-12	-3.455386e+01	-7.491629e-01
3.280000e-06	-4.641518e-06	-2.256935e-12	-3.459787e+01	-7.325140e-01
3.290000e-06	-4.645695e-06	-2.028352e-12	-3.462900e+01	-7.316925e-01
3.300000e-06	-4.648436e-06	-1.951308e-12	-3.464943e+01	-7.516062e-01
3.310000e-06	-4.649698e-06	-2.405014e-12	-3.465884e+01	-7.908256e-01
