# Temperatura_=_20.0
# Concentracion g/m^3_=_6200.0
# C_Vs_to_Am_M_A/Vsm_=_65563218390.804596
# pendiente_HvsI_1/m_=_3716.3
# ordenada_HvsI_A/m_=_1297.0
# frecuencia_Hz_=_301434.3228634263

Tiempo_(s)	Campo_(V.s)	Magnetizacion_(V.s)	Campo_(kA/m)	Magnetizacion_(A/m)
0.000000e+00	-3.218878e-06	-3.061988e-09	-2.355067e+01	-1.988787e+02
1.000000e-08	-3.217695e-06	-3.064620e-09	-2.354202e+01	-1.990928e+02
2.000000e-08	-3.215226e-06	-3.068343e-09	-2.352395e+01	-1.992700e+02
3.000000e-08	-3.211684e-06	-3.070316e-09	-2.349804e+01	-1.994089e+02
4.000000e-08	-3.207195e-06	-3.069765e-09	-2.346520e+01	-1.995081e+02
5.000000e-08	-3.201732e-06	-3.069190e-09	-2.342523e+01	-1.995667e+02
6.000000e-08	-3.195252e-06	-3.070444e-09	-2.337781e+01	-1.995845e+02
7.000000e-08	-3.187812e-06	-3.076161e-09	-2.332338e+01	-1.995619e+02
8.000000e-08	-3.179285e-06	-3.071585e-09	-2.326099e+01	-1.995000e+02
9.000000e-08	-3.169208e-06	-3.051017e-09	-2.318727e+01	-1.994009e+02
1.000000e-07	-3.157433e-06	-3.046126e-09	-2.310112e+01	-1.992671e+02
1.100000e-07	-3.144361e-06	-3.064063e-09	-2.300548e+01	-1.991016e+02
1.200000e-07	-3.130353e-06	-3.102843e-09	-2.290299e+01	-1.989076e+02
1.300000e-07	-3.115148e-06	-3.056200e-09	-2.279174e+01	-1.986884e+02
1.400000e-07	-3.098602e-06	-2.994007e-09	-2.267068e+01	-1.984468e+02
1.500000e-07	-3.081180e-06	-3.081357e-09	-2.254322e+01	-1.981849e+02
1.600000e-07	-3.063020e-06	-3.060601e-09	-2.241035e+01	-1.979042e+02
1.700000e-07	-3.043801e-06	-2.993169e-09	-2.226974e+01	-1.976048e+02
1.800000e-07	-3.023598e-06	-3.046717e-09	-2.212192e+01	-1.972861e+02
1.900000e-07	-3.002589e-06	-3.025594e-09	-2.196821e+01	-1.969461e+02
2.000000e-07	-2.980514e-06	-2.951433e-09	-2.180671e+01	-1.965817e+02
2.100000e-07	-2.957326e-06	-3.006655e-09	-2.163705e+01	-1.961893e+02
2.200000e-07	-2.933246e-06	-3.019971e-09	-2.146087e+01	-1.957645e+02
2.300000e-07	-2.908005e-06	-2.961414e-09	-2.127619e+01	-1.953025e+02
2.400000e-07	-2.881315e-06	-3.016819e-09	-2.108092e+01	-1.947987e+02
2.500000e-07	-2.853533e-06	-2.978985e-09	-2.087766e+01	-1.942490e+02
2.600000e-07	-2.824891e-06	-2.898706e-09	-2.066810e+01	-1.936500e+02
2.700000e-07	-2.795239e-06	-2.964373e-09	-2.045115e+01	-1.929990e+02
2.800000e-07	-2.764593e-06	-2.966221e-09	-2.022693e+01	-1.922948e+02
2.900000e-07	-2.733104e-06	-2.903870e-09	-1.999655e+01	-1.915372e+02
3.000000e-07	-2.700828e-06	-2.941820e-09	-1.976040e+01	-1.907274e+02
3.100000e-07	-2.667459e-06	-2.894801e-09	-1.951626e+01	-1.898677e+02
3.200000e-07	-2.632823e-06	-2.846959e-09	-1.926284e+01	-1.889612e+02
3.300000e-07	-2.597177e-06	-2.896283e-09	-1.900205e+01	-1.880119e+02
3.400000e-07	-2.560684e-06	-2.861780e-09	-1.873505e+01	-1.870242e+02
3.500000e-07	-2.523346e-06	-2.810431e-09	-1.846187e+01	-1.860023e+02
3.600000e-07	-2.485051e-06	-2.830351e-09	-1.818168e+01	-1.849503e+02
3.700000e-07	-2.445852e-06	-2.816951e-09	-1.789489e+01	-1.838718e+02
3.800000e-07	-2.406010e-06	-2.783625e-09	-1.760339e+01	-1.827694e+02
3.900000e-07	-2.365537e-06	-2.786821e-09	-1.730727e+01	-1.816450e+02
4.000000e-07	-2.324028e-06	-2.747206e-09	-1.700357e+01	-1.804992e+02
4.100000e-07	-2.281302e-06	-2.726409e-09	-1.669097e+01	-1.793315e+02
4.200000e-07	-2.237662e-06	-2.722395e-09	-1.637168e+01	-1.781406e+02
4.300000e-07	-2.193336e-06	-2.683452e-09	-1.604738e+01	-1.769241e+02
4.400000e-07	-2.148313e-06	-2.673860e-09	-1.571797e+01	-1.756790e+02
4.500000e-07	-2.102563e-06	-2.681832e-09	-1.538324e+01	-1.744019e+02
4.600000e-07	-2.056097e-06	-2.625485e-09	-1.504327e+01	-1.730891e+02
4.700000e-07	-2.008927e-06	-2.575971e-09	-1.469816e+01	-1.717370e+02
4.800000e-07	-1.961107e-06	-2.602536e-09	-1.434829e+01	-1.703421e+02
4.900000e-07	-1.912467e-06	-2.587719e-09	-1.399242e+01	-1.689014e+02
5.000000e-07	-1.862816e-06	-2.532296e-09	-1.362915e+01	-1.674125e+02
5.100000e-07	-1.812182e-06	-2.513587e-09	-1.325869e+01	-1.658733e+02
5.200000e-07	-1.760703e-06	-2.508621e-09	-1.288205e+01	-1.642825e+02
5.300000e-07	-1.708580e-06	-2.463535e-09	-1.250070e+01	-1.626393e+02
5.400000e-07	-1.655857e-06	-2.419849e-09	-1.211495e+01	-1.609433e+02
5.500000e-07	-1.602495e-06	-2.411485e-09	-1.172453e+01	-1.591942e+02
5.600000e-07	-1.548521e-06	-2.394423e-09	-1.132964e+01	-1.573923e+02
5.700000e-07	-1.493953e-06	-2.350182e-09	-1.093040e+01	-1.555377e+02
5.800000e-07	-1.438853e-06	-2.320761e-09	-1.052726e+01	-1.536303e+02
5.900000e-07	-1.383381e-06	-2.317788e-09	-1.012140e+01	-1.516700e+02
6.000000e-07	-1.327552e-06	-2.276674e-09	-9.712932e+00	-1.496564e+02
6.100000e-07	-1.271356e-06	-2.220015e-09	-9.301775e+00	-1.475887e+02
6.200000e-07	-1.214689e-06	-2.198401e-09	-8.887180e+00	-1.454658e+02
6.300000e-07	-1.157322e-06	-2.178072e-09	-8.467457e+00	-1.432861e+02
6.400000e-07	-1.099214e-06	-2.125063e-09	-8.042311e+00	-1.410480e+02
6.500000e-07	-1.040561e-06	-2.082899e-09	-7.613183e+00	-1.387494e+02
6.600000e-07	-9.815158e-07	-2.063468e-09	-7.181185e+00	-1.363878e+02
6.700000e-07	-9.221320e-07	-2.023858e-09	-6.746708e+00	-1.339609e+02
6.800000e-07	-8.625509e-07	-1.977850e-09	-6.310787e+00	-1.314660e+02
6.900000e-07	-8.028457e-07	-1.947142e-09	-5.873959e+00	-1.289001e+02
7.000000e-07	-7.429672e-07	-1.913071e-09	-5.435862e+00	-1.262605e+02
7.100000e-07	-6.828418e-07	-1.859978e-09	-4.995959e+00	-1.235441e+02
7.200000e-07	-6.224926e-07	-1.812451e-09	-4.554419e+00	-1.207476e+02
7.300000e-07	-5.620129e-07	-1.775383e-09	-4.111924e+00	-1.178677e+02
7.400000e-07	-5.013627e-07	-1.727001e-09	-3.668182e+00	-1.149010e+02
7.500000e-07	-4.404456e-07	-1.673880e-09	-3.222486e+00	-1.118439e+02
7.600000e-07	-3.793092e-07	-1.630757e-09	-2.775187e+00	-1.086924e+02
7.700000e-07	-3.180531e-07	-1.586451e-09	-2.327011e+00	-1.054428e+02
7.800000e-07	-2.567534e-07	-1.529803e-09	-1.878516e+00	-1.020911e+02
7.900000e-07	-1.953802e-07	-1.477115e-09	-1.429485e+00	-9.863300e+01
8.000000e-07	-1.339418e-07	-1.426855e-09	-9.799751e-01	-9.506462e+01
8.100000e-07	-7.249365e-08	-1.367414e-09	-5.303942e-01	-9.138189e+01
8.200000e-07	-1.101678e-08	-1.304714e-09	-8.060345e-02	-8.758091e+01
8.300000e-07	5.049301e-08	-1.249915e-09	3.694282e-01	-8.365794e+01
8.400000e-07	1.119534e-07	-1.194176e-09	8.190985e-01	-7.960948e+01
8.500000e-07	1.733740e-07	-1.126744e-09	1.268478e+00	-7.543230e+01
8.600000e-07	2.347766e-07	-1.058027e-09	1.717725e+00	-7.112344e+01
8.700000e-07	2.961410e-07	-9.914685e-10	2.166693e+00	-6.668028e+01
8.800000e-07	3.574340e-07	-9.248484e-10	2.615138e+00	-6.210057e+01
8.900000e-07	4.186030e-07	-8.523287e-10	3.062677e+00	-5.738242e+01
9.000000e-07	4.796349e-07	-7.774134e-10	3.509212e+00	-5.252439e+01
9.100000e-07	5.404707e-07	-7.031049e-10	3.954312e+00	-4.752552e+01
9.200000e-07	6.010438e-07	-6.267901e-10	4.397491e+00	-4.238545e+01
9.300000e-07	6.613530e-07	-5.469712e-10	4.838739e+00	-3.710455e+01
9.400000e-07	7.214391e-07	-4.636705e-10	5.278354e+00	-3.168404e+01
9.500000e-07	7.813126e-07	-3.793300e-10	5.716414e+00	-2.612619e+01
9.600000e-07	8.409993e-07	-2.911898e-10	6.153107e+00	-2.043453e+01
9.700000e-07	9.005351e-07	-2.011056e-10	6.588696e+00	-1.461409e+01
9.800000e-07	9.598734e-07	-1.120465e-10	7.022840e+00	-8.671553e+00
9.900000e-07	1.018924e-06	-2.429838e-11	7.454882e+00	-2.615479e+00
1.000000e-06	1.077501e-06	7.017755e-11	7.883452e+00	3.543551e+00
1.010000e-06	1.135342e-06	1.693466e-10	8.306639e+00	9.792859e+00
1.020000e-06	1.192405e-06	2.640129e-10	8.724137e+00	1.611766e+01
1.030000e-06	1.248828e-06	3.583570e-10	9.136957e+00	2.250114e+01
1.040000e-06	1.304806e-06	4.588701e-10	9.546512e+00	2.892464e+01
1.050000e-06	1.360482e-06	5.601200e-10	9.953859e+00	3.536791e+01
1.060000e-06	1.415867e-06	6.569554e-10	1.035908e+01	4.180952e+01
1.070000e-06	1.470812e-06	7.557176e-10	1.076108e+01	4.822723e+01
1.080000e-06	1.525177e-06	8.556259e-10	1.115884e+01	5.459856e+01
1.090000e-06	1.579054e-06	9.498669e-10	1.155303e+01	6.090127e+01
1.100000e-06	1.632476e-06	1.040560e-09	1.194389e+01	6.711392e+01
1.110000e-06	1.685340e-06	1.134667e-09	1.233066e+01	7.321638e+01
1.120000e-06	1.737594e-06	1.227639e-09	1.271297e+01	7.919025e+01
1.130000e-06	1.789201e-06	1.315012e-09	1.309055e+01	8.501929e+01
1.140000e-06	1.840012e-06	1.402846e-09	1.346231e+01	9.068965e+01
1.150000e-06	1.889793e-06	1.489792e-09	1.382653e+01	9.619005e+01
1.160000e-06	1.938537e-06	1.570552e-09	1.418315e+01	1.015118e+02
1.170000e-06	1.986526e-06	1.643965e-09	1.453427e+01	1.066488e+02
1.180000e-06	2.033924e-06	1.718536e-09	1.488105e+01	1.115973e+02
1.190000e-06	2.080642e-06	1.791350e-09	1.522286e+01	1.163557e+02
1.200000e-06	2.126663e-06	1.856300e-09	1.555956e+01	1.209240e+02
1.210000e-06	2.171948e-06	1.919541e-09	1.589089e+01	1.253039e+02
1.220000e-06	2.216454e-06	1.981956e-09	1.621652e+01	1.294981e+02
1.230000e-06	2.260349e-06	2.040270e-09	1.653767e+01	1.335100e+02
1.240000e-06	2.303651e-06	2.095827e-09	1.685449e+01	1.373436e+02
1.250000e-06	2.346057e-06	2.151248e-09	1.716475e+01	1.410029e+02
1.260000e-06	2.387278e-06	2.202933e-09	1.746634e+01	1.444923e+02
1.270000e-06	2.427459e-06	2.249201e-09	1.776032e+01	1.478159e+02
1.280000e-06	2.466867e-06	2.293651e-09	1.804864e+01	1.509780e+02
1.290000e-06	2.505454e-06	2.336162e-09	1.833096e+01	1.539827e+02
1.300000e-06	2.543207e-06	2.374185e-09	1.860718e+01	1.568346e+02
1.310000e-06	2.580131e-06	2.411878e-09	1.887733e+01	1.595382e+02
1.320000e-06	2.616251e-06	2.449421e-09	1.914160e+01	1.620983e+02
1.330000e-06	2.651629e-06	2.483250e-09	1.940044e+01	1.645205e+02
1.340000e-06	2.685959e-06	2.514162e-09	1.965162e+01	1.668105e+02
1.350000e-06	2.718984e-06	2.547116e-09	1.989324e+01	1.689746e+02
1.360000e-06	2.750964e-06	2.580506e-09	2.012722e+01	1.710195e+02
1.370000e-06	2.782091e-06	2.608010e-09	2.035496e+01	1.729524e+02
1.380000e-06	2.812351e-06	2.631767e-09	2.057635e+01	1.747804e+02
1.390000e-06	2.841679e-06	2.655403e-09	2.079093e+01	1.765107e+02
1.400000e-06	2.870090e-06	2.678070e-09	2.099879e+01	1.781502e+02
1.410000e-06	2.897704e-06	2.698321e-09	2.120083e+01	1.797054e+02
1.420000e-06	2.924332e-06	2.717815e-09	2.139565e+01	1.811821e+02
1.430000e-06	2.949586e-06	2.738907e-09	2.158042e+01	1.825855e+02
1.440000e-06	2.973581e-06	2.760087e-09	2.175598e+01	1.839196e+02
1.450000e-06	2.996588e-06	2.780306e-09	2.192431e+01	1.851877e+02
1.460000e-06	3.018601e-06	2.798641e-09	2.208537e+01	1.863924e+02
1.470000e-06	3.039614e-06	2.814651e-09	2.223910e+01	1.875353e+02
1.480000e-06	3.059722e-06	2.829517e-09	2.238622e+01	1.886175e+02
1.490000e-06	3.078908e-06	2.844035e-09	2.252660e+01	1.896396e+02
1.500000e-06	3.096962e-06	2.857987e-09	2.265868e+01	1.906022e+02
1.510000e-06	3.113809e-06	2.872128e-09	2.278195e+01	1.915058e+02
1.520000e-06	3.129462e-06	2.887201e-09	2.289647e+01	1.923511e+02
1.530000e-06	3.143945e-06	2.900109e-09	2.300243e+01	1.931393e+02
1.540000e-06	3.157283e-06	2.908641e-09	2.310002e+01	1.938720e+02
1.550000e-06	3.169436e-06	2.916232e-09	2.318893e+01	1.945510e+02
1.560000e-06	3.180343e-06	2.927069e-09	2.326874e+01	1.951791e+02
1.570000e-06	3.189839e-06	2.939371e-09	2.333821e+01	1.957589e+02
1.580000e-06	3.198015e-06	2.949533e-09	2.339803e+01	1.962934e+02
1.590000e-06	3.205125e-06	2.957437e-09	2.345005e+01	1.967857e+02
1.600000e-06	3.211168e-06	2.964425e-09	2.349427e+01	1.972385e+02
1.610000e-06	3.216142e-06	2.971088e-09	2.353066e+01	1.976543e+02
1.620000e-06	3.220140e-06	2.977176e-09	2.355991e+01	1.980349e+02
1.630000e-06	3.223049e-06	2.983061e-09	2.358119e+01	1.983815e+02
1.640000e-06	3.224599e-06	2.989381e-09	2.359253e+01	1.986946e+02
1.650000e-06	3.224909e-06	2.994736e-09	2.359480e+01	1.989741e+02
1.660000e-06	3.224194e-06	2.998903e-09	2.358957e+01	1.992191e+02
1.670000e-06	3.222440e-06	3.001756e-09	2.357673e+01	1.994285e+02
1.680000e-06	3.219676e-06	3.002871e-09	2.355651e+01	1.996007e+02
1.690000e-06	3.216010e-06	3.004991e-09	2.352969e+01	1.997344e+02
1.700000e-06	3.211460e-06	3.007963e-09	2.349640e+01	1.998283e+02
1.710000e-06	3.205841e-06	3.010819e-09	2.345529e+01	1.998815e+02
1.720000e-06	3.198977e-06	3.009505e-09	2.340507e+01	1.998939e+02
1.730000e-06	3.190997e-06	3.001260e-09	2.334668e+01	1.998660e+02
1.740000e-06	3.181966e-06	3.022530e-09	2.328061e+01	1.997991e+02
1.750000e-06	3.171423e-06	3.026377e-09	2.320347e+01	1.996953e+02
1.760000e-06	3.158935e-06	3.015657e-09	2.311210e+01	1.995572e+02
1.770000e-06	3.145051e-06	2.970015e-09	2.301053e+01	1.993878e+02
1.780000e-06	3.130689e-06	2.993885e-09	2.290545e+01	1.991905e+02
1.790000e-06	3.115737e-06	3.060809e-09	2.279605e+01	1.989683e+02
1.800000e-06	3.099416e-06	2.981000e-09	2.267664e+01	1.987241e+02
1.810000e-06	3.081822e-06	2.958391e-09	2.254791e+01	1.984599e+02
1.820000e-06	3.063522e-06	3.038854e-09	2.241402e+01	1.981769e+02
1.830000e-06	3.044296e-06	3.009180e-09	2.227336e+01	1.978753e+02
1.840000e-06	3.023942e-06	2.955770e-09	2.212444e+01	1.975541e+02
1.850000e-06	3.002660e-06	3.027215e-09	2.196873e+01	1.972112e+02
1.860000e-06	2.980170e-06	3.011896e-09	2.180419e+01	1.968436e+02
1.870000e-06	2.956401e-06	2.946861e-09	2.163028e+01	1.964472e+02
1.880000e-06	2.931635e-06	3.004752e-09	2.144908e+01	1.960178e+02
1.890000e-06	2.905716e-06	2.969547e-09	2.125945e+01	1.955505e+02
1.900000e-06	2.878623e-06	2.935428e-09	2.106122e+01	1.950408e+02
1.910000e-06	2.850589e-06	3.031059e-09	2.085612e+01	1.944847e+02
1.920000e-06	2.821568e-06	2.951648e-09	2.064379e+01	1.938788e+02
1.930000e-06	2.791395e-06	2.906252e-09	2.042303e+01	1.932207e+02
1.940000e-06	2.760127e-06	2.987574e-09	2.019426e+01	1.925092e+02
1.950000e-06	2.727769e-06	2.899163e-09	1.995752e+01	1.917445e+02
1.960000e-06	2.694443e-06	2.883113e-09	1.971368e+01	1.909279e+02
1.970000e-06	2.660312e-06	2.960103e-09	1.946397e+01	1.900616e+02
1.980000e-06	2.625299e-06	2.868276e-09	1.920780e+01	1.891492e+02
1.990000e-06	2.589498e-06	2.849532e-09	1.894587e+01	1.881946e+02
2.000000e-06	2.552860e-06	2.899456e-09	1.867780e+01	1.872021e+02
2.010000e-06	2.515033e-06	2.819160e-09	1.840105e+01	1.861761e+02
2.020000e-06	2.476049e-06	2.818532e-09	1.811582e+01	1.851206e+02
2.030000e-06	2.436156e-06	2.832937e-09	1.782395e+01	1.840389e+02
2.040000e-06	2.395430e-06	2.791058e-09	1.752598e+01	1.829338e+02
2.050000e-06	2.354036e-06	2.800414e-09	1.722312e+01	1.818067e+02
2.060000e-06	2.311923e-06	2.758247e-09	1.691501e+01	1.806583e+02
2.070000e-06	2.268982e-06	2.738440e-09	1.660083e+01	1.794878e+02
2.080000e-06	2.225363e-06	2.764368e-09	1.628169e+01	1.782938e+02
2.090000e-06	2.181164e-06	2.711348e-09	1.595832e+01	1.770738e+02
2.100000e-06	2.136249e-06	2.664209e-09	1.562970e+01	1.758248e+02
2.110000e-06	2.090480e-06	2.682178e-09	1.529484e+01	1.745432e+02
2.120000e-06	2.043922e-06	2.688617e-09	1.495420e+01	1.732255e+02
2.130000e-06	1.996609e-06	2.632054e-09	1.460804e+01	1.718678e+02
2.140000e-06	1.948539e-06	2.593200e-09	1.425634e+01	1.704670e+02
2.150000e-06	1.899675e-06	2.612958e-09	1.389882e+01	1.690200e+02
2.160000e-06	1.850121e-06	2.574985e-09	1.353627e+01	1.675244e+02
2.170000e-06	1.799956e-06	2.518217e-09	1.316924e+01	1.659784e+02
2.180000e-06	1.749121e-06	2.531199e-09	1.279731e+01	1.643806e+02
2.190000e-06	1.697626e-06	2.529237e-09	1.242055e+01	1.627303e+02
2.200000e-06	1.645534e-06	2.484626e-09	1.203942e+01	1.610270e+02
2.210000e-06	1.592733e-06	2.431828e-09	1.165311e+01	1.592709e+02
2.220000e-06	1.538988e-06	2.423841e-09	1.125989e+01	1.574618e+02
2.230000e-06	1.484293e-06	2.415837e-09	1.085972e+01	1.556001e+02
2.240000e-06	1.428927e-06	2.351544e-09	1.045463e+01	1.536856e+02
2.250000e-06	1.373157e-06	2.325972e-09	1.004660e+01	1.517181e+02
2.260000e-06	1.317037e-06	2.326699e-09	9.635997e+00	1.496973e+02
2.270000e-06	1.260514e-06	2.281458e-09	9.222452e+00	1.476222e+02
2.280000e-06	1.203529e-06	2.229686e-09	8.805525e+00	1.454917e+02
2.290000e-06	1.146099e-06	2.211638e-09	8.385348e+00	1.433042e+02
2.300000e-06	1.088298e-06	2.190875e-09	7.962450e+00	1.410580e+02
2.310000e-06	1.030166e-06	2.136521e-09	7.537131e+00	1.387510e+02
2.320000e-06	9.716727e-07	2.095664e-09	7.109168e+00	1.363807e+02
2.330000e-06	9.127790e-07	2.080144e-09	6.678278e+00	1.339446e+02
2.340000e-06	8.535391e-07	2.038635e-09	6.244853e+00	1.314401e+02
2.350000e-06	7.940455e-07	1.987684e-09	5.809573e+00	1.288644e+02
2.360000e-06	7.343391e-07	1.955455e-09	5.372736e+00	1.262144e+02
2.370000e-06	6.744517e-07	1.919568e-09	4.934574e+00	1.234871e+02
2.380000e-06	6.144407e-07	1.868852e-09	4.495508e+00	1.206794e+02
2.390000e-06	5.543555e-07	1.821496e-09	4.055899e+00	1.177877e+02
2.400000e-06	4.941996e-07	1.786383e-09	3.615773e+00	1.148088e+02
2.410000e-06	4.338954e-07	1.736019e-09	3.174563e+00	1.117388e+02
2.420000e-06	3.734547e-07	1.676701e-09	2.732352e+00	1.085740e+02
2.430000e-06	3.129653e-07	1.635528e-09	2.289786e+00	1.053105e+02
2.440000e-06	2.523612e-07	1.594481e-09	1.846382e+00	1.019442e+02
2.450000e-06	1.916330e-07	1.538184e-09	1.402068e+00	9.847103e+01
2.460000e-06	1.308231e-07	1.479237e-09	9.571574e-01	9.488698e+01
2.470000e-06	6.991225e-08	1.428075e-09	5.115076e-01	9.118801e+01
2.480000e-06	8.958218e-09	1.370600e-09	6.554211e-02	8.737025e+01
2.490000e-06	-5.205165e-08	1.304585e-09	-3.808319e-01	8.342999e+01
2.500000e-06	-1.130344e-07	1.241506e-09	-8.270074e-01	7.936375e+01
2.510000e-06	-1.739039e-07	1.177261e-09	-1.272355e+00	7.516835e+01
2.520000e-06	-2.347233e-07	1.107457e-09	-1.717335e+00	7.084088e+01
2.530000e-06	-2.954723e-07	1.038140e-09	-2.161800e+00	6.637877e+01
2.540000e-06	-3.561170e-07	9.731748e-10	-2.605503e+00	6.177981e+01
2.550000e-06	-4.166169e-07	9.039201e-10	-3.048146e+00	5.704217e+01
2.560000e-06	-4.769974e-07	8.268213e-10	-3.489915e+00	5.216449e+01
2.570000e-06	-5.372668e-07	7.482859e-10	-3.930871e+00	4.714588e+01
2.580000e-06	-5.974230e-07	6.717448e-10	-4.371000e+00	4.198607e+01
2.590000e-06	-6.574981e-07	5.895027e-10	-4.810535e+00	3.668555e+01
2.600000e-06	-7.174278e-07	5.008629e-10	-5.249005e+00	3.124567e+01
2.610000e-06	-7.772011e-07	4.123359e-10	-5.686332e+00	2.566888e+01
2.620000e-06	-8.367781e-07	3.258614e-10	-6.122223e+00	1.995891e+01
2.630000e-06	-8.960533e-07	2.391346e-10	-6.555905e+00	1.412099e+01
2.640000e-06	-9.549774e-07	1.494404e-10	-6.987019e+00	8.162087e+00
2.650000e-06	-1.013514e-06	5.982552e-11	-7.415299e+00	2.091031e+00
2.660000e-06	-1.071668e-06	-3.126955e-11	-7.840778e+00	-4.081300e+00
2.670000e-06	-1.129390e-06	-1.279749e-10	-8.263094e+00	-1.034192e+01
2.680000e-06	-1.186670e-06	-2.268374e-10	-8.682178e+00	-1.667576e+01
2.690000e-06	-1.243510e-06	-3.237198e-10	-9.098047e+00	-2.306572e+01
2.700000e-06	-1.299897e-06	-4.226798e-10	-9.510598e+00	-2.949289e+01
2.710000e-06	-1.355969e-06	-5.254458e-10	-9.920846e+00	-3.593684e+01
2.720000e-06	-1.411773e-06	-6.256746e-10	-1.032913e+01	-4.237598e+01
2.730000e-06	-1.467062e-06	-7.213561e-10	-1.073365e+01	-4.878803e+01
2.740000e-06	-1.521566e-06	-8.163974e-10	-1.113242e+01	-5.515048e+01
2.750000e-06	-1.575264e-06	-9.105031e-10	-1.152530e+01	-6.144119e+01
2.760000e-06	-1.628177e-06	-1.001018e-09	-1.191243e+01	-6.763887e+01
2.770000e-06	-1.680421e-06	-1.092486e-09	-1.229467e+01	-7.372362e+01
2.780000e-06	-1.732120e-06	-1.186534e-09	-1.267292e+01	-7.967732e+01
2.790000e-06	-1.783152e-06	-1.277682e-09	-1.304629e+01	-8.548406e+01
2.800000e-06	-1.833515e-06	-1.362520e-09	-1.341477e+01	-9.113035e+01
2.810000e-06	-1.883168e-06	-1.445546e-09	-1.377806e+01	-9.660528e+01
2.820000e-06	-1.931949e-06	-1.528081e-09	-1.413495e+01	-1.019005e+02
2.830000e-06	-1.979705e-06	-1.604741e-09	-1.448436e+01	-1.070104e+02
2.840000e-06	-2.026571e-06	-1.677915e-09	-1.482725e+01	-1.119313e+02
2.850000e-06	-2.072908e-06	-1.752627e-09	-1.516627e+01	-1.166621e+02
2.860000e-06	-2.118708e-06	-1.824852e-09	-1.550137e+01	-1.212029e+02
2.870000e-06	-2.163795e-06	-1.892892e-09	-1.583124e+01	-1.255557e+02
2.880000e-06	-2.208196e-06	-1.960775e-09	-1.615609e+01	-1.297232e+02
2.890000e-06	-2.251999e-06	-2.026463e-09	-1.647658e+01	-1.337090e+02
2.900000e-06	-2.295068e-06	-2.085281e-09	-1.679169e+01	-1.375170e+02
2.910000e-06	-2.337348e-06	-2.141518e-09	-1.710103e+01	-1.411514e+02
2.920000e-06	-2.378840e-06	-2.199135e-09	-1.740460e+01	-1.446164e+02
2.930000e-06	-2.419530e-06	-2.253328e-09	-1.770230e+01	-1.479162e+02
2.940000e-06	-2.459514e-06	-2.301953e-09	-1.799484e+01	-1.510551e+02
2.950000e-06	-2.498539e-06	-2.349072e-09	-1.828037e+01	-1.540374e+02
2.960000e-06	-2.536378e-06	-2.397121e-09	-1.855722e+01	-1.568673e+02
2.970000e-06	-2.573213e-06	-2.442630e-09	-1.882672e+01	-1.595497e+02
2.980000e-06	-2.609176e-06	-2.483695e-09	-1.908983e+01	-1.620894e+02
2.990000e-06	-2.644237e-06	-2.522801e-09	-1.934635e+01	-1.644919e+02
3.000000e-06	-2.678406e-06	-2.560374e-09	-1.959635e+01	-1.667630e+02
3.010000e-06	-2.711672e-06	-2.594885e-09	-1.983974e+01	-1.689093e+02
3.020000e-06	-2.744065e-06	-2.627751e-09	-2.007674e+01	-1.709374e+02
3.030000e-06	-2.775612e-06	-2.659945e-09	-2.030755e+01	-1.728544e+02
3.040000e-06	-2.806047e-06	-2.689017e-09	-2.053023e+01	-1.746676e+02
3.050000e-06	-2.835230e-06	-2.716444e-09	-2.074374e+01	-1.763841e+02
3.060000e-06	-2.863426e-06	-2.744733e-09	-2.095003e+01	-1.780107e+02
3.070000e-06	-2.890731e-06	-2.771105e-09	-2.114981e+01	-1.795539e+02
3.080000e-06	-2.916966e-06	-2.793674e-09	-2.134176e+01	-1.810195e+02
3.090000e-06	-2.942152e-06	-2.815906e-09	-2.152603e+01	-1.824123e+02
3.100000e-06	-2.966535e-06	-2.838795e-09	-2.170442e+01	-1.837363e+02
3.110000e-06	-2.990044e-06	-2.858273e-09	-2.187643e+01	-1.849949e+02
3.120000e-06	-3.012304e-06	-2.876530e-09	-2.203929e+01	-1.861902e+02
3.130000e-06	-3.033268e-06	-2.892539e-09	-2.219267e+01	-1.873240e+02
3.140000e-06	-3.053154e-06	-2.906731e-09	-2.233816e+01	-1.883971e+02
3.150000e-06	-3.072082e-06	-2.920247e-09	-2.247665e+01	-1.894103e+02
3.160000e-06	-3.089957e-06	-2.933490e-09	-2.260744e+01	-1.903640e+02
3.170000e-06	-3.106789e-06	-2.947017e-09	-2.273058e+01	-1.912588e+02
3.180000e-06	-3.122697e-06	-2.961048e-09	-2.284697e+01	-1.920954e+02
3.190000e-06	-3.137436e-06	-2.975439e-09	-2.295481e+01	-1.928752e+02
3.200000e-06	-3.150691e-06	-2.988768e-09	-2.305179e+01	-1.935996e+02
3.210000e-06	-3.162606e-06	-3.000083e-09	-2.313896e+01	-1.942708e+02
3.220000e-06	-3.173359e-06	-3.009631e-09	-2.321764e+01	-1.948914e+02
3.230000e-06	-3.182959e-06	-3.017308e-09	-2.328788e+01	-1.954641e+02
3.240000e-06	-3.191501e-06	-3.022434e-09	-2.335037e+01	-1.959920e+02
3.250000e-06	-3.198950e-06	-3.027154e-09	-2.340487e+01	-1.964781e+02
3.260000e-06	-3.205114e-06	-3.033903e-09	-2.344997e+01	-1.969251e+02
3.270000e-06	-3.209997e-06	-3.042508e-09	-2.348570e+01	-1.973353e+02
3.280000e-06	-3.213793e-06	-3.048435e-09	-2.351347e+01	-1.977105e+02
3.290000e-06	-3.216585e-06	-3.052795e-09	-2.353390e+01	-1.980519e+02
3.300000e-06	-3.218320e-06	-3.056817e-09	-2.354659e+01	-1.983598e+02
3.310000e-06	-3.219022e-06	-3.059731e-09	-2.355173e+01	-1.986340e+02
