# Temperatura_=_20.0
# Concentracion g/m^3_=_6200.0
# C_Vs_to_Am_M_A/Vsm_=_65563218390.804596
# pendiente_HvsI_1/m_=_3716.3
# ordenada_HvsI_A/m_=_1297.0
# frecuencia_Hz_=_301435.54319209734

Tiempo_(s)	Campo_(V.s)	Magnetizacion_(V.s)	Campo_(kA/m)	Magnetizacion_(A/m)
0.000000e+00	-3.217073e-06	-3.001612e-09	-2.354980e+01	-1.943740e+02
1.000000e-08	-3.216207e-06	-3.005965e-09	-2.354347e+01	-1.945329e+02
2.000000e-08	-3.213953e-06	-3.008656e-09	-2.352696e+01	-1.946513e+02
3.000000e-08	-3.210463e-06	-3.011307e-09	-2.350142e+01	-1.947301e+02
4.000000e-08	-3.206184e-06	-3.012883e-09	-2.347010e+01	-1.947706e+02
5.000000e-08	-3.200957e-06	-3.010494e-09	-2.343183e+01	-1.947748e+02
6.000000e-08	-3.194607e-06	-3.006582e-09	-2.338535e+01	-1.947451e+02
7.000000e-08	-3.187304e-06	-2.996679e-09	-2.333189e+01	-1.946844e+02
8.000000e-08	-3.179030e-06	-2.982531e-09	-2.327132e+01	-1.945958e+02
9.000000e-08	-3.169224e-06	-3.025269e-09	-2.319954e+01	-1.944824e+02
1.000000e-07	-3.157586e-06	-3.051628e-09	-2.311434e+01	-1.943474e+02
1.100000e-07	-3.144576e-06	-3.044689e-09	-2.301911e+01	-1.941933e+02
1.200000e-07	-3.130681e-06	-2.920604e-09	-2.291739e+01	-1.940223e+02
1.300000e-07	-3.115754e-06	-2.936570e-09	-2.280812e+01	-1.938357e+02
1.400000e-07	-3.099352e-06	-3.091594e-09	-2.268806e+01	-1.936341e+02
1.500000e-07	-3.081924e-06	-2.976078e-09	-2.256048e+01	-1.934168e+02
1.600000e-07	-3.063915e-06	-2.871941e-09	-2.242865e+01	-1.931823e+02
1.700000e-07	-3.044877e-06	-3.045849e-09	-2.228929e+01	-1.929284e+02
1.800000e-07	-3.024708e-06	-3.028328e-09	-2.214164e+01	-1.926517e+02
1.900000e-07	-3.003750e-06	-2.815387e-09	-2.198823e+01	-1.923484e+02
2.000000e-07	-2.981844e-06	-2.996778e-09	-2.182787e+01	-1.920145e+02
2.100000e-07	-2.958693e-06	-3.013055e-09	-2.165840e+01	-1.916458e+02
2.200000e-07	-2.934627e-06	-2.780327e-09	-2.148223e+01	-1.912382e+02
2.300000e-07	-2.909611e-06	-2.925146e-09	-2.129911e+01	-1.907882e+02
2.400000e-07	-2.883180e-06	-3.024338e-09	-2.110562e+01	-1.902930e+02
2.500000e-07	-2.855595e-06	-2.855205e-09	-2.090369e+01	-1.897507e+02
2.600000e-07	-2.827118e-06	-2.887472e-09	-2.069523e+01	-1.891602e+02
2.700000e-07	-2.797638e-06	-2.908517e-09	-2.047943e+01	-1.885218e+02
2.800000e-07	-2.767166e-06	-2.828269e-09	-2.025637e+01	-1.878363e+02
2.900000e-07	-2.735797e-06	-2.878597e-09	-2.002674e+01	-1.871058e+02
3.000000e-07	-2.703627e-06	-2.866797e-09	-1.979125e+01	-1.863330e+02
3.100000e-07	-2.670477e-06	-2.840925e-09	-1.954858e+01	-1.855209e+02
3.200000e-07	-2.635994e-06	-2.860813e-09	-1.929616e+01	-1.846730e+02
3.300000e-07	-2.600370e-06	-2.795125e-09	-1.903538e+01	-1.837927e+02
3.400000e-07	-2.563977e-06	-2.754257e-09	-1.876897e+01	-1.828830e+02
3.500000e-07	-2.526756e-06	-2.830380e-09	-1.849651e+01	-1.819464e+02
3.600000e-07	-2.488556e-06	-2.784809e-09	-1.821687e+01	-1.809851e+02
3.700000e-07	-2.449471e-06	-2.719372e-09	-1.793076e+01	-1.799999e+02
3.800000e-07	-2.409780e-06	-2.742442e-09	-1.764021e+01	-1.789914e+02
3.900000e-07	-2.369491e-06	-2.748489e-09	-1.734529e+01	-1.779588e+02
4.000000e-07	-2.328185e-06	-2.716040e-09	-1.704291e+01	-1.769009e+02
4.100000e-07	-2.285602e-06	-2.652985e-09	-1.673119e+01	-1.758157e+02
4.200000e-07	-2.242086e-06	-2.664819e-09	-1.641265e+01	-1.747008e+02
4.300000e-07	-2.197895e-06	-2.667530e-09	-1.608916e+01	-1.735535e+02
4.400000e-07	-2.152973e-06	-2.620046e-09	-1.576032e+01	-1.723708e+02
4.500000e-07	-2.107305e-06	-2.594748e-09	-1.542602e+01	-1.711500e+02
4.600000e-07	-2.060934e-06	-2.616198e-09	-1.508657e+01	-1.698884e+02
4.700000e-07	-2.013914e-06	-2.583708e-09	-1.474237e+01	-1.685837e+02
4.800000e-07	-1.966255e-06	-2.512773e-09	-1.439349e+01	-1.672342e+02
4.900000e-07	-1.917906e-06	-2.510155e-09	-1.403956e+01	-1.658382e+02
5.000000e-07	-1.868649e-06	-2.529678e-09	-1.367899e+01	-1.643949e+02
5.100000e-07	-1.818272e-06	-2.494323e-09	-1.331022e+01	-1.629035e+02
5.200000e-07	-1.766945e-06	-2.437823e-09	-1.293449e+01	-1.613636e+02
5.300000e-07	-1.714941e-06	-2.432986e-09	-1.255381e+01	-1.597749e+02
5.400000e-07	-1.662287e-06	-2.409059e-09	-1.216837e+01	-1.581372e+02
5.500000e-07	-1.608985e-06	-2.367569e-09	-1.177818e+01	-1.564503e+02
5.600000e-07	-1.555094e-06	-2.343068e-09	-1.138369e+01	-1.547137e+02
5.700000e-07	-1.500601e-06	-2.331764e-09	-1.098479e+01	-1.529268e+02
5.800000e-07	-1.445560e-06	-2.297533e-09	-1.058187e+01	-1.510886e+02
5.900000e-07	-1.390129e-06	-2.257926e-09	-1.017610e+01	-1.491978e+02
6.000000e-07	-1.334353e-06	-2.244234e-09	-9.767809e+00	-1.472528e+02
6.100000e-07	-1.278263e-06	-2.209067e-09	-9.357218e+00	-1.452518e+02
6.200000e-07	-1.221801e-06	-2.165792e-09	-8.943899e+00	-1.431927e+02
6.300000e-07	-1.164695e-06	-2.134665e-09	-8.525870e+00	-1.410733e+02
6.400000e-07	-1.106880e-06	-2.109302e-09	-8.102648e+00	-1.388913e+02
6.500000e-07	-1.048456e-06	-2.065972e-09	-7.674967e+00	-1.366443e+02
6.600000e-07	-9.895032e-07	-2.026904e-09	-7.243419e+00	-1.343301e+02
6.700000e-07	-9.301523e-07	-1.996918e-09	-6.808955e+00	-1.319465e+02
6.800000e-07	-8.705233e-07	-1.957478e-09	-6.372455e+00	-1.294913e+02
6.900000e-07	-8.107310e-07	-1.917349e-09	-5.934761e+00	-1.269625e+02
7.000000e-07	-7.508284e-07	-1.883582e-09	-5.496258e+00	-1.243582e+02
7.100000e-07	-6.907712e-07	-1.847316e-09	-5.056623e+00	-1.216764e+02
7.200000e-07	-6.305375e-07	-1.793851e-09	-4.615697e+00	-1.189152e+02
7.300000e-07	-5.701465e-07	-1.748532e-09	-4.173620e+00	-1.160726e+02
7.400000e-07	-5.095527e-07	-1.707760e-09	-3.730057e+00	-1.131463e+02
7.500000e-07	-4.487405e-07	-1.658619e-09	-3.284896e+00	-1.101342e+02
7.600000e-07	-3.877494e-07	-1.606377e-09	-2.838425e+00	-1.070336e+02
7.700000e-07	-3.266116e-07	-1.561660e-09	-2.390881e+00	-1.038416e+02
7.800000e-07	-2.653865e-07	-1.517819e-09	-1.942698e+00	-1.005551e+02
7.900000e-07	-2.041093e-07	-1.462007e-09	-1.494133e+00	-9.717065e+01
8.000000e-07	-1.427569e-07	-1.406290e-09	-1.045017e+00	-9.368451e+01
8.100000e-07	-8.132696e-08	-1.349703e-09	-5.953343e-01	-9.009268e+01
8.200000e-07	-1.982295e-08	-1.291986e-09	-1.451091e-01	-8.639092e+01
8.300000e-07	4.171075e-08	-1.233754e-09	3.053335e-01	-8.257483e+01
8.400000e-07	1.032217e-07	-1.178419e-09	7.556098e-01	-7.863990e+01
8.500000e-07	1.646909e-07	-1.116768e-09	1.205580e+00	-7.458159e+01
8.600000e-07	2.261278e-07	-1.048277e-09	1.655314e+00	-7.039546e+01
8.700000e-07	2.874531e-07	-9.831518e-10	2.104231e+00	-6.607722e+01
8.800000e-07	3.486498e-07	-9.177088e-10	2.552207e+00	-6.162291e+01
8.900000e-07	4.097055e-07	-8.491651e-10	2.999150e+00	-5.702900e+01
9.000000e-07	4.706075e-07	-7.762342e-10	3.444968e+00	-5.229259e+01
9.100000e-07	5.313172e-07	-7.037458e-10	3.889379e+00	-4.741154e+01
9.200000e-07	5.917620e-07	-6.270991e-10	4.331850e+00	-4.238470e+01
9.300000e-07	6.520670e-07	-5.477265e-10	4.773299e+00	-3.721208e+01
9.400000e-07	7.121917e-07	-4.658544e-10	5.213428e+00	-3.189502e+01
9.500000e-07	7.721002e-07	-3.823381e-10	5.651973e+00	-2.643644e+01
9.600000e-07	8.318728e-07	-2.968722e-10	6.089524e+00	-2.084097e+01
9.700000e-07	8.915011e-07	-2.096094e-10	6.526018e+00	-1.511508e+01
9.800000e-07	9.509676e-07	-1.225087e-10	6.961329e+00	-9.267209e+00
9.900000e-07	1.010078e-06	-3.357100e-11	7.394030e+00	-3.307816e+00
1.000000e-06	1.068591e-06	5.666641e-11	7.822363e+00	2.750656e+00
1.010000e-06	1.126387e-06	1.513428e-10	8.245443e+00	8.893839e+00
1.020000e-06	1.183448e-06	2.462819e-10	8.663143e+00	1.510559e+01
1.030000e-06	1.239903e-06	3.429324e-10	9.076411e+00	2.136820e+01
1.040000e-06	1.295941e-06	4.409736e-10	9.486623e+00	2.766268e+01
1.050000e-06	1.351677e-06	5.380065e-10	9.894625e+00	3.396912e+01
1.060000e-06	1.407116e-06	6.336937e-10	1.030045e+01	4.026700e+01
1.070000e-06	1.462153e-06	7.276285e-10	1.070334e+01	4.653566e+01
1.080000e-06	1.516655e-06	8.225575e-10	1.110230e+01	5.275469e+01
1.090000e-06	1.570613e-06	9.137721e-10	1.149730e+01	5.890430e+01
1.100000e-06	1.624038e-06	1.002985e-09	1.188838e+01	6.496574e+01
1.110000e-06	1.676887e-06	1.093895e-09	1.227525e+01	7.092157e+01
1.120000e-06	1.729125e-06	1.187504e-09	1.265764e+01	7.675600e+01
1.130000e-06	1.780744e-06	1.276291e-09	1.303551e+01	8.245500e+01
1.140000e-06	1.831639e-06	1.359822e-09	1.340807e+01	8.800648e+01
1.150000e-06	1.881572e-06	1.442050e-09	1.377359e+01	9.340032e+01
1.160000e-06	1.930432e-06	1.522593e-09	1.413126e+01	9.862837e+01
1.170000e-06	1.978480e-06	1.598185e-09	1.448298e+01	1.036843e+02
1.180000e-06	2.025956e-06	1.669246e-09	1.483052e+01	1.085636e+02
1.190000e-06	2.072770e-06	1.739101e-09	1.517321e+01	1.132633e+02
1.200000e-06	2.118887e-06	1.804994e-09	1.551080e+01	1.177817e+02
1.210000e-06	2.164317e-06	1.867210e-09	1.584336e+01	1.221186e+02
1.220000e-06	2.208948e-06	1.928252e-09	1.617007e+01	1.262744e+02
1.230000e-06	2.252900e-06	1.989742e-09	1.649181e+01	1.302508e+02
1.240000e-06	2.296325e-06	2.047648e-09	1.680969e+01	1.340499e+02
1.250000e-06	2.338915e-06	2.100623e-09	1.712146e+01	1.376747e+02
1.260000e-06	2.380305e-06	2.150365e-09	1.742445e+01	1.411284e+02
1.270000e-06	2.420588e-06	2.196147e-09	1.771933e+01	1.444150e+02
1.280000e-06	2.460120e-06	2.238120e-09	1.800871e+01	1.475389e+02
1.290000e-06	2.498909e-06	2.278298e-09	1.829266e+01	1.505049e+02
1.300000e-06	2.536785e-06	2.317978e-09	1.856992e+01	1.533182e+02
1.310000e-06	2.573766e-06	2.357046e-09	1.884063e+01	1.559844e+02
1.320000e-06	2.609968e-06	2.393227e-09	1.910564e+01	1.585096e+02
1.330000e-06	2.645437e-06	2.427826e-09	1.936528e+01	1.609001e+02
1.340000e-06	2.679984e-06	2.461318e-09	1.961818e+01	1.631624e+02
1.350000e-06	2.713278e-06	2.493051e-09	1.986189e+01	1.653031e+02
1.360000e-06	2.745399e-06	2.523365e-09	2.009703e+01	1.673289e+02
1.370000e-06	2.776626e-06	2.550874e-09	2.032562e+01	1.692463e+02
1.380000e-06	2.806941e-06	2.574686e-09	2.054753e+01	1.710617e+02
1.390000e-06	2.836396e-06	2.596006e-09	2.076315e+01	1.727809e+02
1.400000e-06	2.864940e-06	2.616603e-09	2.097210e+01	1.744095e+02
1.410000e-06	2.892610e-06	2.638420e-09	2.117465e+01	1.759525e+02
1.420000e-06	2.919326e-06	2.660476e-09	2.137022e+01	1.774142e+02
1.430000e-06	2.944681e-06	2.682654e-09	2.155582e+01	1.787986e+02
1.440000e-06	2.968745e-06	2.704400e-09	2.173198e+01	1.801090e+02
1.450000e-06	2.991809e-06	2.724289e-09	2.190081e+01	1.813484e+02
1.460000e-06	3.013934e-06	2.741461e-09	2.206277e+01	1.825194e+02
1.470000e-06	3.035048e-06	2.755774e-09	2.221734e+01	1.836241e+02
1.480000e-06	3.055198e-06	2.769758e-09	2.236484e+01	1.846648e+02
1.490000e-06	3.074491e-06	2.784395e-09	2.250607e+01	1.856435e+02
1.500000e-06	3.092710e-06	2.798748e-09	2.263943e+01	1.865623e+02
1.510000e-06	3.109717e-06	2.812459e-09	2.276393e+01	1.874232e+02
1.520000e-06	3.125626e-06	2.825216e-09	2.288039e+01	1.882286e+02
1.530000e-06	3.140346e-06	2.836140e-09	2.298814e+01	1.889807e+02
1.540000e-06	3.153876e-06	2.845167e-09	2.308719e+01	1.896819e+02
1.550000e-06	3.166286e-06	2.854912e-09	2.317803e+01	1.903343e+02
1.560000e-06	3.177436e-06	2.867289e-09	2.325966e+01	1.909402e+02
1.570000e-06	3.187080e-06	2.879411e-09	2.333025e+01	1.915016e+02
1.580000e-06	3.195364e-06	2.886955e-09	2.339089e+01	1.920201e+02
1.590000e-06	3.202631e-06	2.891247e-09	2.344408e+01	1.924969e+02
1.600000e-06	3.208810e-06	2.896082e-09	2.348932e+01	1.929331e+02
1.610000e-06	3.213858e-06	2.902893e-09	2.352627e+01	1.933292e+02
1.620000e-06	3.217929e-06	2.909833e-09	2.355607e+01	1.936853e+02
1.630000e-06	3.221043e-06	2.915645e-09	2.357886e+01	1.940014e+02
1.640000e-06	3.222834e-06	2.920781e-09	2.359198e+01	1.942771e+02
1.650000e-06	3.223220e-06	2.925943e-09	2.359480e+01	1.945122e+02
1.660000e-06	3.222548e-06	2.930181e-09	2.358988e+01	1.947064e+02
1.670000e-06	3.220878e-06	2.930500e-09	2.357766e+01	1.948598e+02
1.680000e-06	3.218186e-06	2.930904e-09	2.355795e+01	1.949728e+02
1.690000e-06	3.214572e-06	2.932809e-09	2.353150e+01	1.950463e+02
1.700000e-06	3.210183e-06	2.934303e-09	2.349937e+01	1.950819e+02
1.710000e-06	3.204788e-06	2.934229e-09	2.345988e+01	1.950814e+02
1.720000e-06	3.198012e-06	2.935321e-09	2.341028e+01	1.950474e+02
1.730000e-06	3.190117e-06	2.956674e-09	2.335248e+01	1.949829e+02
1.740000e-06	3.181279e-06	2.932402e-09	2.328778e+01	1.948909e+02
1.750000e-06	3.171066e-06	2.879211e-09	2.321302e+01	1.947746e+02
1.760000e-06	3.158936e-06	2.866957e-09	2.312422e+01	1.946370e+02
1.770000e-06	3.145012e-06	2.988318e-09	2.302230e+01	1.944807e+02
1.780000e-06	3.130427e-06	3.001943e-09	2.291553e+01	1.943077e+02
1.790000e-06	3.115637e-06	2.854234e-09	2.280727e+01	1.941194e+02
1.800000e-06	3.099654e-06	2.851530e-09	2.269026e+01	1.939158e+02
1.810000e-06	3.082185e-06	3.031625e-09	2.256239e+01	1.936965e+02
1.820000e-06	3.064028e-06	2.888170e-09	2.242947e+01	1.934598e+02
1.830000e-06	3.045110e-06	2.787416e-09	2.229099e+01	1.932031e+02
1.840000e-06	3.024999e-06	3.095391e-09	2.214377e+01	1.929232e+02
1.850000e-06	3.003927e-06	2.989446e-09	2.198952e+01	1.926162e+02
1.860000e-06	2.981694e-06	2.775428e-09	2.182677e+01	1.922779e+02
1.870000e-06	2.958019e-06	3.026677e-09	2.165347e+01	1.919042e+02
1.880000e-06	2.933317e-06	3.005102e-09	2.147264e+01	1.914911e+02
1.890000e-06	2.907627e-06	2.778191e-09	2.128458e+01	1.910351e+02
1.900000e-06	2.880685e-06	2.944536e-09	2.108736e+01	1.905336e+02
1.910000e-06	2.852810e-06	2.953500e-09	2.088331e+01	1.899848e+02
1.920000e-06	2.824083e-06	2.847717e-09	2.067302e+01	1.893878e+02
1.930000e-06	2.794129e-06	2.929834e-09	2.045374e+01	1.887428e+02
1.940000e-06	2.763001e-06	2.878241e-09	2.022588e+01	1.880511e+02
1.950000e-06	2.730843e-06	2.844385e-09	1.999048e+01	1.873148e+02
1.960000e-06	2.697669e-06	2.914160e-09	1.974763e+01	1.865365e+02
1.970000e-06	2.663666e-06	2.755763e-09	1.949872e+01	1.857194e+02
1.980000e-06	2.628765e-06	2.827365e-09	1.924324e+01	1.848670e+02
1.990000e-06	2.593030e-06	2.938029e-09	1.898165e+01	1.839826e+02
2.000000e-06	2.556630e-06	2.731935e-09	1.871519e+01	1.830693e+02
2.010000e-06	2.519126e-06	2.768951e-09	1.844065e+01	1.821294e+02
2.020000e-06	2.480241e-06	2.831723e-09	1.815600e+01	1.811649e+02
2.030000e-06	2.440417e-06	2.728330e-09	1.786448e+01	1.801768e+02
2.040000e-06	2.399901e-06	2.725351e-09	1.756790e+01	1.791652e+02
2.050000e-06	2.358627e-06	2.732686e-09	1.726576e+01	1.781294e+02
2.060000e-06	2.316604e-06	2.763060e-09	1.695814e+01	1.770681e+02
2.070000e-06	2.273719e-06	2.727949e-09	1.664421e+01	1.759792e+02
2.080000e-06	2.230123e-06	2.621090e-09	1.632508e+01	1.748602e+02
2.090000e-06	2.186055e-06	2.688813e-09	1.600249e+01	1.737083e+02
2.100000e-06	2.141404e-06	2.700697e-09	1.567563e+01	1.725206e+02
2.110000e-06	2.095811e-06	2.587560e-09	1.534188e+01	1.712945e+02
2.120000e-06	2.049338e-06	2.588898e-09	1.500168e+01	1.700272e+02
2.130000e-06	2.002276e-06	2.618184e-09	1.465718e+01	1.687166e+02
2.140000e-06	1.954482e-06	2.612169e-09	1.430731e+01	1.673608e+02
2.150000e-06	1.905814e-06	2.533146e-09	1.395105e+01	1.659585e+02
2.160000e-06	1.856350e-06	2.504962e-09	1.358896e+01	1.645087e+02
2.170000e-06	1.806257e-06	2.546752e-09	1.322227e+01	1.630107e+02
2.180000e-06	1.755555e-06	2.477774e-09	1.285112e+01	1.614641e+02
2.190000e-06	1.704139e-06	2.442004e-09	1.247473e+01	1.598688e+02
2.200000e-06	1.652114e-06	2.460203e-09	1.209390e+01	1.582244e+02
2.210000e-06	1.599450e-06	2.433549e-09	1.170839e+01	1.565308e+02
2.220000e-06	1.545821e-06	2.379526e-09	1.131581e+01	1.547874e+02
2.230000e-06	1.491185e-06	2.339349e-09	1.091586e+01	1.529936e+02
2.240000e-06	1.435823e-06	2.341421e-09	1.051060e+01	1.511483e+02
2.250000e-06	1.380062e-06	2.318442e-09	1.010241e+01	1.492501e+02
2.260000e-06	1.324018e-06	2.270488e-09	9.692151e+00	1.472976e+02
2.270000e-06	1.267599e-06	2.259495e-09	9.279152e+00	1.452888e+02
2.280000e-06	1.210716e-06	2.222298e-09	8.862755e+00	1.432215e+02
2.290000e-06	1.153360e-06	2.174809e-09	8.442895e+00	1.410937e+02
2.300000e-06	1.095635e-06	2.154118e-09	8.020331e+00	1.389029e+02
2.310000e-06	1.037545e-06	2.121704e-09	7.595100e+00	1.366468e+02
2.320000e-06	9.790703e-07	2.081522e-09	7.167048e+00	1.343231e+02
2.330000e-06	9.202758e-07	2.037051e-09	6.736657e+00	1.319297e+02
2.340000e-06	8.611716e-07	2.013713e-09	6.303998e+00	1.294645e+02
2.350000e-06	8.017683e-07	1.979687e-09	5.869151e+00	1.269254e+02
2.360000e-06	7.421005e-07	1.927296e-09	5.432368e+00	1.243104e+02
2.370000e-06	6.822740e-07	1.896323e-09	4.994422e+00	1.216177e+02
2.380000e-06	6.223716e-07	1.855111e-09	4.555921e+00	1.188453e+02
2.390000e-06	5.623843e-07	1.800477e-09	4.116798e+00	1.159912e+02
2.400000e-06	5.022794e-07	1.754527e-09	3.676815e+00	1.130532e+02
2.410000e-06	4.420159e-07	1.718519e-09	3.235670e+00	1.100289e+02
2.420000e-06	3.815762e-07	1.669185e-09	2.793236e+00	1.069158e+02
2.430000e-06	3.210699e-07	1.609054e-09	2.350314e+00	1.037108e+02
2.440000e-06	2.606082e-07	1.566769e-09	1.907720e+00	1.004109e+02
2.450000e-06	2.000666e-07	1.527726e-09	1.464539e+00	9.701248e+01
2.460000e-06	1.392083e-07	1.471114e-09	1.019041e+00	9.351183e+01
2.470000e-06	7.822835e-08	1.410638e-09	5.726517e-01	8.990489e+01
2.480000e-06	1.735129e-08	1.357811e-09	1.270159e-01	8.618741e+01
2.490000e-06	-4.356293e-08	1.299518e-09	-3.188919e-01	8.235495e+01
2.500000e-06	-1.045176e-07	1.234225e-09	-7.650957e-01	7.840300e+01
2.510000e-06	-1.653817e-07	1.170843e-09	-1.210637e+00	7.432704e+01
2.520000e-06	-2.261419e-07	1.108215e-09	-1.655417e+00	7.012263e+01
2.530000e-06	-2.868977e-07	1.039441e-09	-2.100165e+00	6.578552e+01
2.540000e-06	-3.475535e-07	9.714102e-10	-2.544181e+00	6.131180e+01
2.550000e-06	-4.080195e-07	9.048794e-10	-2.986808e+00	5.669803e+01
2.560000e-06	-4.683738e-07	8.330899e-10	-3.428617e+00	5.194140e+01
2.570000e-06	-5.286010e-07	7.570105e-10	-3.869496e+00	4.703990e+01
2.580000e-06	-5.887025e-07	6.782869e-10	-4.309454e+00	4.199254e+01
2.590000e-06	-6.487145e-07	5.987964e-10	-4.748758e+00	3.679950e+01
2.600000e-06	-7.086271e-07	5.142060e-10	-5.187333e+00	3.146234e+01
2.610000e-06	-7.683898e-07	4.286889e-10	-5.624812e+00	2.598422e+01
2.620000e-06	-8.279299e-07	3.437256e-10	-6.060661e+00	2.037000e+01
2.630000e-06	-8.871981e-07	2.559761e-10	-6.494519e+00	1.462646e+01
2.640000e-06	-9.461227e-07	1.672112e-10	-6.925862e+00	8.762306e+00
2.650000e-06	-1.004680e-06	7.812282e-11	-7.354520e+00	2.788285e+00
2.660000e-06	-1.062876e-06	-1.248039e-11	-7.780529e+00	-3.282878e+00
2.670000e-06	-1.120659e-06	-1.073490e-10	-8.203512e+00	-9.436549e+00
2.680000e-06	-1.178023e-06	-2.040749e-10	-8.623434e+00	-1.565635e+01
2.690000e-06	-1.234934e-06	-2.997385e-10	-9.040033e+00	-2.192436e+01
2.700000e-06	-1.291340e-06	-3.940320e-10	-9.452945e+00	-2.822146e+01
2.710000e-06	-1.347395e-06	-4.912037e-10	-9.863281e+00	-3.452760e+01
2.720000e-06	-1.403190e-06	-5.905213e-10	-1.027171e+01	-4.082224e+01
2.730000e-06	-1.458568e-06	-6.869469e-10	-1.067709e+01	-4.708472e+01
2.740000e-06	-1.513288e-06	-7.789160e-10	-1.107766e+01	-5.329469e+01
2.750000e-06	-1.567104e-06	-8.696279e-10	-1.147160e+01	-5.943249e+01
2.760000e-06	-1.620017e-06	-9.617041e-10	-1.185894e+01	-6.547954e+01
2.770000e-06	-1.672291e-06	-1.051075e-09	-1.224160e+01	-7.141862e+01
2.780000e-06	-1.723975e-06	-1.139255e-09	-1.261994e+01	-7.723418e+01
2.790000e-06	-1.774986e-06	-1.228692e-09	-1.299335e+01	-8.291247e+01
2.800000e-06	-1.825402e-06	-1.315698e-09	-1.336241e+01	-8.844167e+01
2.810000e-06	-1.875172e-06	-1.397597e-09	-1.372674e+01	-9.381195e+01
2.820000e-06	-1.924084e-06	-1.478496e-09	-1.408479e+01	-9.901541e+01
2.830000e-06	-1.971973e-06	-1.557301e-09	-1.443535e+01	-1.040460e+02
2.840000e-06	-2.018941e-06	-1.630385e-09	-1.477917e+01	-1.088995e+02
2.850000e-06	-2.065294e-06	-1.700261e-09	-1.511848e+01	-1.135730e+02
2.860000e-06	-2.111123e-06	-1.770323e-09	-1.545397e+01	-1.180652e+02
2.870000e-06	-2.156242e-06	-1.840830e-09	-1.578425e+01	-1.223757e+02
2.880000e-06	-2.200633e-06	-1.907984e-09	-1.610920e+01	-1.265055e+02
2.890000e-06	-2.244451e-06	-1.971204e-09	-1.642996e+01	-1.304561e+02
2.900000e-06	-2.287616e-06	-2.031851e-09	-1.674594e+01	-1.342298e+02
2.910000e-06	-2.329996e-06	-2.089762e-09	-1.705617e+01	-1.378295e+02
2.920000e-06	-2.371567e-06	-2.144227e-09	-1.736048e+01	-1.412588e+02
2.930000e-06	-2.412312e-06	-2.197871e-09	-1.765875e+01	-1.445216e+02
2.940000e-06	-2.452336e-06	-2.250121e-09	-1.795173e+01	-1.476223e+02
2.950000e-06	-2.491599e-06	-2.296165e-09	-1.823915e+01	-1.505658e+02
2.960000e-06	-2.529723e-06	-2.339908e-09	-1.851823e+01	-1.533574e+02
2.970000e-06	-2.566614e-06	-2.384978e-09	-1.878828e+01	-1.560027e+02
2.980000e-06	-2.602588e-06	-2.427592e-09	-1.905162e+01	-1.585080e+02
2.990000e-06	-2.637775e-06	-2.463837e-09	-1.930919e+01	-1.608794e+02
3.000000e-06	-2.672093e-06	-2.499805e-09	-1.956041e+01	-1.631236e+02
3.010000e-06	-2.705530e-06	-2.537986e-09	-1.980518e+01	-1.652471e+02
3.020000e-06	-2.738036e-06	-2.572094e-09	-2.004313e+01	-1.672567e+02
3.030000e-06	-2.769750e-06	-2.601464e-09	-2.027528e+01	-1.691589e+02
3.040000e-06	-2.800509e-06	-2.631440e-09	-2.050045e+01	-1.709598e+02
3.050000e-06	-2.829859e-06	-2.660237e-09	-2.071530e+01	-1.726654e+02
3.060000e-06	-2.858083e-06	-2.687523e-09	-2.092191e+01	-1.742812e+02
3.070000e-06	-2.885539e-06	-2.712529e-09	-2.112289e+01	-1.758119e+02
3.080000e-06	-2.912015e-06	-2.735705e-09	-2.131670e+01	-1.772620e+02
3.090000e-06	-2.937426e-06	-2.758289e-09	-2.150271e+01	-1.786353e+02
3.100000e-06	-2.961869e-06	-2.778366e-09	-2.168165e+01	-1.799351e+02
3.110000e-06	-2.985425e-06	-2.796481e-09	-2.185409e+01	-1.811643e+02
3.120000e-06	-3.007875e-06	-2.812878e-09	-2.201842e+01	-1.823253e+02
3.130000e-06	-3.028918e-06	-2.831090e-09	-2.217246e+01	-1.834204e+02
3.140000e-06	-3.048872e-06	-2.848982e-09	-2.231853e+01	-1.844518e+02
3.150000e-06	-3.067904e-06	-2.864588e-09	-2.245785e+01	-1.854215e+02
3.160000e-06	-3.085911e-06	-2.878113e-09	-2.258966e+01	-1.863315e+02
3.170000e-06	-3.102882e-06	-2.891017e-09	-2.271390e+01	-1.871841e+02
3.180000e-06	-3.118879e-06	-2.902598e-09	-2.283100e+01	-1.879814e+02
3.190000e-06	-3.133838e-06	-2.914409e-09	-2.294050e+01	-1.887257e+02
3.200000e-06	-3.147323e-06	-2.927263e-09	-2.303922e+01	-1.894194e+02
3.210000e-06	-3.159343e-06	-2.939620e-09	-2.312720e+01	-1.900648e+02
3.220000e-06	-3.170169e-06	-2.948668e-09	-2.320646e+01	-1.906639e+02
3.230000e-06	-3.179872e-06	-2.955484e-09	-2.327749e+01	-1.912187e+02
3.240000e-06	-3.188507e-06	-2.961813e-09	-2.334070e+01	-1.917308e+02
3.250000e-06	-3.196135e-06	-2.968126e-09	-2.339654e+01	-1.922015e+02
3.260000e-06	-3.202541e-06	-2.975499e-09	-2.344343e+01	-1.926316e+02
3.270000e-06	-3.207529e-06	-2.982958e-09	-2.347994e+01	-1.930216e+02
3.280000e-06	-3.211444e-06	-2.989112e-09	-2.350860e+01	-1.933717e+02
3.290000e-06	-3.214384e-06	-2.992515e-09	-2.353012e+01	-1.936817e+02
3.300000e-06	-3.216253e-06	-2.996355e-09	-2.354381e+01	-1.939512e+02
3.310000e-06	-3.217070e-06	-2.999858e-09	-2.354978e+01	-1.941802e+02
