5.741317e+02
5.858090e+02
5.890873e+02
5.923008e+02
5.849091e+02
5.997713e+02
5.963746e+02
6.135395e+02
5.988124e+02
5.910017e+02
5.972972e+02
5.959150e+02
5.716008e+02
5.715174e+02
5.990945e+02
6.167554e+02
6.083424e+02
5.960126e+02
5.915043e+02
6.020061e+02
5.983221e+02
6.089038e+02
6.047239e+02
6.145056e+02
5.844286e+02
5.958377e+02
5.930081e+02
5.909086e+02
5.603085e+02
5.491763e+02
5.650604e+02
5.321666e+02
5.277615e+02
5.065868e+02
5.346393e+02
5.183008e+02
5.070173e+02
5.043248e+02
5.111474e+02
5.327952e+02
