# Temperatura_=_20.0
# Concentracion g/m^3_=_8200.0
# C_Vs_to_Am_M_A/Vsm_=_65563218390.804596
# pendiente_HvsI_1/m_=_3716.3
# ordenada_HvsI_A/m_=_1297.0
# frecuencia_Hz_=_301429.61817962996

Tiempo_(s)	Campo_(V.s)	Magnetizacion_(V.s)	Campo_(kA/m)	Magnetizacion_(A/m)
0.000000e+00	-3.215932e-06	-4.682821e-09	-2.355249e+01	-3.052570e+02
1.000000e-08	-3.214475e-06	-4.686725e-09	-2.354181e+01	-3.054266e+02
2.000000e-08	-3.211704e-06	-4.687773e-09	-2.352152e+01	-3.055535e+02
3.000000e-08	-3.207949e-06	-4.686905e-09	-2.349402e+01	-3.056345e+02
4.000000e-08	-3.203306e-06	-4.684580e-09	-2.346001e+01	-3.056667e+02
5.000000e-08	-3.197616e-06	-4.681806e-09	-2.341834e+01	-3.056474e+02
6.000000e-08	-3.190860e-06	-4.675357e-09	-2.336887e+01	-3.055743e+02
7.000000e-08	-3.183132e-06	-4.665817e-09	-2.331227e+01	-3.054460e+02
8.000000e-08	-3.174264e-06	-4.685115e-09	-2.324732e+01	-3.052619e+02
9.000000e-08	-3.163782e-06	-4.716874e-09	-2.317055e+01	-3.050225e+02
1.000000e-07	-3.151652e-06	-4.712338e-09	-2.308172e+01	-3.047290e+02
1.100000e-07	-3.138347e-06	-4.626700e-09	-2.298428e+01	-3.043834e+02
1.200000e-07	-3.124080e-06	-4.577877e-09	-2.287979e+01	-3.039884e+02
1.300000e-07	-3.108608e-06	-4.676860e-09	-2.276648e+01	-3.035469e+02
1.400000e-07	-3.091839e-06	-4.689455e-09	-2.264366e+01	-3.030616e+02
1.500000e-07	-3.074139e-06	-4.593885e-09	-2.251404e+01	-3.025352e+02
1.600000e-07	-3.055641e-06	-4.624122e-09	-2.237857e+01	-3.019693e+02
1.700000e-07	-3.036139e-06	-4.668906e-09	-2.223574e+01	-3.013650e+02
1.800000e-07	-3.015667e-06	-4.561705e-09	-2.208581e+01	-3.007223e+02
1.900000e-07	-2.994334e-06	-4.562073e-09	-2.192957e+01	-3.000399e+02
2.000000e-07	-2.971994e-06	-4.615166e-09	-2.176596e+01	-2.993156e+02
2.100000e-07	-2.948578e-06	-4.510810e-09	-2.159447e+01	-2.985462e+02
2.200000e-07	-2.924171e-06	-4.504343e-09	-2.141572e+01	-2.977279e+02
2.300000e-07	-2.898581e-06	-4.568806e-09	-2.122830e+01	-2.968564e+02
2.400000e-07	-2.871692e-06	-4.512536e-09	-2.103138e+01	-2.959275e+02
2.500000e-07	-2.843743e-06	-4.502992e-09	-2.082669e+01	-2.949372e+02
2.600000e-07	-2.814864e-06	-4.513909e-09	-2.061519e+01	-2.938825e+02
2.700000e-07	-2.784995e-06	-4.425053e-09	-2.039644e+01	-2.927612e+02
2.800000e-07	-2.754161e-06	-4.431773e-09	-2.017061e+01	-2.915723e+02
2.900000e-07	-2.722485e-06	-4.460570e-09	-1.993863e+01	-2.903163e+02
3.000000e-07	-2.689930e-06	-4.402430e-09	-1.970021e+01	-2.889951e+02
3.100000e-07	-2.656211e-06	-4.396376e-09	-1.945326e+01	-2.876118e+02
3.200000e-07	-2.621297e-06	-4.377266e-09	-1.919756e+01	-2.861706e+02
3.300000e-07	-2.585478e-06	-4.289542e-09	-1.893523e+01	-2.846763e+02
3.400000e-07	-2.548876e-06	-4.309777e-09	-1.866718e+01	-2.831342e+02
3.500000e-07	-2.511338e-06	-4.346154e-09	-1.839226e+01	-2.815494e+02
3.600000e-07	-2.472803e-06	-4.269098e-09	-1.811004e+01	-2.799265e+02
3.700000e-07	-2.433461e-06	-4.235025e-09	-1.782191e+01	-2.782693e+02
3.800000e-07	-2.393536e-06	-4.237801e-09	-1.752951e+01	-2.765800e+02
3.900000e-07	-2.352848e-06	-4.207230e-09	-1.723153e+01	-2.748598e+02
4.000000e-07	-2.311081e-06	-4.166576e-09	-1.692564e+01	-2.731078e+02
4.100000e-07	-2.268183e-06	-4.133217e-09	-1.661146e+01	-2.713217e+02
4.200000e-07	-2.224393e-06	-4.111254e-09	-1.629076e+01	-2.694979e+02
4.300000e-07	-2.179936e-06	-4.098517e-09	-1.596518e+01	-2.676312e+02
4.400000e-07	-2.134789e-06	-4.051939e-09	-1.563453e+01	-2.657158e+02
4.500000e-07	-2.088918e-06	-4.010537e-09	-1.529859e+01	-2.637451e+02
4.600000e-07	-2.042341e-06	-4.016287e-09	-1.495747e+01	-2.617126e+02
4.700000e-07	-1.995075e-06	-3.970482e-09	-1.461131e+01	-2.596121e+02
4.800000e-07	-1.947114e-06	-3.894470e-09	-1.426006e+01	-2.574378e+02
4.900000e-07	-1.898344e-06	-3.884754e-09	-1.390288e+01	-2.551852e+02
5.000000e-07	-1.848506e-06	-3.883903e-09	-1.353788e+01	-2.528506e+02
5.100000e-07	-1.797624e-06	-3.814860e-09	-1.316524e+01	-2.504316e+02
5.200000e-07	-1.745971e-06	-3.757807e-09	-1.278695e+01	-2.479270e+02
5.300000e-07	-1.693677e-06	-3.742413e-09	-1.240396e+01	-2.453365e+02
5.400000e-07	-1.640727e-06	-3.705191e-09	-1.201617e+01	-2.426603e+02
5.500000e-07	-1.587155e-06	-3.648705e-09	-1.162383e+01	-2.398993e+02
5.600000e-07	-1.533041e-06	-3.612914e-09	-1.122752e+01	-2.370542e+02
5.700000e-07	-1.478416e-06	-3.583703e-09	-1.082746e+01	-2.341253e+02
5.800000e-07	-1.423328e-06	-3.520883e-09	-1.042401e+01	-2.311121e+02
5.900000e-07	-1.367815e-06	-3.459407e-09	-1.001745e+01	-2.280133e+02
6.000000e-07	-1.311932e-06	-3.423850e-09	-9.608182e+00	-2.248262e+02
6.100000e-07	-1.255717e-06	-3.380122e-09	-9.196479e+00	-2.215468e+02
6.200000e-07	-1.198984e-06	-3.313128e-09	-8.780986e+00	-2.181699e+02
6.300000e-07	-1.141557e-06	-3.262239e-09	-8.360407e+00	-2.146890e+02
6.400000e-07	-1.083516e-06	-3.222755e-09	-7.935337e+00	-2.110968e+02
6.500000e-07	-1.024919e-06	-3.158532e-09	-7.506190e+00	-2.073852e+02
6.600000e-07	-9.658308e-07	-3.091484e-09	-7.073444e+00	-2.035460e+02
6.700000e-07	-9.064106e-07	-3.037758e-09	-6.638270e+00	-1.995706e+02
6.800000e-07	-8.467739e-07	-2.977090e-09	-6.201508e+00	-1.954511e+02
6.900000e-07	-7.869974e-07	-2.904083e-09	-5.763724e+00	-1.911799e+02
7.000000e-07	-7.270749e-07	-2.839711e-09	-5.324870e+00	-1.867502e+02
7.100000e-07	-6.669506e-07	-2.772840e-09	-4.884538e+00	-1.821559e+02
7.200000e-07	-6.067126e-07	-2.691841e-09	-4.443374e+00	-1.773918e+02
7.300000e-07	-5.463389e-07	-2.614306e-09	-4.001216e+00	-1.724528e+02
7.400000e-07	-4.857424e-07	-2.545889e-09	-3.557426e+00	-1.673345e+02
7.500000e-07	-4.249328e-07	-2.470094e-09	-3.112076e+00	-1.620321e+02
7.600000e-07	-3.639221e-07	-2.381352e-09	-2.665252e+00	-1.565404e+02
7.700000e-07	-3.028035e-07	-2.295881e-09	-2.217639e+00	-1.508533e+02
7.800000e-07	-2.416005e-07	-2.207986e-09	-1.769407e+00	-1.449637e+02
7.900000e-07	-1.802571e-07	-2.108341e-09	-1.320147e+00	-1.388629e+02
8.000000e-07	-1.188358e-07	-2.004452e-09	-8.703167e-01	-1.325406e+02
8.100000e-07	-5.737725e-08	-1.904101e-09	-4.202131e-01	-1.259851e+02
8.200000e-07	4.124190e-09	-1.802755e-09	3.020428e-02	-1.191833e+02
8.300000e-07	6.558862e-08	-1.696462e-09	4.803506e-01	-1.121211e+02
8.400000e-07	1.270550e-07	-1.586552e-09	9.305112e-01	-1.047843e+02
8.500000e-07	1.884993e-07	-1.469517e-09	1.380510e+00	-9.715854e+01
8.600000e-07	2.498388e-07	-1.345478e-09	1.829742e+00	-8.923103e+01
8.700000e-07	3.111179e-07	-1.216969e-09	2.278531e+00	-8.099089e+01
8.800000e-07	3.723304e-07	-1.085867e-09	2.726832e+00	-7.243031e+01
8.900000e-07	4.334003e-07	-9.502139e-10	3.174089e+00	-6.354542e+01
9.000000e-07	4.943145e-07	-8.112473e-10	3.620205e+00	-5.433719e+01
9.100000e-07	5.549721e-07	-6.669333e-10	4.064443e+00	-4.481211e+01
9.200000e-07	6.153707e-07	-5.153051e-10	4.506784e+00	-3.498278e+01
9.300000e-07	6.756078e-07	-3.606909e-10	4.947941e+00	-2.486815e+01
9.400000e-07	7.356149e-07	-2.040295e-10	5.387414e+00	-1.449368e+01
9.500000e-07	7.954276e-07	-4.256951e-11	5.825464e+00	-3.891104e+00
9.600000e-07	8.550990e-07	1.243226e-10	6.262479e+00	6.901987e+00
9.700000e-07	9.146252e-07	2.918391e-10	6.698430e+00	1.784286e+01
9.800000e-07	9.738606e-07	4.603846e-10	7.132252e+00	2.888453e+01
9.900000e-07	1.032689e-06	6.312209e-10	7.563096e+00	3.997688e+01
1.000000e-06	1.090991e-06	8.014818e-10	7.990077e+00	5.106786e+01
1.010000e-06	1.148586e-06	9.698522e-10	8.411887e+00	6.210481e+01
1.020000e-06	1.205489e-06	1.137330e-09	8.828625e+00	7.303578e+01
1.030000e-06	1.261819e-06	1.302932e-09	9.241172e+00	8.381086e+01
1.040000e-06	1.317755e-06	1.463337e-09	9.650829e+00	9.438333e+01
1.050000e-06	1.373369e-06	1.620070e-09	1.005813e+01	1.047108e+02
1.060000e-06	1.428616e-06	1.772909e-09	1.046274e+01	1.147559e+02
1.070000e-06	1.483404e-06	1.919194e-09	1.086399e+01	1.244873e+02
1.080000e-06	1.537639e-06	2.060867e-09	1.126119e+01	1.338797e+02
1.090000e-06	1.591346e-06	2.199920e-09	1.165453e+01	1.429146e+02
1.100000e-06	1.644547e-06	2.331475e-09	1.204415e+01	1.515795e+02
1.110000e-06	1.697170e-06	2.455132e-09	1.242955e+01	1.598683e+02
1.120000e-06	1.749171e-06	2.574966e-09	1.281038e+01	1.677804e+02
1.130000e-06	1.800439e-06	2.690285e-09	1.318586e+01	1.753205e+02
1.140000e-06	1.850828e-06	2.798633e-09	1.355489e+01	1.824972e+02
1.150000e-06	1.900261e-06	2.903138e-09	1.391692e+01	1.893228e+02
1.160000e-06	1.948791e-06	3.004619e-09	1.427234e+01	1.958119e+02
1.170000e-06	1.996591e-06	3.098451e-09	1.462241e+01	2.019809e+02
1.180000e-06	2.043772e-06	3.186040e-09	1.496795e+01	2.078468e+02
1.190000e-06	2.090327e-06	3.271010e-09	1.530890e+01	2.134268e+02
1.200000e-06	2.136165e-06	3.351521e-09	1.564461e+01	2.187374e+02
1.210000e-06	2.181217e-06	3.425414e-09	1.597455e+01	2.237942e+02
1.220000e-06	2.225566e-06	3.497185e-09	1.629935e+01	2.286112e+02
1.230000e-06	2.269345e-06	3.567719e-09	1.661998e+01	2.332007e+02
1.240000e-06	2.312469e-06	3.631559e-09	1.693580e+01	2.375734e+02
1.250000e-06	2.354589e-06	3.690554e-09	1.724427e+01	2.417385e+02
1.260000e-06	2.395528e-06	3.749750e-09	1.754410e+01	2.457035e+02
1.270000e-06	2.435499e-06	3.807097e-09	1.783684e+01	2.494750e+02
1.280000e-06	2.474662e-06	3.857682e-09	1.812365e+01	2.530588e+02
1.290000e-06	2.512996e-06	3.903484e-09	1.840440e+01	2.564600e+02
1.300000e-06	2.550471e-06	3.950229e-09	1.867886e+01	2.596838e+02
1.310000e-06	2.587112e-06	3.994043e-09	1.894720e+01	2.627355e+02
1.320000e-06	2.622996e-06	4.032932e-09	1.921001e+01	2.656208e+02
1.330000e-06	2.658060e-06	4.072541e-09	1.946680e+01	2.683461e+02
1.340000e-06	2.692050e-06	4.112083e-09	1.971573e+01	2.709181e+02
1.350000e-06	2.724862e-06	4.146200e-09	1.995604e+01	2.733446e+02
1.360000e-06	2.756620e-06	4.176036e-09	2.018863e+01	2.756336e+02
1.370000e-06	2.787487e-06	4.206276e-09	2.041469e+01	2.777936e+02
1.380000e-06	2.817492e-06	4.235685e-09	2.063444e+01	2.798331e+02
1.390000e-06	2.846593e-06	4.261613e-09	2.084756e+01	2.817605e+02
1.400000e-06	2.874796e-06	4.287031e-09	2.105411e+01	2.835837e+02
1.410000e-06	2.902058e-06	4.313334e-09	2.125377e+01	2.853102e+02
1.420000e-06	2.928176e-06	4.338059e-09	2.144505e+01	2.869464e+02
1.430000e-06	2.953016e-06	4.360465e-09	2.162697e+01	2.884978e+02
1.440000e-06	2.976680e-06	4.381324e-09	2.180027e+01	2.899686e+02
1.450000e-06	2.999326e-06	4.400440e-09	2.196613e+01	2.913624e+02
1.460000e-06	3.020994e-06	4.418131e-09	2.212482e+01	2.926812e+02
1.470000e-06	3.041697e-06	4.435210e-09	2.227644e+01	2.939268e+02
1.480000e-06	3.061508e-06	4.452223e-09	2.242153e+01	2.951000e+02
1.490000e-06	3.080385e-06	4.469238e-09	2.255978e+01	2.962013e+02
1.500000e-06	3.098107e-06	4.485336e-09	2.268958e+01	2.972313e+02
1.510000e-06	3.114678e-06	4.499428e-09	2.281093e+01	2.981905e+02
1.520000e-06	3.130093e-06	4.511621e-09	2.292382e+01	2.990800e+02
1.530000e-06	3.144327e-06	4.522410e-09	2.302808e+01	2.999014e+02
1.540000e-06	3.157429e-06	4.532674e-09	2.312403e+01	3.006568e+02
1.550000e-06	3.169305e-06	4.542203e-09	2.321101e+01	3.013491e+02
1.560000e-06	3.179848e-06	4.552121e-09	2.328822e+01	3.019816e+02
1.570000e-06	3.188983e-06	4.562526e-09	2.335512e+01	3.025581e+02
1.580000e-06	3.196842e-06	4.571394e-09	2.341268e+01	3.030827e+02
1.590000e-06	3.203665e-06	4.579008e-09	2.346265e+01	3.035595e+02
1.600000e-06	3.209459e-06	4.586782e-09	2.350508e+01	3.039921e+02
1.610000e-06	3.214174e-06	4.594456e-09	2.353961e+01	3.043837e+02
1.620000e-06	3.217902e-06	4.599085e-09	2.356692e+01	3.047369e+02
1.630000e-06	3.220489e-06	4.601690e-09	2.358586e+01	3.050531e+02
1.640000e-06	3.221710e-06	4.605272e-09	2.359480e+01	3.053329e+02
1.650000e-06	3.221698e-06	4.609618e-09	2.359471e+01	3.055758e+02
1.660000e-06	3.220706e-06	4.613880e-09	2.358745e+01	3.057804e+02
1.670000e-06	3.218711e-06	4.617512e-09	2.357284e+01	3.059444e+02
1.680000e-06	3.215681e-06	4.620556e-09	2.355065e+01	3.060653e+02
1.690000e-06	3.211769e-06	4.622572e-09	2.352200e+01	3.061399e+02
1.700000e-06	3.207001e-06	4.622989e-09	2.348708e+01	3.061652e+02
1.710000e-06	3.201062e-06	4.624810e-09	2.344358e+01	3.061387e+02
1.720000e-06	3.193867e-06	4.638200e-09	2.339089e+01	3.060581e+02
1.730000e-06	3.185679e-06	4.626597e-09	2.333092e+01	3.059222e+02
1.740000e-06	3.176375e-06	4.581160e-09	2.326278e+01	3.057306e+02
1.750000e-06	3.165447e-06	4.550453e-09	2.318275e+01	3.054837e+02
1.760000e-06	3.152625e-06	4.622545e-09	2.308885e+01	3.051829e+02
1.770000e-06	3.138519e-06	4.691890e-09	2.298553e+01	3.048305e+02
1.780000e-06	3.123965e-06	4.624874e-09	2.287894e+01	3.044290e+02
1.790000e-06	3.108691e-06	4.565387e-09	2.276708e+01	3.039814e+02
1.800000e-06	3.092045e-06	4.644047e-09	2.264517e+01	3.034905e+02
1.810000e-06	3.074313e-06	4.620836e-09	2.251531e+01	3.029586e+02
1.820000e-06	3.055866e-06	4.473692e-09	2.238021e+01	3.023876e+02
1.830000e-06	3.036429e-06	4.553007e-09	2.223786e+01	3.017782e+02
1.840000e-06	3.015897e-06	4.622785e-09	2.208749e+01	3.011303e+02
1.850000e-06	2.994326e-06	4.517919e-09	2.192951e+01	3.004424e+02
1.860000e-06	2.971525e-06	4.552068e-09	2.176252e+01	2.997122e+02
1.870000e-06	2.947519e-06	4.602699e-09	2.158671e+01	2.989364e+02
1.880000e-06	2.922480e-06	4.511997e-09	2.140334e+01	2.981111e+02
1.890000e-06	2.896288e-06	4.531705e-09	2.121151e+01	2.972320e+02
1.900000e-06	2.868985e-06	4.542812e-09	2.101155e+01	2.962949e+02
1.910000e-06	2.840843e-06	4.475402e-09	2.080545e+01	2.952960e+02
1.920000e-06	2.811715e-06	4.532110e-09	2.059213e+01	2.942323e+02
1.930000e-06	2.781337e-06	4.513636e-09	2.036965e+01	2.931016e+02
1.940000e-06	2.749812e-06	4.412787e-09	2.013877e+01	2.919035e+02
1.950000e-06	2.717191e-06	4.464774e-09	1.989986e+01	2.906384e+02
1.960000e-06	2.683638e-06	4.422246e-09	1.965413e+01	2.893084e+02
1.970000e-06	2.649307e-06	4.330937e-09	1.940270e+01	2.879169e+02
1.980000e-06	2.614113e-06	4.428130e-09	1.914495e+01	2.864681e+02
1.990000e-06	2.578159e-06	4.393163e-09	1.888163e+01	2.849671e+02
2.000000e-06	2.541287e-06	4.273240e-09	1.861160e+01	2.834189e+02
2.010000e-06	2.503169e-06	4.303492e-09	1.833243e+01	2.818288e+02
2.020000e-06	2.463945e-06	4.296739e-09	1.804516e+01	2.802011e+02
2.030000e-06	2.423923e-06	4.227965e-09	1.775206e+01	2.785395e+02
2.040000e-06	2.383154e-06	4.216228e-09	1.745348e+01	2.768462e+02
2.050000e-06	2.341614e-06	4.225128e-09	1.714926e+01	2.751218e+02
2.060000e-06	2.299311e-06	4.209611e-09	1.683943e+01	2.733655e+02
2.070000e-06	2.256231e-06	4.142089e-09	1.652393e+01	2.715747e+02
2.080000e-06	2.212516e-06	4.093987e-09	1.620378e+01	2.697454e+02
2.090000e-06	2.168242e-06	4.126938e-09	1.587953e+01	2.678725e+02
2.100000e-06	2.123290e-06	4.105281e-09	1.555031e+01	2.659499e+02
2.110000e-06	2.077439e-06	4.011282e-09	1.521451e+01	2.639712e+02
2.120000e-06	2.030749e-06	3.987060e-09	1.487257e+01	2.619297e+02
2.130000e-06	1.983463e-06	4.015586e-09	1.452626e+01	2.598193e+02
2.140000e-06	1.935351e-06	3.958661e-09	1.417391e+01	2.576345e+02
2.150000e-06	1.886301e-06	3.871696e-09	1.381468e+01	2.553707e+02
2.160000e-06	1.836554e-06	3.877517e-09	1.345035e+01	2.530245e+02
2.170000e-06	1.786232e-06	3.864123e-09	1.308181e+01	2.505937e+02
2.180000e-06	1.735269e-06	3.784344e-09	1.270857e+01	2.480772e+02
2.190000e-06	1.683605e-06	3.745406e-09	1.233020e+01	2.454747e+02
2.200000e-06	1.631324e-06	3.740811e-09	1.194731e+01	2.427867e+02
2.210000e-06	1.578331e-06	3.690515e-09	1.155920e+01	2.400140e+02
2.220000e-06	1.524449e-06	3.611211e-09	1.116459e+01	2.371573e+02
2.230000e-06	1.469691e-06	3.580476e-09	1.076356e+01	2.342167e+02
2.240000e-06	1.414248e-06	3.571730e-09	1.035751e+01	2.311918e+02
2.250000e-06	1.358378e-06	3.510269e-09	9.948338e+00	2.280809e+02
2.260000e-06	1.302192e-06	3.440570e-09	9.536850e+00	2.248812e+02
2.270000e-06	1.245611e-06	3.407700e-09	9.122466e+00	2.215886e+02
2.280000e-06	1.188548e-06	3.357968e-09	8.704558e+00	2.181976e+02
2.290000e-06	1.131023e-06	3.288332e-09	8.283263e+00	2.147016e+02
2.300000e-06	1.073162e-06	3.241947e-09	7.859508e+00	2.110933e+02
2.310000e-06	1.015010e-06	3.202266e-09	7.433615e+00	2.073643e+02
2.320000e-06	9.564967e-07	3.130646e-09	7.005084e+00	2.035065e+02
2.330000e-06	8.976026e-07	3.055512e-09	6.573762e+00	1.995113e+02
2.340000e-06	8.383039e-07	3.006106e-09	6.139477e+00	1.953709e+02
2.350000e-06	7.787059e-07	2.946509e-09	5.703000e+00	1.910778e+02
2.360000e-06	7.189355e-07	2.869962e-09	5.265260e+00	1.866254e+02
2.370000e-06	6.590573e-07	2.800878e-09	4.826731e+00	1.820075e+02
2.380000e-06	5.991152e-07	2.734261e-09	4.387733e+00	1.772190e+02
2.390000e-06	5.390682e-07	2.654038e-09	3.947968e+00	1.722551e+02
2.400000e-06	4.788808e-07	2.571995e-09	3.507174e+00	1.671111e+02
2.410000e-06	4.185998e-07	2.498576e-09	3.065695e+00	1.617823e+02
2.420000e-06	3.582612e-07	2.417919e-09	2.623793e+00	1.562635e+02
2.430000e-06	2.978274e-07	2.327159e-09	2.181195e+00	1.505483e+02
2.440000e-06	2.372250e-07	2.241581e-09	1.737362e+00	1.446294e+02
2.450000e-06	1.764366e-07	2.156967e-09	1.292167e+00	1.384980e+02
2.460000e-06	1.156052e-07	2.056478e-09	8.466562e-01	1.321435e+02
2.470000e-06	5.471121e-08	1.947445e-09	4.006879e-01	1.255540e+02
2.480000e-06	-6.259827e-09	1.841697e-09	-4.584502e-02	1.187162e+02
2.490000e-06	-6.720570e-08	1.735655e-09	-4.921937e-01	1.116161e+02
2.500000e-06	-1.281659e-07	1.623291e-09	-9.386475e-01	1.042391e+02
2.510000e-06	-1.890711e-07	1.508280e-09	-1.384698e+00	9.657138e+01
2.520000e-06	-2.498447e-07	1.389880e-09	-1.829785e+00	8.860017e+01
2.530000e-06	-3.105809e-07	1.262973e-09	-2.274598e+00	8.031500e+01
2.540000e-06	-3.712403e-07	1.131068e-09	-2.718848e+00	7.170857e+01
2.550000e-06	-4.317313e-07	9.963913e-10	-3.161866e+00	6.277766e+01
2.560000e-06	-4.920595e-07	8.577910e-10	-3.603691e+00	5.352398e+01
2.570000e-06	-5.522351e-07	7.107818e-10	-4.044398e+00	4.395488e+01
2.580000e-06	-6.123078e-07	5.572063e-10	-4.484352e+00	3.408383e+01
2.590000e-06	-6.722881e-07	4.020409e-10	-4.923629e+00	2.393072e+01
2.600000e-06	-7.321488e-07	2.465853e-10	-5.362030e+00	1.352193e+01
2.610000e-06	-7.918427e-07	8.743638e-11	-5.799210e+00	2.890066e+00
2.620000e-06	-8.512909e-07	-7.904027e-11	-6.234590e+00	-7.926510e+00
2.630000e-06	-9.104202e-07	-2.479189e-10	-6.667634e+00	-1.888439e+01
2.640000e-06	-9.691722e-07	-4.162297e-10	-7.097916e+00	-2.993608e+01
2.650000e-06	-1.027514e-06	-5.852365e-10	-7.525193e+00	-4.103109e+01
2.660000e-06	-1.085505e-06	-7.537787e-10	-7.949902e+00	-5.211722e+01
2.670000e-06	-1.143165e-06	-9.208975e-10	-8.372185e+00	-6.314183e+01
2.680000e-06	-1.200353e-06	-1.088171e-09	-8.791014e+00	-7.405317e+01
2.690000e-06	-1.257001e-06	-1.253796e-09	-9.205884e+00	-8.480173e+01
2.700000e-06	-1.313264e-06	-1.413422e-09	-9.617937e+00	-9.534133e+01
2.710000e-06	-1.369224e-06	-1.568543e-09	-1.002777e+01	-1.056302e+02
2.720000e-06	-1.424800e-06	-1.722972e-09	-1.043479e+01	-1.156320e+02
2.730000e-06	-1.479820e-06	-1.873214e-09	-1.083774e+01	-1.253160e+02
2.740000e-06	-1.534095e-06	-2.015702e-09	-1.123523e+01	-1.346580e+02
2.750000e-06	-1.587539e-06	-2.153561e-09	-1.162664e+01	-1.436402e+02
2.760000e-06	-1.640182e-06	-2.287439e-09	-1.201218e+01	-1.522513e+02
2.770000e-06	-1.692191e-06	-2.413967e-09	-1.239308e+01	-1.604858e+02
2.780000e-06	-1.743604e-06	-2.532841e-09	-1.276962e+01	-1.683441e+02
2.790000e-06	-1.794375e-06	-2.649617e-09	-1.314144e+01	-1.758313e+02
2.800000e-06	-1.844517e-06	-2.761379e-09	-1.350867e+01	-1.829567e+02
2.810000e-06	-1.893878e-06	-2.862118e-09	-1.387017e+01	-1.897329e+02
2.820000e-06	-1.942301e-06	-2.957792e-09	-1.422481e+01	-1.961749e+02
2.830000e-06	-1.989792e-06	-3.053349e-09	-1.457262e+01	-2.022991e+02
2.840000e-06	-2.036484e-06	-3.143728e-09	-1.491458e+01	-2.081228e+02
2.850000e-06	-2.082587e-06	-3.227502e-09	-1.525222e+01	-2.136630e+02
2.860000e-06	-2.128100e-06	-3.310360e-09	-1.558554e+01	-2.189361e+02
2.870000e-06	-2.172913e-06	-3.390465e-09	-1.591374e+01	-2.239575e+02
2.880000e-06	-2.217055e-06	-3.463912e-09	-1.623702e+01	-2.287409e+02
2.890000e-06	-2.260636e-06	-3.534758e-09	-1.655620e+01	-2.332984e+02
2.900000e-06	-2.303552e-06	-3.605299e-09	-1.687050e+01	-2.376406e+02
2.910000e-06	-2.345606e-06	-3.670732e-09	-1.717849e+01	-2.417763e+02
2.920000e-06	-2.386833e-06	-3.731567e-09	-1.748043e+01	-2.457129e+02
2.930000e-06	-2.427375e-06	-3.793076e-09	-1.777734e+01	-2.494570e+02
2.940000e-06	-2.467161e-06	-3.852247e-09	-1.806872e+01	-2.530140e+02
2.950000e-06	-2.505949e-06	-3.904668e-09	-1.835279e+01	-2.563892e+02
2.960000e-06	-2.543623e-06	-3.953950e-09	-1.862870e+01	-2.595877e+02
2.970000e-06	-2.580176e-06	-4.004741e-09	-1.889641e+01	-2.626149e+02
2.980000e-06	-2.615819e-06	-4.052136e-09	-1.915744e+01	-2.654766e+02
2.990000e-06	-2.650657e-06	-4.094712e-09	-1.941259e+01	-2.681792e+02
3.000000e-06	-2.684584e-06	-4.137651e-09	-1.966106e+01	-2.707296e+02
3.010000e-06	-2.717605e-06	-4.178180e-09	-1.990289e+01	-2.731356e+02
3.020000e-06	-2.749772e-06	-4.213998e-09	-2.013848e+01	-2.754054e+02
3.030000e-06	-2.781047e-06	-4.247788e-09	-2.036752e+01	-2.775472e+02
3.040000e-06	-2.811185e-06	-4.282137e-09	-2.058824e+01	-2.795698e+02
3.050000e-06	-2.840109e-06	-4.314535e-09	-2.080008e+01	-2.814815e+02
3.060000e-06	-2.868038e-06	-4.343380e-09	-2.100461e+01	-2.832902e+02
3.070000e-06	-2.895036e-06	-4.370813e-09	-2.120234e+01	-2.850030e+02
3.080000e-06	-2.920998e-06	-4.397975e-09	-2.139248e+01	-2.866265e+02
3.090000e-06	-2.946005e-06	-4.423280e-09	-2.157562e+01	-2.881657e+02
3.100000e-06	-2.970167e-06	-4.446220e-09	-2.175258e+01	-2.896250e+02
3.110000e-06	-2.993349e-06	-4.467382e-09	-2.192236e+01	-2.910076e+02
3.120000e-06	-3.015228e-06	-4.486089e-09	-2.208259e+01	-2.923155e+02
3.130000e-06	-3.035815e-06	-4.504966e-09	-2.223336e+01	-2.935504e+02
3.140000e-06	-3.055425e-06	-4.523937e-09	-2.237698e+01	-2.947129e+02
3.150000e-06	-3.074068e-06	-4.540666e-09	-2.251352e+01	-2.958036e+02
3.160000e-06	-3.091648e-06	-4.557284e-09	-2.264227e+01	-2.968231e+02
3.170000e-06	-3.108253e-06	-4.575950e-09	-2.276388e+01	-2.977720e+02
3.180000e-06	-3.123856e-06	-4.591244e-09	-2.287815e+01	-2.986513e+02
3.190000e-06	-3.138202e-06	-4.600328e-09	-2.298322e+01	-2.994628e+02
3.200000e-06	-3.151089e-06	-4.609216e-09	-2.307759e+01	-3.002086e+02
3.210000e-06	-3.162622e-06	-4.619925e-09	-2.316206e+01	-3.008917e+02
3.220000e-06	-3.173028e-06	-4.629176e-09	-2.323827e+01	-3.015156e+02
3.230000e-06	-3.182339e-06	-4.636321e-09	-2.330646e+01	-3.020842e+02
3.240000e-06	-3.190598e-06	-4.645043e-09	-2.336695e+01	-3.026014e+02
3.250000e-06	-3.197791e-06	-4.655055e-09	-2.341963e+01	-3.030712e+02
3.260000e-06	-3.203691e-06	-4.662729e-09	-2.346284e+01	-3.034975e+02
3.270000e-06	-3.208320e-06	-4.667868e-09	-2.349674e+01	-3.038831e+02
3.280000e-06	-3.211867e-06	-4.671806e-09	-2.352272e+01	-3.042306e+02
3.290000e-06	-3.214383e-06	-4.674053e-09	-2.354114e+01	-3.045412e+02
3.300000e-06	-3.215842e-06	-4.675245e-09	-2.355182e+01	-3.048154e+02
3.310000e-06	-3.216301e-06	-4.677877e-09	-2.355519e+01	-3.050526e+02
