# Temperatura_=_20.0
# Concentracion g/m^3_=_6600.0
# C_Vs_to_Am_M_A/Vsm_=_65563218390.804596
# pendiente_HvsI_1/m_=_3716.3
# ordenada_HvsI_A/m_=_1297.0
# frecuencia_Hz_=_302078.3168343717

Tiempo_(s)	Campo_(V.s)	Magnetizacion_(V.s)	Campo_(kA/m)	Magnetizacion_(A/m)
0.000000e+00	-6.283947e-06	-5.341085e-09	-4.560438e+01	-3.488010e+02
1.000000e-08	-6.282217e-06	-5.340305e-09	-4.559182e+01	-3.488520e+02
2.000000e-08	-6.278349e-06	-5.341332e-09	-4.556375e+01	-3.487821e+02
3.000000e-08	-6.272571e-06	-5.341421e-09	-4.552182e+01	-3.486274e+02
4.000000e-08	-6.264824e-06	-5.340307e-09	-4.546560e+01	-3.484528e+02
5.000000e-08	-6.254892e-06	-5.336239e-09	-4.539351e+01	-3.483142e+02
6.000000e-08	-6.242592e-06	-5.331635e-09	-4.530425e+01	-3.482267e+02
7.000000e-08	-6.227987e-06	-5.329842e-09	-4.519826e+01	-3.481562e+02
8.000000e-08	-6.211148e-06	-5.327369e-09	-4.507605e+01	-3.480397e+02
9.000000e-08	-6.192187e-06	-5.319965e-09	-4.493845e+01	-3.478248e+02
1.000000e-07	-6.170981e-06	-5.324967e-09	-4.478455e+01	-3.475060e+02
1.100000e-07	-6.147342e-06	-5.317242e-09	-4.461299e+01	-3.471397e+02
1.200000e-07	-6.121232e-06	-5.299306e-09	-4.442351e+01	-3.468274e+02
1.300000e-07	-6.092990e-06	-5.291026e-09	-4.421855e+01	-3.466746e+02
1.400000e-07	-6.063104e-06	-5.284857e-09	-4.400166e+01	-3.467426e+02
1.500000e-07	-6.031668e-06	-5.262533e-09	-4.377352e+01	-3.470167e+02
1.600000e-07	-5.998284e-06	-5.296752e-09	-4.353124e+01	-3.474061e+02
1.700000e-07	-5.962891e-06	-5.321972e-09	-4.327438e+01	-3.477735e+02
1.800000e-07	-5.925670e-06	-5.280284e-09	-4.300426e+01	-3.479840e+02
1.900000e-07	-5.886302e-06	-5.293285e-09	-4.271855e+01	-3.479494e+02
2.000000e-07	-5.844676e-06	-5.261212e-09	-4.241646e+01	-3.476516e+02
2.100000e-07	-5.800864e-06	-5.227681e-09	-4.209851e+01	-3.471371e+02
2.200000e-07	-5.754849e-06	-5.257796e-09	-4.176456e+01	-3.464891e+02
2.300000e-07	-5.706622e-06	-5.250914e-09	-4.141457e+01	-3.457918e+02
2.400000e-07	-5.655954e-06	-5.250479e-09	-4.104686e+01	-3.451029e+02
2.500000e-07	-5.602838e-06	-5.257695e-09	-4.066138e+01	-3.444443e+02
2.600000e-07	-5.547608e-06	-5.238433e-09	-4.026055e+01	-3.438089e+02
2.700000e-07	-5.490265e-06	-5.216133e-09	-3.984440e+01	-3.431773e+02
2.800000e-07	-5.430786e-06	-5.201172e-09	-3.941275e+01	-3.425311e+02
2.900000e-07	-5.369328e-06	-5.203030e-09	-3.896673e+01	-3.418590e+02
3.000000e-07	-5.306032e-06	-5.189487e-09	-3.850737e+01	-3.411532e+02
3.100000e-07	-5.240781e-06	-5.178310e-09	-3.803383e+01	-3.404045e+02
3.200000e-07	-5.173414e-06	-5.162998e-09	-3.754493e+01	-3.396010e+02
3.300000e-07	-5.104124e-06	-5.142963e-09	-3.704207e+01	-3.387329e+02
3.400000e-07	-5.033172e-06	-5.137754e-09	-3.652715e+01	-3.378020e+02
3.500000e-07	-4.960448e-06	-5.117565e-09	-3.599937e+01	-3.368265e+02
3.600000e-07	-4.885618e-06	-5.104456e-09	-3.545631e+01	-3.358375e+02
3.700000e-07	-4.808673e-06	-5.096466e-09	-3.489790e+01	-3.348650e+02
3.800000e-07	-4.729761e-06	-5.080005e-09	-3.432521e+01	-3.339207e+02
3.900000e-07	-4.648960e-06	-5.064335e-09	-3.373881e+01	-3.329866e+02
4.000000e-07	-4.566591e-06	-5.048005e-09	-3.314104e+01	-3.320176e+02
4.100000e-07	-4.482880e-06	-5.025416e-09	-3.253352e+01	-3.309593e+02
4.200000e-07	-4.397794e-06	-4.999858e-09	-3.191603e+01	-3.297732e+02
4.300000e-07	-4.311338e-06	-4.985917e-09	-3.128860e+01	-3.284568e+02
4.400000e-07	-4.223343e-06	-4.972008e-09	-3.064999e+01	-3.270477e+02
4.500000e-07	-4.133719e-06	-4.948467e-09	-2.999957e+01	-3.256072e+02
4.600000e-07	-4.042520e-06	-4.927499e-09	-2.933771e+01	-3.241917e+02
4.700000e-07	-3.949936e-06	-4.904718e-09	-2.866580e+01	-3.228241e+02
4.800000e-07	-3.856102e-06	-4.879416e-09	-2.798482e+01	-3.214814e+02
4.900000e-07	-3.760930e-06	-4.857814e-09	-2.729413e+01	-3.201042e+02
5.000000e-07	-3.664355e-06	-4.838550e-09	-2.659326e+01	-3.186250e+02
5.100000e-07	-3.566310e-06	-4.813312e-09	-2.588172e+01	-3.170005e+02
5.200000e-07	-3.466832e-06	-4.780642e-09	-2.515978e+01	-3.152314e+02
5.300000e-07	-3.366101e-06	-4.752383e-09	-2.442875e+01	-3.133600e+02
5.400000e-07	-3.264243e-06	-4.728820e-09	-2.368953e+01	-3.114462e+02
5.500000e-07	-3.161250e-06	-4.701842e-09	-2.294208e+01	-3.095346e+02
5.600000e-07	-3.057075e-06	-4.667411e-09	-2.218606e+01	-3.076299e+02
5.700000e-07	-2.951712e-06	-4.632463e-09	-2.142141e+01	-3.056936e+02
5.800000e-07	-2.845161e-06	-4.598470e-09	-2.064814e+01	-3.036638e+02
5.900000e-07	-2.737435e-06	-4.560488e-09	-1.986634e+01	-3.014874e+02
6.000000e-07	-2.628716e-06	-4.523617e-09	-1.907733e+01	-2.991469e+02
6.100000e-07	-2.519149e-06	-4.489313e-09	-1.828218e+01	-2.966681e+02
6.200000e-07	-2.408792e-06	-4.451841e-09	-1.748128e+01	-2.941030e+02
6.300000e-07	-2.297575e-06	-4.412792e-09	-1.667415e+01	-2.914985e+02
6.400000e-07	-2.185370e-06	-4.374855e-09	-1.585984e+01	-2.888671e+02
6.500000e-07	-2.072279e-06	-4.333136e-09	-1.503911e+01	-2.861760e+02
6.600000e-07	-1.958405e-06	-4.286663e-09	-1.421270e+01	-2.833610e+02
6.700000e-07	-1.843669e-06	-4.238069e-09	-1.338003e+01	-2.803574e+02
6.800000e-07	-1.728046e-06	-4.189398e-09	-1.254092e+01	-2.771309e+02
6.900000e-07	-1.611788e-06	-4.137299e-09	-1.169720e+01	-2.736911e+02
7.000000e-07	-1.495038e-06	-4.082484e-09	-1.084991e+01	-2.700791e+02
7.100000e-07	-1.377784e-06	-4.027072e-09	-9.998970e+00	-2.663356e+02
7.200000e-07	-1.260064e-06	-3.969487e-09	-9.144643e+00	-2.624677e+02
7.300000e-07	-1.141993e-06	-3.908723e-09	-8.287764e+00	-2.584338e+02
7.400000e-07	-1.023642e-06	-3.843869e-09	-7.428857e+00	-2.541552e+02
7.500000e-07	-9.049620e-07	-3.773591e-09	-6.567564e+00	-2.495498e+02
7.600000e-07	-7.859528e-07	-3.698583e-09	-5.703881e+00	-2.445676e+02
7.700000e-07	-6.666445e-07	-3.618531e-09	-4.838027e+00	-2.392063e+02
7.800000e-07	-5.470871e-07	-3.532409e-09	-3.970365e+00	-2.334941e+02
7.900000e-07	-4.272944e-07	-3.442269e-09	-3.100996e+00	-2.274459e+02
8.000000e-07	-3.073002e-07	-3.343935e-09	-2.230164e+00	-2.210164e+02
8.100000e-07	-1.871603e-07	-3.233801e-09	-1.358275e+00	-2.140758e+02
8.200000e-07	-6.684632e-08	-3.113450e-09	-4.851226e-01	-2.064278e+02
8.300000e-07	5.357550e-08	-2.983418e-09	3.888126e-01	-1.978637e+02
8.400000e-07	1.739936e-07	-2.839688e-09	1.262720e+00	-1.882243e+02
8.500000e-07	2.943819e-07	-2.676951e-09	2.136412e+00	-1.774333e+02
8.600000e-07	4.146597e-07	-2.496258e-09	3.009303e+00	-1.654722e+02
8.700000e-07	5.347537e-07	-2.296625e-09	3.880859e+00	-1.523002e+02
8.800000e-07	6.546354e-07	-2.073037e-09	4.750874e+00	-1.377501e+02
8.900000e-07	7.742851e-07	-1.821749e-09	5.619206e+00	-1.214597e+02
9.000000e-07	8.936334e-07	-1.534912e-09	6.485350e+00	-1.028906e+02
9.100000e-07	1.012610e-06	-1.206630e-09	7.348800e+00	-8.145756e+01
9.200000e-07	1.131185e-06	-8.338004e-10	8.209332e+00	-5.674468e+01
9.300000e-07	1.249398e-06	-4.145682e-10	9.067234e+00	-2.873596e+01
9.400000e-07	1.367308e-06	5.074569e-11	9.922943e+00	2.027698e+00
9.500000e-07	1.484861e-06	5.484824e-10	1.077606e+01	3.443997e+01
9.600000e-07	1.601937e-06	1.051496e-09	1.162571e+01	6.699364e+01
9.700000e-07	1.718337e-06	1.529406e-09	1.247046e+01	9.807912e+01
9.800000e-07	1.833946e-06	1.956119e-09	1.330946e+01	1.263261e+02
9.900000e-07	1.948713e-06	2.318465e-09	1.414236e+01	1.508783e+02
1.000000e-06	2.062586e-06	2.618550e-09	1.496877e+01	1.715156e+02
1.010000e-06	2.175568e-06	2.872923e-09	1.578871e+01	1.885924e+02
1.020000e-06	2.287707e-06	3.093547e-09	1.660253e+01	2.028286e+02
1.030000e-06	2.398951e-06	3.285219e-09	1.740986e+01	2.150373e+02
1.040000e-06	2.509305e-06	3.453040e-09	1.821074e+01	2.258885e+02
1.050000e-06	2.618859e-06	3.602147e-09	1.900580e+01	2.357813e+02
1.060000e-06	2.727567e-06	3.737866e-09	1.979472e+01	2.448470e+02
1.070000e-06	2.835387e-06	3.858184e-09	2.057721e+01	2.530525e+02
1.080000e-06	2.942232e-06	3.966394e-09	2.135261e+01	2.603387e+02
1.090000e-06	3.047969e-06	4.064120e-09	2.211997e+01	2.667273e+02
1.100000e-06	3.152513e-06	4.150116e-09	2.287867e+01	2.723546e+02
1.110000e-06	3.255804e-06	4.227478e-09	2.362829e+01	2.774335e+02
1.120000e-06	3.357876e-06	4.299662e-09	2.436906e+01	2.821743e+02
1.130000e-06	3.458868e-06	4.369408e-09	2.510198e+01	2.867134e+02
1.140000e-06	3.558800e-06	4.434762e-09	2.582722e+01	2.910833e+02
1.150000e-06	3.657477e-06	4.494195e-09	2.654334e+01	2.952354e+02
1.160000e-06	3.754733e-06	4.549870e-09	2.724916e+01	2.990951e+02
1.170000e-06	3.850532e-06	4.603487e-09	2.794440e+01	3.026193e+02
1.180000e-06	3.944942e-06	4.652945e-09	2.862956e+01	3.058245e+02
1.190000e-06	4.038079e-06	4.696498e-09	2.930548e+01	3.087772e+02
1.200000e-06	4.129971e-06	4.734598e-09	2.997237e+01	3.115563e+02
1.210000e-06	4.220467e-06	4.769660e-09	3.062912e+01	3.142118e+02
1.220000e-06	4.309353e-06	4.803248e-09	3.127419e+01	3.167452e+02
1.230000e-06	4.396600e-06	4.835950e-09	3.190737e+01	3.191192e+02
1.240000e-06	4.482316e-06	4.867549e-09	3.252943e+01	3.212906e+02
1.250000e-06	4.566569e-06	4.897422e-09	3.314088e+01	3.232448e+02
1.260000e-06	4.649320e-06	4.923358e-09	3.374143e+01	3.250120e+02
1.270000e-06	4.730314e-06	4.947060e-09	3.432923e+01	3.266556e+02
1.280000e-06	4.809466e-06	4.970412e-09	3.490365e+01	3.282406e+02
1.290000e-06	4.886885e-06	4.991354e-09	3.546551e+01	3.298003e+02
1.300000e-06	4.962437e-06	5.010626e-09	3.601380e+01	3.313205e+02
1.310000e-06	5.035957e-06	5.029970e-09	3.654736e+01	3.327516e+02
1.320000e-06	5.107481e-06	5.048661e-09	3.706643e+01	3.340404e+02
1.330000e-06	5.177157e-06	5.066527e-09	3.757209e+01	3.351660e+02
1.340000e-06	5.245062e-06	5.084070e-09	3.806490e+01	3.361567e+02
1.350000e-06	5.311101e-06	5.101179e-09	3.854416e+01	3.370809e+02
1.360000e-06	5.375106e-06	5.116116e-09	3.900866e+01	3.380138e+02
1.370000e-06	5.437231e-06	5.130243e-09	3.945952e+01	3.389987e+02
1.380000e-06	5.497689e-06	5.144654e-09	3.989828e+01	3.400244e+02
1.390000e-06	5.556329e-06	5.157991e-09	4.032385e+01	3.410307e+02
1.400000e-06	5.612901e-06	5.170626e-09	4.073441e+01	3.419406e+02
1.410000e-06	5.667421e-06	5.183207e-09	4.113008e+01	3.427022e+02
1.420000e-06	5.719844e-06	5.195245e-09	4.151052e+01	3.433177e+02
1.430000e-06	5.769897e-06	5.205759e-09	4.187377e+01	3.438445e+02
1.440000e-06	5.817574e-06	5.214892e-09	4.221978e+01	3.443667e+02
1.450000e-06	5.863179e-06	5.223626e-09	4.255074e+01	3.449517e+02
1.460000e-06	5.906901e-06	5.233081e-09	4.286805e+01	3.456142e+02
1.470000e-06	5.948503e-06	5.243366e-09	4.316996e+01	3.463078e+02
1.480000e-06	5.987866e-06	5.252030e-09	4.345564e+01	3.469479e+02
1.490000e-06	6.025210e-06	5.258350e-09	4.372665e+01	3.474552e+02
1.500000e-06	6.060569e-06	5.264915e-09	4.398326e+01	3.477976e+02
1.510000e-06	6.093695e-06	5.271271e-09	4.422367e+01	3.480083e+02
1.520000e-06	6.124593e-06	5.276046e-09	4.444790e+01	3.481707e+02
1.530000e-06	6.153464e-06	5.281245e-09	4.465743e+01	3.483777e+02
1.540000e-06	6.180245e-06	5.287476e-09	4.485178e+01	3.486857e+02
1.550000e-06	6.204621e-06	5.293437e-09	4.502869e+01	3.490872e+02
1.560000e-06	6.226659e-06	5.298614e-09	4.518862e+01	3.495150e+02
1.570000e-06	6.246700e-06	5.303457e-09	4.533407e+01	3.498771e+02
1.580000e-06	6.264611e-06	5.309036e-09	4.546405e+01	3.501030e+02
1.590000e-06	6.280154e-06	5.312942e-09	4.557685e+01	3.501787e+02
1.600000e-06	6.293319e-06	5.314989e-09	4.567239e+01	3.501527e+02
1.610000e-06	6.304055e-06	5.316103e-09	4.575030e+01	3.501106e+02
1.620000e-06	6.312263e-06	5.317198e-09	4.580987e+01	3.501317e+02
1.630000e-06	6.318188e-06	5.319085e-09	4.585288e+01	3.502497e+02
1.640000e-06	6.322071e-06	5.321968e-09	4.588105e+01	3.504385e+02
1.650000e-06	6.323662e-06	5.325273e-09	4.589260e+01	3.506279e+02
1.660000e-06	6.322937e-06	5.328895e-09	4.588734e+01	3.507414e+02
1.670000e-06	6.320209e-06	5.329113e-09	4.586754e+01	3.507355e+02
1.680000e-06	6.315544e-06	5.327828e-09	4.583368e+01	3.506198e+02
1.690000e-06	6.308659e-06	5.327852e-09	4.578372e+01	3.504480e+02
1.700000e-06	6.299591e-06	5.329087e-09	4.571791e+01	3.502859e+02
1.710000e-06	6.288597e-06	5.329911e-09	4.563812e+01	3.501730e+02
1.720000e-06	6.275436e-06	5.325257e-09	4.554261e+01	3.501008e+02
1.730000e-06	6.260054e-06	5.318191e-09	4.543098e+01	3.500177e+02
1.740000e-06	6.242688e-06	5.315613e-09	4.530495e+01	3.498606e+02
1.750000e-06	6.222957e-06	5.302947e-09	4.516176e+01	3.495950e+02
1.760000e-06	6.200112e-06	5.309732e-09	4.499597e+01	3.492443e+02
1.770000e-06	6.174449e-06	5.324480e-09	4.480972e+01	3.488897e+02
1.780000e-06	6.146884e-06	5.323905e-09	4.460968e+01	3.486407e+02
1.790000e-06	6.117985e-06	5.337627e-09	4.439994e+01	3.485877e+02
1.800000e-06	6.087658e-06	5.325344e-09	4.417985e+01	3.487588e+02
1.810000e-06	6.055224e-06	5.285061e-09	4.394447e+01	3.491023e+02
1.820000e-06	6.020517e-06	5.332783e-09	4.369259e+01	3.495002e+02
1.830000e-06	5.984011e-06	5.360541e-09	4.342766e+01	3.498103e+02
1.840000e-06	5.945352e-06	5.362631e-09	4.314710e+01	3.499146e+02
1.850000e-06	5.904383e-06	5.395237e-09	4.284977e+01	3.497563e+02
1.860000e-06	5.861448e-06	5.358966e-09	4.253819e+01	3.493497e+02
1.870000e-06	5.816424e-06	5.359264e-09	4.221143e+01	3.487627e+02
1.880000e-06	5.769400e-06	5.348162e-09	4.187017e+01	3.480832e+02
1.890000e-06	5.720202e-06	5.293668e-09	4.151312e+01	3.473855e+02
1.900000e-06	5.668604e-06	5.291769e-09	4.113866e+01	3.467106e+02
1.910000e-06	5.614637e-06	5.291419e-09	4.074700e+01	3.460655e+02
1.920000e-06	5.558339e-06	5.298813e-09	4.033844e+01	3.454351e+02
1.930000e-06	5.500075e-06	5.279617e-09	3.991560e+01	3.447993e+02
1.940000e-06	5.439988e-06	5.252963e-09	3.947953e+01	3.441428e+02
1.950000e-06	5.377822e-06	5.255558e-09	3.902837e+01	3.434567e+02
1.960000e-06	5.313506e-06	5.225675e-09	3.856162e+01	3.427330e+02
1.970000e-06	5.247203e-06	5.232604e-09	3.808044e+01	3.419610e+02
1.980000e-06	5.179130e-06	5.227068e-09	3.758641e+01	3.411289e+02
1.990000e-06	5.109039e-06	5.213297e-09	3.707774e+01	3.402311e+02
2.000000e-06	5.036892e-06	5.201733e-09	3.655415e+01	3.392770e+02
2.010000e-06	4.962997e-06	5.164157e-09	3.601787e+01	3.382917e+02
2.020000e-06	4.887264e-06	5.156950e-09	3.546826e+01	3.373080e+02
2.030000e-06	4.809558e-06	5.139628e-09	3.490432e+01	3.363494e+02
2.040000e-06	4.729859e-06	5.132615e-09	3.432593e+01	3.354147e+02
2.050000e-06	4.648503e-06	5.125692e-09	3.373550e+01	3.344718e+02
2.060000e-06	4.565713e-06	5.109071e-09	3.313467e+01	3.334684e+02
2.070000e-06	4.481433e-06	5.093754e-09	3.252302e+01	3.323543e+02
2.080000e-06	4.395491e-06	5.070149e-09	3.189932e+01	3.311062e+02
2.090000e-06	4.307775e-06	5.056353e-09	3.126274e+01	3.297407e+02
2.100000e-06	4.218560e-06	5.023155e-09	3.061528e+01	3.283096e+02
2.110000e-06	4.128025e-06	4.998334e-09	2.995824e+01	3.268759e+02
2.120000e-06	4.036205e-06	4.987553e-09	2.929188e+01	3.254832e+02
2.130000e-06	3.942967e-06	4.973338e-09	2.861522e+01	3.241333e+02
2.140000e-06	3.848246e-06	4.949511e-09	2.792781e+01	3.227839e+02
2.150000e-06	3.752063e-06	4.920912e-09	2.722978e+01	3.213677e+02
2.160000e-06	3.654481e-06	4.900539e-09	2.652160e+01	3.198246e+02
2.170000e-06	3.555699e-06	4.875408e-09	2.580471e+01	3.181307e+02
2.180000e-06	3.455647e-06	4.849716e-09	2.507861e+01	3.163077e+02
2.190000e-06	3.354282e-06	4.823932e-09	2.434297e+01	3.144100e+02
2.200000e-06	3.251642e-06	4.796051e-09	2.359808e+01	3.124944e+02
2.210000e-06	3.147700e-06	4.759765e-09	2.284375e+01	3.105890e+02
2.220000e-06	3.042525e-06	4.728834e-09	2.208047e+01	3.086771e+02
2.230000e-06	2.936317e-06	4.708936e-09	2.130968e+01	3.067060e+02
2.240000e-06	2.829209e-06	4.685154e-09	2.053237e+01	3.046137e+02
2.250000e-06	2.721158e-06	4.649914e-09	1.974821e+01	3.023612e+02
2.260000e-06	2.612141e-06	4.611236e-09	1.895704e+01	2.999518e+02
2.270000e-06	2.502243e-06	4.571826e-09	1.815948e+01	2.974266e+02
2.280000e-06	2.391425e-06	4.529556e-09	1.735524e+01	2.948396e+02
2.290000e-06	2.279574e-06	4.489315e-09	1.654352e+01	2.922245e+02
2.300000e-06	2.166849e-06	4.450586e-09	1.572543e+01	2.895727e+02
2.310000e-06	2.053356e-06	4.409411e-09	1.490178e+01	2.868335e+02
2.320000e-06	1.939167e-06	4.362908e-09	1.407308e+01	2.839384e+02
2.330000e-06	1.824285e-06	4.317898e-09	1.323935e+01	2.808336e+02
2.340000e-06	1.708702e-06	4.271163e-09	1.240053e+01	2.775050e+02
2.350000e-06	1.592411e-06	4.217174e-09	1.155658e+01	2.739800e+02
2.360000e-06	1.475414e-06	4.158492e-09	1.070750e+01	2.703039e+02
2.370000e-06	1.357895e-06	4.099876e-09	9.854628e+00	2.665054e+02
2.380000e-06	1.239978e-06	4.039647e-09	8.998873e+00	2.625691e+02
2.390000e-06	1.121699e-06	3.972831e-09	8.140484e+00	2.584332e+02
2.400000e-06	1.002961e-06	3.902607e-09	7.278774e+00	2.540125e+02
2.410000e-06	8.837724e-07	3.828704e-09	6.413786e+00	2.492361e+02
2.420000e-06	7.641538e-07	3.750303e-09	5.545680e+00	2.440763e+02
2.430000e-06	6.442132e-07	3.667931e-09	4.675237e+00	2.385488e+02
2.440000e-06	5.240734e-07	3.582322e-09	3.803349e+00	2.326821e+02
2.450000e-06	4.037295e-07	3.490598e-09	2.929979e+00	2.264682e+02
2.460000e-06	2.832760e-07	3.386857e-09	2.055814e+00	2.198231e+02
2.470000e-06	1.627679e-07	3.270373e-09	1.181252e+00	2.125815e+02
2.480000e-06	4.217415e-08	3.143748e-09	3.060697e-01	2.045331e+02
2.490000e-06	-7.846216e-08	3.006600e-09	-5.694220e-01	1.954854e+02
2.500000e-06	-1.990966e-07	2.854016e-09	-1.444900e+00	1.853166e+02
2.510000e-06	-3.196772e-07	2.684509e-09	-2.319988e+00	1.739842e+02
2.520000e-06	-4.401588e-07	2.495560e-09	-3.194357e+00	1.614721e+02
2.530000e-06	-5.605399e-07	2.284429e-09	-4.067996e+00	1.476927e+02
2.540000e-06	-6.807521e-07	2.048191e-09	-4.940410e+00	1.323928e+02
2.550000e-06	-8.007414e-07	1.780628e-09	-5.811207e+00	1.151191e+02
2.560000e-06	-9.204199e-07	1.475766e-09	-6.679747e+00	9.528909e+01
2.570000e-06	-1.039592e-06	1.127647e-09	-7.544612e+00	7.236639e+01
2.580000e-06	-1.158223e-06	7.330803e-10	-8.405548e+00	4.609437e+01
2.590000e-06	-1.276396e-06	2.926630e-10	-9.263163e+00	1.670382e+01
2.600000e-06	-1.394070e-06	-1.898017e-10	-1.011716e+01	-1.499223e+01
2.610000e-06	-1.511237e-06	-6.989781e-10	-1.096747e+01	-4.767112e+01
2.620000e-06	-1.627751e-06	-1.202104e-09	-1.181305e+01	-7.973582e+01
2.630000e-06	-1.743427e-06	-1.664050e-09	-1.265254e+01	-1.096469e+02
2.640000e-06	-1.858332e-06	-2.067591e-09	-1.348644e+01	-1.362464e+02
2.650000e-06	-1.972444e-06	-2.411202e-09	-1.431458e+01	-1.589693e+02
2.660000e-06	-2.085650e-06	-2.700127e-09	-1.513615e+01	-1.778806e+02
2.670000e-06	-2.197942e-06	-2.944647e-09	-1.595109e+01	-1.935363e+02
2.680000e-06	-2.309380e-06	-3.155463e-09	-1.675983e+01	-2.067335e+02
2.690000e-06	-2.419893e-06	-3.337780e-09	-1.756184e+01	-2.182429e+02
2.700000e-06	-2.529408e-06	-3.496515e-09	-1.835663e+01	-2.286166e+02
2.710000e-06	-2.638086e-06	-3.637871e-09	-1.914533e+01	-2.381215e+02
2.720000e-06	-2.745993e-06	-3.766340e-09	-1.992845e+01	-2.467960e+02
2.730000e-06	-2.853028e-06	-3.883124e-09	-2.070523e+01	-2.545783e+02
2.740000e-06	-2.959096e-06	-3.986819e-09	-2.147500e+01	-2.614373e+02
2.750000e-06	-3.064170e-06	-4.081355e-09	-2.223754e+01	-2.674486e+02
2.760000e-06	-3.168153e-06	-4.168227e-09	-2.299218e+01	-2.727923e+02
2.770000e-06	-3.270868e-06	-4.247003e-09	-2.373761e+01	-2.776906e+02
2.780000e-06	-3.372257e-06	-4.320300e-09	-2.447342e+01	-2.823263e+02
2.790000e-06	-3.472391e-06	-4.388753e-09	-2.520012e+01	-2.867881e+02
2.800000e-06	-3.571346e-06	-4.452889e-09	-2.591826e+01	-2.910654e+02
2.810000e-06	-3.669164e-06	-4.510758e-09	-2.662816e+01	-2.950895e+02
2.820000e-06	-3.765821e-06	-4.564641e-09	-2.732962e+01	-2.987947e+02
2.830000e-06	-3.861202e-06	-4.617467e-09	-2.802183e+01	-3.021644e+02
2.840000e-06	-3.955144e-06	-4.669430e-09	-2.870360e+01	-3.052416e+02
2.850000e-06	-4.047585e-06	-4.721396e-09	-2.937446e+01	-3.081042e+02
2.860000e-06	-4.138640e-06	-4.770960e-09	-3.003528e+01	-3.108219e+02
2.870000e-06	-4.228278e-06	-4.815328e-09	-3.068581e+01	-3.134228e+02
2.880000e-06	-4.316366e-06	-4.853108e-09	-3.132509e+01	-3.158873e+02
2.890000e-06	-4.402836e-06	-4.886812e-09	-3.195263e+01	-3.181709e+02
2.900000e-06	-4.487661e-06	-4.918560e-09	-3.256822e+01	-3.202400e+02
2.910000e-06	-4.570964e-06	-4.949058e-09	-3.317278e+01	-3.221004e+02
2.920000e-06	-4.652793e-06	-4.978680e-09	-3.376663e+01	-3.238007e+02
2.930000e-06	-4.732938e-06	-5.007023e-09	-3.434827e+01	-3.254096e+02
2.940000e-06	-4.811147e-06	-5.034791e-09	-3.491585e+01	-3.269808e+02
2.950000e-06	-4.887393e-06	-5.060512e-09	-3.546919e+01	-3.285260e+02
2.960000e-06	-4.961731e-06	-5.083854e-09	-3.600868e+01	-3.300115e+02
2.970000e-06	-5.034267e-06	-5.106166e-09	-3.653510e+01	-3.313812e+02
2.980000e-06	-5.104958e-06	-5.125822e-09	-3.704812e+01	-3.325933e+02
2.990000e-06	-5.173660e-06	-5.140567e-09	-3.754671e+01	-3.336490e+02
3.000000e-06	-5.240514e-06	-5.153925e-09	-3.803189e+01	-3.345984e+02
3.010000e-06	-5.305592e-06	-5.169309e-09	-3.850418e+01	-3.355177e+02
3.020000e-06	-5.368787e-06	-5.186355e-09	-3.896280e+01	-3.364718e+02
3.030000e-06	-5.429891e-06	-5.202530e-09	-3.940625e+01	-3.374798e+02
3.040000e-06	-5.489014e-06	-5.215616e-09	-3.983532e+01	-3.385053e+02
3.050000e-06	-5.546358e-06	-5.228045e-09	-4.025148e+01	-3.394751e+02
3.060000e-06	-5.601800e-06	-5.239740e-09	-4.065384e+01	-3.403191e+02
3.070000e-06	-5.655059e-06	-5.251155e-09	-4.104036e+01	-3.410082e+02
3.080000e-06	-5.705916e-06	-5.260216e-09	-4.140944e+01	-3.415722e+02
3.090000e-06	-5.754385e-06	-5.268293e-09	-4.176120e+01	-3.420857e+02
3.100000e-06	-5.800670e-06	-5.276393e-09	-4.209710e+01	-3.426306e+02
3.110000e-06	-5.845042e-06	-5.284484e-09	-4.241912e+01	-3.432530e+02
3.120000e-06	-5.887575e-06	-5.293445e-09	-4.272779e+01	-3.439383e+02
3.130000e-06	-5.928196e-06	-5.303007e-09	-4.302259e+01	-3.446176e+02
3.140000e-06	-5.966766e-06	-5.311978e-09	-4.330251e+01	-3.452032e+02
3.150000e-06	-6.003185e-06	-5.319184e-09	-4.356681e+01	-3.456333e+02
3.160000e-06	-6.037496e-06	-5.323609e-09	-4.381582e+01	-3.459060e+02
3.170000e-06	-6.069735e-06	-5.325761e-09	-4.404978e+01	-3.460815e+02
3.180000e-06	-6.099714e-06	-5.328059e-09	-4.426735e+01	-3.462537e+02
3.190000e-06	-6.127449e-06	-5.331183e-09	-4.446863e+01	-3.465035e+02
3.200000e-06	-6.153037e-06	-5.335542e-09	-4.465432e+01	-3.468593e+02
3.210000e-06	-6.176440e-06	-5.339306e-09	-4.482417e+01	-3.472833e+02
3.220000e-06	-6.197513e-06	-5.343049e-09	-4.497710e+01	-3.476911e+02
3.230000e-06	-6.216346e-06	-5.345806e-09	-4.511378e+01	-3.479952e+02
3.240000e-06	-6.233114e-06	-5.347835e-09	-4.523547e+01	-3.481483e+02
3.250000e-06	-6.247444e-06	-5.348554e-09	-4.533947e+01	-3.481669e+02
3.260000e-06	-6.259183e-06	-5.347782e-09	-4.542466e+01	-3.481215e+02
3.270000e-06	-6.268624e-06	-5.347818e-09	-4.549318e+01	-3.481003e+02
3.280000e-06	-6.275929e-06	-5.348179e-09	-4.554619e+01	-3.481651e+02
3.290000e-06	-6.280933e-06	-5.348624e-09	-4.558251e+01	-3.483220e+02
3.300000e-06	-6.283713e-06	-5.347679e-09	-4.560268e+01	-3.485205e+02
3.310000e-06	-6.284403e-06	-5.344229e-09	-4.560769e+01	-3.486822e+02
