# Temperatura_=_20.0
# Concentracion g/m^3_=_6600.0
# C_Vs_to_Am_M_A/Vsm_=_65563218390.804596
# pendiente_HvsI_1/m_=_3716.3
# ordenada_HvsI_A/m_=_1297.0
# frecuencia_Hz_=_302076.0685896924

Tiempo_(s)	Campo_(V.s)	Magnetizacion_(V.s)	Campo_(kA/m)	Magnetizacion_(A/m)
0.000000e+00	-6.276696e-06	-5.333746e-09	-4.560442e+01	-3.472441e+02
1.000000e-08	-6.275033e-06	-5.332429e-09	-4.559234e+01	-3.472345e+02
2.000000e-08	-6.271207e-06	-5.333495e-09	-4.556455e+01	-3.471111e+02
3.000000e-08	-6.265442e-06	-5.333781e-09	-4.552265e+01	-3.469408e+02
4.000000e-08	-6.257702e-06	-5.334027e-09	-4.546642e+01	-3.468070e+02
5.000000e-08	-6.247772e-06	-5.332721e-09	-4.539427e+01	-3.467628e+02
6.000000e-08	-6.235526e-06	-5.329974e-09	-4.530529e+01	-3.467980e+02
7.000000e-08	-6.221002e-06	-5.327411e-09	-4.519977e+01	-3.468385e+02
8.000000e-08	-6.204233e-06	-5.322938e-09	-4.507793e+01	-3.467807e+02
9.000000e-08	-6.185346e-06	-5.314081e-09	-4.494070e+01	-3.465465e+02
1.000000e-07	-6.164236e-06	-5.316850e-09	-4.478733e+01	-3.461324e+02
1.100000e-07	-6.140643e-06	-5.312868e-09	-4.461591e+01	-3.456268e+02
1.200000e-07	-6.114567e-06	-5.296915e-09	-4.442644e+01	-3.451853e+02
1.300000e-07	-6.086385e-06	-5.288137e-09	-4.422169e+01	-3.449722e+02
1.400000e-07	-6.056553e-06	-5.288980e-09	-4.400494e+01	-3.450930e+02
1.500000e-07	-6.025137e-06	-5.267652e-09	-4.377668e+01	-3.455479e+02
1.600000e-07	-5.991759e-06	-5.268592e-09	-4.353416e+01	-3.462267e+02
1.700000e-07	-5.956344e-06	-5.292665e-09	-4.327685e+01	-3.469460e+02
1.800000e-07	-5.919152e-06	-5.252136e-09	-4.300662e+01	-3.475135e+02
1.900000e-07	-5.879893e-06	-5.266804e-09	-4.272138e+01	-3.477908e+02
2.000000e-07	-5.838355e-06	-5.264802e-09	-4.241958e+01	-3.477295e+02
2.100000e-07	-5.794632e-06	-5.232296e-09	-4.210190e+01	-3.473699e+02
2.200000e-07	-5.748778e-06	-5.269692e-09	-4.176874e+01	-3.468069e+02
2.300000e-07	-5.700699e-06	-5.254738e-09	-4.141942e+01	-3.461437e+02
2.400000e-07	-5.650092e-06	-5.235109e-09	-4.105173e+01	-3.454534e+02
2.500000e-07	-5.597041e-06	-5.238173e-09	-4.066627e+01	-3.447654e+02
2.600000e-07	-5.541952e-06	-5.217410e-09	-4.026601e+01	-3.440745e+02
2.700000e-07	-5.484758e-06	-5.207385e-09	-3.985046e+01	-3.433647e+02
2.800000e-07	-5.425418e-06	-5.202472e-09	-3.941931e+01	-3.426298e+02
2.900000e-07	-5.364179e-06	-5.197907e-09	-3.897438e+01	-3.418793e+02
3.000000e-07	-5.301085e-06	-5.178181e-09	-3.851596e+01	-3.411306e+02
3.100000e-07	-5.235973e-06	-5.165685e-09	-3.804287e+01	-3.403915e+02
3.200000e-07	-5.168754e-06	-5.159934e-09	-3.755448e+01	-3.396492e+02
3.300000e-07	-5.099581e-06	-5.139116e-09	-3.705189e+01	-3.388719e+02
3.400000e-07	-5.028660e-06	-5.134965e-09	-3.653660e+01	-3.380234e+02
3.500000e-07	-4.955976e-06	-5.117466e-09	-3.600850e+01	-3.370842e+02
3.600000e-07	-4.881337e-06	-5.096556e-09	-3.546620e+01	-3.360636e+02
3.700000e-07	-4.804623e-06	-5.085974e-09	-3.490882e+01	-3.349986e+02
3.800000e-07	-4.725838e-06	-5.066779e-09	-3.433639e+01	-3.339357e+02
3.900000e-07	-4.645121e-06	-5.054057e-09	-3.374993e+01	-3.329077e+02
4.000000e-07	-4.562783e-06	-5.038327e-09	-3.315169e+01	-3.319158e+02
4.100000e-07	-4.479080e-06	-5.021076e-09	-3.254353e+01	-3.309278e+02
4.200000e-07	-4.394047e-06	-5.003943e-09	-3.192571e+01	-3.298940e+02
4.300000e-07	-4.307663e-06	-4.989038e-09	-3.129807e+01	-3.287708e+02
4.400000e-07	-4.219806e-06	-4.971114e-09	-3.065973e+01	-3.275415e+02
4.500000e-07	-4.130357e-06	-4.944685e-09	-3.000983e+01	-3.262223e+02
4.600000e-07	-4.039312e-06	-4.925867e-09	-2.934832e+01	-3.248502e+02
4.700000e-07	-3.946801e-06	-4.905116e-09	-2.867617e+01	-3.234613e+02
4.800000e-07	-3.852964e-06	-4.884146e-09	-2.799438e+01	-3.220695e+02
4.900000e-07	-3.757851e-06	-4.863082e-09	-2.730332e+01	-3.206585e+02
5.000000e-07	-3.661414e-06	-4.839695e-09	-2.660264e+01	-3.191908e+02
5.100000e-07	-3.563532e-06	-4.811757e-09	-2.589146e+01	-3.176275e+02
5.200000e-07	-3.464266e-06	-4.781342e-09	-2.517022e+01	-3.159489e+02
5.300000e-07	-3.363747e-06	-4.757136e-09	-2.443989e+01	-3.141640e+02
5.400000e-07	-3.262075e-06	-4.731603e-09	-2.370117e+01	-3.123030e+02
5.500000e-07	-3.159269e-06	-4.702386e-09	-2.295422e+01	-3.103992e+02
5.600000e-07	-3.055250e-06	-4.670354e-09	-2.219845e+01	-3.084685e+02
5.700000e-07	-2.949964e-06	-4.641288e-09	-2.143348e+01	-3.065002e+02
5.800000e-07	-2.843470e-06	-4.612009e-09	-2.065973e+01	-3.044625e+02
5.900000e-07	-2.735872e-06	-4.577474e-09	-1.987795e+01	-3.023203e+02
6.000000e-07	-2.627276e-06	-4.541252e-09	-1.908893e+01	-3.000539e+02
6.100000e-07	-2.517788e-06	-4.505631e-09	-1.829343e+01	-2.976689e+02
6.200000e-07	-2.407454e-06	-4.468260e-09	-1.749177e+01	-2.951892e+02
6.300000e-07	-2.296271e-06	-4.429043e-09	-1.668396e+01	-2.926395e+02
6.400000e-07	-2.184238e-06	-4.388909e-09	-1.586996e+01	-2.900258e+02
6.500000e-07	-2.071355e-06	-4.345334e-09	-1.504979e+01	-2.873266e+02
6.600000e-07	-1.957580e-06	-4.301008e-09	-1.422314e+01	-2.844998e+02
6.700000e-07	-1.842947e-06	-4.256104e-09	-1.339025e+01	-2.815032e+02
6.800000e-07	-1.727518e-06	-4.210267e-09	-1.255158e+01	-2.783143e+02
6.900000e-07	-1.611407e-06	-4.160183e-09	-1.170796e+01	-2.749396e+02
7.000000e-07	-1.494759e-06	-4.106188e-09	-1.086043e+01	-2.714056e+02
7.100000e-07	-1.377619e-06	-4.048897e-09	-1.000933e+01	-2.677357e+02
7.200000e-07	-1.260065e-06	-3.989906e-09	-9.155222e+00	-2.639259e+02
7.300000e-07	-1.142107e-06	-3.929962e-09	-8.298176e+00	-2.599344e+02
7.400000e-07	-1.023747e-06	-3.865234e-09	-7.438211e+00	-2.556924e+02
7.500000e-07	-9.050334e-07	-3.795134e-09	-6.575678e+00	-2.511298e+02
7.600000e-07	-7.860362e-07	-3.720043e-09	-5.711082e+00	-2.462028e+02
7.700000e-07	-6.668142e-07	-3.642373e-09	-4.844855e+00	-2.409036e+02
7.800000e-07	-5.473598e-07	-3.559657e-09	-3.976938e+00	-2.352443e+02
7.900000e-07	-4.277189e-07	-3.470866e-09	-3.107666e+00	-2.292202e+02
8.000000e-07	-3.079255e-07	-3.371845e-09	-2.237286e+00	-2.227719e+02
8.100000e-07	-1.879996e-07	-3.259619e-09	-1.365944e+00	-2.157692e+02
8.200000e-07	-6.798889e-08	-3.136817e-09	-4.939850e-01	-2.080306e+02
8.300000e-07	5.207839e-08	-3.004452e-09	3.783846e-01	-1.993719e+02
8.400000e-07	1.722016e-07	-2.857593e-09	1.251161e+00	-1.896581e+02
8.500000e-07	2.922748e-07	-2.693149e-09	2.123573e+00	-1.788244e+02
8.600000e-07	4.122107e-07	-2.513191e-09	2.994988e+00	-1.668449e+02
8.700000e-07	5.320982e-07	-2.314080e-09	3.866052e+00	-1.536502e+02
8.800000e-07	6.519142e-07	-2.090029e-09	4.736596e+00	-1.390310e+02
8.900000e-07	7.715026e-07	-1.834717e-09	5.605486e+00	-1.225800e+02
9.000000e-07	8.908134e-07	-1.541728e-09	6.472359e+00	-1.037240e+02
9.100000e-07	1.009835e-06	-1.207567e-09	7.337128e+00	-8.186461e+01
9.200000e-07	1.128482e-06	-8.286643e-10	8.199183e+00	-5.659878e+01
9.300000e-07	1.246670e-06	-4.012343e-10	9.057898e+00	-2.795030e+01
9.400000e-07	1.364423e-06	7.409173e-11	9.913450e+00	3.479408e+00
9.500000e-07	1.481745e-06	5.828071e-10	1.076588e+01	3.651287e+01
9.600000e-07	1.598560e-06	1.094405e-09	1.161462e+01	6.957368e+01
9.700000e-07	1.714790e-06	1.575780e-09	1.245910e+01	1.009980e+02
9.800000e-07	1.830332e-06	2.001615e-09	1.329860e+01	1.293870e+02
9.900000e-07	1.945018e-06	2.361880e-09	1.413186e+01	1.538879e+02
1.000000e-06	2.058721e-06	2.661401e-09	1.495800e+01	1.743148e+02
1.010000e-06	2.171552e-06	2.912676e-09	1.577779e+01	1.910794e+02
1.020000e-06	2.283612e-06	3.126717e-09	1.659198e+01	2.049673e+02
1.030000e-06	2.394810e-06	3.311144e-09	1.739991e+01	2.168498e+02
1.040000e-06	2.505106e-06	3.474032e-09	1.820128e+01	2.274338e+02
1.050000e-06	2.614574e-06	3.620048e-09	1.899664e+01	2.371275e+02
1.060000e-06	2.723229e-06	3.751181e-09	1.978609e+01	2.460465e+02
1.070000e-06	2.831022e-06	3.868508e-09	2.056928e+01	2.541286e+02
1.080000e-06	2.937760e-06	3.974757e-09	2.134480e+01	2.612869e+02
1.090000e-06	3.043271e-06	4.070758e-09	2.211141e+01	2.675286e+02
1.100000e-06	3.147591e-06	4.154879e-09	2.286937e+01	2.729950e+02
1.110000e-06	3.250784e-06	4.230531e-09	2.361914e+01	2.779181e+02
1.120000e-06	3.352841e-06	4.301750e-09	2.436065e+01	2.825315e+02
1.130000e-06	3.453791e-06	4.368465e-09	2.509412e+01	2.869856e+02
1.140000e-06	3.553631e-06	4.430173e-09	2.581953e+01	2.913102e+02
1.150000e-06	3.652161e-06	4.488221e-09	2.653541e+01	2.954364e+02
1.160000e-06	3.749245e-06	4.543741e-09	2.724079e+01	2.992614e+02
1.170000e-06	3.844934e-06	4.596331e-09	2.793604e+01	3.027172e+02
1.180000e-06	3.939254e-06	4.644661e-09	2.862134e+01	3.058113e+02
1.190000e-06	4.032286e-06	4.687093e-09	2.929727e+01	3.086204e+02
1.200000e-06	4.124134e-06	4.725054e-09	2.996461e+01	3.112486e+02
1.210000e-06	4.214563e-06	4.759692e-09	3.062164e+01	3.137746e+02
1.220000e-06	4.303329e-06	4.791233e-09	3.126659e+01	3.162194e+02
1.230000e-06	4.390442e-06	4.821630e-09	3.189952e+01	3.185480e+02
1.240000e-06	4.475985e-06	4.850711e-09	3.252105e+01	3.207018e+02
1.250000e-06	4.560144e-06	4.877892e-09	3.313252e+01	3.226417e+02
1.260000e-06	4.642856e-06	4.902847e-09	3.373348e+01	3.243758e+02
1.270000e-06	4.723796e-06	4.926016e-09	3.432156e+01	3.259583e+02
1.280000e-06	4.802867e-06	4.948159e-09	3.489606e+01	3.274611e+02
1.290000e-06	4.880194e-06	4.968307e-09	3.545790e+01	3.289361e+02
1.300000e-06	4.955751e-06	4.987061e-09	3.600687e+01	3.303894e+02
1.310000e-06	5.029352e-06	5.006701e-09	3.654163e+01	3.317828e+02
1.320000e-06	5.100905e-06	5.025125e-09	3.706151e+01	3.330597e+02
1.330000e-06	5.170556e-06	5.041791e-09	3.756757e+01	3.341830e+02
1.340000e-06	5.238474e-06	5.058069e-09	3.806104e+01	3.351603e+02
1.350000e-06	5.304485e-06	5.073907e-09	3.854065e+01	3.360453e+02
1.360000e-06	5.368480e-06	5.087950e-09	3.900562e+01	3.369123e+02
1.370000e-06	5.430638e-06	5.100344e-09	3.945725e+01	3.378181e+02
1.380000e-06	5.491103e-06	5.113073e-09	3.989656e+01	3.387729e+02
1.390000e-06	5.549733e-06	5.125359e-09	4.032255e+01	3.397353e+02
1.400000e-06	5.606272e-06	5.137804e-09	4.073334e+01	3.406344e+02
1.410000e-06	5.660758e-06	5.150438e-09	4.112922e+01	3.414078e+02
1.420000e-06	5.713125e-06	5.161525e-09	4.150970e+01	3.420346e+02
1.430000e-06	5.763060e-06	5.170415e-09	4.187251e+01	3.425466e+02
1.440000e-06	5.810618e-06	5.177682e-09	4.221806e+01	3.430107e+02
1.450000e-06	5.856170e-06	5.185004e-09	4.254902e+01	3.434945e+02
1.460000e-06	5.899859e-06	5.193590e-09	4.286645e+01	3.440312e+02
1.470000e-06	5.941428e-06	5.202774e-09	4.316848e+01	3.446040e+02
1.480000e-06	5.980748e-06	5.209897e-09	4.345416e+01	3.451580e+02
1.490000e-06	6.018046e-06	5.215339e-09	4.372516e+01	3.456321e+02
1.500000e-06	6.053389e-06	5.221819e-09	4.398195e+01	3.459941e+02
1.510000e-06	6.086519e-06	5.227751e-09	4.422266e+01	3.462591e+02
1.520000e-06	6.117421e-06	5.231641e-09	4.444718e+01	3.464817e+02
1.530000e-06	6.146292e-06	5.236378e-09	4.465695e+01	3.467264e+02
1.540000e-06	6.173002e-06	5.243057e-09	4.485102e+01	3.470324e+02
1.550000e-06	6.197318e-06	5.249880e-09	4.502769e+01	3.473913e+02
1.560000e-06	6.219352e-06	5.255013e-09	4.518778e+01	3.477521e+02
1.570000e-06	6.239372e-06	5.258883e-09	4.533324e+01	3.480488e+02
1.580000e-06	6.257243e-06	5.262316e-09	4.546309e+01	3.482375e+02
1.590000e-06	6.272754e-06	5.264587e-09	4.557578e+01	3.483217e+02
1.600000e-06	6.285961e-06	5.265499e-09	4.567174e+01	3.483521e+02
1.610000e-06	6.296737e-06	5.267763e-09	4.575004e+01	3.484001e+02
1.620000e-06	6.304950e-06	5.272317e-09	4.580971e+01	3.485190e+02
1.630000e-06	6.310873e-06	5.276070e-09	4.585275e+01	3.487140e+02
1.640000e-06	6.314733e-06	5.278310e-09	4.588079e+01	3.489373e+02
1.650000e-06	6.316359e-06	5.279551e-09	4.589260e+01	3.491122e+02
1.660000e-06	6.315676e-06	5.279922e-09	4.588764e+01	3.491743e+02
1.670000e-06	6.312936e-06	5.279889e-09	4.586773e+01	3.491066e+02
1.680000e-06	6.308197e-06	5.280460e-09	4.583330e+01	3.489515e+02
1.690000e-06	6.301226e-06	5.282365e-09	4.578265e+01	3.487889e+02
1.700000e-06	6.292137e-06	5.284054e-09	4.571661e+01	3.486938e+02
1.710000e-06	6.281131e-06	5.284367e-09	4.563664e+01	3.486924e+02
1.720000e-06	6.268019e-06	5.281661e-09	4.554138e+01	3.487426e+02
1.730000e-06	6.252706e-06	5.275922e-09	4.543012e+01	3.487505e+02
1.740000e-06	6.235327e-06	5.275317e-09	4.530385e+01	3.486172e+02
1.750000e-06	6.215586e-06	5.263523e-09	4.516042e+01	3.482946e+02
1.760000e-06	6.192820e-06	5.266116e-09	4.499501e+01	3.478223e+02
1.770000e-06	6.167207e-06	5.283036e-09	4.480891e+01	3.473253e+02
1.780000e-06	6.139667e-06	5.286834e-09	4.460882e+01	3.469719e+02
1.790000e-06	6.110827e-06	5.277992e-09	4.439928e+01	3.469067e+02
1.800000e-06	6.080581e-06	5.270130e-09	4.417951e+01	3.471901e+02
1.810000e-06	6.048232e-06	5.247496e-09	4.394448e+01	3.477688e+02
1.820000e-06	6.013633e-06	5.324993e-09	4.369309e+01	3.484917e+02
1.830000e-06	5.977202e-06	5.409704e-09	4.342840e+01	3.491628e+02
1.840000e-06	5.938614e-06	5.386754e-09	4.314803e+01	3.496081e+02
1.850000e-06	5.897748e-06	5.396116e-09	4.285111e+01	3.497287e+02
1.860000e-06	5.854878e-06	5.368545e-09	4.253963e+01	3.495199e+02
1.870000e-06	5.809926e-06	5.352395e-09	4.221303e+01	3.490529e+02
1.880000e-06	5.762946e-06	5.368747e-09	4.187169e+01	3.484320e+02
1.890000e-06	5.713788e-06	5.326187e-09	4.151452e+01	3.477501e+02
1.900000e-06	5.662329e-06	5.328263e-09	4.114063e+01	3.470601e+02
1.910000e-06	5.608506e-06	5.330962e-09	4.074958e+01	3.463730e+02
1.920000e-06	5.552307e-06	5.313776e-09	4.034125e+01	3.456755e+02
1.930000e-06	5.494145e-06	5.303864e-09	3.991866e+01	3.449542e+02
1.940000e-06	5.434142e-06	5.270598e-09	3.948270e+01	3.442104e+02
1.950000e-06	5.372097e-06	5.276086e-09	3.903190e+01	3.434591e+02
1.960000e-06	5.307942e-06	5.251449e-09	3.856578e+01	3.427153e+02
1.970000e-06	5.241763e-06	5.244607e-09	3.808494e+01	3.419781e+02
1.980000e-06	5.173813e-06	5.246177e-09	3.759124e+01	3.412246e+02
1.990000e-06	5.103889e-06	5.224437e-09	3.708319e+01	3.404185e+02
2.000000e-06	5.031924e-06	5.227082e-09	3.656032e+01	3.395291e+02
2.010000e-06	4.958219e-06	5.195403e-09	3.602480e+01	3.385494e+02
2.020000e-06	4.882636e-06	5.180071e-09	3.547564e+01	3.375028e+02
2.030000e-06	4.805041e-06	5.166316e-09	3.491186e+01	3.364336e+02
2.040000e-06	4.725505e-06	5.150001e-09	3.433398e+01	3.353849e+02
2.050000e-06	4.644287e-06	5.144115e-09	3.374388e+01	3.343761e+02
2.060000e-06	4.561531e-06	5.120467e-09	3.314260e+01	3.333919e+02
2.070000e-06	4.477272e-06	5.110239e-09	3.253040e+01	3.323894e+02
2.080000e-06	4.391435e-06	5.090076e-09	3.190674e+01	3.313186e+02
2.090000e-06	4.303858e-06	5.075557e-09	3.127042e+01	3.301465e+02
2.100000e-06	4.214763e-06	5.053164e-09	3.062309e+01	3.288721e+02
2.110000e-06	4.124331e-06	5.031118e-09	2.996604e+01	3.275236e+02
2.120000e-06	4.032572e-06	5.018342e-09	2.929935e+01	3.261405e+02
2.130000e-06	3.939446e-06	4.994119e-09	2.862273e+01	3.247507e+02
2.140000e-06	3.844862e-06	4.972134e-09	2.793551e+01	3.233541e+02
2.150000e-06	3.748761e-06	4.948766e-09	2.723728e+01	3.219225e+02
2.160000e-06	3.651300e-06	4.930987e-09	2.652916e+01	3.204148e+02
2.170000e-06	3.552659e-06	4.906208e-09	2.581246e+01	3.187991e+02
2.180000e-06	3.452771e-06	4.880309e-09	2.508671e+01	3.170687e+02
2.190000e-06	3.351619e-06	4.854315e-09	2.435177e+01	3.152444e+02
2.200000e-06	3.249153e-06	4.824132e-09	2.360728e+01	3.133604e+02
2.210000e-06	3.145362e-06	4.791776e-09	2.285318e+01	3.114440e+02
2.220000e-06	3.040322e-06	4.761159e-09	2.208999e+01	3.094991e+02
2.230000e-06	2.934235e-06	4.734629e-09	2.131919e+01	3.075036e+02
2.240000e-06	2.827216e-06	4.702281e-09	2.054163e+01	3.054216e+02
2.250000e-06	2.719275e-06	4.666870e-09	1.975736e+01	3.032230e+02
2.260000e-06	2.610406e-06	4.632112e-09	1.896635e+01	3.008998e+02
2.270000e-06	2.500590e-06	4.597547e-09	1.816847e+01	2.984677e+02
2.280000e-06	2.389857e-06	4.559922e-09	1.736392e+01	2.959535e+02
2.290000e-06	2.278161e-06	4.521017e-09	1.655237e+01	2.933754e+02
2.300000e-06	2.165600e-06	4.480049e-09	1.573454e+01	2.907266e+02
2.310000e-06	2.052256e-06	4.436005e-09	1.491103e+01	2.879743e+02
2.320000e-06	1.938203e-06	4.389714e-09	1.408235e+01	2.850735e+02
2.330000e-06	1.823371e-06	4.342969e-09	1.324802e+01	2.819890e+02
2.340000e-06	1.707770e-06	4.293902e-09	1.240810e+01	2.787117e+02
2.350000e-06	1.591601e-06	4.240430e-09	1.156405e+01	2.752597e+02
2.360000e-06	1.474864e-06	4.184353e-09	1.071588e+01	2.716613e+02
2.370000e-06	1.357577e-06	4.128022e-09	9.863715e+00	2.679296e+02
2.380000e-06	1.239811e-06	4.070672e-09	9.008061e+00	2.640431e+02
2.390000e-06	1.121574e-06	4.006687e-09	8.148992e+00	2.599450e+02
2.400000e-06	1.002892e-06	3.937486e-09	7.286685e+00	2.555621e+02
2.410000e-06	8.838323e-07	3.864647e-09	6.421637e+00	2.508339e+02
2.420000e-06	7.644028e-07	3.787789e-09	5.553901e+00	2.457335e+02
2.430000e-06	6.446889e-07	3.705962e-09	4.684099e+00	2.402660e+02
2.440000e-06	5.247398e-07	3.617609e-09	3.812588e+00	2.344409e+02
2.450000e-06	4.045983e-07	3.521320e-09	2.939679e+00	2.282319e+02
2.460000e-06	2.843251e-07	3.416088e-09	2.065814e+00	2.215468e+02
2.470000e-06	1.639099e-07	3.301998e-09	1.190916e+00	2.142268e+02
2.480000e-06	4.342670e-08	3.178487e-09	3.155242e-01	2.060823e+02
2.490000e-06	-7.705684e-08	3.041952e-09	-5.598699e-01	1.969466e+02
2.500000e-06	-1.974807e-07	2.888674e-09	-1.434830e+00	1.867175e+02
2.510000e-06	-3.178243e-07	2.718469e-09	-2.309207e+00	1.753557e+02
2.520000e-06	-4.381467e-07	2.528363e-09	-3.183431e+00	1.628274e+02
2.530000e-06	-5.583627e-07	2.315528e-09	-4.056881e+00	1.490092e+02
2.540000e-06	-6.783693e-07	2.077648e-09	-4.928810e+00	1.336026e+02
2.550000e-06	-7.981659e-07	1.806839e-09	-5.799213e+00	1.161126e+02
2.560000e-06	-9.176956e-07	1.496426e-09	-6.667677e+00	9.593085e+01
2.570000e-06	-1.036803e-06	1.141063e-09	-7.533069e+00	7.251934e+01
2.580000e-06	-1.155382e-06	7.377983e-10	-8.394630e+00	4.564736e+01
2.590000e-06	-1.273476e-06	2.876988e-10	-9.252662e+00	1.559611e+01
2.600000e-06	-1.391025e-06	-2.059134e-10	-1.010673e+01	-1.675452e+01
2.610000e-06	-1.507971e-06	-7.246967e-10	-1.095643e+01	-5.000994e+01
2.620000e-06	-1.624295e-06	-1.234204e-09	-1.180160e+01	-8.250935e+01
2.630000e-06	-1.739882e-06	-1.699288e-09	-1.264141e+01	-1.126699e+02
2.640000e-06	-1.854705e-06	-2.104608e-09	-1.347568e+01	-1.393196e+02
2.650000e-06	-1.968707e-06	-2.448031e-09	-1.430398e+01	-1.619117e+02
2.660000e-06	-2.081733e-06	-2.733324e-09	-1.512520e+01	-1.805575e+02
2.670000e-06	-2.193836e-06	-2.972906e-09	-1.593970e+01	-1.958764e+02
2.680000e-06	-2.305070e-06	-3.178765e-09	-1.674789e+01	-2.087298e+02
2.690000e-06	-2.415397e-06	-3.357891e-09	-1.754948e+01	-2.199378e+02
2.700000e-06	-2.524800e-06	-3.513801e-09	-1.834437e+01	-2.300768e+02
2.710000e-06	-2.633357e-06	-3.652908e-09	-1.913311e+01	-2.394103e+02
2.720000e-06	-2.741146e-06	-3.779076e-09	-1.991627e+01	-2.479532e+02
2.730000e-06	-2.848050e-06	-3.893631e-09	-2.069300e+01	-2.556131e+02
2.740000e-06	-2.953978e-06	-3.998545e-09	-2.146264e+01	-2.623362e+02
2.750000e-06	-3.058883e-06	-4.091769e-09	-2.222485e+01	-2.681928e+02
2.760000e-06	-3.162717e-06	-4.175542e-09	-2.297927e+01	-2.733753e+02
2.770000e-06	-3.265291e-06	-4.252828e-09	-2.372454e+01	-2.781287e+02
2.780000e-06	-3.366571e-06	-4.324845e-09	-2.446040e+01	-2.826562e+02
2.790000e-06	-3.466658e-06	-4.392658e-09	-2.518760e+01	-2.870533e+02
2.800000e-06	-3.565545e-06	-4.455458e-09	-2.590609e+01	-2.912978e+02
2.810000e-06	-3.663253e-06	-4.513910e-09	-2.661600e+01	-2.952959e+02
2.820000e-06	-3.759840e-06	-4.568826e-09	-2.731777e+01	-2.989534e+02
2.830000e-06	-3.855181e-06	-4.621979e-09	-2.801049e+01	-3.022351e+02
2.840000e-06	-3.949056e-06	-4.672701e-09	-2.869255e+01	-3.051841e+02
2.850000e-06	-4.041470e-06	-4.719380e-09	-2.936400e+01	-3.078963e+02
2.860000e-06	-4.132456e-06	-4.763576e-09	-3.002508e+01	-3.104700e+02
2.870000e-06	-4.221942e-06	-4.804792e-09	-3.067525e+01	-3.129593e+02
2.880000e-06	-4.309965e-06	-4.842645e-09	-3.131480e+01	-3.153565e+02
2.890000e-06	-4.396419e-06	-4.877375e-09	-3.194294e+01	-3.176106e+02
2.900000e-06	-4.481226e-06	-4.909990e-09	-3.255912e+01	-3.196671e+02
2.910000e-06	-4.564512e-06	-4.942307e-09	-3.316426e+01	-3.215069e+02
2.920000e-06	-4.646244e-06	-4.972715e-09	-3.375809e+01	-3.231616e+02
2.930000e-06	-4.726328e-06	-4.999259e-09	-3.433996e+01	-3.246981e+02
2.940000e-06	-4.804499e-06	-5.023060e-09	-3.490792e+01	-3.261837e+02
2.950000e-06	-4.880616e-06	-5.047056e-09	-3.546096e+01	-3.276505e+02
2.960000e-06	-4.954857e-06	-5.071463e-09	-3.600038e+01	-3.290824e+02
2.970000e-06	-5.027354e-06	-5.092760e-09	-3.652711e+01	-3.304280e+02
2.980000e-06	-5.097943e-06	-5.110208e-09	-3.703999e+01	-3.316355e+02
2.990000e-06	-5.166512e-06	-5.125505e-09	-3.753819e+01	-3.326865e+02
3.000000e-06	-5.233256e-06	-5.141362e-09	-3.802313e+01	-3.336119e+02
3.010000e-06	-5.298258e-06	-5.158199e-09	-3.849541e+01	-3.344792e+02
3.020000e-06	-5.361395e-06	-5.173636e-09	-3.895415e+01	-3.353591e+02
3.030000e-06	-5.422530e-06	-5.186868e-09	-3.939833e+01	-3.362894e+02
3.040000e-06	-5.481655e-06	-5.199197e-09	-3.982791e+01	-3.372551e+02
3.050000e-06	-5.538909e-06	-5.212937e-09	-4.024391e+01	-3.381969e+02
3.060000e-06	-5.594292e-06	-5.225626e-09	-4.064630e+01	-3.390431e+02
3.070000e-06	-5.647484e-06	-5.237152e-09	-4.103278e+01	-3.397474e+02
3.080000e-06	-5.698308e-06	-5.247149e-09	-4.140205e+01	-3.403138e+02
3.090000e-06	-5.746763e-06	-5.255383e-09	-4.175410e+01	-3.407939e+02
3.100000e-06	-5.793049e-06	-5.262280e-09	-4.209041e+01	-3.412599e+02
3.110000e-06	-5.837508e-06	-5.268894e-09	-4.241343e+01	-3.417667e+02
3.120000e-06	-5.880143e-06	-5.276070e-09	-4.272320e+01	-3.423248e+02
3.130000e-06	-5.920881e-06	-5.282180e-09	-4.301919e+01	-3.428965e+02
3.140000e-06	-5.959496e-06	-5.287955e-09	-4.329975e+01	-3.434197e+02
3.150000e-06	-5.995838e-06	-5.295445e-09	-4.356380e+01	-3.438427e+02
3.160000e-06	-6.030101e-06	-5.303343e-09	-4.381275e+01	-3.441545e+02
3.170000e-06	-6.062329e-06	-5.309622e-09	-4.404690e+01	-3.443911e+02
3.180000e-06	-6.092276e-06	-5.312990e-09	-4.426449e+01	-3.446164e+02
3.190000e-06	-6.119932e-06	-5.315303e-09	-4.446543e+01	-3.448870e+02
3.200000e-06	-6.145479e-06	-5.319399e-09	-4.465105e+01	-3.452213e+02
3.210000e-06	-6.168870e-06	-5.323449e-09	-4.482100e+01	-3.455888e+02
3.220000e-06	-6.189980e-06	-5.325593e-09	-4.497438e+01	-3.459272e+02
3.230000e-06	-6.208892e-06	-5.326258e-09	-4.511178e+01	-3.461763e+02
3.240000e-06	-6.225627e-06	-5.328757e-09	-4.523338e+01	-3.463125e+02
3.250000e-06	-6.239887e-06	-5.331923e-09	-4.533698e+01	-3.463629e+02
3.260000e-06	-6.251691e-06	-5.333297e-09	-4.542274e+01	-3.463924e+02
3.270000e-06	-6.261284e-06	-5.334798e-09	-4.549244e+01	-3.464688e+02
3.280000e-06	-6.268647e-06	-5.336860e-09	-4.554594e+01	-3.466255e+02
3.290000e-06	-6.273652e-06	-5.338901e-09	-4.558231e+01	-3.468418e+02
3.300000e-06	-6.276430e-06	-5.338929e-09	-4.560249e+01	-3.470521e+02
3.310000e-06	-6.277122e-06	-5.336279e-09	-4.560752e+01	-3.471800e+02
