# Temperatura_=_20.0
# Concentracion g/m^3_=_6600.0
# C_Vs_to_Am_M_A/Vsm_=_65563218390.804596
# pendiente_HvsI_1/m_=_3716.3
# ordenada_HvsI_A/m_=_1297.0
# frecuencia_Hz_=_302087.8407522336

Tiempo_(s)	Campo_(V.s)	Magnetizacion_(V.s)	Campo_(kA/m)	Magnetizacion_(A/m)
0.000000e+00	-6.298663e-06	-2.676097e-10	-4.558138e+01	-1.756862e+01
1.000000e-08	-6.295040e-06	-2.679808e-10	-4.555515e+01	-1.748872e+01
2.000000e-08	-6.289411e-06	-2.672963e-10	-4.551442e+01	-1.738883e+01
3.000000e-08	-6.281868e-06	-2.659811e-10	-4.545983e+01	-1.730549e+01
4.000000e-08	-6.272207e-06	-2.632529e-10	-4.538992e+01	-1.725655e+01
5.000000e-08	-6.260195e-06	-2.598605e-10	-4.530299e+01	-1.723023e+01
6.000000e-08	-6.245869e-06	-2.622707e-10	-4.519932e+01	-1.719059e+01
7.000000e-08	-6.229244e-06	-2.671452e-10	-4.507901e+01	-1.709764e+01
8.000000e-08	-6.210465e-06	-2.476688e-10	-4.494312e+01	-1.693223e+01
9.000000e-08	-6.189492e-06	-2.424188e-10	-4.479134e+01	-1.671335e+01
1.000000e-07	-6.166073e-06	-2.535443e-10	-4.462186e+01	-1.649813e+01
1.100000e-07	-6.140168e-06	-2.407852e-10	-4.443440e+01	-1.636286e+01
1.200000e-07	-6.112085e-06	-2.252860e-10	-4.423117e+01	-1.637219e+01
1.300000e-07	-6.082253e-06	-2.500563e-10	-4.401529e+01	-1.654966e+01
1.400000e-07	-6.050850e-06	-2.158278e-10	-4.378803e+01	-1.686250e+01
1.500000e-07	-6.017536e-06	-1.908862e-10	-4.354695e+01	-1.722788e+01
1.600000e-07	-5.982236e-06	-2.899017e-10	-4.329150e+01	-1.753868e+01
1.700000e-07	-5.945100e-06	-2.397097e-10	-4.302276e+01	-1.769895e+01
1.800000e-07	-5.905830e-06	-2.413308e-10	-4.273857e+01	-1.765506e+01
1.900000e-07	-5.864271e-06	-2.799575e-10	-4.243782e+01	-1.741133e+01
2.000000e-07	-5.820575e-06	-1.864638e-10	-4.212160e+01	-1.702504e+01
2.100000e-07	-5.774801e-06	-2.013044e-10	-4.179035e+01	-1.658428e+01
2.200000e-07	-5.726828e-06	-2.093287e-10	-4.144319e+01	-1.617803e+01
2.300000e-07	-5.676354e-06	-2.061711e-10	-4.107792e+01	-1.586962e+01
2.400000e-07	-5.623347e-06	-2.362083e-10	-4.069433e+01	-1.568194e+01
2.500000e-07	-5.568197e-06	-2.290490e-10	-4.029523e+01	-1.559737e+01
2.600000e-07	-5.510940e-06	-2.251977e-10	-3.988088e+01	-1.556966e+01
2.700000e-07	-5.451603e-06	-2.126971e-10	-3.945148e+01	-1.554192e+01
2.800000e-07	-5.390368e-06	-2.213125e-10	-3.900834e+01	-1.546397e+01
2.900000e-07	-5.327228e-06	-2.263879e-10	-3.855142e+01	-1.530468e+01
3.000000e-07	-5.262008e-06	-2.133243e-10	-3.807944e+01	-1.505745e+01
3.100000e-07	-5.194701e-06	-2.066579e-10	-3.759236e+01	-1.473924e+01
3.200000e-07	-5.125424e-06	-1.751463e-10	-3.709102e+01	-1.438469e+01
3.300000e-07	-5.054298e-06	-1.881695e-10	-3.657631e+01	-1.403685e+01
3.400000e-07	-4.981471e-06	-2.024272e-10	-3.604928e+01	-1.373598e+01
3.500000e-07	-4.906703e-06	-1.975234e-10	-3.550821e+01	-1.350862e+01
3.600000e-07	-4.829845e-06	-2.053739e-10	-3.495202e+01	-1.335928e+01
3.700000e-07	-4.750935e-06	-1.927404e-10	-3.438097e+01	-1.326794e+01
3.800000e-07	-4.670132e-06	-1.879937e-10	-3.379623e+01	-1.319514e+01
3.900000e-07	-4.587741e-06	-1.825552e-10	-3.319999e+01	-1.309447e+01
4.000000e-07	-4.503932e-06	-1.790949e-10	-3.259349e+01	-1.292868e+01
4.100000e-07	-4.418752e-06	-1.726248e-10	-3.197707e+01	-1.268371e+01
4.200000e-07	-4.332175e-06	-1.679331e-10	-3.135054e+01	-1.237469e+01
4.300000e-07	-4.244146e-06	-1.743308e-10	-3.071350e+01	-1.204039e+01
4.400000e-07	-4.154438e-06	-1.701034e-10	-3.006431e+01	-1.172780e+01
4.500000e-07	-4.063107e-06	-1.708844e-10	-2.940338e+01	-1.147256e+01
4.600000e-07	-3.970433e-06	-1.633647e-10	-2.873273e+01	-1.128365e+01
4.700000e-07	-3.876400e-06	-1.536182e-10	-2.805224e+01	-1.113936e+01
4.800000e-07	-3.781057e-06	-1.490814e-10	-2.736228e+01	-1.099655e+01
4.900000e-07	-3.684377e-06	-1.526453e-10	-2.666263e+01	-1.080959e+01
5.000000e-07	-3.586209e-06	-1.538442e-10	-2.595223e+01	-1.055039e+01
5.100000e-07	-3.486664e-06	-1.425422e-10	-2.523185e+01	-1.022047e+01
5.200000e-07	-3.385846e-06	-1.341859e-10	-2.450226e+01	-9.849417e+00
5.300000e-07	-3.283826e-06	-1.287045e-10	-2.376398e+01	-9.480337e+00
5.400000e-07	-3.180637e-06	-1.286118e-10	-2.301723e+01	-9.149252e+00
5.500000e-07	-3.076211e-06	-1.275464e-10	-2.226154e+01	-8.868177e+00
5.600000e-07	-2.970607e-06	-1.269884e-10	-2.149731e+01	-8.620044e+00
5.700000e-07	-2.863846e-06	-1.205824e-10	-2.072472e+01	-8.367935e+00
5.800000e-07	-2.755947e-06	-1.065109e-10	-1.994389e+01	-8.074180e+00
5.900000e-07	-2.647073e-06	-9.352707e-11	-1.915601e+01	-7.720044e+00
6.000000e-07	-2.537357e-06	-9.010654e-11	-1.836202e+01	-7.316311e+00
6.100000e-07	-2.426835e-06	-9.126022e-11	-1.756222e+01	-6.899411e+00
6.200000e-07	-2.315362e-06	-8.947121e-11	-1.675552e+01	-6.514677e+00
6.300000e-07	-2.202873e-06	-8.901785e-11	-1.594148e+01	-6.194599e+00
6.400000e-07	-2.089528e-06	-8.618323e-11	-1.512123e+01	-5.942446e+00
6.500000e-07	-1.975331e-06	-8.166921e-11	-1.429482e+01	-5.729207e+00
6.600000e-07	-1.860252e-06	-7.420110e-11	-1.346204e+01	-5.505528e+00
6.700000e-07	-1.744413e-06	-6.755260e-11	-1.262375e+01	-5.223275e+00
6.800000e-07	-1.627940e-06	-6.079497e-11	-1.178087e+01	-4.856828e+00
6.900000e-07	-1.510869e-06	-5.293991e-11	-1.093367e+01	-4.414405e+00
7.000000e-07	-1.393271e-06	-4.696421e-11	-1.008265e+01	-3.934361e+00
7.100000e-07	-1.275298e-06	-4.415854e-11	-9.228917e+00	-3.468399e+00
7.200000e-07	-1.156982e-06	-4.371384e-11	-8.372700e+00	-3.059474e+00
7.300000e-07	-1.038325e-06	-4.082798e-11	-7.514023e+00	-2.724345e+00
7.400000e-07	-9.193609e-07	-3.615191e-11	-6.653116e+00	-2.448223e+00
7.500000e-07	-8.000876e-07	-3.092442e-11	-5.789973e+00	-2.193225e+00
7.600000e-07	-6.805145e-07	-2.714290e-11	-4.924662e+00	-1.916099e+00
7.700000e-07	-5.606509e-07	-2.199233e-11	-4.057248e+00	-1.586869e+00
7.800000e-07	-4.405759e-07	-1.475599e-11	-3.188305e+00	-1.200258e+00
7.900000e-07	-3.203611e-07	-7.028100e-12	-2.318349e+00	-7.755652e-01
8.000000e-07	-1.999721e-07	-1.450736e-12	-1.447133e+00	-3.461559e-01
8.100000e-07	-7.944595e-08	1.169122e-12	-5.749245e-01	5.585707e-02
8.200000e-07	4.111233e-08	2.415956e-12	2.975165e-01	4.126270e-01
8.300000e-07	1.617398e-07	3.240234e-12	1.170458e+00	7.260239e-01
8.400000e-07	2.823900e-07	7.310159e-12	2.043564e+00	1.014206e+00
8.500000e-07	4.028895e-07	1.363920e-11	2.915580e+00	1.302036e+00
8.600000e-07	5.232210e-07	2.001196e-11	3.786380e+00	1.610297e+00
8.700000e-07	6.433713e-07	2.562022e-11	4.655868e+00	1.948372e+00
8.800000e-07	7.632928e-07	3.169809e-11	5.523701e+00	2.312703e+00
8.900000e-07	8.829528e-07	3.791927e-11	6.389642e+00	2.690422e+00
9.000000e-07	1.002267e-06	4.239866e-11	7.253080e+00	3.065528e+00
9.100000e-07	1.121239e-06	4.571496e-11	8.114041e+00	3.424595e+00
9.200000e-07	1.239933e-06	4.937073e-11	8.972990e+00	3.760123e+00
9.300000e-07	1.358309e-06	5.368801e-11	9.829644e+00	4.071253e+00
9.400000e-07	1.476228e-06	5.678859e-11	1.068298e+01	4.362804e+00
9.500000e-07	1.593538e-06	5.939282e-11	1.153191e+01	4.643708e+00
9.600000e-07	1.710236e-06	6.316010e-11	1.237642e+01	4.925369e+00
9.700000e-07	1.826278e-06	6.833240e-11	1.321618e+01	5.219696e+00
9.800000e-07	1.941480e-06	7.281049e-11	1.404986e+01	5.536443e+00
9.900000e-07	2.055816e-06	7.699300e-11	1.487727e+01	5.880051e+00
1.000000e-06	2.169283e-06	8.432315e-11	1.569840e+01	6.247087e+00
1.010000e-06	2.281794e-06	9.154711e-11	1.651260e+01	6.625851e+00
1.020000e-06	2.393416e-06	9.503593e-11	1.732037e+01	6.999165e+00
1.030000e-06	2.504231e-06	9.670182e-11	1.812230e+01	7.349924e+00
1.040000e-06	2.614199e-06	1.004209e-10	1.891811e+01	7.667350e+00
1.050000e-06	2.723260e-06	1.065299e-10	1.970734e+01	7.951044e+00
1.060000e-06	2.831447e-06	1.146224e-10	2.049026e+01	8.210647e+00
1.070000e-06	2.938707e-06	1.225139e-10	2.126647e+01	8.460902e+00
1.080000e-06	3.044893e-06	1.261301e-10	2.203490e+01	8.714391e+00
1.090000e-06	3.149867e-06	1.273656e-10	2.279456e+01	8.975635e+00
1.100000e-06	3.253519e-06	1.283719e-10	2.354466e+01	9.239830e+00
1.110000e-06	3.356015e-06	1.313970e-10	2.428638e+01	9.497182e+00
1.120000e-06	3.457413e-06	1.361084e-10	2.502017e+01	9.740665e+00
1.130000e-06	3.557714e-06	1.412694e-10	2.574602e+01	9.972866e+00
1.140000e-06	3.656885e-06	1.453095e-10	2.646369e+01	1.020758e+01
1.150000e-06	3.754634e-06	1.495688e-10	2.717107e+01	1.046436e+01
1.160000e-06	3.850865e-06	1.545287e-10	2.786746e+01	1.075800e+01
1.170000e-06	3.945711e-06	1.590173e-10	2.855383e+01	1.108818e+01
1.180000e-06	4.039191e-06	1.624894e-10	2.923031e+01	1.143516e+01
1.190000e-06	4.131394e-06	1.657762e-10	2.989756e+01	1.176500e+01
1.200000e-06	4.222319e-06	1.692136e-10	3.055555e+01	1.204295e+01
1.210000e-06	4.311663e-06	1.714386e-10	3.120210e+01	1.224953e+01
1.220000e-06	4.399306e-06	1.734368e-10	3.183634e+01	1.239128e+01
1.230000e-06	4.485341e-06	1.757022e-10	3.245896e+01	1.250038e+01
1.240000e-06	4.569923e-06	1.790970e-10	3.307105e+01	1.262212e+01
1.250000e-06	4.653056e-06	1.826176e-10	3.367265e+01	1.279522e+01
1.260000e-06	4.734487e-06	1.869058e-10	3.426194e+01	1.303403e+01
1.270000e-06	4.814071e-06	1.916726e-10	3.483786e+01	1.332111e+01
1.280000e-06	4.891871e-06	1.947614e-10	3.540088e+01	1.361464e+01
1.290000e-06	4.967905e-06	1.972881e-10	3.595111e+01	1.386745e+01
1.300000e-06	5.041960e-06	2.007906e-10	3.648702e+01	1.404939e+01
1.310000e-06	5.113954e-06	2.037919e-10	3.700802e+01	1.416214e+01
1.320000e-06	5.184093e-06	2.056736e-10	3.751559e+01	1.423931e+01
1.330000e-06	5.252470e-06	2.082948e-10	3.801042e+01	1.433124e+01
1.340000e-06	5.318966e-06	2.123725e-10	3.849162e+01	1.448150e+01
1.350000e-06	5.383444e-06	2.158658e-10	3.895823e+01	1.470614e+01
1.360000e-06	5.446019e-06	2.195875e-10	3.941106e+01	1.498579e+01
1.370000e-06	5.506825e-06	2.241866e-10	3.985110e+01	1.527447e+01
1.380000e-06	5.565800e-06	2.268303e-10	4.027788e+01	1.552107e+01
1.390000e-06	5.622717e-06	2.276783e-10	4.068977e+01	1.569313e+01
1.400000e-06	5.677561e-06	2.295031e-10	4.108666e+01	1.579152e+01
1.410000e-06	5.730329e-06	2.325746e-10	4.146853e+01	1.584890e+01
1.420000e-06	5.780707e-06	2.356329e-10	4.183309e+01	1.591281e+01
1.430000e-06	5.828689e-06	2.377983e-10	4.218032e+01	1.602181e+01
1.440000e-06	5.874634e-06	2.393923e-10	4.251282e+01	1.618647e+01
1.450000e-06	5.918711e-06	2.417156e-10	4.283178e+01	1.638465e+01
1.460000e-06	5.960684e-06	2.456317e-10	4.313553e+01	1.657325e+01
1.470000e-06	6.000424e-06	2.496147e-10	4.342311e+01	1.671059e+01
1.480000e-06	6.038108e-06	2.513731e-10	4.369582e+01	1.677813e+01
1.490000e-06	6.073812e-06	2.510759e-10	4.395420e+01	1.679060e+01
1.500000e-06	6.107358e-06	2.502814e-10	4.419696e+01	1.678931e+01
1.510000e-06	6.138648e-06	2.502217e-10	4.442340e+01	1.682200e+01
1.520000e-06	6.167834e-06	2.523796e-10	4.463461e+01	1.691906e+01
1.530000e-06	6.194946e-06	2.578450e-10	4.483081e+01	1.707807e+01
1.540000e-06	6.219689e-06	2.630108e-10	4.500986e+01	1.726442e+01
1.550000e-06	6.242101e-06	2.643703e-10	4.517205e+01	1.742765e+01
1.560000e-06	6.262472e-06	2.642253e-10	4.531947e+01	1.752569e+01
1.570000e-06	6.280695e-06	2.643734e-10	4.545135e+01	1.754481e+01
1.580000e-06	6.296588e-06	2.650671e-10	4.556636e+01	1.750567e+01
1.590000e-06	6.310102e-06	2.646070e-10	4.566415e+01	1.745253e+01
1.600000e-06	6.321166e-06	2.643669e-10	4.574422e+01	1.743114e+01
1.610000e-06	6.329678e-06	2.658028e-10	4.580582e+01	1.746645e+01
1.620000e-06	6.335836e-06	2.667156e-10	4.585038e+01	1.755099e+01
1.630000e-06	6.339878e-06	2.683118e-10	4.587963e+01	1.764971e+01
1.640000e-06	6.341670e-06	2.694921e-10	4.589260e+01	1.771839e+01
1.650000e-06	6.341160e-06	2.693456e-10	4.588891e+01	1.772598e+01
1.660000e-06	6.338549e-06	2.696764e-10	4.587001e+01	1.766958e+01
1.670000e-06	6.333969e-06	2.683599e-10	4.583687e+01	1.757436e+01
1.680000e-06	6.327218e-06	2.704162e-10	4.578802e+01	1.747855e+01
1.690000e-06	6.318322e-06	2.725264e-10	4.572364e+01	1.741160e+01
1.700000e-06	6.307531e-06	2.709387e-10	4.564555e+01	1.737693e+01
1.710000e-06	6.294582e-06	2.641851e-10	4.555184e+01	1.734892e+01
1.720000e-06	6.279324e-06	2.524489e-10	4.544142e+01	1.728652e+01
1.730000e-06	6.262013e-06	2.772272e-10	4.531615e+01	1.715722e+01
1.740000e-06	6.242413e-06	2.728372e-10	4.517431e+01	1.695972e+01
1.750000e-06	6.219827e-06	2.531725e-10	4.501087e+01	1.673333e+01
1.760000e-06	6.194355e-06	2.692566e-10	4.482653e+01	1.654814e+01
1.770000e-06	6.166866e-06	2.672644e-10	4.462760e+01	1.647872e+01
1.780000e-06	6.137974e-06	2.485463e-10	4.441852e+01	1.657222e+01
1.790000e-06	6.107663e-06	3.175307e-10	4.419917e+01	1.682465e+01
1.800000e-06	6.075373e-06	2.802807e-10	4.396550e+01	1.717605e+01
1.810000e-06	6.040770e-06	2.790980e-10	4.371509e+01	1.752732e+01
1.820000e-06	6.004311e-06	3.388732e-10	4.345125e+01	1.777244e+01
1.830000e-06	5.965756e-06	2.362185e-10	4.317224e+01	1.783348e+01
1.840000e-06	5.924842e-06	2.966088e-10	4.287615e+01	1.768511e+01
1.850000e-06	5.881950e-06	3.289044e-10	4.256575e+01	1.735998e+01
1.860000e-06	5.837068e-06	2.809098e-10	4.224096e+01	1.693432e+01
1.870000e-06	5.790153e-06	3.366972e-10	4.190145e+01	1.650042e+01
1.880000e-06	5.741004e-06	2.612438e-10	4.154578e+01	1.613717e+01
1.890000e-06	5.689513e-06	2.450019e-10	4.117315e+01	1.588860e+01
1.900000e-06	5.635674e-06	2.687441e-10	4.078354e+01	1.575649e+01
1.910000e-06	5.579501e-06	2.389572e-10	4.037703e+01	1.570688e+01
1.920000e-06	5.521322e-06	2.823536e-10	3.995601e+01	1.568585e+01
1.930000e-06	5.461304e-06	2.326978e-10	3.952168e+01	1.563794e+01
1.940000e-06	5.399206e-06	2.449677e-10	3.907230e+01	1.552136e+01
1.950000e-06	5.334981e-06	2.437707e-10	3.860752e+01	1.531700e+01
1.960000e-06	5.268772e-06	2.371338e-10	3.812839e+01	1.503051e+01
1.970000e-06	5.200732e-06	2.750078e-10	3.763601e+01	1.468867e+01
1.980000e-06	5.130702e-06	2.331187e-10	3.712922e+01	1.433164e+01
1.990000e-06	5.058646e-06	2.500627e-10	3.660778e+01	1.400251e+01
2.000000e-06	4.984765e-06	2.172952e-10	3.607312e+01	1.373595e+01
2.010000e-06	4.909016e-06	1.939618e-10	3.552495e+01	1.354824e+01
2.020000e-06	4.831318e-06	2.107265e-10	3.496267e+01	1.343147e+01
2.030000e-06	4.751698e-06	2.075484e-10	3.438649e+01	1.335477e+01
2.040000e-06	4.670421e-06	2.335706e-10	3.379832e+01	1.327329e+01
2.050000e-06	4.587611e-06	2.166371e-10	3.319904e+01	1.314316e+01
2.060000e-06	4.503282e-06	2.191587e-10	3.258878e+01	1.293737e+01
2.070000e-06	4.417267e-06	2.091041e-10	3.196632e+01	1.265638e+01
2.080000e-06	4.329507e-06	2.001465e-10	3.133123e+01	1.232855e+01
2.090000e-06	4.240278e-06	1.908985e-10	3.068551e+01	1.199913e+01
2.100000e-06	4.149727e-06	1.752755e-10	3.003022e+01	1.171181e+01
2.110000e-06	4.057848e-06	1.887035e-10	2.936533e+01	1.149024e+01
2.120000e-06	3.964472e-06	1.861625e-10	2.868959e+01	1.132770e+01
2.130000e-06	3.869547e-06	1.857151e-10	2.800265e+01	1.118984e+01
2.140000e-06	3.773193e-06	1.790535e-10	2.730537e+01	1.102962e+01
2.150000e-06	3.675500e-06	1.794042e-10	2.659840e+01	1.080798e+01
2.160000e-06	3.576624e-06	1.726671e-10	2.588286e+01	1.051090e+01
2.170000e-06	3.476539e-06	1.628817e-10	2.515858e+01	1.015506e+01
2.180000e-06	3.375097e-06	1.620427e-10	2.442448e+01	9.779197e+00
2.190000e-06	3.272288e-06	1.565188e-10	2.368049e+01	9.425465e+00
2.200000e-06	3.168239e-06	1.439136e-10	2.292751e+01	9.119394e+00
2.210000e-06	3.063041e-06	1.330860e-10	2.216623e+01	8.858174e+00
2.220000e-06	2.956759e-06	1.389325e-10	2.139711e+01	8.612861e+00
2.230000e-06	2.849547e-06	1.461385e-10	2.062124e+01	8.343490e+00
2.240000e-06	2.741436e-06	1.450775e-10	1.983888e+01	8.019771e+00
2.250000e-06	2.632349e-06	1.357038e-10	1.904945e+01	7.637258e+00
2.260000e-06	2.522250e-06	1.257512e-10	1.825270e+01	7.220971e+00
2.270000e-06	2.411131e-06	1.124785e-10	1.744857e+01	6.814433e+00
2.280000e-06	2.298993e-06	1.035066e-10	1.663706e+01	6.459178e+00
2.290000e-06	2.186008e-06	1.023042e-10	1.581943e+01	6.174425e+00
2.300000e-06	2.072249e-06	1.022910e-10	1.499619e+01	5.946701e+00
2.310000e-06	1.957777e-06	9.870879e-11	1.416780e+01	5.734531e+00
2.320000e-06	1.842646e-06	9.393892e-11	1.333463e+01	5.486238e+00
2.330000e-06	1.726755e-06	9.044088e-11	1.249596e+01	5.162713e+00
2.340000e-06	1.610085e-06	8.469013e-11	1.165166e+01	4.754740e+00
2.350000e-06	1.492684e-06	7.714741e-11	1.080207e+01	4.287014e+00
2.360000e-06	1.374721e-06	6.922846e-11	9.948405e+00	3.807224e+00
2.370000e-06	1.256337e-06	6.167109e-11	9.091700e+00	3.365397e+00
2.380000e-06	1.137600e-06	5.094536e-11	8.232440e+00	2.992932e+00
2.390000e-06	1.018414e-06	4.173457e-11	7.369930e+00	2.690580e+00
2.400000e-06	8.988315e-07	3.560081e-11	6.504551e+00	2.430202e+00
2.410000e-06	7.788552e-07	3.016546e-11	5.636322e+00	2.168743e+00
2.420000e-06	6.585700e-07	2.635881e-11	4.765857e+00	1.867548e+00
2.430000e-06	5.380933e-07	2.459055e-11	3.894006e+00	1.508248e+00
2.440000e-06	4.174168e-07	2.213268e-11	3.020710e+00	1.098607e+00
2.450000e-06	2.966765e-07	1.544744e-11	2.146951e+00	6.667384e-01
2.460000e-06	1.758344e-07	3.774524e-12	1.272456e+00	2.473110e-01
2.470000e-06	5.490213e-08	-8.353891e-12	3.973088e-01	-1.334581e-01
2.480000e-06	-6.604142e-08	-1.744305e-11	-4.779203e-01	-4.674758e-01
2.490000e-06	-1.870049e-07	-2.395447e-11	-1.353294e+00	-7.656719e-01
2.500000e-06	-3.079838e-07	-2.907696e-11	-2.228779e+00	-1.050954e+00
2.510000e-06	-4.288767e-07	-3.259130e-11	-3.103641e+00	-1.347366e+00
2.520000e-06	-5.495658e-07	-3.501183e-11	-3.977029e+00	-1.670564e+00
2.530000e-06	-6.700745e-07	-3.892338e-11	-4.849111e+00	-2.023285e+00
2.540000e-06	-7.904145e-07	-4.493503e-11	-5.719972e+00	-2.396627e+00
2.550000e-06	-9.104472e-07	-5.300696e-11	-6.588610e+00	-2.775349e+00
2.560000e-06	-1.030072e-06	-6.048412e-11	-7.454297e+00	-3.144149e+00
2.570000e-06	-1.149251e-06	-6.728787e-11	-8.316753e+00	-3.492320e+00
2.580000e-06	-1.267941e-06	-7.523479e-11	-9.175676e+00	-3.815727e+00
2.590000e-06	-1.386126e-06	-8.190535e-11	-1.003094e+01	-4.116530e+00
2.600000e-06	-1.503765e-06	-8.648396e-11	-1.088226e+01	-4.401806e+00
2.610000e-06	-1.620684e-06	-9.082425e-11	-1.172837e+01	-4.681939e+00
2.620000e-06	-1.736813e-06	-9.401914e-11	-1.256875e+01	-4.968868e+00
2.630000e-06	-1.852177e-06	-9.814931e-11	-1.340360e+01	-5.273803e+00
2.640000e-06	-1.966717e-06	-1.038948e-10	-1.423249e+01	-5.604235e+00
2.650000e-06	-2.080420e-06	-1.110699e-10	-1.505532e+01	-5.960889e+00
2.660000e-06	-2.193225e-06	-1.192469e-10	-1.587166e+01	-6.336058e+00
2.670000e-06	-2.305028e-06	-1.255748e-10	-1.668074e+01	-6.714751e+00
2.680000e-06	-2.415813e-06	-1.295247e-10	-1.748245e+01	-7.079026e+00
2.690000e-06	-2.525674e-06	-1.320414e-10	-1.827748e+01	-7.414227e+00
2.700000e-06	-2.634736e-06	-1.350109e-10	-1.906672e+01	-7.714502e+00
2.710000e-06	-2.742991e-06	-1.387752e-10	-1.985014e+01	-7.984828e+00
2.720000e-06	-2.850387e-06	-1.421783e-10	-2.062732e+01	-8.238235e+00
2.730000e-06	-2.956841e-06	-1.459473e-10	-2.139769e+01	-8.489303e+00
2.740000e-06	-3.062321e-06	-1.506643e-10	-2.216102e+01	-8.747086e+00
2.750000e-06	-3.166822e-06	-1.551189e-10	-2.291726e+01	-9.011237e+00
2.760000e-06	-3.270094e-06	-1.586468e-10	-2.366461e+01	-9.273617e+00
2.770000e-06	-3.371969e-06	-1.625201e-10	-2.440184e+01	-9.524788e+00
2.780000e-06	-3.472550e-06	-1.674517e-10	-2.512971e+01	-9.761921e+00
2.790000e-06	-3.571934e-06	-1.730035e-10	-2.584892e+01	-9.993449e+00
2.800000e-06	-3.670134e-06	-1.775150e-10	-2.655956e+01	-1.023714e+01
2.810000e-06	-3.767169e-06	-1.795923e-10	-2.726178e+01	-1.051160e+01
2.820000e-06	-3.863025e-06	-1.825297e-10	-2.795545e+01	-1.082512e+01
2.830000e-06	-3.957478e-06	-1.871616e-10	-2.863898e+01	-1.116766e+01
2.840000e-06	-4.050396e-06	-1.925101e-10	-2.931140e+01	-1.151111e+01
2.850000e-06	-4.141842e-06	-1.983936e-10	-2.997316e+01	-1.181910e+01
2.860000e-06	-4.231800e-06	-2.047364e-10	-3.062416e+01	-1.206268e+01
2.870000e-06	-4.320268e-06	-2.097275e-10	-3.126438e+01	-1.223462e+01
2.880000e-06	-4.407171e-06	-2.118284e-10	-3.189326e+01	-1.235514e+01
2.890000e-06	-4.492394e-06	-2.125000e-10	-3.250999e+01	-1.246518e+01
2.900000e-06	-4.576040e-06	-2.136988e-10	-3.311531e+01	-1.260932e+01
2.910000e-06	-4.658127e-06	-2.160512e-10	-3.370935e+01	-1.281583e+01
2.920000e-06	-4.738591e-06	-2.173238e-10	-3.429164e+01	-1.308317e+01
2.930000e-06	-4.817254e-06	-2.186628e-10	-3.486090e+01	-1.337994e+01
2.940000e-06	-4.893846e-06	-2.221098e-10	-3.541517e+01	-1.365879e+01
2.950000e-06	-4.968523e-06	-2.287455e-10	-3.595559e+01	-1.387850e+01
2.960000e-06	-5.041451e-06	-2.358010e-10	-3.648334e+01	-1.402380e+01
2.970000e-06	-5.112494e-06	-2.386804e-10	-3.699745e+01	-1.411337e+01
2.980000e-06	-5.181563e-06	-2.373697e-10	-3.749729e+01	-1.419184e+01
2.990000e-06	-5.248762e-06	-2.362433e-10	-3.798359e+01	-1.430920e+01
3.000000e-06	-5.314165e-06	-2.380850e-10	-3.845688e+01	-1.449722e+01
3.010000e-06	-5.377737e-06	-2.413861e-10	-3.891693e+01	-1.475421e+01
3.020000e-06	-5.439324e-06	-2.461843e-10	-3.936261e+01	-1.504539e+01
3.030000e-06	-5.498878e-06	-2.508419e-10	-3.979359e+01	-1.531911e+01
3.040000e-06	-5.556515e-06	-2.538630e-10	-4.021069e+01	-1.553095e+01
3.050000e-06	-5.612266e-06	-2.561279e-10	-4.061414e+01	-1.566419e+01
3.060000e-06	-5.665849e-06	-2.581583e-10	-4.100190e+01	-1.573690e+01
3.070000e-06	-5.717034e-06	-2.596259e-10	-4.137232e+01	-1.579196e+01
3.080000e-06	-5.765856e-06	-2.589065e-10	-4.172562e+01	-1.587539e+01
3.090000e-06	-5.812429e-06	-2.586565e-10	-4.206266e+01	-1.601340e+01
3.100000e-06	-5.857136e-06	-2.614897e-10	-4.238619e+01	-1.619970e+01
3.110000e-06	-5.900119e-06	-2.649198e-10	-4.269724e+01	-1.639933e+01
3.120000e-06	-5.941196e-06	-2.666095e-10	-4.299450e+01	-1.656684e+01
3.130000e-06	-5.980170e-06	-2.668789e-10	-4.327654e+01	-1.666993e+01
3.140000e-06	-6.016919e-06	-2.687104e-10	-4.354248e+01	-1.670644e+01
3.150000e-06	-6.051564e-06	-2.691070e-10	-4.379320e+01	-1.670624e+01
3.160000e-06	-6.084159e-06	-2.686432e-10	-4.402908e+01	-1.671691e+01
3.170000e-06	-6.114525e-06	-2.682414e-10	-4.424883e+01	-1.678020e+01
3.180000e-06	-6.142626e-06	-2.695183e-10	-4.445219e+01	-1.691113e+01
3.190000e-06	-6.168510e-06	-2.735033e-10	-4.463950e+01	-1.709002e+01
3.200000e-06	-6.192176e-06	-2.768529e-10	-4.481077e+01	-1.727153e+01
3.210000e-06	-6.213511e-06	-2.777007e-10	-4.496516e+01	-1.740635e+01
3.220000e-06	-6.232648e-06	-2.766353e-10	-4.510365e+01	-1.746480e+01
3.230000e-06	-6.249706e-06	-2.751364e-10	-4.522709e+01	-1.745066e+01
3.240000e-06	-6.264391e-06	-2.736407e-10	-4.533336e+01	-1.739867e+01
3.250000e-06	-6.276499e-06	-2.730319e-10	-4.542098e+01	-1.735690e+01
3.260000e-06	-6.286185e-06	-2.745829e-10	-4.549107e+01	-1.736305e+01
3.270000e-06	-6.293633e-06	-2.768119e-10	-4.554497e+01	-1.742629e+01
3.280000e-06	-6.298772e-06	-2.781606e-10	-4.558216e+01	-1.752377e+01
3.290000e-06	-6.301739e-06	-2.787214e-10	-4.560363e+01	-1.761303e+01
3.300000e-06	-6.302597e-06	-2.774510e-10	-4.560985e+01	-1.765384e+01
3.310000e-06	-6.301217e-06	-2.733507e-10	-4.559986e+01	-1.762820e+01
