# Temperatura_=_20.0
# Concentracion g/m^3_=_6600.0
# C_Vs_to_Am_M_A/Vsm_=_65563218390.804596
# pendiente_HvsI_1/m_=_3716.3
# ordenada_HvsI_A/m_=_1297.0
# frecuencia_Hz_=_302077.73578277003

Tiempo_(s)	Campo_(V.s)	Magnetizacion_(V.s)	Campo_(kA/m)	Magnetizacion_(A/m)
0.000000e+00	-6.294722e-06	-5.353009e-09	-4.558929e+01	-3.494466e+02
1.000000e-08	-6.291139e-06	-5.355746e-09	-4.556334e+01	-3.494227e+02
2.000000e-08	-6.285546e-06	-5.356402e-09	-4.552283e+01	-3.493280e+02
3.000000e-08	-6.278006e-06	-5.355288e-09	-4.546822e+01	-3.492071e+02
4.000000e-08	-6.268310e-06	-5.352325e-09	-4.539800e+01	-3.491026e+02
5.000000e-08	-6.256275e-06	-5.349823e-09	-4.531084e+01	-3.490299e+02
6.000000e-08	-6.241950e-06	-5.346855e-09	-4.520708e+01	-3.489673e+02
7.000000e-08	-6.225357e-06	-5.340414e-09	-4.508691e+01	-3.488685e+02
8.000000e-08	-6.206599e-06	-5.342905e-09	-4.495106e+01	-3.486905e+02
9.000000e-08	-6.185653e-06	-5.365456e-09	-4.479936e+01	-3.484232e+02
1.000000e-07	-6.162268e-06	-5.350669e-09	-4.463000e+01	-3.481029e+02
1.100000e-07	-6.136429e-06	-5.323429e-09	-4.444285e+01	-3.478039e+02
1.200000e-07	-6.108432e-06	-5.324690e-09	-4.424009e+01	-3.476090e+02
1.300000e-07	-6.078651e-06	-5.312789e-09	-4.402440e+01	-3.475741e+02
1.400000e-07	-6.047301e-06	-5.276612e-09	-4.379735e+01	-3.477017e+02
1.500000e-07	-6.014101e-06	-5.325783e-09	-4.355690e+01	-3.479376e+02
1.600000e-07	-5.978852e-06	-5.331499e-09	-4.330161e+01	-3.481895e+02
1.700000e-07	-5.941743e-06	-5.270975e-09	-4.303285e+01	-3.483600e+02
1.800000e-07	-5.902533e-06	-5.317890e-09	-4.274887e+01	-3.483776e+02
1.900000e-07	-5.861018e-06	-5.283561e-09	-4.244820e+01	-3.482135e+02
2.000000e-07	-5.817356e-06	-5.266701e-09	-4.213198e+01	-3.478799e+02
2.100000e-07	-5.771559e-06	-5.311157e-09	-4.180030e+01	-3.474125e+02
2.200000e-07	-5.723571e-06	-5.271100e-09	-4.145275e+01	-3.468501e+02
2.300000e-07	-5.673134e-06	-5.259582e-09	-4.108746e+01	-3.462206e+02
2.400000e-07	-5.620161e-06	-5.253215e-09	-4.070381e+01	-3.455389e+02
2.500000e-07	-5.565062e-06	-5.242508e-09	-4.030475e+01	-3.448139e+02
2.600000e-07	-5.507884e-06	-5.251452e-09	-3.989064e+01	-3.440572e+02
2.700000e-07	-5.448570e-06	-5.235314e-09	-3.946106e+01	-3.432863e+02
2.800000e-07	-5.387283e-06	-5.223591e-09	-3.901719e+01	-3.425191e+02
2.900000e-07	-5.324084e-06	-5.197336e-09	-3.855948e+01	-3.417635e+02
3.000000e-07	-5.258892e-06	-5.179169e-09	-3.808733e+01	-3.410094e+02
3.100000e-07	-5.191641e-06	-5.165581e-09	-3.760027e+01	-3.402302e+02
3.200000e-07	-5.122416e-06	-5.161256e-09	-3.709890e+01	-3.393941e+02
3.300000e-07	-5.051457e-06	-5.163715e-09	-3.658499e+01	-3.384800e+02
3.400000e-07	-4.978747e-06	-5.133906e-09	-3.605839e+01	-3.374907e+02
3.500000e-07	-4.903991e-06	-5.124036e-09	-3.551697e+01	-3.364524e+02
3.600000e-07	-4.827179e-06	-5.110587e-09	-3.496066e+01	-3.354028e+02
3.700000e-07	-4.748361e-06	-5.087551e-09	-3.438982e+01	-3.343704e+02
3.800000e-07	-4.667680e-06	-5.074676e-09	-3.380550e+01	-3.333577e+02
3.900000e-07	-4.585405e-06	-5.054809e-09	-3.320963e+01	-3.323376e+02
4.000000e-07	-4.501678e-06	-5.036155e-09	-3.260323e+01	-3.312647e+02
4.100000e-07	-4.416573e-06	-5.020263e-09	-3.198686e+01	-3.300978e+02
4.200000e-07	-4.330076e-06	-5.007744e-09	-3.136041e+01	-3.288211e+02
4.300000e-07	-4.242057e-06	-4.984605e-09	-3.072294e+01	-3.274533e+02
4.400000e-07	-4.152488e-06	-4.956838e-09	-3.007423e+01	-3.260382e+02
4.500000e-07	-4.061321e-06	-4.937587e-09	-2.941396e+01	-3.246226e+02
4.600000e-07	-3.968691e-06	-4.915746e-09	-2.874309e+01	-3.232313e+02
4.700000e-07	-3.874827e-06	-4.895532e-09	-2.806329e+01	-3.218529e+02
4.800000e-07	-3.779639e-06	-4.876371e-09	-2.737389e+01	-3.204440e+02
4.900000e-07	-3.683037e-06	-4.853063e-09	-2.667425e+01	-3.189498e+02
5.000000e-07	-3.585008e-06	-4.820012e-09	-2.596428e+01	-3.173299e+02
5.100000e-07	-3.485550e-06	-4.788083e-09	-2.524397e+01	-3.155766e+02
5.200000e-07	-3.384779e-06	-4.767097e-09	-2.451413e+01	-3.137165e+02
5.300000e-07	-3.282886e-06	-4.742864e-09	-2.377617e+01	-3.117936e+02
5.400000e-07	-3.179858e-06	-4.710983e-09	-2.303000e+01	-3.098456e+02
5.500000e-07	-3.075586e-06	-4.675836e-09	-2.227482e+01	-3.078839e+02
5.600000e-07	-2.970133e-06	-4.641660e-09	-2.151108e+01	-3.058895e+02
5.700000e-07	-2.863529e-06	-4.605536e-09	-2.073900e+01	-3.038255e+02
5.800000e-07	-2.755788e-06	-4.569508e-09	-1.995869e+01	-3.016584e+02
5.900000e-07	-2.647061e-06	-4.536724e-09	-1.917124e+01	-2.993757e+02
6.000000e-07	-2.537460e-06	-4.504943e-09	-1.837746e+01	-2.969895e+02
6.100000e-07	-2.427014e-06	-4.470219e-09	-1.757755e+01	-2.945239e+02
6.200000e-07	-2.315649e-06	-4.432695e-09	-1.677100e+01	-2.919935e+02
6.300000e-07	-2.203281e-06	-4.391111e-09	-1.595718e+01	-2.893875e+02
6.400000e-07	-2.090003e-06	-4.343388e-09	-1.513677e+01	-2.866686e+02
6.500000e-07	-1.975921e-06	-4.297849e-09	-1.431054e+01	-2.837887e+02
6.600000e-07	-1.861030e-06	-4.253862e-09	-1.347844e+01	-2.807143e+02
6.700000e-07	-1.745335e-06	-4.206617e-09	-1.264052e+01	-2.774441e+02
6.800000e-07	-1.628907e-06	-4.154049e-09	-1.179730e+01	-2.740096e+02
6.900000e-07	-1.511912e-06	-4.099398e-09	-1.094997e+01	-2.704541e+02
7.000000e-07	-1.394487e-06	-4.043068e-09	-1.009952e+01	-2.668008e+02
7.100000e-07	-1.276663e-06	-3.983826e-09	-9.246183e+00	-2.630286e+02
7.200000e-07	-1.158459e-06	-3.923945e-09	-8.390097e+00	-2.590691e+02
7.300000e-07	-1.039885e-06	-3.860689e-09	-7.531331e+00	-2.548307e+02
7.400000e-07	-9.209418e-07	-3.789822e-09	-6.669886e+00	-2.502373e+02
7.500000e-07	-8.016385e-07	-3.713569e-09	-5.805837e+00	-2.452601e+02
7.600000e-07	-6.820205e-07	-3.634582e-09	-4.939508e+00	-2.399223e+02
7.700000e-07	-5.621362e-07	-3.548848e-09	-4.071250e+00	-2.342693e+02
7.800000e-07	-4.420667e-07	-3.457647e-09	-3.201652e+00	-2.283166e+02
7.900000e-07	-3.218464e-07	-3.361152e-09	-2.330960e+00	-2.220009e+02
8.000000e-07	-2.014649e-07	-3.256264e-09	-1.459102e+00	-2.151651e+02
8.100000e-07	-8.095771e-08	-3.138462e-09	-5.863331e-01	-2.075885e+02
8.200000e-07	3.957922e-08	-3.006427e-09	2.866510e-01	-1.990521e+02
8.300000e-07	1.600849e-07	-2.861599e-09	1.159409e+00	-1.894044e+02
8.400000e-07	2.805406e-07	-2.700253e-09	2.031805e+00	-1.785889e+02
8.500000e-07	4.009325e-07	-2.521360e-09	2.903739e+00	-1.666045e+02
8.600000e-07	5.212216e-07	-2.319521e-09	3.774928e+00	-1.534088e+02
8.700000e-07	6.413640e-07	-2.089873e-09	4.645054e+00	-1.388032e+02
8.800000e-07	7.613625e-07	-1.831076e-09	5.514139e+00	-1.223659e+02
8.900000e-07	8.811174e-07	-1.535985e-09	6.381460e+00	-1.034855e+02
9.000000e-07	1.000556e-06	-1.200424e-09	7.246490e+00	-8.151605e+01
9.100000e-07	1.119607e-06	-8.191675e-10	8.108709e+00	-5.601857e+01
9.200000e-07	1.238182e-06	-3.865175e-10	8.967488e+00	-2.701012e+01
9.300000e-07	1.356347e-06	9.740853e-11	9.823290e+00	4.877919e+00
9.400000e-07	1.474106e-06	6.179558e-10	1.067616e+01	3.840817e+01
9.500000e-07	1.591372e-06	1.139775e-09	1.152545e+01	7.193225e+01
9.600000e-07	1.707987e-06	1.625971e-09	1.237003e+01	1.037243e+02
9.700000e-07	1.823857e-06	2.053542e-09	1.320922e+01	1.323507e+02
9.800000e-07	1.938958e-06	2.414365e-09	1.404283e+01	1.569570e+02
9.900000e-07	2.053264e-06	2.711865e-09	1.487069e+01	1.773836e+02
1.000000e-06	2.166716e-06	2.959316e-09	1.569236e+01	1.940812e+02
1.010000e-06	2.279235e-06	3.172661e-09	1.650727e+01	2.078726e+02
1.020000e-06	2.390831e-06	3.359204e-09	1.731550e+01	2.196530e+02
1.030000e-06	2.501551e-06	3.523050e-09	1.811739e+01	2.301385e+02
1.040000e-06	2.611433e-06	3.667172e-09	1.891320e+01	2.397369e+02
1.050000e-06	2.720443e-06	3.796070e-09	1.970271e+01	2.485621e+02
1.060000e-06	2.828524e-06	3.912591e-09	2.048548e+01	2.565555e+02
1.070000e-06	2.935633e-06	4.018500e-09	2.126121e+01	2.636392e+02
1.080000e-06	3.041668e-06	4.114031e-09	2.202917e+01	2.698305e+02
1.090000e-06	3.146553e-06	4.199487e-09	2.278879e+01	2.752746e+02
1.100000e-06	3.250246e-06	4.277490e-09	2.353979e+01	2.801968e+02
1.110000e-06	3.352737e-06	4.348477e-09	2.428207e+01	2.848134e+02
1.120000e-06	3.454079e-06	4.413808e-09	2.501603e+01	2.892542e+02
1.130000e-06	3.554263e-06	4.474707e-09	2.574161e+01	2.935334e+02
1.140000e-06	3.653229e-06	4.532187e-09	2.645837e+01	2.975798e+02
1.150000e-06	3.750812e-06	4.586271e-09	2.716511e+01	3.013030e+02
1.160000e-06	3.846935e-06	4.636824e-09	2.786128e+01	3.046582e+02
1.170000e-06	3.941672e-06	4.682813e-09	2.854741e+01	3.076765e+02
1.180000e-06	4.035109e-06	4.724637e-09	2.922412e+01	3.104494e+02
1.190000e-06	4.127329e-06	4.761970e-09	2.989202e+01	3.130800e+02
1.200000e-06	4.218200e-06	4.795712e-09	3.055016e+01	3.156321e+02
1.210000e-06	4.307462e-06	4.828000e-09	3.119663e+01	3.181042e+02
1.220000e-06	4.395046e-06	4.859936e-09	3.183095e+01	3.204418e+02
1.230000e-06	4.481071e-06	4.890152e-09	3.245399e+01	3.225788e+02
1.240000e-06	4.565616e-06	4.916789e-09	3.306630e+01	3.244829e+02
1.250000e-06	4.648680e-06	4.942124e-09	3.366789e+01	3.261800e+02
1.260000e-06	4.730077e-06	4.967690e-09	3.425741e+01	3.277444e+02
1.270000e-06	4.809655e-06	4.990853e-09	3.483375e+01	3.292609e+02
1.280000e-06	4.887453e-06	5.010993e-09	3.539720e+01	3.307806e+02
1.290000e-06	4.963417e-06	5.030497e-09	3.594736e+01	3.322955e+02
1.300000e-06	5.037403e-06	5.049932e-09	3.648320e+01	3.337452e+02
1.310000e-06	5.109420e-06	5.065994e-09	3.700478e+01	3.350531e+02
1.320000e-06	5.179594e-06	5.081203e-09	3.751301e+01	3.361718e+02
1.330000e-06	5.247954e-06	5.098823e-09	3.800811e+01	3.371139e+02
1.340000e-06	5.314439e-06	5.116042e-09	3.848962e+01	3.379502e+02
1.350000e-06	5.378975e-06	5.130841e-09	3.895703e+01	3.387774e+02
1.360000e-06	5.441548e-06	5.144724e-09	3.941021e+01	3.396712e+02
1.370000e-06	5.502269e-06	5.159105e-09	3.984997e+01	3.406492e+02
1.380000e-06	5.561217e-06	5.171110e-09	4.027691e+01	3.416639e+02
1.390000e-06	5.618159e-06	5.181981e-09	4.068930e+01	3.426280e+02
1.400000e-06	5.672978e-06	5.194472e-09	4.108633e+01	3.434599e+02
1.410000e-06	5.725728e-06	5.206984e-09	4.146837e+01	3.441256e+02
1.420000e-06	5.776173e-06	5.217808e-09	4.183372e+01	3.446551e+02
1.430000e-06	5.824220e-06	5.227247e-09	4.218169e+01	3.451259e+02
1.440000e-06	5.870170e-06	5.237061e-09	4.251449e+01	3.456231e+02
1.450000e-06	5.914223e-06	5.246946e-09	4.283353e+01	3.461957e+02
1.460000e-06	5.956163e-06	5.255397e-09	4.313729e+01	3.468328e+02
1.470000e-06	5.995852e-06	5.262551e-09	4.342473e+01	3.474716e+02
1.480000e-06	6.033488e-06	5.269826e-09	4.369731e+01	3.480310e+02
1.490000e-06	6.069180e-06	5.278105e-09	4.395581e+01	3.484547e+02
1.500000e-06	6.102697e-06	5.284514e-09	4.419855e+01	3.487396e+02
1.510000e-06	6.133930e-06	5.288230e-09	4.442476e+01	3.489378e+02
1.520000e-06	6.163092e-06	5.291574e-09	4.463596e+01	3.491286e+02
1.530000e-06	6.190198e-06	5.295918e-09	4.483227e+01	3.493789e+02
1.540000e-06	6.214956e-06	5.302015e-09	4.501159e+01	3.497102e+02
1.550000e-06	6.237362e-06	5.308528e-09	4.517386e+01	3.500903e+02
1.560000e-06	6.257700e-06	5.314220e-09	4.532116e+01	3.504520e+02
1.570000e-06	6.275941e-06	5.318812e-09	4.545327e+01	3.507294e+02
1.580000e-06	6.291824e-06	5.322639e-09	4.556829e+01	3.508912e+02
1.590000e-06	6.305242e-06	5.325500e-09	4.566548e+01	3.509554e+02
1.600000e-06	6.316163e-06	5.327237e-09	4.574457e+01	3.509770e+02
1.610000e-06	6.324596e-06	5.328379e-09	4.580564e+01	3.510184e+02
1.620000e-06	6.330747e-06	5.329205e-09	4.585020e+01	3.511162e+02
1.630000e-06	6.334785e-06	5.331635e-09	4.587944e+01	3.512641e+02
1.640000e-06	6.336602e-06	5.334654e-09	4.589260e+01	3.514189e+02
1.650000e-06	6.336134e-06	5.337727e-09	4.588921e+01	3.515253e+02
1.660000e-06	6.333588e-06	5.337361e-09	4.587077e+01	3.515465e+02
1.670000e-06	6.329150e-06	5.337089e-09	4.583863e+01	3.514829e+02
1.680000e-06	6.322587e-06	5.338639e-09	4.579110e+01	3.513690e+02
1.690000e-06	6.313761e-06	5.339730e-09	4.572717e+01	3.512523e+02
1.700000e-06	6.302938e-06	5.341188e-09	4.564879e+01	3.511643e+02
1.710000e-06	6.289991e-06	5.341542e-09	4.555502e+01	3.511016e+02
1.720000e-06	6.274766e-06	5.342661e-09	4.544476e+01	3.510273e+02
1.730000e-06	6.257520e-06	5.328272e-09	4.531985e+01	3.508929e+02
1.740000e-06	6.238018e-06	5.295124e-09	4.517861e+01	3.506688e+02
1.750000e-06	6.215515e-06	5.312847e-09	4.501563e+01	3.503677e+02
1.760000e-06	6.190115e-06	5.332773e-09	4.483168e+01	3.500475e+02
1.770000e-06	6.162696e-06	5.328667e-09	4.463309e+01	3.497913e+02
1.780000e-06	6.133858e-06	5.359031e-09	4.442423e+01	3.496725e+02
1.790000e-06	6.103569e-06	5.324745e-09	4.420487e+01	3.497224e+02
1.800000e-06	6.071266e-06	5.272085e-09	4.397091e+01	3.499141e+02
1.810000e-06	6.036760e-06	5.370537e-09	4.372101e+01	3.501708e+02
1.820000e-06	6.000422e-06	5.382892e-09	4.345783e+01	3.503933e+02
1.830000e-06	5.961972e-06	5.376624e-09	4.317936e+01	3.504939e+02
1.840000e-06	5.921186e-06	5.409155e-09	4.288397e+01	3.504215e+02
1.850000e-06	5.878384e-06	5.330285e-09	4.257397e+01	3.501694e+02
1.860000e-06	5.833573e-06	5.368542e-09	4.224943e+01	3.497639e+02
1.870000e-06	5.786745e-06	5.368376e-09	4.191028e+01	3.492447e+02
1.880000e-06	5.737698e-06	5.322489e-09	4.155506e+01	3.486463e+02
1.890000e-06	5.686283e-06	5.354687e-09	4.118269e+01	3.479896e+02
1.900000e-06	5.632572e-06	5.308447e-09	4.079369e+01	3.472852e+02
1.910000e-06	5.576516e-06	5.308526e-09	4.038770e+01	3.465426e+02
1.920000e-06	5.518393e-06	5.293162e-09	3.996676e+01	3.457765e+02
1.930000e-06	5.458360e-06	5.264829e-09	3.953196e+01	3.450058e+02
1.940000e-06	5.396243e-06	5.294208e-09	3.908209e+01	3.442445e+02
1.950000e-06	5.332032e-06	5.257642e-09	3.861704e+01	3.434922e+02
1.960000e-06	5.265810e-06	5.263436e-09	3.813743e+01	3.427298e+02
1.970000e-06	5.197760e-06	5.233532e-09	3.764458e+01	3.419259e+02
1.980000e-06	5.127686e-06	5.218590e-09	3.713707e+01	3.410523e+02
1.990000e-06	5.055551e-06	5.218198e-09	3.661464e+01	3.400987e+02
2.000000e-06	4.981675e-06	5.175698e-09	3.607959e+01	3.390806e+02
2.010000e-06	4.905942e-06	5.188060e-09	3.553110e+01	3.380322e+02
2.020000e-06	4.828200e-06	5.162596e-09	3.496806e+01	3.369891e+02
2.030000e-06	4.748538e-06	5.149779e-09	3.439111e+01	3.359683e+02
2.040000e-06	4.667245e-06	5.131629e-09	3.380235e+01	3.349570e+02
2.050000e-06	4.584528e-06	5.106665e-09	3.320327e+01	3.339166e+02
2.060000e-06	4.500278e-06	5.100405e-09	3.259309e+01	3.328008e+02
2.070000e-06	4.414342e-06	5.076765e-09	3.197071e+01	3.315789e+02
2.080000e-06	4.326694e-06	5.069297e-09	3.133592e+01	3.302525e+02
2.090000e-06	4.237504e-06	5.038660e-09	3.068996e+01	3.288549e+02
2.100000e-06	4.146994e-06	5.018938e-09	3.003444e+01	3.274347e+02
2.110000e-06	4.055156e-06	4.997603e-09	2.936931e+01	3.260304e+02
2.120000e-06	3.961864e-06	4.970669e-09	2.869365e+01	3.246494e+02
2.130000e-06	3.867121e-06	4.950392e-09	2.800748e+01	3.232626e+02
2.140000e-06	3.770902e-06	4.929071e-09	2.731061e+01	3.218178e+02
2.150000e-06	3.673311e-06	4.913697e-09	2.660381e+01	3.202641e+02
2.160000e-06	3.574531e-06	4.886154e-09	2.588840e+01	3.185763e+02
2.170000e-06	3.474456e-06	4.860748e-09	2.516362e+01	3.167647e+02
2.180000e-06	3.373065e-06	4.830971e-09	2.442929e+01	3.148677e+02
2.190000e-06	3.270359e-06	4.798652e-09	2.368545e+01	3.129290e+02
2.200000e-06	3.166353e-06	4.765141e-09	2.293219e+01	3.109748e+02
2.210000e-06	3.061152e-06	4.739797e-09	2.217027e+01	3.090009e+02
2.220000e-06	2.954882e-06	4.715652e-09	2.140062e+01	3.069767e+02
2.230000e-06	2.847662e-06	4.683699e-09	2.062408e+01	3.048644e+02
2.240000e-06	2.739502e-06	4.648653e-09	1.984074e+01	3.026395e+02
2.250000e-06	2.630407e-06	4.612804e-09	1.905062e+01	3.003025e+02
2.260000e-06	2.520374e-06	4.574786e-09	1.825371e+01	2.978738e+02
2.270000e-06	2.409365e-06	4.535911e-09	1.744974e+01	2.953755e+02
2.280000e-06	2.297349e-06	4.500640e-09	1.663846e+01	2.928106e+02
2.290000e-06	2.184477e-06	4.459672e-09	1.582099e+01	2.901542e+02
2.300000e-06	2.070843e-06	4.413568e-09	1.499801e+01	2.873606e+02
2.310000e-06	1.956515e-06	4.366759e-09	1.416998e+01	2.843860e+02
2.320000e-06	1.841427e-06	4.322355e-09	1.333646e+01	2.812116e+02
2.330000e-06	1.725540e-06	4.272863e-09	1.249716e+01	2.778541e+02
2.340000e-06	1.608988e-06	4.218907e-09	1.165303e+01	2.743543e+02
2.350000e-06	1.491827e-06	4.164345e-09	1.080450e+01	2.707495e+02
2.360000e-06	1.374147e-06	4.107726e-09	9.952205e+00	2.670428e+02
2.370000e-06	1.255976e-06	4.046692e-09	9.096357e+00	2.631878e+02
2.380000e-06	1.137376e-06	3.979555e-09	8.237402e+00	2.591005e+02
2.390000e-06	1.018339e-06	3.910717e-09	7.375283e+00	2.546918e+02
2.400000e-06	8.988594e-07	3.839070e-09	6.509955e+00	2.499066e+02
2.410000e-06	7.790565e-07	3.763825e-09	5.642287e+00	2.447439e+02
2.420000e-06	6.589936e-07	3.683519e-09	4.772736e+00	2.392435e+02
2.430000e-06	5.387032e-07	3.596941e-09	3.901538e+00	2.334429e+02
2.440000e-06	4.182777e-07	3.502346e-09	3.029361e+00	2.273227e+02
2.450000e-06	2.977286e-07	3.398327e-09	2.156288e+00	2.207719e+02
2.460000e-06	1.770566e-07	3.284810e-09	1.282326e+00	2.135951e+02
2.470000e-06	5.629591e-08	3.160171e-09	4.077210e-01	2.055632e+02
2.480000e-06	-6.453682e-08	3.023652e-09	-4.674055e-01	1.964842e+02
2.490000e-06	-1.853580e-07	2.872236e-09	-1.342448e+00	1.862546e+02
2.500000e-06	-3.061346e-07	2.703614e-09	-2.217168e+00	1.748547e+02
2.510000e-06	-4.268136e-07	2.514091e-09	-3.091181e+00	1.622774e+02
2.520000e-06	-5.472761e-07	2.300884e-09	-3.963627e+00	1.484150e+02
2.530000e-06	-6.675496e-07	2.062038e-09	-4.834702e+00	1.329605e+02
2.540000e-06	-7.876578e-07	1.791343e-09	-5.704581e+00	1.153853e+02
2.550000e-06	-9.074619e-07	1.479947e-09	-6.572259e+00	9.503458e+01
2.560000e-06	-1.026875e-06	1.121850e-09	-7.437104e+00	7.133284e+01
2.570000e-06	-1.145915e-06	7.141410e-10	-8.299245e+00	4.404150e+01
2.580000e-06	-1.264555e-06	2.551224e-10	-9.158489e+00	1.347413e+01
2.590000e-06	-1.382701e-06	-2.485453e-10	-1.001416e+01	-1.942184e+01
2.600000e-06	-1.500223e-06	-7.774554e-10	-1.086531e+01	-5.316859e+01
2.610000e-06	-1.617043e-06	-1.294180e-09	-1.171137e+01	-8.603227e+01
2.620000e-06	-1.733087e-06	-1.763046e-09	-1.255182e+01	-1.163894e+02
2.630000e-06	-1.848349e-06	-2.168385e-09	-1.338660e+01	-1.430693e+02
2.640000e-06	-1.962796e-06	-2.508146e-09	-1.421548e+01	-1.655633e+02
2.650000e-06	-2.076360e-06	-2.789927e-09	-1.503796e+01	-1.840388e+02
2.660000e-06	-2.189043e-06	-3.026518e-09	-1.585406e+01	-1.991689e+02
2.670000e-06	-2.300814e-06	-3.229848e-09	-1.666356e+01	-2.118492e+02
2.680000e-06	-2.411627e-06	-3.405382e-09	-1.746612e+01	-2.229105e+02
2.690000e-06	-2.521531e-06	-3.558704e-09	-1.826209e+01	-2.329216e+02
2.700000e-06	-2.630584e-06	-3.697200e-09	-1.905190e+01	-2.421334e+02
2.710000e-06	-2.738753e-06	-3.821392e-09	-1.983532e+01	-2.505546e+02
2.720000e-06	-2.846025e-06	-3.931547e-09	-2.061223e+01	-2.580986e+02
2.730000e-06	-2.952378e-06	-4.030559e-09	-2.138249e+01	-2.647255e+02
2.740000e-06	-3.057767e-06	-4.120929e-09	-2.214576e+01	-2.705182e+02
2.750000e-06	-3.162075e-06	-4.205123e-09	-2.290121e+01	-2.756713e+02
2.760000e-06	-3.265175e-06	-4.283034e-09	-2.364790e+01	-2.804176e+02
2.770000e-06	-3.366986e-06	-4.355944e-09	-2.438527e+01	-2.849373e+02
2.780000e-06	-3.467515e-06	-4.423024e-09	-2.511335e+01	-2.893020e+02
2.790000e-06	-3.566847e-06	-4.484005e-09	-2.583275e+01	-2.934765e+02
2.800000e-06	-3.664984e-06	-4.541330e-09	-2.654351e+01	-2.973708e+02
2.810000e-06	-3.761926e-06	-4.594638e-09	-2.724561e+01	-3.009109e+02
2.820000e-06	-3.857657e-06	-4.645007e-09	-2.793893e+01	-3.040890e+02
2.830000e-06	-3.951996e-06	-4.694294e-09	-2.862218e+01	-3.069710e+02
2.840000e-06	-4.044862e-06	-4.743241e-09	-2.929476e+01	-3.096612e+02
2.850000e-06	-4.136301e-06	-4.789711e-09	-2.995700e+01	-3.122483e+02
2.860000e-06	-4.226244e-06	-4.830986e-09	-3.060841e+01	-3.147645e+02
2.870000e-06	-4.314720e-06	-4.868241e-09	-3.124920e+01	-3.171779e+02
2.880000e-06	-4.401665e-06	-4.902696e-09	-3.187889e+01	-3.194222e+02
2.890000e-06	-4.486940e-06	-4.933279e-09	-3.249650e+01	-3.214432e+02
2.900000e-06	-4.570630e-06	-4.961337e-09	-3.310262e+01	-3.232368e+02
2.910000e-06	-4.652816e-06	-4.989579e-09	-3.369784e+01	-3.248564e+02
2.920000e-06	-4.733337e-06	-5.017434e-09	-3.428102e+01	-3.263873e+02
2.930000e-06	-4.811971e-06	-5.043429e-09	-3.485052e+01	-3.279023e+02
2.940000e-06	-4.888639e-06	-5.066890e-09	-3.540578e+01	-3.294244e+02
2.950000e-06	-4.963399e-06	-5.090332e-09	-3.594723e+01	-3.309162e+02
2.960000e-06	-5.036359e-06	-5.113385e-09	-3.647564e+01	-3.323036e+02
2.970000e-06	-5.107411e-06	-5.132683e-09	-3.699023e+01	-3.335193e+02
2.980000e-06	-5.176430e-06	-5.147870e-09	-3.749010e+01	-3.345439e+02
2.990000e-06	-5.243592e-06	-5.162120e-09	-3.797652e+01	-3.354215e+02
3.000000e-06	-5.309019e-06	-5.176891e-09	-3.845037e+01	-3.362412e+02
3.010000e-06	-5.372572e-06	-5.191611e-09	-3.891065e+01	-3.370952e+02
3.020000e-06	-5.434102e-06	-5.204695e-09	-3.935628e+01	-3.380330e+02
3.030000e-06	-5.493638e-06	-5.216600e-09	-3.978746e+01	-3.390386e+02
3.040000e-06	-5.551298e-06	-5.229879e-09	-4.020506e+01	-3.400396e+02
3.050000e-06	-5.607086e-06	-5.243598e-09	-4.060911e+01	-3.409455e+02
3.060000e-06	-5.660701e-06	-5.256857e-09	-4.099741e+01	-3.416944e+02
3.070000e-06	-5.711933e-06	-5.267583e-09	-4.136846e+01	-3.422844e+02
3.080000e-06	-5.760796e-06	-5.275925e-09	-4.172235e+01	-3.427732e+02
3.090000e-06	-5.807416e-06	-5.281829e-09	-4.205999e+01	-3.432478e+02
3.100000e-06	-5.852122e-06	-5.287816e-09	-4.238377e+01	-3.437800e+02
3.110000e-06	-5.895028e-06	-5.295740e-09	-4.269452e+01	-3.443898e+02
3.120000e-06	-5.936048e-06	-5.303047e-09	-4.299160e+01	-3.450376e+02
3.130000e-06	-5.975037e-06	-5.309049e-09	-4.327398e+01	-3.456462e+02
3.140000e-06	-6.011862e-06	-5.316199e-09	-4.354068e+01	-3.461417e+02
3.150000e-06	-6.046552e-06	-5.324104e-09	-4.379192e+01	-3.464925e+02
3.160000e-06	-6.079132e-06	-5.330288e-09	-4.402788e+01	-3.467248e+02
3.170000e-06	-6.109447e-06	-5.334709e-09	-4.424744e+01	-3.469091e+02
3.180000e-06	-6.137514e-06	-5.338798e-09	-4.445071e+01	-3.471235e+02
3.190000e-06	-6.163433e-06	-5.342071e-09	-4.463843e+01	-3.474149e+02
3.200000e-06	-6.187122e-06	-5.343817e-09	-4.481000e+01	-3.477774e+02
3.210000e-06	-6.208506e-06	-5.344646e-09	-4.496487e+01	-3.481574e+02
3.220000e-06	-6.227713e-06	-5.345721e-09	-4.510397e+01	-3.484835e+02
3.230000e-06	-6.244780e-06	-5.349439e-09	-4.522759e+01	-3.487039e+02
3.240000e-06	-6.259461e-06	-5.352941e-09	-4.533391e+01	-3.488116e+02
3.250000e-06	-6.271626e-06	-5.353741e-09	-4.542202e+01	-3.488462e+02
3.260000e-06	-6.281475e-06	-5.354739e-09	-4.549335e+01	-3.488707e+02
3.270000e-06	-6.289129e-06	-5.357435e-09	-4.554878e+01	-3.489382e+02
3.280000e-06	-6.294416e-06	-5.360409e-09	-4.558707e+01	-3.490644e+02
3.290000e-06	-6.297455e-06	-5.360292e-09	-4.560908e+01	-3.492226e+02
3.300000e-06	-6.298434e-06	-5.355118e-09	-4.561617e+01	-3.493594e+02
3.310000e-06	-6.297191e-06	-5.351618e-09	-4.560717e+01	-3.494256e+02
